-0.0134499517485 -0.0102483135549 0.0155978351072 -0.0460563468489 -0.0644388809856 0.00332775772147 0.00677766836864 -0.016523699247 0.0535186949191 -0.0151338487298 -0.0521006838526 -0.0476038101055 -0.0218435728204 -0.0761483430538 -0.0820199475314 -0.139056168366 -0.105248257657 -0.0124214553165 -0.482437649823 0.665572508593 0.0183870467397 -0.00326348629153 -0.514211696679 0.00211840744578 0.00612592257942 -0.0232382938711 -0.011964947186 -0.00132467465432
-0.464261898034 -0.0299688429401 -0.159050904985 -0.0283428981696 -0.0937846898762 0.0440373588611 0.00489477305181 -0.490765880948 -0.125134728919 0.0645760618651 0.0667945781105 0.0451682239169 -0.0221590378895 -0.0510470432775 -0.0361302682694 -0.130855451839 -0.0354803796841 -0.00370950153555 -0.252666266489 0.549922221138 0.0111340106392 -0.0057520508254 -0.300100827893 -0.0130608445846 0.000761042158179 -0.00641867075315 -0.00625155322139 -0.000382798747925
-0.395445907706 -0.0109156263404 0.0645229721859 -0.030495522834 -0.0404629494845 0.00296777314648 -0.0109213995516 -0.381425603197 0.0204687473357 0.00542120157933 -0.0240718833104 -0.031551288685 -0.0317662426099 -0.0512686131623 -0.0646767338028 -0.0866030533285 -0.106363072788 0.0018770612764 -0.41644814932 0.590652535622 0.00614840667754 0.00584812707663 -0.355166774094 -0.00346402983038 0.0177623192981 0.114021814976 -0.00382982818925 -0.0253110014053
-0.303062492689 0.00237272054055 -0.0567361875409 -0.011026671335 -0.0355260692497 0.00171293159854 0.00438744298962 -0.342604922773 0.0579084843267 -0.0351734992359 -0.0616822366241 -0.0263516074766 0.0118288779226 -0.196929411833 -0.116253339025 -0.129341518368 -0.0644385822908 -0.014933015218 -0.386779187548 0.497916196158 0.0159557969164 -0.00592071557477 -0.541979182383 0.0225368247776 -0.00287364163807 -0.0956351940129 -0.024298408404 0.0413749796719
-0.210959578507 0.00202650211059 0.0661493804312 -0.0208579032882 -0.0219695834083 -0.0320425479189 0.000754564435609 -0.178807991618 0.000346327347303 -0.0164635649417 -0.0113557659064 0.0177047633497 -0.00440558510871 -0.0591392546094 -0.0173428944518 -0.0575211819619 -0.048794745432 -0.00749334211143 -0.639667031145 0.0713281470089 0.00528313415972 0.00317258984303 -0.693492820837 -0.00277555532213 0.0025836291897 -0.105529755349 0.000743990058965 -0.0232072087423
-0.2982483001 -0.0272419658141 -0.0379932673267 0.040113672944 0.0666261778863 0.0181140707013 0.00439749647834 -0.282909549426 -0.0197541373 0.0172215753444 0.0593378429373 0.0163190713927 0.00155881622283 -0.556286096911 -0.0469787308714 -0.0637526319191 -0.0328171579529 0.000356756676526 -0.471964750557 0.106308287891 0.0309597980726 -0.000512879894839 -0.437140624363 0.0323904909806 -0.00215381939205 -0.266092750985 0.0115305027344 -0.0552693974996
-0.420577418131 -0.00984969431153 -0.035430359414 -0.00679550499951 -0.0972296471516 0.00703352259921 0.000592640652444 -0.560806538797 -0.109866686056 0.011821093387 0.0805500901096 0.00973576874892 -0.00343094281914 -0.0460297687413 0.0263459853779 -0.0700278403824 -0.0314902292083 0.00535351381844 -0.470464452997 0.0730915432248 0.0329183535757 -0.00875298166805 -0.492115823797 0.000301691758207 0.0040179074161 -0.00656807869856 0.00945436103993 0.000484160217298
-0.533856026026 -0.0407830543894 0.0372612059082 0.0197339813624 0.0502986247002 0.00320934342567 -0.00240348093663 -0.699483232501 -0.108774368119 0.012247165495 0.0724986445207 0.00651415725486 -0.0012073838242 -0.0568714227792 -0.0160401251275 -0.0470299266603 -0.0256184973535 0.0134914264797 -0.183651971776 0.379507567702 0.00854981672679 -0.00364306054357 -0.12820948813 -0.01029734536 0.00951753073341 0.0297602761827 0.0146606481738 0.018301351935
-0.30663973449 0.0179030150482 0.0142666070675 -0.0216838788515 -0.00712694217784 -0.00488595475899 0.00137390597099 -0.370111966317 -0.0522066956739 0.00631378951155 0.0220713436046 0.022620247456 0.00151097495027 -0.000215495866974 -0.00889185457555 -0.0274052549003 -0.0439098657746 0.00912350204497 -0.682493287092 -0.0118341503233 0.00178102319976 -0.0025111354607 -0.539349664207 0.00363420453884 0.00120654552506 0.0636621315211 0.0147196112089 -0.0134743549081
-0.555730077072 -0.00715445293694 0.00582093286749 0.050011098396 0.00989402917525 0.0138412145127 -0.00866784065571 -0.554860143368 -0.0536504129989 0.030444871655 -0.0456446813417 -0.0269117105291 -0.0198976013007 -0.374167341135 -0.16237155399 -0.163624081586 -0.0294908713509 0.00787436101987 -0.161970625265 0.346936375235 -0.027462295572 0.00230302255398 -0.167906804403 -0.0568544203745 0.00076181885476 0.010508337958 0.00102619960237 0.0191938041272
-0.620769188758 0.0326506308055 -0.0684702519302 0.0201647978361 -0.125167683643 0.000607058812181 0.00408040101796 -0.572506171877 0.0514065108001 0.0914411461486 -0.0653221740964 0.0264466213041 -0.00763591717187 -0.0135628765837 -0.00289634127053 -0.0249436894793 0.0288498348095 -0.0170551938961 -0.145282992016 0.376685212946 0.0113229908295 -0.00382272937088 -0.279188614902 -0.00925437566209 -0.00189388310761 0.0572915160497 -0.0270116479678 0.0433790353546
-0.540468797358 -0.0230420357331 0.0787053179721 0.0482575153053 -0.00142115297892 -0.00663084900194 -0.0178338819787 -0.627796866591 0.0573384263778 0.0046449359559 -0.0822858068685 -0.029009803296 0.0218276591749 -0.0604386641849 -0.0859107600054 -0.0609293665999 -0.0670991060717 -0.011014635927 -0.216634652772 0.418024995373 0.0122848083137 0.0127169518702 -0.222072101409 -0.00330429738045 0.00644969624996 0.0327178785338 -0.0339314971945 -0.000330160164311
-0.306242487838 -0.00503001088742 0.00658726903066 -0.0221610792631 0.0235577847016 -0.000531481531672 0.00346264808297 -0.364446802499 0.0334800493387 -0.0139268837969 -0.0213656610614 -0.0357545872545 0.0184077252732 -0.08881230216 -0.0278640053469 -0.00692636119175 -0.0646316875061 0.00889006357605 -0.567598607429 -0.0582453549437 0.00700659248051 -0.000777545106026 -0.646943939639 0.0104738414827 -0.00132113421617 0.0598748357333 -0.0186044719559 -0.0878675274095
-0.472370428984 -0.0249805122392 0.0270197036318 -0.0102686075047 -0.00979310656139 -0.0175283760603 -0.00841212285931 -0.505951793616 0.00680200154831 -0.0313733623404 -0.0404379313285 -0.0237606793683 0.00227976245358 -0.297728785885 -0.161032668253 -0.156298018036 -0.0753667730569 -0.0079848533653 -0.306449289076 0.374908501672 0.000672938310398 0.00951895948461 -0.365762193633 0.00498034363966 0.00850365570795 -0.0326201094061 -0.0264174388749 0.0276291452226
-0.599340077806 -0.00688109653971 -0.0780575978145 -0.0442742040977 -0.0591312278846 -0.0160496055605 0.00847410177992 -0.500409892054 0.0115572691926 -0.00181494258066 -0.0193550090147 0.00351041544368 -0.000733730569997 0.00731506167473 -0.0748583070208 -0.079656662976 -0.0365395166898 -0.0203797679085 -0.182599238008 0.443143901227 0.00961473984492 -0.013486384842 -0.356999415094 0.0162961360237 -0.00965764581994 0.0537402048641 -0.0277127628211 0.0521626660138
-0.396053076491 0.0219680907769 0.0558004071589 -0.0592104958582 -0.0712975732298 -0.0185399212642 0.00358067581908 -0.30845137709 -0.0174807412492 -0.00169544517739 0.00775290662081 0.00498456198506 0.0035272437219 -0.0036941378563 -0.0218730904527 -0.0678327990074 -0.0332485403239 -0.00985618169721 -0.524958483899 0.0447752045156 0.00828294889815 -0.000311971905722 -0.666958477468 0.00849759491847 -0.00211227220816 -0.0734193053432 0.0257718925446 0.0116630594768
-0.122012965253 6.12352914669e-05 9.97943755179e-07 -5.57163402626e-06 -4.1498679843e-05 -0.000467685237003 -0.00179250992643 -0.122838168729 -6.9864770069e-07 4.38071335581e-06 3.03275617578e-05 0.000671573645442 0.00390159613168 -0.529878780506 -1.06353438232e-05 -0.000166489496515 -0.000186906821687 -4.35471438622e-06 -0.438911236932 0.000365441330328 0.000445906834183 2.80381705487e-05 -0.496543585905 0.00613584572286 0.000192146622036 -0.472995307835 0.00495193179023 -0.162009925342
-0.261392883241 0.00323317201416 -0.0114092986552 0.00618828732968 0.0170461905969 0.0144762745954 0.00168088708711 -0.269155821838 0.00887614020973 -0.038314474107 -0.0293040985322 -0.0101332898883 0.00844631411564 -0.450091161162 -0.0224547138947 -0.0429628665794 -0.0430433316562 0.00153693813527 -0.53239970591 0.034295127186 0.00389900354098 -0.00279605986427 -0.528768520376 -0.00101977996077 -0.00260333219666 -0.291337248101 -0.00347677528135 0.00618467058065
-0.307765196004 0.00215856664869 -0.0146783544271 0.0135203221186 -0.0242279056878 0.0116867344572 -0.00339525655115 -0.315534980952 0.00864464808732 -0.042252170033 -0.0302865805142 -0.010811117846 0.00684998480203 -0.264247202825 -0.00487361499873 -0.0645236767551 -0.0440048079391 -0.0037716716998 -0.561207457612 0.0526279445824 7.28400350488e-05 -0.00351751207582 -0.619226872757 0.00634950945987 -0.0023434841161 -0.154557597366 -0.00246149817192 0.0236045755506
-0.40947163029 -0.0335349799702 0.0557321409162 -0.00761437640212 -0.0205217231573 -0.0165782234776 0.00355108436728 -0.380693736564 0.0292195270985 -0.0329225271223 -0.0603425206616 0.00029179554222 0.00254886625465 0.0300797338526 -0.00643163461581 -0.0406329839232 -0.0436698926183 -0.00620612102758 -0.556001827582 0.0455688319339 0.00409154700673 0.00256513314934 -0.599758886566 -0.00868026158462 0.00299732208556 0.0101434505564 -0.016959387654 0.0292634225751
-0.225075480676 0.00295644328978 0.0064793466151 0.003030150501 -0.00107391550583 -0.0175478199433 0.0014235426567 -0.230400432876 -0.0179276893757 0.00651505001349 0.00534047735005 0.0252565053633 -0.00692491768465 -0.392900108278 -0.0280853742508 -0.0283337151291 -0.034432109845 -0.00282946854648 -0.593206065749 0.0367263128195 0.00415031827984 0.000557375496504 -0.54963353341 0.00412205376332 -0.000319867245879 -0.286514406159 0.00237617693454 -0.0134805538198