-0.0175841103861 0.00282060394519 0.0819948582751 0.0479351167632 -0.10694786777 -0.101277409028 -0.02234536242 -0.162865994799 -0.287619837346 0.123328230202 -0.361880314379 0.138316884173 0.0346146737472 -0.125649780455 -0.272703985284 0.162745653699 -0.0408697126606 0.040684824321 -0.269196714016 0.612959573085 0.095545252742 0.00193071256376 -0.322838574571 -0.0579076724932 0.0331646832087 -0.0349849945687 -0.0741137780139 -0.00628023331596
-0.444501598762 -0.0261621769594 0.0639391271563 0.0074901317762 -0.0385304285867 0.107489956111 -0.042750080756 -0.525415055155 -0.077107563725 -0.025269426071 -0.16656593912 0.068326426711 0.0294288536435 -0.40997286714 -0.0453588322765 0.157467074043 -0.0487194626728 -0.00156691004291 -0.35918970078 0.275415463404 0.0577104202386 0.00319609632529 -0.160729996639 -0.0979971295641 0.0327105802567 -0.155438014729 -0.0221364842397 0.0110524464864
-0.509954349381 0.00606037117147 0.0617948294153 0.0104881264441 -0.149437824205 -0.0787678250601 0.00313528514925 -0.458865449675 -0.00845147436688 0.0366189802362 -0.020391040893 0.0440237248336 0.0332704697221 -0.085847184841 -0.179585780524 0.00602386542379 -0.00641029397696 0.0260064445272 -0.495469231316 0.293952494823 -0.00524348951996 0.000905607704438 -0.336053481641 -0.0541770479148 -0.00337152328843 -0.0289852941337 -0.0401889852574 -0.0370171665692
-0.520233604699 0.0112462465113 0.0627084704039 0.10276091193 -0.084763508804 -0.00181711282151 -0.00283113472061 -0.614519174456 -0.210156692683 0.0758596669082 0.0438020313225 0.0173720439256 0.0171194440047 -0.227243873562 -0.123865376833 0.0437741531941 0.0297394812426 -0.018485506783 -0.065098925739 0.418024518384 0.0351602120335 0.0152032740962 -0.115658049297 0.104326864984 -0.00284915946794 0.0387282635783 -0.00806830769494 0.0326483107111
-0.624953707347 -0.015683101973 0.154014676972 -0.118128738862 -0.110283669498 -0.056499773597 0.0234534617078 -0.477617353096 -0.0373604431805 -0.0109181071769 -0.121732036342 0.00127824921097 0.00532263524498 0.110172853927 -0.10113085254 0.0272024877446 -0.0123631648959 0.0325787065111 0.051379160892 0.228856742746 0.0435548489692 -0.000820472836159 -0.47203333275 -0.00404705760183 0.00795323442079 -0.0601616244869 -0.0478971430443 -0.0329230309708
-0.381873200585 0.0232302933523 0.144464334845 0.0145749954481 0.056191851771 0.00225727595086 -0.00316671297512 -0.319243760182 -0.0291497912842 -0.0773083512446 -0.0141453633025 0.00245442576951 0.0187775803938 -0.444568245954 -0.0113689122105 0.0731478148848 -0.0248498709802 0.00265461928559 -0.473433091439 0.0222422405284 0.00260632053451 -0.0055163694947 -0.348330075226 0.00335478422653 0.007099634715 -0.412408049976 -0.00269121460382 0.0133149579964
-0.358827291348 3.28571696225e-05 -0.0162950962429 0.0218534453 -0.0143330578447 0.0117134367365 -0.00655459912088 -0.363604845333 -0.0193215557156 -0.0104844622738 0.0105852306183 0.0121689780631 0.0214594617741 -0.360546431566 0.00308417810049 0.127986701839 -0.0481758198587 0.00345007010849 -0.634567309346 0.0721262215423 -0.0177081714433 -0.00757398221174 -0.358507644856 -0.0294221054185 -0.000266759062037 -0.223494760661 0.00499755453215 -0.0191857826954
-0.581016668694 -0.0234430910178 -0.0865965300766 0.0813545906509 0.0641229712762 -0.0151856729266 0.00298906648486 -0.543130228543 0.0625787416999 0.0305756923478 0.0696616988325 0.012602751857 0.0152122127366 -0.437801389522 -0.0311381477521 0.0464467553692 -0.024312260187 0.00264027248871 -0.194411325386 0.0624758984381 0.0338290389583 0.00346979058906 -0.250819724226 -0.0561965735555 0.00631383339377 -0.183365493685 -0.0145256963597 -0.0111365069827
-0.636371259914 0.0846294437057 0.041349357182 -0.0720495056371 -0.123375475415 0.00673858476857 0.0086880810825 -0.509232839485 0.0488303719282 0.104096882783 0.0542013086914 0.00536457571348 0.0171971508512 -0.00803182207131 -0.133312303872 -0.0251910526387 0.00390116496089 0.0304853056386 -0.409528855011 0.183625212143 -0.0225341852722 -0.00194243260819 -0.25522413403 -0.0133346228022 -0.000523826645235 -0.0444299698698 -0.0236896230235 -0.0247598674009
-0.421684083237 0.0252779981309 0.10728584102 -0.0693315805387 0.0221362208644 0.0344795664243 -0.00777399155242 -0.427674322981 -0.0702097030257 -0.0346923763158 -0.0466395170779 0.00625717169692 -0.0105488013947 -0.44584296074 -0.00256766350102 0.130220273743 -0.0454706030365 0.00505616189892 -0.446709956989 0.172215336215 0.00636713905378 0.0119675991176 -0.239828624774 -0.0418204919738 0.0209745298886 -0.324253315996 -0.00536225553277 -0.00478483570257
-0.673314816786 0.0276775585552 -0.0441855050177 0.0311399008281 0.0299706905013 0.0421223574231 -0.00114006677658 -0.675939438525 0.0667861542813 -0.00107080692244 -0.0564797755465 0.0244201165301 -0.00511280861943 -0.103366303397 -0.0368981126296 0.0684220277928 -0.0173852221991 0.009307905819 0.00808248070256 0.207736521593 0.0509986203581 0.00350554737575 0.041563953591 -0.0118557076273 0.0245451235869 0.0959444850043 -0.0177793009583 0.0132523636328
-0.642212888862 0.0239712809937 -0.050136452279 0.0971483640544 0.0666665297119 -0.00914919170284 -0.00755643803397 -0.600271674077 -0.0238242265889 0.00587997795612 -0.0480873467287 0.0436606041101 -0.0175491921738 -0.144585483349 -0.00591596720963 0.131487204065 0.015500718735 0.0115798184847 -0.310263588171 0.148881926246 -0.00383568004194 -0.00426675343329 -0.189144173603 -0.0591385588497 -0.00599062471453 0.0898502184551 -0.018010139046 -0.014992104605
-0.648874865611 -0.0447365808194 0.0151213428513 -0.0990429603885 -0.126498640931 -0.0117488779643 -0.00147932435897 -0.42611233958 -0.0171841481194 -0.0074393212038 -0.0550839381197 -0.00390867594876 -0.00655735306935 -0.0613284977513 -0.195400238311 -0.0898318612453 -0.0176938610769 0.00109025896771 -0.405376751235 0.180313047821 -0.0386159399476 0.000942639041491 -0.334616234179 -0.0120212064611 0.002885707169 -0.0497040524393 -0.0324755881605 -0.0381733824194
-0.672274306175 0.0159543924364 0.0197447456262 -0.0683009826739 -0.0684612194376 0.0181307059809 -0.00847979227185 -0.554649645515 0.0260148764614 0.0533862766872 -0.0298648651876 0.0404090266193 0.00865839920438 -0.26789670912 -0.016498061787 0.00465653492471 -0.0220275516944 0.00224930142935 -0.224685740706 0.305197554327 0.0808212961889 0.00552655504146 -0.0134477097952 0.0222317348183 0.0105894800823 -0.000128333844874 0.010655576441 0.0155555165391
-0.725513608817 -0.0687111492297 -0.0101038899031 0.0586386323929 0.104348793837 0.0119866979548 -0.0064097939362 -0.547763110698 -0.0575059652814 0.0393952764459 0.00681698704777 -0.010753764955 0.00495537927606 -0.0917600645777 -0.0729069937892 0.0453724548823 -0.00655268686587 -0.00221851741543 -0.116603658088 0.307111871503 0.00571017110383 0.00609700778615 -0.153038278023 0.0196440576902 -0.000145037158613 0.0380408969891 0.00291365620363 0.0108060229519
-0.58939569378 0.0216816193084 -0.0557496605598 -0.0217649365693 0.0617077659534 -0.029835617071 0.0232899171849 -0.665157551569 -0.0269895195411 0.109314206637 -0.049463807431 0.0126583224187 0.000644179115027 -0.293228010906 -0.015341623238 0.111105969613 0.0392219331283 0.00570325745344 0.01679867502 0.0742326439449 -0.0127096597678 0.00200370080323 -0.26773387739 -0.0535768804871 0.0186200033422 -0.0599740145623 0.000825951285099 -0.0318225088811
-0.58426062907 -0.0333369553544 0.0747017358815 -0.0809415464147 -0.0326655723186 0.00242416884594 -0.00190160193692 -0.454618630919 -0.0254144432064 -0.0699398232327 -0.075196856982 0.00215180201145 -0.00510619977176 0.085480759888 -0.113752468696 -0.0208075915669 -0.000151424095396 0.00624700398867 -0.468412170194 0.190458080337 -0.00995508364665 0.00821973569217 -0.384096133223 -0.0062981621248 0.0068419299964 -0.016697947392 -0.0362932872704 -0.0252401622317
-0.622850323093 0.00668306877753 0.0253020070785 0.046546783414 -0.0342817823245 0.0540747723556 -0.00141603465776 -0.607126794798 -0.0168492923685 0.00253702220921 0.0485487676775 -0.0105030249769 -0.0106458247393 -0.225141492766 -0.0554913588954 0.073102913866 0.0798265351907 -0.00626189068321 -0.283925571249 0.227814068352 0.00967178438213 0.00496719236114 -0.168810322562 0.0777161279449 -0.0121637580802 -0.00585486999067 -0.0170605511627 0.0215883736224
-0.664851570389 0.0149495155309 -0.0362975171514 0.0683301290963 -0.0675591069889 -0.0292549824759 0.0130108856435 -0.628766643994 -0.069317423244 -0.0399905090603 0.0381200806808 0.00751842960862 0.0083613387082 -0.223511701266 -0.0325255395096 0.0585890597793 0.0195026544492 -0.0100076791457 0.0954647317966 0.188634433259 0.00704655909259 0.00084908536266 -0.164000623751 0.122863878012 -0.0171060299283 0.013621704051 -0.0155849926763 0.0212975370114
-0.577515181895 -0.00501262842034 -0.0686358430946 0.00767082778813 -0.0169252667413 -0.00222081176195 -0.00744752603639 -0.637414671176 -0.0288555769212 -0.0665526439796 0.0125697536341 -0.0402642714135 0.00943671606046 -0.303447019829 0.0149865057037 0.028669754563 -0.0217839653316 -0.00334466070427 0.171772085393 0.154880130831 0.0271937432952 0.0133288336826 -0.30707518328 0.0348676378579 0.00102137098981 -0.0638253711858 -0.0166010277735 0.00475524980773
-0.565971111377 -0.00936743459687 0.0812448191788 -0.0588888400096 0.0234490917479 -0.00117810864276 0.00407217823473 -0.401258590007 -0.00484910981709 -0.0126010543919 0.0623318293727 0.00432832780374 0.0134494981333 0.106851767015 -0.104221569868 0.0512760292607 -0.00375269231373 0.0255707863078 -0.502269420262 0.0575751575521 -0.0143737398999 -0.011124434725 -0.46851558045 -0.0239191659529 0.00418050094164 -0.0233357080011 -0.0282567035925 -0.0272209209405