-0.00924106919176 -0.000152163615653 0.0746045136965 -0.0207261819848 0.00561316827976 -0.0409511950838 -0.0101213231305 -0.0028253072984 -0.0081394961631 -0.00783992454673 -0.0502001897336 -0.00915363692086 -0.000675546459856 -0.105970080079 -0.230016565325 0.0774893245423 -0.239751560605 -0.0135678341513 -0.44481790419 0.709369195865 0.00922354414399 -0.00576368866055 -0.394594903141 0.00871174647391 -0.0290033850793 -0.0606909242509 0.00825398409859 -0.0013364785048
-0.424372496878 -0.0480251881254 -0.0750209388347 0.0648167442285 -0.0291449348393 0.0398239352909 -0.00530901573819 -0.48448059056 -0.137939255034 0.00819720908378 0.000133393291635 0.0981791578208 0.000651681153337 -0.102218661936 -0.104011273997 0.0426092004077 -0.130242509054 0.00529090071869 -0.482419931295 0.36695729279 0.0071824483034 0.00242391170982 -0.350542463972 0.0231182499824 -0.0106668200547 -0.101141376301 -0.00317326748609 -0.0238229462112
-0.552213508439 0.0116204592263 0.00204635564655 -0.0995218256336 -0.0657523115115 0.00661123412986 0.00139538382058 -0.500147306923 0.0161447381749 0.0290265369711 0.0075490481193 -0.0171584683702 -0.0210547487366 -0.223280886919 -0.209273692108 -0.111920929205 -0.15700574465 -0.00117564296704 -0.0666426658205 0.514157599897 0.00699492061597 0.00152283017198 -0.158011957697 0.0564720647311 -0.00664116528286 -0.0163377251096 -0.0144132982205 0.0157382416144
-0.508631252985 0.0234095298533 -0.0245776850579 -0.0518427912503 -0.103978051083 0.0261702951774 0.00738681844428 -0.485690219167 0.0730528772198 0.0293217377903 -0.0012456402587 -0.0529857884921 -0.020434587628 0.124952103352 -0.138384721857 0.145255710765 -0.121475309211 -0.0108363479672 -0.243234327648 0.501092757929 -0.00516800921117 -0.0120573444644 -0.169319927704 -0.0370378743791 -0.0262170658724 0.157938444184 0.0159070131583 0.20855293895
-0.120605442028 0.000165881098977 0.00754207774925 -0.0011641998081 -0.00231543109824 -0.00840568726271 -0.00251318589109 -0.120544435402 -0.00215702914523 0.00035606410765 0.000892703038658 0.00279113255915 0.000554013355125 -0.294779800759 -0.0392132025554 -0.0234399639361 -0.0461283972378 0.00318893171372 -0.671499673049 0.0624027344325 0.010237047188 -0.000721730812065 -0.551098749807 0.0296142204685 -0.000121795065537 -0.291485958457 -0.0111395801374 -0.18725016458
-0.109005214576 0 0 0 0 0 0 -0.109375304544 -1.01530890448e-16 0 -1.52404185428e-32 0 0 -0.511942132661 0 -1.68669564187e-16 0 0 -0.460092079687 0 0 0 -0.477851601139 0 0 -0.506301725269 0 -0.133048289147
-0.411583108642 -0.0101875724069 -0.0194612914188 0.00997855976108 0.0112374703702 0.0154096780536 0.008291546407 -0.422543738662 -0.0322508217778 0.00679169038396 0.0101963388658 0.0284481307473 0.0126959414906 -0.269268931945 -0.0736324736917 -0.0130924326736 -0.0799042113601 -0.0109783628097 -0.465085595971 0.195964658891 0.00526093752039 0.00253695491797 -0.480425803402 0.0184351929305 -0.0032852626062 -0.177397762274 0.0353398475288 -0.21367589998
-0.57878648586 -0.0124069967165 -0.0560297748468 -0.0287015763432 -0.0156285054822 0.0217095077191 -0.00562878205619 -0.688607170741 -0.059783720014 0.0269255262858 0.0464720601775 0.0515526289233 0.00767078047982 -0.110616958899 -0.122023766693 -0.0468502855787 -0.0832045256812 0.00802683359666 -0.0758096410522 0.343343678172 0.00816600489953 -0.00981552468501 -0.104412389284 0.0371534832645 0.00988323905844 -0.0590574723565 0.0193755414415 -0.0209842843484
-0.493213213122 0.000447649421241 0.0238038436924 0.00998658577098 0.0132466142891 0.0101771560483 -0.00322169851695 -0.531598468952 -0.0319940499556 0.014593671799 0.0335778100571 0.0293694457835 -0.00619747473859 -0.0798173168996 -0.198293818111 -0.119310087831 -0.0611625089016 0.00119413674171 -0.530867596845 0.0806239592482 0.00963776980063 -0.00920135719224 -0.325197924448 0.0462587591357 -0.00390045722054 0.0765520983261 -0.00267328010806 0.0630874883324
-0.482965950317 -0.0450395764712 -0.0469831994989 0.011396375129 -0.0334519168728 0.0216496429749 -8.22291330529e-05 -0.527510196271 -0.067652780341 0.00984894140479 -0.00925582144834 0.0447457713001 0.00611307167633 -0.0300091672372 -0.0488493668063 -0.0245007934316 -0.063574979564 0.00595870176343 -0.592169656553 0.17788378443 0.0179585399297 -0.00448873697385 -0.283736989546 0.0454037524597 -0.0110717720759 -0.0456764641646 -0.00472731108222 0.0176101516589
-0.679322812205 0.00263547817615 -0.0635690825087 0.0694432293749 0.000584357886726 -0.0040922289087 -0.00130816538538 -0.608833624976 -0.0176697837266 -0.0225903504457 -4.09942028181e-05 0.0122852222913 -0.00639833430562 0.0367290737016 -0.0769329090147 0.0578258304478 -0.040435516079 -0.000554080305367 -0.126062754029 0.304999560346 -0.00592921912146 0.00470311519434 -0.0410281924944 0.00849790620203 -0.00933661867349 0.0687770693656 -0.00407438297537 0.173575097547
-0.612111498998 -0.100432163949 0.0316485412814 -0.0382879669721 -0.0211761920873 -0.00814727072199 0.0033109571825 -0.681736011906 0.0564130338433 -0.0152781946 -0.0522838531075 -0.0427542902265 -0.00179775395112 -0.127879401306 -0.132055759649 -0.0385376095515 -0.0706345795301 -0.00794141747737 0.140423502197 0.252977557313 0.00512262152385 0.0114519134696 0.0811300248547 0.00740357200159 -0.00823982529134 0.0176178354851 -0.0229646775053 0.0880298225235
-0.319034069501 -0.00746761602393 0.0119455467096 -0.00492730129433 -0.0131851074251 -0.0162784850672 0.00778365125639 -0.32387913769 0.0144050480827 -0.00601115295203 -0.0178233323995 -0.0201044436211 0.012052334915 -0.332217585465 -0.149070579368 -0.0892739499362 -0.0617993250666 -0.00449106626326 -0.600253636172 0.0560932448384 0.0194316638091 -0.00274521095793 -0.484055256175 0.0399086333511 -0.00265748737975 -0.151120789274 -0.0292993812719 -0.153771639
-0.589269098688 0.0203407052734 0.0035525542161 0.00162969225557 -0.0361500873827 0.00885250610986 0.00273609993218 -0.685034990332 0.0723975237969 0.0354112946162 0.0470180562746 -0.0282640424307 -0.00986833423151 0.0816227867675 -0.077576822747 0.0368389119044 -0.0423488878864 0.00318662441824 -0.072242372032 0.314478784718 -0.00205036421944 -0.00806720109264 -0.13140269074 0.014025144398 -0.0100071854008 0.0329187551816 -0.0187390046072 0.181770179579
-0.566373895945 0.0117673211637 0.0376087488894 0.0179886611052 0.00933712484177 -0.0289386901944 0.00112517919922 -0.52970664777 -0.00676493099098 0.0132591876966 -0.0172250964952 0.00680170725872 0.00932128002576 0.0876451293344 0.0019404889583 0.141029460472 -0.0627520063912 -0.0114840060102 -0.504828510408 0.145528533797 -0.0229527896847 0.00312188553052 -0.16069586749 -0.0361721245034 0.0014356604086 0.210423738357 0.0304229510216 0.120950119758
-0.110994236081 3.2286534248e-06 5.37452381543e-06 7.13879358369e-05 1.27642540607e-05 -0.000116879453629 -0.00054341164124 -0.11137113752 -5.44729065482e-06 -7.23359228078e-05 -1.29348890435e-05 0.000117643362204 0.000548493844729 -0.521154272086 0.000845023032894 0.000186985936374 -0.000956880155134 -1.47327031374e-05 -0.461257201366 0.00152062480698 -0.00759527512572 -0.00019956220142 -0.486231089968 -0.00164117125103 -3.54840168126e-05 -0.487064170292 0.00070639899954 -0.131145171696
-0.109005214517 -1.59460562091e-25 -2.04232296441e-13 -9.10473384757e-14 1.10494478521e-13 9.54376218352e-23 1.51453271551e-14 -0.109375304484 -2.53185928895e-13 -1.22791752096e-13 6.4209483383e-14 -4.46102711474e-17 -1.20451309644e-14 -0.511942133597 -3.86469247444e-10 3.04142837521e-10 1.81843023876e-10 5.86192732645e-13 -0.460092079434 7.97193945855e-11 1.89040195506e-17 -2.60156209396e-13 -0.477851600831 -1.11295686618e-11 1.0292722754e-13 -0.506301724888 1.06634004657e-13 -0.133048289075
-0.423759011526 -0.00698084619854 0.00483858450707 -0.0108453530312 -0.00764707812156 -0.00863912950437 0.00264689348357 -0.4310023982 -0.0105213966109 -0.0120690333284 -0.0204300987012 -0.00497421930342 -0.0117972466326 -0.636218084863 -0.231007515901 -0.111020608588 -0.0483019364277 -6.48623834508e-05 -0.105788921065 0.289804030787 0.0107808462505 -0.00294147895209 -0.152924766266 0.0540734513555 -0.00766370899493 -0.176194048646 -0.0149453964218 0.0881032713356
-0.54791759869 0.0560118609548 -0.0731366768691 0.0174999896013 0.0160782150957 0.0257840021304 -0.00855831462108 -0.507402676615 0.0354520075823 0.0170864203874 0.0246414285775 -0.0226862528562 -0.0143144949232 0.0899898137639 -0.0212099814737 0.140945193997 -0.0557802682267 -0.00971652361651 -0.578532909624 0.144419210323 -0.014277013273 -0.00780333661726 -0.182563473706 -0.0285796440745 -0.0190583689776 0.0597105438487 0.00515848030292 0.0641978271227
-0.307107798721 -0.00292208248734 0.0199360067313 -0.00300021054636 -0.00665550634989 -0.0215530452692 -0.00652847633881 -0.301700096669 0.00849773081292 -0.00109479141085 -0.00139099035612 -0.00731601599083 -0.00407722060377 -0.199498064689 -0.050576417599 -0.0160727939221 -0.0555854896285 0.00521466989577 -0.673505954203 0.0715706196395 0.0125272335016 -0.00127937604331 -0.503161697046 0.0355587392609 -0.00146463457914 -0.207672382889 -0.0170229242731 -0.105214756141
-0.109005214358 -2.29033595266e-25 2.72309729545e-13 1.45081283208e-13 -4.82877429444e-14 -9.01582645057e-15 -8.65447264679e-15 -0.109375304325 2.53173552083e-13 1.85621060185e-13 -5.43024126417e-14 7.28231090188e-17 -2.27687106993e-17 -0.511942135521 4.05838395713e-10 -2.45279686188e-10 2.12144317421e-10 -1.02561189187e-12 -0.46009207881 -1.08266247994e-10 2.78318702947e-15 2.44931617124e-13 -0.477851600166 3.71461655792e-12 -7.71875375803e-14 -0.506301724257 -1.55102744066e-13 -0.133048288881