-0.029466536126 -0.0145335415938 0.0485986656244 0.182599753512 0.0117723419626 0.0272552036452 0.0299175421269 -0.020216402142 -0.0644081998149 0.0860514226662 0.0181265477908 0.0951944795458 0.0558671305601 -0.02813100733 -0.0446527593968 0.185162534726 0.0107690932289 -0.0229764521132 -0.412430497763 0.749431355936 0.0718688046967 0.0260081352762 -0.40030519039 0.0250493908164 0.0218686059669 -0.0141171562796 -0.00941685403626 -0.00508126157047
-0.323299927207 -0.0142265118157 -0.000817465957198 0.0260523133649 -0.0572005489461 0.0447379143619 -0.010311192962 -0.370334346847 0.128368350835 -0.0248379509778 -0.0673649289043 0.0725338350356 0.00746289000016 -0.354285533831 0.025319618525 -0.0328127790045 0.0217222528053 0.00224116384258 -0.563280464203 0.160385575213 0.0249915895882 0.00267666650965 -0.437988371352 0.0323700257369 0.00379202029673 -0.245261039433 -0.00399390755317 -0.0264559601601
-0.561830614951 -0.0120217241487 0.142216586399 0.00928767413748 -0.00670519351165 -0.0279008521855 0.00168484946034 -0.541008529711 0.058022719325 0.0579794979573 -0.0891091405584 0.0681117608607 -0.0018353325067 -0.0212846571348 -0.0985606308585 0.0694609177971 -0.035880960368 -0.00823085714726 -0.0385226371901 0.404604491445 0.0448828033385 -0.00097770117724 -0.405857513751 -0.00868519693211 0.000844976986553 -0.0461966211998 0.00258767628374 -0.0239480963581
-0.522268990274 -0.052941203458 -0.17277073677 0.0581199664271 -0.0150506607798 0.0139180181643 -0.00389658177314 -0.495495225484 -0.113005335035 0.0848331669495 0.0254434002973 0.0365873081124 0.0270006980011 -0.0629070676007 0.0384112630003 0.0978181038305 0.0418177724891 -0.016946984296 -0.425735099997 0.408562461608 0.0818711112905 0.002534414956 -0.202009978079 0.0974421731229 0.00733056049517 0.0134990617419 -0.00610049972938 -0.00869764991578
-0.661715501175 0.0055848525315 0.220727157043 0.0265740713192 0.114759607779 -0.0151185763339 -0.00484414192551 -0.438843819008 -0.0373827603454 -0.00782025024172 0.0488333691848 -0.0109063831615 0.0148248251721 0.0791692805872 0.00323472758716 0.0995364431575 0.0186471086137 -0.0168586970485 -0.183558283555 0.475728966497 0.00737355486751 0.0228785832258 -0.0956654272266 -0.0197403857405 0.00773597640381 0.118672154304 -0.00770830868538 0.0365503688068
-0.346940124234 -0.000501974383322 -0.0152378450397 -0.00425191675352 -0.0134679542735 -0.0171625121026 -0.00188259363079 -0.428293568136 0.0656603404417 -0.0891469564947 -0.062543168665 0.0336284644727 0.00592027764117 -0.543691533803 -0.067400445418 -0.0647795226944 -0.0145402640085 0.00146738938513 -0.368418652413 0.0448455410031 -0.00653681452708 0.00104952823682 -0.325574343264 -0.00135775481489 0.00399348556201 -0.359438849706 -0.00678577655028 -0.0230615580301
-0.377884698962 0.00399413672567 -0.00463131355812 -0.0015360127861 -0.0294035149536 0.011818380393 -0.000123210927262 -0.451743645258 0.153180742125 0.0353150883006 0.0207148756152 0.00361235127383 0.00115703031153 -0.472565299267 0.00920754012281 -0.0400505707021 -0.0107891559617 -1.81769708543e-05 -0.336447260833 0.0663532070417 -0.0246869645067 0.000514039238388 -0.393551206312 0.00179890685375 -0.00156959395268 -0.357837090551 -0.00672032680242 -0.0248719851928
-0.612188725984 -0.0431421932317 -0.0142569131268 0.0497569283281 -0.0167590679711 0.0373743776734 0.00532549930111 -0.632376003691 -0.00914465393794 0.0423527289368 0.0249355553152 0.0515243745227 -0.00733114524687 -0.223416990814 -0.0876258047156 0.0633611558 -0.0473199367781 -0.00254495850995 0.0695589410215 0.244225517107 0.0451867395024 0.00385269190879 -0.265007096466 0.00222439154413 0.00378424038807 -0.112756043504 0.00907650953068 -0.0207908647818
-0.53324286444 -0.00168353249978 0.0260690737036 0.0023355312448 0.00198118535827 -0.0519072763155 0.00178363548187 -0.588054659489 0.0130376755038 0.0441920535288 0.117452315275 0.019388885312 -0.00711210570737 -0.141835416824 -0.0278521007862 0.0521708358621 -0.0849896896552 -0.00334635649662 -0.409443122502 0.145206156056 0.0103938800611 -0.00490799243918 -0.341111159132 -0.0341559863578 -0.0111353826513 -0.111265575482 -0.0045882171574 -0.0187487246854
-0.460362782292 -0.0201172957835 0.0842961716289 0.0614068936567 -0.00287634123147 0.0206666603273 -0.00662712924836 -0.444639839812 0.0187207248452 0.0656082942436 -0.00326267617702 0.0157794120586 0.0100437553656 -0.4759503368 0.00393929954367 -0.0959752490286 -0.0153629231547 0.00784065433857 -0.412783661595 0.0964569664771 0.0403161260548 0.0120870852672 -0.310539159013 0.0537110129783 0.0149785461495 -0.236979071617 -0.0178661474203 -0.00667736496968
-0.535705810883 -0.0436254926325 -0.0503146218354 -0.00857009752342 -0.0635802119567 0.0300068412792 -0.00726559740434 -0.540942457509 -0.0544137249261 0.00234314822998 -0.0687139379639 0.0201532539909 0.0177848973443 -0.154422156617 0.0475621350994 0.0151693310325 -0.0056315457261 0.00831247165525 -0.497949941514 0.202577714647 0.028366449766 -0.00637907607593 -0.288603650964 0.03646280432 -0.00786158526719 -0.0330144815156 0.0133146470761 -0.0160983409395
-0.682492519396 0.000684185140815 -0.0901640427977 0.0232811896172 0.0372319428726 -0.00915588269428 0.00129158286987 -0.621068983169 -0.0219430089867 -0.0343387324827 -0.00366930410714 -0.0332216383195 -0.000798667855849 0.0109549087569 -0.0458555801337 0.0484610824264 0.0289955985402 -0.00863584132685 0.104787527631 0.283665107748 0.00769730541414 -0.0063560261271 -0.19464116426 0.00190726986077 8.19339206629e-05 0.0231911635859 -0.00768016781145 0.00607874591619
-0.522125091156 0.00352034044772 0.0146838802632 -0.0443769338433 -0.0252256547533 -0.0334450921245 0.00094407074002 -0.547396416314 0.0959798357427 0.0483305105015 -0.0167544898949 0.0269479927908 0.019540657398 -0.29976593704 -0.0326801729938 -0.0814826406572 -0.043998564097 0.00391813158435 -0.441962542545 0.191055512269 0.0266946622683 0.00234255111482 -0.278999906014 0.0204221025809 0.00577419949712 0.00688218367745 0.00970439310637 -0.0187185031621
-0.578903321551 -0.0150446037811 -0.0526689216005 0.0331662313676 -0.0283691387884 0.0306351516187 0.0125578349229 -0.594691615185 -0.0199099630517 0.0234728512942 0.0379725072801 0.0453939616389 0.00292062188021 -0.203810607986 -0.0278268075265 0.0394432619913 0.00774923438044 -0.00989112915442 -0.426651234907 0.206829973975 0.049867199384 0.00437480656555 -0.142536990306 0.0890392066154 0.0174791090811 -0.0272318830245 0.00800581244979 -0.00738342044115
-0.560016833747 -0.0282417693545 -0.0834448370931 -0.00813196233898 -0.0264172228118 -0.00805040752235 -0.00715633736457 -0.543063394584 -0.0682370708139 0.0224969537631 0.0140532439187 -0.0173687606376 0.00356423822801 -0.231551060027 0.0528079791737 0.0405590775414 0.073451452235 -0.00404742425167 -0.439006242953 0.229973085773 0.0427303278024 -0.00204542784924 -0.248129260782 0.0479837932048 0.00281593703262 -0.0475619135982 -0.00619899179821 -0.00800053853822
-0.7569454915 0.008765946237 0.037399614022 0.110492338242 0.0456115132412 0.00979711125292 0.00360125852177 -0.518085533602 0.0181878650253 0.0143793570357 -0.0343012952348 -0.000229828803299 0.0159532491581 0.0503494814448 0.0111422856078 0.0367787802089 0.0143901430426 -0.00594391211285 -0.0941123722486 0.297288771946 0.00201866845784 0.0277353128227 -0.119363948321 -0.0132869501703 0.0145151363858 0.152813581065 -0.00774813486848 0.0215944154938
-0.549750804123 0.015454699078 0.0211236638342 -0.0764485868484 -0.0347708012091 0.0183337104982 -0.0118727657105 -0.464013772056 -0.028944994678 0.00866578261649 -0.0106964226952 -0.0398712265434 0.0069415940685 -0.520052230339 -0.115396183853 -0.142698497588 -0.0148669016838 0.00290593556279 -0.264629423013 0.26496589301 -0.00842672205582 0.0112970818516 -0.146958612341 -0.00457421893123 0.00536540059374 -0.0715503340279 0.00461017761188 0.000201054715825
-0.678948962496 -0.0570218505174 -0.117381218097 0.00523046517757 0.0241408177896 -0.0167089646805 -0.00295808788638 -0.598743387806 -0.0623618575658 0.017274196799 -0.0208990024816 0.0040100723992 0.00159126236312 -0.0100523451314 -0.00241252652278 0.0195728595555 0.0271076286164 -0.0104317532234 -0.269326388711 0.252734237841 0.0400866080853 -0.00221619842629 -0.121904402088 0.0547766327082 -0.00354871423394 0.0203952224868 0.00312640905226 -0.0175416496176
-0.658111715481 -0.0468041308369 0.0413893042142 0.0432781982888 0.0343780067933 0.0194508153218 0.00484126458411 -0.62852047097 0.0447791732388 0.0154993998496 0.0218751331837 0.0179427037097 0.018827822995 -0.109332683945 0.0539907128608 0.0791504546678 0.0290982715626 0.0024787534469 -0.171938188404 0.302186535165 0.0611667780789 0.00414189197771 -0.0892658621878 0.0510275253018 0.0041600132947 0.0591143677876 -0.0192933362485 0.00313155226967
-0.712575994456 -0.0102597536281 0.0756048926865 0.0676529367621 0.0417327618314 0.00190187091171 -0.00422042689119 -0.553893182265 -0.00222523315328 0.000323350831754 0.0160737223727 0.00287790145742 -0.00617946617123 0.124769322607 0.0132929909468 0.0435529109957 0.0335034666462 -0.0107212224818 -0.120793782539 0.280154148428 0.0211032869463 0.00958176830432 -0.16630822258 0.000144522264084 0.0170377109357 0.178018867175 -0.0106134132188 0.0268601184666
-0.62900704703 0.0204327934658 0.111310804258 -0.0674084972921 -0.0045761699006 0.0314492946373 -0.00136291672928 -0.519085157915 -0.00861405656908 0.00159399559699 0.0428628235437 0.000799973931225 -0.00257198575609 -0.369360403406 -0.172254601071 0.0312311408432 0.0597879983144 -0.00969672263392 -0.166005741648 0.222131753807 0.0213729413434 0.00014737447465 -0.123523153696 0.0440760098503 -0.0126265900861 -0.219224607193 0.0108156334724 0.0312991850653