-0.000883055347132 -8.36048340785e-05 0.0185937379561 0.0103484497651 0.0104554765499 -0.00341178152549 -0.00396394838727 -0.00356927624608 0.01937945016 -0.0294653441159 0.00107594340547 -0.0389156274376 0.0011360949563 -0.0728246279935 0.0577342771506 0.230644254516 -0.089624864086 -0.000612639259328 -0.458514518873 0.656623489073 0.199125812762 -0.019814641531 -0.48016700855 0.0974724657846 0.00182962812001 -0.0725957300391 -0.00114971424615 -0.000421987899368
-0.479570017053 0.0140289015204 0.0234579352463 -0.00231765294832 -0.0347792494667 0.0755695734716 -0.00327964890957 -0.493729969476 -0.0865905028436 -0.0369315619493 0.0377360054091 -0.0452945447618 -0.0117799712193 0.0716685691161 0.00759136460517 0.135721037785 -0.0568501234998 -0.00266498100961 -0.332397878219 0.427264376873 0.172646931557 -0.024316042276 -0.380789706204 0.0838590465787 -0.00350433060533 0.0565614601148 0.00104162824354 0.0233052845079
-0.4535030016 -0.00121645483824 0.0302568057034 0.0258257186421 0.0542894070793 -0.0376996537875 0.00678622517368 -0.444534158195 -0.040716840122 -0.0127812347146 0.0274955674374 -0.0461581106583 0.0083074920702 -0.033761272933 0.0437796751538 0.196047505969 -0.0705174723989 0.00298389525726 -0.29270781722 0.576551881345 0.141822784996 -0.0127466397838 -0.302723358059 0.0562123443491 0.00990290293362 -0.0783465741142 0.0036198907276 -0.00771749334229
-0.376496921585 0.00456931399822 -0.0331209235305 -0.000971368253924 -0.0143314623759 0.0357985386362 -0.0135195782363 -0.37542307164 0.0241458374888 0.0140120389407 0.014351534893 -0.0130531231857 -0.000704146428318 -0.191026085603 0.104061862429 0.191623381591 -0.0801096885021 0.00248759022595 -0.38402406116 0.505953092414 0.13578512586 -0.016464602106 -0.388005480633 0.107855245993 0.000730721895354 -0.196310815639 -0.0024729687559 0.0015691573683
-0.407819208789 -0.00103928632102 0.0229450732142 -0.0162292109281 0.0340776288636 -0.0587156812508 -0.00445751736234 -0.401568527242 0.0226305315227 -0.00118875187696 -0.0445420330977 -0.00583264699888 0.000201530825195 -0.147429826528 0.0190060421131 0.176679453123 -0.0714137694997 -0.00640681027767 -0.431152459137 0.409079593452 0.156685773237 -0.00558630330174 -0.46352722804 0.0958952156651 -0.00641721621555 -0.0610139160917 -0.0037725827351 -0.0192327467062
-0.33349937621 0.00604374658748 -0.0141382458191 -0.0183065804531 -0.0230844315059 0.0142676350314 -0.00351443468151 -0.336135917893 0.00813747387827 0.00346714602375 0.0143751264416 -0.0270449274813 -0.00725105729312 -0.251315684094 0.0156380841325 0.0743922367244 -0.0837817965193 0.00713376420743 -0.658991506798 -0.120597652176 -0.0115629611068 -0.00781821241981 -0.448688441969 -0.0499367367526 0.00601902558211 -0.203423644984 0.00422403497639 -0.0559846905567
-0.613632016507 0.00693614905708 -0.0125064793172 -0.0174732907233 -0.0139113338525 0.031266538904 -0.00113897208507 -0.631944965237 0.00740210094293 -0.0253423144595 -0.00937765788995 -0.0318742795607 -0.00751205886755 0.0325546881183 -0.0160429374453 0.162749355474 -0.000965308343497 -0.00902297988831 -0.0504601413222 0.305169163527 0.132518344255 -0.0216093463106 -0.165544596918 0.0713822667496 -0.00280948997071 0.213183027608 0.00623135194775 0.0312748672829
-0.635947386955 0.00114423763431 0.0236650820202 0.0271289478486 0.0504642842454 -0.0289098801303 0.00638545661731 -0.58970748598 -0.00890124052796 -0.0199389529667 0.0196079199255 -0.000897682138327 0.00154783069206 0.085157738382 0.0382639508378 0.132328881227 -0.0105864478431 0.0069916911153 -0.232072716161 0.316747981094 0.0724110266238 -0.00821533955635 -0.217231860962 0.00742371263725 0.00593763291855 0.0544980519182 -0.0062252717531 0.0778230941621
-0.576516924908 0.00933891807657 -0.0145771334994 -0.0350264898376 -0.00810331004304 -0.0118754938557 -0.000642751925603 -0.552931468284 0.00827225909674 -0.00464435637535 0.0122336616374 0.0152650084415 0.0098362163771 -0.298118183154 0.0923182666078 0.217687604261 -0.0476451749123 0.00680787996795 -0.113303230183 0.385812020867 0.126363640724 -0.0181331789402 -0.152477335892 0.0854106558501 0.00547131711536 -0.0581885822569 0.00406590596657 -0.0229933270391
-0.634286270216 -0.00352803119214 -0.0131935030378 -0.00362480262906 0.00578587965073 0.0112006106169 0.00110980534846 -0.639218315444 -0.0143619145159 -0.0147326925366 0.00630238907444 0.0207183762575 -0.00416003605268 0.126199438467 0.00705633711655 0.0502200559664 -0.0627985702249 0.00211324336449 -0.175260542522 0.28693889982 0.0644100527463 -0.0145467101467 -0.152517764182 0.0539815295753 -0.00150926078187 -0.130939799603 0.00516029499955 0.0678596240577
-0.380483595399 -0.00159322510182 0.015202251723 0.00564903377176 -0.0135220205737 -0.00345413340318 -0.00131768642364 -0.390542823563 0.00418208976527 -0.00139717335135 0.0350644094307 -0.0232011393448 -0.00626036601174 0.0349332771072 0.00727981973457 0.0513275440596 -0.0555396580196 -0.00381606839702 -0.72435542238 0.0253678596602 -0.00398144044606 -0.00257107437355 -0.406119895926 -0.0258815712275 -0.000137549798665 -0.0452972662386 -0.00415149733637 0.019592684613
-0.491004324498 0.00188059174033 -0.0299987466787 0.0179665385512 0.000885026256683 0.0523501231792 0.00852260932504 -0.464159668456 -0.00959870039152 -0.00474103753711 -0.00041884275725 -0.00917792097367 -0.00431186755673 -0.205847559588 -0.0476923022681 0.0119037958756 -0.0822001373066 0.00153254313915 -0.431226950009 0.146609244108 0.0520442554928 -0.00382888240401 -0.481256286212 0.040524566058 0.000388896607858 -0.180821841453 0.00307772925372 -0.107395583511
-0.576383650646 0.0451134504683 0.0572096943881 -0.0046248845056 -0.0010870178663 -0.0352031802408 -0.000779686484953 -0.62985358415 -0.0461695372927 0.0314062987803 0.0401729458845 0.0645629591928 0.0040826000142 -0.0214177536427 -0.0198617452224 0.0794212612561 -0.0884326559254 0.00343985609709 -0.174124975358 0.371412995037 0.0592142854391 -0.00164430546177 -0.176186220779 0.0226751207142 0.00902227868521 -0.191832486053 0.0183102995085 0.00612033322571
-0.421273706604 0.0040182977528 -0.00986080060939 0.000957554686959 0.00712229722817 0.0160227427113 -0.00338694683351 -0.427636453465 0.025224693945 0.00767251114634 0.00255907918526 -0.0136752335368 -0.00387272138541 -0.0713330288328 -0.000573270102676 0.0321348076491 -0.0679150707062 -0.00404419423376 -0.611525957614 -0.0249094294368 0.00280230919431 -0.000872216558417 -0.466955561408 0.00439616367154 0.008714724302 -0.186293482775 0.00208254623135 -0.0110880434276
-0.405768231479 -0.00705773149183 -0.024539707696 -0.00434154539943 -0.0171870292289 -0.0114320183433 -0.00100257334001 -0.424513248433 -0.0390798062056 0.0272607117912 -0.0232586856405 0.029840857647 -0.00299279795805 -0.181642195536 -0.0098160124837 0.10755574542 -0.0690504167126 0.00417670532124 -0.561053904157 0.0906568258254 0.0195855164224 0.00843637879819 -0.477395781306 0.0114989595081 0.00722503046393 -0.221023107903 0.00926195603119 0.0201238242325
-0.579996478973 -0.024682795427 0.0103665362826 0.00726592701939 0.0285550393647 0.021071005242 -0.00191434632518 -0.630942747836 -0.0167485472006 0.0557920650307 -0.0198121304837 0.0572199820729 -0.00206676859397 -0.0964312399643 -0.0206104699548 0.137889651237 -0.0203657670985 -0.00388853758167 -0.152194715975 0.291563252844 0.125773166327 -0.0125359829048 -0.292474883581 0.125349103405 -0.019053335133 0.0256604247208 -0.006374440125 0.0280519270581
-0.525602613407 0.00728292904694 -0.000656636789865 0.00406962487591 0.0163404581853 -0.00919253835536 -0.00733183031375 -0.561403777909 0.0299188705998 -0.00593239159904 -0.0780644572511 0.00550674433181 0.00299671115477 -0.164767299088 0.0131841307557 0.0336002901502 -0.107825032587 -0.00883893250303 -0.370263541344 0.294716601509 0.0404575243892 0.0136014697109 -0.315620255408 0.0100536052887 0.0138096269744 -0.184250714422 -0.0108115562037 0.0335461658787
-0.549271410385 0.0531487794175 0.00538063296878 0.0141208099474 0.0482450299539 0.0223218446661 -0.00782730212804 -0.540680227545 -0.00285921648465 -0.0235441365427 -0.030988031925 -0.0269924447108 0.00676668365405 -0.325818070884 0.105721684101 0.175177244504 -0.0256272781825 0.000367423500293 -0.193626018881 0.376497742377 0.100465567564 -0.0195957492508 -0.199041435105 0.0915454587583 -0.00632834353823 -0.104937347224 0.0086769895742 -0.0143459804995
-0.560468090736 -0.0273824330236 -0.0246158573194 -0.0215437151457 -0.0358222861247 0.000714936817512 -0.000344368423592 -0.612031409179 0.0358632313612 -0.0446960380048 -0.0168638965243 -0.0673437863765 0.0130965541001 -0.0653649000191 0.0943075899352 0.135999757565 -0.0548956837173 0.00684287387272 -0.212763303525 0.38234905347 0.097514213015 -0.0119167047765 -0.236164239568 0.0707397734377 0.00606179758558 -0.0552277663336 -0.014730267079 6.70061039686e-06
-0.584757110832 0.00102170989952 0.0426321168711 -0.00641700768286 0.0432283858878 -0.0385377351437 -0.00742544624821 -0.591728094826 0.0238383274273 -0.0555222023146 -0.0441645817063 -0.0226818344546 0.0102043149055 -0.000269507837689 0.0485249947475 0.164571746819 -0.0406825559121 0.00414040961642 -0.316179184292 0.281946856487 0.111943076945 -0.00826690829203 -0.262199270917 0.0487694853769 -0.0140645953475 0.0345846223775 0.0193684795503 0.0189341625267
-0.301389785044 -0.00621446050401 0.00991283896228 -0.00512841782821 0.0149898012376 -0.00667124417978 -0.000345430800347 -0.322026134934 0.0316029918911 -0.00205828805784 0.019231481998 -0.0355915687017 0.00427302067456 -0.202607503352 -0.00660239596554 0.0407354620875 -0.0750122335056 -0.00896255539746 -0.657866379728 0.0371468316469 0.00481686723007 0.00103879802598 -0.497611019575 -0.0294692424346 0.00420228038901 -0.219197342332 -0.0270889201168 -0.149788608297