-0.00497446039222 -0.0008456094009 -0.0287415798699 -0.0394788115908 -0.0330769045428 0.00117960602661 -0.00157679315643 -0.000899904038717 0.00733183106893 -0.00667777520149 -0.017291924791 0.0172142450411 0.0103471131113 -0.143111158411 0.14162251013 0.146035743171 0.285099140787 -0.00672880691389 -0.424421789704 0.684513464404 -0.0314391371874 -0.0186573610725 -0.435829248503 0.0600628990962 -0.0288111739969 -0.0877988156096 0.0193010067898 -0.00209854259385
-0.458629324527 -0.026261894895 0.0534401462131 -0.0560398327231 -0.0106616255068 0.0621490609945 -0.000262031395984 -0.575111979793 0.116508012703 0.0283950830269 0.0954313070436 0.11197090395 -0.00500048695723 -0.0172070988842 0.0838676566027 0.122811551036 0.169638055848 -0.015679878001 -0.18804239725 0.536264900146 -0.0175956333968 -0.0128751226302 -0.175999201334 0.00404221373666 -0.018031689795 -0.0696276026111 -0.00282406184445 0.0341917458026
-0.512632796276 0.0269894081131 -0.0526658991157 -0.039272049062 0.00364435190142 -0.0198157444331 -0.000803832500242 -0.570665310413 0.0771477181478 0.0288588579574 0.046970834045 0.109523809736 0.01851858262 0.0193690449245 0.102867652688 0.0722358040736 0.186551950842 -0.00928621213125 -0.154513766669 0.478687178664 -0.00931836142066 -0.00168895501772 -0.269353090023 0.0781100007001 -0.0280938609043 0.0335058330215 0.00290543981495 0.00523868051536
-0.405215411831 -0.00632078142352 0.0182037838152 -0.0259857088888 -0.0166824790369 0.0333201250063 0.00465236342884 -0.424802483053 -0.0275358843024 -0.0671714404835 -0.0407059049674 0.011885084817 -0.0199748061043 -0.238119620015 0.134325603804 0.115812132876 0.237807864917 0.00230234870463 -0.384504826376 0.458568703065 -0.00748846986737 -0.0208837057584 -0.319214531474 0.0115834992262 -0.0182218084583 -0.176250175631 0.0205200436405 0.0907397667337
-0.179341363228 -0.00575608373699 -0.0243693457591 0.00568129950649 -0.0075808951325 -0.0320856233426 -0.00605964699975 -0.169392215337 -0.0105369510006 0.00531245772593 -0.0059171134172 -0.0146833941047 -0.00197648586618 -0.126871498865 0.00414988495875 -0.00516202040302 0.0846004567115 0.00847074185132 -0.772513101799 -0.161936427443 -0.0254339535704 -0.00415119819719 -0.526919324093 0.0358056994595 0.00470153353108 -0.0432361266803 0.0150974711696 -0.0942738297644
-0.124015675409 0 0 0 0 0 0 -0.124018898288 0 0 0 0 0 -0.51478164141 -1.77321017885e-16 1.8156140197e-16 0 0 -0.447706846144 3.39770326908e-18 0 0 -0.427304319242 0 0 -0.550017065199 0 -0.136711789726
-0.124015675458 0 0 0 0 0 0 -0.124018898338 0 0 0 0 0 -0.514781640838 -2.78330526663e-15 1.70667716891e-15 0 0 -0.447706846324 7.90884383881e-17 0 0 -0.427304319413 0 0 -0.550017065419 0 -0.136711789781
-0.124015675463 0 1.07833468856e-14 0 0 0 0 -0.124018898342 0 3.40903457671e-17 1.6895565821e-17 0 0 -0.514781640789 0 0 0 0 -0.447706846339 -8.1434725536e-16 0 0 -0.427304319428 0 0 -0.550017065438 0 -0.136711789786
-0.124015675464 1.73456138712e-30 1.07893800234e-14 7.47147149682e-29 -8.49313353297e-20 0 0 -0.124018898343 -6.27383089416e-17 4.34978294437e-17 3.34907865049e-17 0 0 -0.514781640773 -2.70599122953e-15 -2.43283634452e-15 0 0 -0.447706846344 1.66953045708e-20 0 0 -0.427304319433 0 0 -0.550017065444 0 -0.136711789787
-0.519822737091 -0.0433699858309 0.0145455145234 0.00644269177986 0.011438640637 0.00773899601742 -0.00227212508069 -0.678053981747 0.0577341234223 0.0175054771495 0.045107961674 0.0547387456022 -0.000196553041144 -0.197231706668 0.123168393138 0.122919302977 0.106803706542 -0.0144032868403 0.0120103331631 0.352211968047 0.0469142012007 -0.012057541385 0.0367341193329 -0.0551580119054 -0.0115332589464 -0.192959592611 -0.00755604172216 0.09936205102
-0.583810647224 -0.0134670894245 0.0160218779585 -0.0326223794957 -0.0346338682374 0.0255471731678 0.00038758972868 -0.67933014957 0.0588578192396 -0.00288490272926 0.0519582607477 0.0468952754526 0.00551252593926 0.203636578407 0.0220249626151 0.0351696523823 0.0743434503387 -0.00535864999032 -0.0931120985493 0.239351210431 -0.0142186129703 0.00317440217246 -0.0825141425905 0.0148711280933 -0.00435496095785 0.166516809097 0.00243269372042 0.190316051913
-0.619908980995 0.00741430099408 -0.0237544984196 0.0233978585591 0.0154516912819 -0.0218053662474 0.00131617219018 -0.613764563569 0.0271791693808 0.016324103645 -0.00627109129075 0.0162331484561 0.0189347639243 0.185357452611 0.0341355880804 0.0647525239193 0.0893575484945 -0.00517374360578 0.154693940314 0.314291779597 0.00567223211079 -0.00105237167027 0.0601594423799 0.00476921848059 -0.0210809102381 0.172522729007 0.00296310201917 0.176430280589
-0.432843248999 0.00253771720969 -0.00342778479489 0.0121488889218 -0.00541203477325 -0.00909414003382 -0.00079172030936 -0.434978752291 0.0050280121232 0.00187957220249 0.00678457411992 0.0120410328462 0.00907176054096 0.0462413284412 0.0136699697392 -0.0426252514453 0.0805762968357 -0.00426281086675 -0.735335390608 -0.0439482634595 -0.012366123188 -0.0008472617308 -0.227394888876 0.0761207320715 -0.00672450728034 0.0739781287273 -0.000508839504485 0.0798915134041
-0.504701812817 -0.0167270874084 -0.00664118014011 0.00660741879109 -0.0216987206682 -0.0111794861644 -0.00733928797884 -0.570873636227 -0.0428164961316 -0.0343972935588 -0.015330026616 -0.046092701946 -0.0210020141468 -0.294367801216 0.171824112052 0.0987622889769 0.181023741991 -0.0015352988868 -0.170412791481 0.307727507796 0.0050755144926 -0.0246486364437 -0.0831434268015 -0.0120905779788 -0.0254349402107 -0.346360195092 0.0418836982074 -0.00689735703636
-0.621846042896 0.0114110170252 0.019575845742 -0.0571740820923 -0.000773956170656 0.0296224635047 0.0117816080948 -0.65246139299 -0.0503034565689 -0.0267166580893 0.00318144937638 -0.0451076268584 -0.00921999697795 -0.0349244545762 0.0829371654196 0.0872006122843 0.158261970937 0.00242369482471 -0.127102772634 0.304534877115 0.000242619298443 -0.0206019211597 -0.102924223204 0.0320329596184 -0.0118635085986 0.0245479919142 0.0155661330646 0.121437895974
-0.421599015958 -0.00563916323565 -0.028257788892 0.025152437773 -0.0191823320331 -0.0303628044782 -0.0102795561318 -0.369829480095 -0.00218485927505 0.00868698310277 0.00390250227521 -0.00517199148544 0.00343873981113 0.029481583663 0.00624139540019 -0.00738528008311 0.0848623150507 0.00982420636126 -0.680001992493 -0.179888061441 -0.0272103037439 -0.00559220758441 -0.402540753184 0.0385054764649 0.00586135750174 0.120468416154 0.0185574810526 0.0167306320428
-0.124015675437 -5.76245631403e-28 1.07833468946e-14 1.0529562034e-14 -1.92283903283e-14 6.09662300425e-25 9.09725684938e-15 -0.124018898316 -4.71054808805e-17 -1.91655265951e-14 -6.72312605119e-15 9.12162473058e-17 8.08485586756e-15 -0.514781641106 1.14650198389e-11 -2.29979875053e-13 -2.16561628865e-11 3.42993143598e-13 -0.44770684626 -1.1958459827e-12 1.2517555137e-19 -4.70390966103e-18 -0.427304319341 2.63848298537e-20 1.9397117747e-17 -0.550017065292 -7.90271978777e-14 -0.136711789758
-0.190774910064 -0.000875005825286 0.00142435423301 1.9861149891e-09 -2.54438500295e-08 0.00107247674228 -0.000234412002971 -0.204677394947 0.0101452360513 7.24626785551e-07 1.19509847809e-06 0.0242791252205 0.00142372027419 -0.0862534839052 6.76636150844e-06 4.18605885687e-06 0.0582831201713 -0.000359703977228 -0.688474818917 9.27805667406e-10 8.04123904472e-07 -2.21195788568e-09 -0.657100210522 8.54380406638e-07 2.22119305887e-08 -0.0625706983774 0.00118023493941 0.02195919308
-0.190796631386 -0.000468272950542 -0.00135072159748 -3.92413474784e-08 -4.74061969756e-08 0.00196990160997 -0.00033346501391 -0.20578328031 0.0118219403036 7.38446999293e-07 1.17271424781e-06 0.0242097552276 0.00227667712212 -0.0808042482977 6.85445024178e-06 4.22217481132e-06 0.0586755105755 0.00165616385788 -0.688562819065 8.82538578267e-10 7.88224343161e-07 1.70370700511e-08 -0.657184200349 8.2581326419e-07 4.95553024667e-08 -0.0644034695117 0.00107478042961 0.0194710482899
-0.191815724275 0.00417366712005 -0.00823783774866 -3.16181133372e-07 -4.43728700738e-07 -0.0182100015119 -0.000393519517543 -0.190891470584 0.00685319337484 3.00797457967e-07 4.2902183732e-07 0.0165044130406 0.00158715756893 -0.164295663851 5.81203579696e-06 3.50913486689e-06 0.0588374484285 0.000739205330862 -0.675573304778 4.41916980254e-10 8.40454219534e-07 6.661688586e-09 -0.644786634845 1.09523872035e-06 2.43592229504e-08 -0.148808928477 -0.00067707463545 -0.0357651467481
-0.124015675339 5.37997975659e-28 1.07833469279e-14 -1.3115770243e-14 3.04512249099e-15 1.19733817413e-24 -1.21296756114e-14 -0.124018898219 -1.44567820885e-17 4.16100479144e-15 1.2526055951e-14 1.16822552092e-16 4.04051084386e-15 -0.514781642212 -1.38649981711e-11 -2.40288677401e-11 -4.33123262941e-11 -6.86053478203e-13 -0.447706845891 -1.19573082299e-12 -2.44320345678e-20 -1.50810221841e-17 -0.427304319002 -4.07982642101e-20 -3.36450424666e-16 -0.550017064892 1.58054394898e-14 -0.13671178965