-0.00959791033956 -0.010304438178 0.0182553201217 0.087748533744 0.0181261371102 -0.0153171010683 0.0010328772959 -0.0131038630228 0.0476172681808 0.095025816292 0.00711943243918 -0.0309110336527 -0.0181130124424 -0.175103050017 0.0378166019274 -0.370384945107 -0.196632038729 -0.00751351803038 -0.346960269032 0.618008874937 0.056342217656 0.0117763307817 -0.500729369178 0.0948383796346 0.00687236335259 -0.069541522689 0.0128981052293 -0.000983644152529
-0.454822057084 -0.0138762358863 -0.0621193741647 -0.0202092422535 0.0654236169794 0.0156493013611 0.00838054702604 -0.431193743082 -0.0239184291697 -0.00934310237886 0.035761271413 0.00910570437401 -0.00100457917819 0.0290287387245 0.0939197302157 -0.23533844387 -0.136307446165 -0.00260032061688 -0.505345475869 0.397563032143 0.0305018411406 -0.000695918294104 -0.262889667528 0.0576800644807 -0.00382295814444 0.122741184804 0.0227455080419 0.100502060088
-0.231498326743 -0.00372350465351 0.0468946490396 0.000579585774236 -0.0374117418816 -0.0353928654497 -0.0101510186814 -0.203051927195 -0.00186284056804 -0.000379951776911 -0.0229319337733 -0.0038829332819 0.00389590654633 -0.0831150166866 0.0192792191719 -0.177114880235 -0.0695502136354 -0.00211510735069 -0.797941408809 -0.00813606842821 0.0074941844241 -0.00228567799604 -0.456999601729 0.0150138426357 -0.00560458393683 -0.0889125318276 0.00805320870452 -0.0473818555196
-0.18938255582 0.00310690107996 -0.00282602478551 -0.000126908551933 0.00345962162458 0.0133135439977 0.0032721115752 -0.207718904171 0.0426487497911 0.00392494266453 -0.0323278423517 -0.0281768233405 0.000933971484094 -0.184307420572 0.0361309378088 -0.223560933966 -0.0553454747425 -0.00198348795762 -0.71901709848 0.000907573800767 0.00328446498371 0.00102544009299 -0.523277658802 0.00121442316065 0.00498378506402 -0.152445674168 -0.0158407028869 -0.120164081327
-0.470604208405 -0.0179960944845 0.0447121232015 0.0761986761923 -0.0356366981461 -0.0310719416279 0.0164053920516 -0.473092595297 0.0650085551005 0.0749550290424 -0.0353055803681 -0.0253067103565 -0.0169998510113 -0.262318014671 -0.140630191549 -0.203850842946 -0.140558369117 0.000168860915389 -0.000292002067476 0.566405381044 0.0574119338229 0.0146050141987 -0.194096283251 0.0718762500864 0.00676676327829 -0.0296051096174 -0.00871385011492 0.118318154208
-0.547875900546 -0.0135458771313 -0.0147923109102 0.0418130838433 0.0114252739063 0.013734254757 0.0155586295379 -0.5523194294 -0.0163948493929 0.0346121845602 0.00807624090919 0.0200160720152 -0.0114568317946 0.0414217199402 0.00606269108828 -0.109734396496 -0.102261152135 -0.00773207351795 -0.473848881091 0.129572550507 0.00502065050717 -0.00995590308889 -0.305022514545 0.0321610272981 -0.00995481365515 0.16321461776 0.0095394190442 0.0577914887514
-0.582271095914 0.0218526254578 -0.0749231879022 -0.0712679373084 -0.00284216012477 0.0226317848673 -0.00790901925493 -0.518806444516 0.024157758461 0.0275913091378 0.0334438781376 0.00307821413158 0.0134263341316 -0.0571398638703 0.0949776216902 -0.214379725141 -0.0603146833429 0.00613195978857 -0.439901412788 0.242072433603 0.0288273640629 0.000341377183772 -0.241809629756 0.0472219279476 0.00306432354163 -0.014464591113 0.0125614691989 0.0381137762903
-0.474407214733 -0.0117394931062 0.0364949554649 0.00393239486937 -0.0467017888253 -0.0248410750356 0.00022953830305 -0.422554407143 0.00288065171188 0.0215218051698 -0.0184849594287 -0.00311056075088 -0.0126172934596 0.00536306304225 0.00665354448011 -0.201568365052 -0.0569357528498 0.00382513756987 -0.644968684324 -0.0196820409248 0.0097627544744 -0.00242918972917 -0.346727367608 -0.00194922695831 -0.010126211706 0.0477103235054 -0.00693040733761 0.0896510179113
-0.11393973639 2.71682376397e-29 -2.44383860887e-25 6.64623195171e-27 1.0144984868e-15 0 -4.66542234377e-38 -0.114701860589 -1.44892762827e-18 4.1869638731e-17 -9.10284395477e-15 0 1.05331127651e-29 -0.510093359185 3.99464311338e-15 8.17502989403e-11 0 -6.96946618131e-14 -0.438850312082 -2.22786346541e-12 0 1.15894877002e-25 -0.452442332522 0 1.56034670256e-23 -0.543247714316 0 -0.145788356127
-0.468604175521 -0.0132528215497 -0.00688617363657 0.00382976457648 0.0362209866127 0.0200118709642 0.0129558342471 -0.493983365102 -0.0482340989105 -0.0561646035342 0.00931369922824 0.0151655056833 0.0185428161015 -0.165308646413 0.0968150944448 -0.205958258233 -0.0771257463115 0.0053059271357 -0.506679678739 0.209534749135 0.028476543938 0.00544178628728 -0.367755830711 0.0333028937181 0.00658248406274 -0.0637924861282 0.0216199241284 -0.0251443082528
-0.631434197224 -0.0426882872348 -0.0514848384009 -0.0455368341944 -0.0245418183415 0.00678284952033 0.00388855146419 -0.620124562186 -0.0155328730644 -0.0560356904031 -0.0234085507188 0.00210423884294 -0.0023403031095 0.10995705882 0.0672442225749 -0.125597176761 -0.0678704728998 -0.00422953540045 -0.17749240306 0.311059081431 0.0115419758616 -0.000715758310451 -0.0499255569597 0.0342457212408 -0.00514368447981 0.116845254986 0.0137480961245 0.150490231683
-0.363790176133 0.0267490266509 0.024636919282 -0.00393795742499 -0.0228712409901 -0.0189604865689 -0.00820074979316 -0.369337173163 -0.0283202880061 -0.00446952539644 0.017826554252 0.0201709646597 0.00807230857127 -0.0017182023555 0.0286954085001 -0.126555273558 -0.0582362058668 -0.00481426528414 -0.742531342466 0.00325518713504 0.00275797505027 0.000893330615026 -0.389181902789 0.0243328019746 0.00202467572127 -0.0536606661316 0.0273033234824 -0.00586229692501
-0.113939736394 6.580855959e-29 -2.44970890203e-25 7.16915295809e-27 1.01434836903e-15 3.25893227888e-27 -1.11362313414e-29 -0.114701860593 -3.64814160164e-17 -4.95598380986e-17 -2.19609555389e-14 4.31841753861e-19 -8.03966925162e-19 -0.510093359203 6.61000281511e-15 8.17502988355e-11 1.71851852514e-16 2.0908363296e-13 -0.438850312108 -2.39244914461e-12 2.55899971209e-13 -1.01884004224e-15 -0.452442332449 -1.08755243312e-12 3.7116354703e-15 -0.543247714335 -4.37983663984e-19 -0.145788356132
-0.342310097115 0.0262645090441 -0.0255646448838 -0.000388110664105 0.0261502314443 0.00951732623032 -0.00502211409641 -0.359160968833 0.0335452916418 0.00361677711341 -0.0315512458195 -0.0164404445381 0.00312668494083 -0.109420386888 0.0367813248732 -0.207962732212 -0.0435784939942 -0.00945986047765 -0.718754196417 -0.0270762838025 0.00186204668281 -0.000550452139727 -0.396046281234 0.0037671327922 0.00947152438902 -0.099159439205 -0.0202597107326 -0.0785064545836
-0.424988760546 -0.0196634811195 0.0274554303138 0.00534272952808 -0.0192343194624 0.0161568361077 0.00919928365965 -0.467284201073 0.0362368145179 -0.00188897966062 -0.0507316395083 -0.0271980247061 -0.00179295787106 -0.0650720231434 0.034609194015 -0.225728894611 -0.0573878332855 0.00248127437714 -0.590190933545 0.0171463079911 0.00437052547963 0.00370045730152 -0.430800650132 0.000276800568634 0.00385912127191 -0.0146513982362 -0.0119862429761 0.0145681116921
-0.616537365543 -0.0300930267294 0.0357664408789 0.0136791750344 -0.00185373090739 -0.0294392584275 0.00795350490008 -0.67614331269 0.0660120273805 0.0565711523259 0.0181031169894 -0.00727839183462 -0.00308199123607 0.0182137618656 0.0210446409248 -0.113189536578 -0.0685884742166 0.00648436720108 0.0223077091532 0.302232393158 0.0206842089622 -0.00175871943112 -0.0619884946092 0.0126858421 -0.00607977843014 0.0836732517558 -0.00863029118005 0.172442583032
-0.462761923266 0.0324585868397 0.0029477038844 -0.0167397081338 -0.031296849137 -0.019626250033 -0.0119176885584 -0.478939730827 -0.00395611817661 0.016299041886 0.037437739767 0.0202399479453 0.0293986505596 -0.509461304111 -0.231828197439 -0.0260879900158 -0.0805236809761 -0.00381450803567 -0.180739017284 0.319349281882 0.043234192933 -0.000879627904539 -0.2697948846 0.0338121733919 -0.00375841215168 -0.131598625104 0.0289647058852 -0.0395404787636
-0.113939736391 0 0 0 0 0 0 -0.114701860589 -3.83872951884e-17 1.50485005194e-17 1.96309505886e-15 -5.27011441353e-30 1.11603558342e-29 -0.510093359185 -1.56679848679e-14 1.22015371551e-12 -6.82541031188e-27 1.39389323626e-13 -0.438850312081 -5.8200665321e-13 -4.90824208299e-28 -2.02585398343e-26 -0.452442332522 4.55797852953e-38 -4.65775135089e-25 -0.543247714317 2.7941094112e-17 -0.145788356127
-0.147059253238 0.000139937642762 -0.0013544412521 -0.000672824493638 0.0032720223629 0.00500718566401 -0.00264662195404 -0.147953548906 0.00117543070516 0.000749414609047 -0.00296699653776 -0.00439616136493 0.00108749726863 -0.584899003135 0.00725391279495 -0.00896071681528 -0.0259229633813 0.000393454851506 -0.479898542412 0.00376862227809 -0.0228408134857 -0.00208393352407 -0.419499069205 0.0340469252963 -0.000462511375589 -0.435305714422 -0.000650258492554 -0.126577420361
-0.417026779596 0.00213617725737 0.0137585648431 0.0107560434144 0.0167171898979 -0.00568476468408 0.00112506549187 -0.436076198143 0.012439935448 -0.00775743907008 -0.0261267896311 -0.0350483364614 0.00648513330039 -0.436211048414 -0.159613742708 -0.0233670514928 -0.0726522432978 0.00278123062324 -0.3810820595 0.270001523678 0.04120296514 0.00977824849465 -0.383118850166 0.0627534879824 0.00971130377997 -0.18756078827 -0.0182965042336 -0.0728221940169
-0.569613966199 -0.0265621382866 -0.0347946583981 -0.00450043814518 -0.041158387465 -0.00707924091855 0.00558198101046 -0.59037149726 -0.0278320884572 -0.0188027624892 -0.0381889462921 -0.0112056381763 -0.0138397768837 -0.26392725827 -0.223215458496 -0.0656546559007 -0.0789330914805 -0.00068553845392 0.0256485131869 0.402477140495 0.0198746181806 0.0144954376631 -0.0637489008181 0.0287153997238 0.00874991044608 0.0353221685044 -0.0146274083478 0.143820497432