-0.0487381527367 0.00193776463831 -0.0183956150634 0.216056555488 -0.217926874331 -0.0233879254886 -0.0548022352713 -0.00991644829359 0.109268409745 -0.0151113881777 -0.0239235605671 -0.0111306179277 0.0123498889701 -0.203031603592 -0.384361256967 -0.137470148911 -0.312597322869 0.035504829527 -0.362090803161 0.602897885282 0.0107385610654 -0.0043680395654 -0.274170981857 -0.00773770954534 0.0560712172453 -0.067756773353 -0.0432643187667 -0.00686155256506
-0.6519209036 -0.0147058415533 0.003426019924 0.154414916084 -0.309268421793 0.0644262335505 -0.0233003872578 -0.481098073276 -0.0761180687739 0.0247006791477 0.00794756459004 0.0615937152072 -0.0218266807287 0.0837344066705 -0.115053343315 -0.00730692214675 -0.124456479939 0.0182131451039 -0.249401432089 0.212068456933 -0.029527409628 -0.0102020037066 -0.236386049845 0.0293131978268 0.0256082775713 0.0339531956183 -0.00548783182942 0.074458865497
-0.535947421908 0.0107181161792 0.100131102367 0.0511993155054 0.108714171625 -0.0676946247828 0.00120355542685 -0.596117208434 -0.132543179443 0.0945384486359 0.0298958895914 0.0982162350441 -0.00515102240885 -0.027019471855 -0.19606404889 -0.0934199002868 -0.110676611412 0.0106907934102 -0.116449331826 0.448425521622 -0.0631413418868 0.0073111350603 -0.0699252496451 0.0507426338378 0.00286281846262 -0.0688821383019 -0.000482077286422 -0.0012933100909
-0.675784275551 0.0413012111884 -0.0577556984607 0.0303995111479 -0.348199121217 0.0678672544663 -0.0314455675311 -0.35905648749 -0.0142649775872 -0.00948734372808 0.0491923297004 -0.00545061729393 0.00741982076161 -0.403230849368 -0.0849153161364 1.86384035702e-05 -0.160189718211 0.00934554799973 -0.144808877269 0.0809221038187 0.0618872160302 -0.00266127238809 -0.222167170596 -0.021275866193 0.0181808718569 -0.00978700300241 -0.0205653317637 0.0349821192366
-0.34960308688 -0.0116621414517 0.0300663144974 -0.0186278760695 0.0734679922351 -0.0552882934001 0.017090578019 -0.360861350153 0.0562767967422 -0.044714690249 -0.0143217774656 -0.0566396505135 0.00976673069108 -0.437896714498 -0.248000072683 -0.112323712755 -0.138661198096 0.00328151510006 -0.338843550766 0.312869995786 -0.0336647290635 0.0199028295502 -0.421377736509 0.0331977207072 0.0242292870575 -0.156485416049 -0.043523768128 -0.154188412296
-0.459022641737 -0.00888652431792 0.0143951191 -0.00698986596061 -0.143206026198 0.00800155042707 -0.00205341145569 -0.282899405119 -0.0115078245057 0.00351617248729 -0.00859522742976 0.0140686115852 0.005561483896 -0.263072505641 -0.0143602218142 -0.00231499124646 -0.0534356292002 0.00154539467575 -0.727835841164 0.0367383233556 0.00779625162686 -0.000766916593172 -0.136396862369 0.010885587676 0.00096251960684 -0.252929412187 0.00250713899281 0.0420915626908
-0.532531508904 -0.00782542884582 -0.0296751207162 -0.0147320874302 -0.038517469771 0.0145999201547 -0.00904671561962 -0.586246860243 -0.0663145685146 0.0213510683775 0.00519247790692 0.0482023277696 0.0172462661811 -0.165473323377 -0.117135185083 -0.0882977233398 -0.0899751636467 0.0214815260718 -0.276476154508 0.262017795339 -0.0457385796701 -0.0214102860013 -0.357632513704 0.0828102851888 0.0306805241554 -0.102812572583 0.0312301362596 -0.0997097158497
-0.388192691769 0.0082177949431 0.0103229342589 0.0144285262414 0.00602312359708 -0.00702724520516 -0.00030426317156 -0.442788247336 -0.0568570895514 0.00198281622841 0.00743636966409 0.0264012418197 0.0179431690606 -0.0130084560085 -0.0427928574428 -0.0834330770022 -0.049094131094 0.0155015503152 -0.657861939067 0.0664926982035 0.0077350806991 0.00594237043412 -0.396087250958 0.0876288315798 0.0303474150432 -0.115259775847 0.0389935627501 -0.138798470712
-0.203049053212 0.0170518457082 -0.00466293971755 0.0115564352576 0.061256339371 0.0169497706421 0.000154690084757 -0.183488621507 0.00236812235782 -0.00345323737505 -0.0359395968747 -0.00613222093555 -0.00389791515618 -0.654818014577 -0.00229578271129 -0.0105025233318 -0.00556817831954 -6.53911070983e-05 -0.568249397824 0.00335765242574 5.74753480302e-05 -1.71246485214e-05 -0.187719141804 0.00961214616667 -0.00164903732864 -0.363054665398 0.000568044157494 -0.0161503286836
-0.539856798163 -0.00617406100816 -0.00292866818984 -0.0409276850656 -0.111010008984 0.0230130224798 -0.00378980996198 -0.447844908508 0.0217378886084 -0.0175132424264 -0.0148188364486 -0.00682514561805 -0.0189642110622 0.141082798615 0.021552285921 0.0597980594589 -0.0386873698631 0.00810195043359 -0.661748105221 0.02693811202 -0.0106509647231 0.00928756267029 -0.122861717725 0.0172304809623 0.00839615106348 0.0909701841363 -0.00805839364619 0.0620460497814
-0.626326840742 -0.0194019140898 0.0199241673809 -0.0195428659192 -0.0566875176934 0.0337774805177 0.00639379798014 -0.665225322412 0.0840059761638 -0.0459136268343 0.0410975667513 -0.021084727901 0.0127820752983 0.0175095865328 -0.0861921902325 -0.0764151935972 -0.0638102654054 -0.0114556263725 -0.0365423439314 0.245597353197 -0.0462908777273 0.00926296319626 -0.228564680215 0.00319651277381 -0.00177262452918 0.102520920204 0.00164622786178 0.0612284055313
-0.692898589647 -0.0180526760202 0.00526763488132 0.0643129835119 0.0420046182864 -0.031785289866 -0.000948315785821 -0.660137804543 0.0638067070296 0.0557490578741 -0.0210815019901 0.0133362105767 -0.000801138523427 0.0130585013734 -0.0559234284247 0.0158258722372 -0.00723247648976 0.00415158000726 -0.0564525744672 0.202673694718 -0.0240215251689 0.00458595916836 0.0455149436191 0.0154661411929 -0.000955380426935 0.104089401538 -0.014651949808 0.0848616313818
-0.616344363431 0.0106573850187 -0.0161331866942 -0.072985009187 0.0078314232303 -0.0209491986373 -0.00817410161888 -0.585379518016 -0.0441436017886 0.000584392209029 -0.0026230981619 -0.0125579830392 -0.00497487550183 -0.257182747352 -0.30820282022 -0.0917504738491 -0.0435617702599 0.00375782646357 -0.0730502400675 0.275266857223 -0.0707305795217 0.00438518117299 0.00261799422594 0.0488503361139 -0.00920067805403 -0.07340447695 0.000828670962347 0.0598798233834
-0.442324084073 0.0240658317511 0.0016111057095 -0.0265814589368 -0.131811566172 0.00383047557818 0.000632711726157 -0.212068273567 -0.00445582990312 0.00742012066198 0.012936792517 0.00174158631524 0.00146864702333 -0.550508848468 -0.0819457487106 -0.0199435701965 -0.0244461264051 0.00178822957718 -0.499561256965 0.027590039794 0.0124342641951 -0.00207922512842 -0.0824416086325 0.0160236065413 -0.00475374376392 -0.413627115204 -0.000249282655519 0.0321343877007
-0.536629060004 -0.0316617914026 -0.0505126660536 -0.0111843338376 -0.0139606660465 0.0309993435773 -0.0093262700521 -0.541607239411 -0.0227571112482 0.00934335131786 0.0117744786122 0.0410395694587 0.0134571424833 -0.245771904171 -0.124183689071 0.0438890190118 -0.095612883214 0.0205816682032 0.106565904887 0.15065153391 0.0516573216179 0.00359522263212 -0.496050206849 0.00894476831571 0.00521407310618 0.172640575458 -0.0194932237637 -0.103688617875
-0.6536032711 -0.00399068642604 0.0387685152152 0.0256528955507 0.0690575025375 -0.0454637054157 0.0169183020778 -0.585490412018 0.0226875609896 -0.00431774671636 -0.0144263477072 -0.0213379515723 -0.00355684872843 -0.188740670719 -0.181423993002 -0.0710488121362 -0.114339544009 0.00899097352962 -0.0882031574151 0.282392810704 -0.0314875448606 0.0140912794023 -0.184192594291 0.00485772374088 0.0279444891997 0.0878891642308 -0.0394426222149 0.00529334662237
-0.475515969516 0.013272050654 -0.0011746560377 -0.0185568088583 0.0543128302213 0.00304716627057 0.0143235477177 -0.496615723155 0.0244501088638 -0.0289376740876 -0.0228897658588 -0.0292824325184 0.00186373693033 -0.357147622771 -0.265005604731 -0.145659111208 -0.0575042592622 -0.00486846800795 -0.268083598438 0.213436487978 -0.0368460478448 0.0321619442887 -0.312999391614 0.0915103571508 0.00992351574323 -0.227466340958 -0.0434888799851 -0.136133219158
-0.440905587724 0.0361649143128 0.0344828071258 -0.0580020568993 -0.133675412961 0.00953902572725 0.00177462296559 -0.233586716529 -0.0083268861351 0.00347527781888 0.0231350232496 0.00789513330532 -0.0014870963155 -0.49776387477 -0.0828493770777 -0.0161034419766 -0.0221286632118 0.00171041780094 -0.507370623899 0.0252454636076 0.0129384163084 -0.00207059680291 -0.112504522464 0.00942258422292 -0.00551071213359 -0.445790900812 0.000145297297864 0.0375379454046
-0.450852288102 0.0343893135058 -0.0389703898072 -0.011923762198 -0.0566553149386 0.0316926604719 -0.0163338688336 -0.424308463383 0.0226264639552 0.00996939568325 0.0461493505452 -0.0234747421928 0.00712632251234 -0.121351816841 0.0367869265432 0.0198874710716 -0.11581827052 -0.00361987009463 -0.582220190204 0.0335759589737 -0.00922555572518 0.000680253035215 -0.484362830679 -0.00509954510351 0.00392631482931 -0.00195479734899 -0.0101076703614 -0.034307331411
-0.234621358686 -0.00127058447731 0.00838184162162 0.00197250173856 -0.00313407660985 -0.0148339507867 -0.000720123046454 -0.23446292357 0.00751925862261 0.00158012982483 0.007599247081 -0.00870431066979 0.00898951691703 -0.376395341625 0.0435461573714 0.0105760579218 -0.0705867691281 0.00132862377899 -0.638956418997 0.0187673604346 -0.0104251744568 -0.000412410068734 -0.509389987849 0.010389834712 0.00517153034091 -0.227912782031 -0.0170752022309 -0.141984472058
-0.188334204415 -0.0112944261403 -0.00314229889003 0.00624393591121 0.0594025312289 0.0119375355143 0.00477908239696 -0.168520516062 -0.0011322378341 0.00105723050023 0.026997796519 0.00420852372684 0.00278349807682 -0.646834750566 -0.00359477621695 -0.0107212331964 -0.00570039758804 -0.000222368969796 -0.560085014724 0.00941464012431 -0.00114134646518 -0.000447723785257 -0.210696142136 0.0140535254986 0.00313384430128 -0.389784392283 0.00351684696337 -0.0511712546402