-0.000975502882335 0.00021996972717 0.00927827608001 -0.00496038157073 -0.0259743773582 -0.000599646447996 0.00496058768267 -6.16784516102e-05 -0.00294224000643 0.0011177836469 0.00671595685389 0.00128753939612 0.00115128214792 -0.280695539625 0.219579125282 0.338477963017 -0.017622120715 0.00378757462351 -0.433082310721 0.491661419689 -0.0694021605108 -0.00510171533351 -0.552112554539 -0.127203604185 -0.0106475577623 -0.0431314159243 -0.0108016465525 -0.000399182207663
-0.331050851789 -0.0234115700599 -0.010253418307 -0.0101289429865 -0.0444625591063 -0.000311333355326 -0.0056373818572 -0.402661695433 -0.0481910151621 -0.0610290935431 -0.0749859437151 0.0546492665121 0.000547196627812 -0.215951122275 0.18243903015 0.267414223879 -0.00731207564877 -0.0132595116862 -0.384850643708 0.376324043535 -0.0506110212905 0.000551179766275 -0.490836661725 -0.123738285641 -0.00221545399197 -0.0959463689858 0.0260543499785 -0.0278613695752
-0.33826612539 0.0183625000332 -0.00084924234428 0.0278433310432 0.00728609239692 0.00239312077978 0.00650473885126 -0.504647328668 -0.0759037625535 -0.0549617391395 -0.124356672513 0.065677367951 0.000157623849431 -0.244523143938 0.147444940925 0.301684381315 0.0109697645284 -0.00874427187828 -0.284905093485 0.429587910354 -0.0581979706764 -0.0160529689693 -0.380840149652 -0.089660667874 -0.0213088772421 -0.0613558323739 0.00639764522324 0.0411279079066
-0.306506557362 -0.0172587029839 0.00517105119654 0.0223194166864 0.0175787601761 -0.0127140058078 -0.000392884782195 -0.36446262367 0.0419975923257 0.0547789140485 0.0590777300784 -0.053876223037 -0.0172638008695 -0.212634671148 0.188558072044 0.279318018378 -0.0133876848684 0.0209846979942 -0.385204146151 0.335963939498 -0.0446858422783 0.00441627066305 -0.559001663871 -0.107397338425 0.00636105043066 -0.0353732610148 -0.0348355440969 -0.106176007682
-0.314889370826 -0.0175293867545 0.0170908564309 0.0163968165808 0.0242995934427 -0.016308606856 -0.00810444607391 -0.343916114315 0.0185958753168 0.0410453548619 0.0496551665259 -0.0449151033906 -0.017116628208 -0.279451096349 0.171742405343 0.271665416425 -0.0183193266372 0.00919305788111 -0.377518569296 0.404466130551 -0.0531160599921 0.0021658074843 -0.520419329725 -0.0944561128863 0.00386941741349 0.0122288126494 -0.0246060478388 0.0518807428107
-0.107597631265 0 0 0 0 0 0 -0.107602000738 0 0 0 0 0 -0.473154705472 2.39790724727e-10 -1.40492600207e-10 0 0 -0.486669014838 -2.32107098073e-10 0 0 -0.523680985342 0 0 -0.476673403594 0 -0.121091476855
-0.107597631208 0 0 0 0 0 0 -0.107602000681 0 0 0 0 0 -0.473154705222 4.19633773574e-10 -1.4049259855e-10 0 0 -0.486669015666 -4.06187364649e-10 0 0 -0.523680985066 0 0 -0.476673403342 0 -0.121091476791
-0.107597630863 0 0 0 0 0 0 -0.107602000336 0 0 0 0 0 -0.473154707593 4.49607641854e-10 3.70900504416e-09 0 0 -0.486669012209 -4.35200864586e-10 0 0 -0.523680987757 0 0 -0.476673401816 0 -0.121091476403
-0.107597630816 0 0 0 0 0 0 -0.107602000289 0 0 0 0 0 -0.473154708287 -3.98652115356e-09 4.32717285721e-09 0 0 -0.486669011572 4.20694130997e-09 0 0 -0.523680987946 0 0 -0.476673401604 0 -0.121091476349
-0.481705870299 0.00777234848567 -0.00693872335331 0.00176374744979 0.0123898247478 -0.00634285813891 -0.00956857890811 -0.532929814857 -0.0104620659636 -0.0332350241949 -0.0395702841862 0.0301984650014 0.00205847719738 -0.147337440551 0.112852657278 0.235821661219 -0.0130961179825 -0.00775238172436 -0.29099263915 0.293892789068 -0.032261442332 -0.00475579196632 -0.452099330631 -0.0854532644997 -0.00785031843693 0.0470209200103 0.0234610507107 0.0541534524158
-0.505766937147 -0.0200462004566 0.00642503856928 0.0325814682905 -0.0493088259013 0.00429185028965 -0.00329944326847 -0.727378770106 -0.0499604218562 -0.0417449769522 -0.0672014840516 0.0185029167197 -0.000111179324921 0.00788061434911 0.131843934023 0.181306462945 0.0130777176587 -0.0111161736578 -0.118336445304 0.2700283595 -0.030698253336 0.00331509599026 -0.190739702693 -0.0925003538332 0.000886702838123 0.0348351102071 0.016457283461 0.130960536696
-0.511642871343 -0.0239121300352 0.0187493987522 -0.0615048628385 0.0170571935055 -0.0145405973355 0.00425503654274 -0.718240865019 -0.0566524555192 -0.0053043446406 -0.0958700513716 0.00972625665403 -0.00211209210195 -0.0466582199586 0.0982548321424 0.171026851794 0.0237430989089 -0.0026619209058 -0.100416273004 0.313432626461 -0.0395801349496 -0.0150081124008 -0.167347289328 -0.0503733548533 -0.0102922526909 0.0515975018246 0.00473917318052 0.139630400846
-0.544263829772 0.0448506410528 0.0062718510328 0.0833147424634 -0.0266655597755 -0.000181678478883 0.0064908499725 -0.644686792112 -0.0410835438965 -0.0136437841988 -0.0711276707725 0.0371367690424 -0.00103924796713 -0.11068448319 0.0992250651327 0.249576078099 0.0161295901024 -0.00784045105609 -0.148830758815 0.274368814697 -0.0210233026178 -0.00821078364297 -0.231318991698 -0.0461467589325 -0.0190690804842 0.0788234816524 0.00315146201282 0.158831691962
-0.514626561041 -0.0100306897882 -0.00879494717411 0.00457514295353 0.00666509328026 -0.00880236374112 0.000606565062736 -0.671185327551 0.0235519411613 0.0483764671519 0.0516733123245 -0.0367963099992 -0.00584603470458 0.00113661541636 0.147720776828 0.220359295264 -0.0076379671959 0.0170785451512 -0.132306686263 0.279305503758 -0.0270849046891 0.00126532639893 -0.280705239932 -0.0832680176251 0.00624156946527 0.140139609857 -0.0159514227779 0.0689278976883
-0.47324166748 -0.0176970617226 0.000362575643204 0.0237812662609 0.0072994402647 -0.000692486232719 -0.000971153731513 -0.547888112494 0.0238580954454 0.034194433937 0.0471691098338 -0.0359395216734 -0.020712559052 -0.142685332604 0.157836766024 0.238364189271 0.00140510584148 0.0204832473894 -0.311501701803 0.246130941968 -0.0359383948413 0.0113124615613 -0.444463180605 -0.0803248703971 0.00829023466792 0.0201014048434 -0.0532041987857 -0.0199090025828
-0.542939888438 0.0117984277493 0.00456392002129 -0.0219538667888 -0.0163834447969 0.0114040381731 -0.000856113075934 -0.546623605202 0.000252090443175 -0.00231673980772 0.0290708269689 -0.0203652173511 -0.0162075201037 -0.0677700730747 0.14287095503 0.230268025143 0.00155135072973 0.00733941679382 -0.186847072955 0.362854468886 -0.0358320194328 0.00475220182641 -0.298635004095 -0.0631682122317 0.00893043395019 0.172538155294 -0.0295992060133 0.184350549103
-0.502363308743 -0.0359845914813 0.0125887310242 0.0360599270814 0.0278419695627 -0.0187897887294 -0.00269029794701 -0.50292135416 0.00486818182348 0.0240194831821 0.0370220162453 -0.0280196278047 -0.00981972255817 -0.238979921495 0.128213347283 0.183425809341 -0.0240969438113 0.00755503779812 -0.295313008445 0.308897831379 -0.0321536832835 -0.00460824750431 -0.431633942227 -0.0787545055477 -0.00149313694425 0.00125430706901 -0.00593729630073 0.0624060341376
-0.107597630913 6.60167653192e-29 1.6636453769e-23 -3.04923038233e-15 -1.79704271183e-23 -1.59003736282e-39 -3.20794005694e-28 -0.107602000386 -2.29347936279e-17 8.22194171247e-15 -3.75626965687e-17 5.35502293673e-19 2.53726565044e-17 -0.473154706424 2.0681951759e-09 2.41653641826e-09 7.33560742708e-20 -1.83089265877e-13 -0.486669015626 -2.23403083319e-09 -1.97668784934e-25 -3.98797879106e-14 -0.523680985406 -4.75638495158e-17 2.45625685021e-13 -0.476673402034 2.31174352803e-19 -0.121091476458
-0.107597630825 1.42305918215e-26 2.64289975379e-22 3.04935710618e-15 -3.32423570197e-14 0 -1.99470363652e-26 -0.107602000298 -9.40756921195e-17 -8.13688685513e-15 1.77308119541e-13 0 -3.41503791383e-15 -0.473154706038 2.30798594743e-09 3.54041384786e-09 0 -5.49192470038e-13 -0.486669015349 -1.88588320578e-09 0 3.99282677866e-14 -0.523680986425 0 -2.45644657251e-13 -0.476673401645 0 -0.121091476359
-0.45391241044 0.00325230976205 0.000602996209275 -0.00518596868157 -0.00348752789124 0.00491238823174 -0.001950712099 -0.477256369783 0.00706971587509 0.0230959920378 0.0337906353223 -0.0259479934612 -0.0122675741219 -0.316288031013 0.108342374982 0.203656558404 -0.0281003428013 0.0124633694966 -0.352823344428 0.215785887209 -0.0421617478237 0.00957073407667 -0.469857039373 -0.081326330058 0.00286280449243 -0.0917501832216 -0.0212879106772 -0.0137711442785
-0.107597630861 1.33507591708e-26 -1.4592362162e-21 2.07354831307e-13 2.23774553889e-21 1.23250636556e-23 -1.74732108281e-25 -0.107602000334 -7.46783661272e-14 -2.44046139683e-14 -4.43424288202e-14 -4.13349459791e-19 -6.83523044557e-15 -0.473154707283 2.66767206899e-09 2.07918621604e-09 -4.51726161046e-11 -9.15399378101e-13 -0.486669014715 -4.09088755153e-09 -2.25318065008e-11 3.19433987419e-13 -0.523680985759 3.71859979011e-16 5.45860624125e-13 -0.476673401761 2.34212083439e-20 -0.121091476401