-0.187926291178 0.0243832676083 -0.513307171978 0.207628032165 -0.125568866534 0.0245609842827 0.0111235842938 -0.0553208368662 0.215986833059 0.179059571877 -0.117153899721 0.0738387428132 0.140125295076 -0.354746571553 -0.512347997951 0.0577446189263 0.232576354995 -0.0236809351688 -0.204885055569 0.117379675249 -0.0976509497622 0.0417993560691 -0.0252037927353 0.058527548418 -0.0292402782754 -0.0430392028443 -0.00971573621835 -0.0134847781129
-0.453894742205 0.0336990162847 -0.0761710897104 -0.064834092166 -0.0377980516 0.0142311090605 0.0398720583246 -0.593147904312 0.261338022028 -0.0434567705536 0.0159651620308 0.0943942372103 0.000371798948643 -0.295640685662 -0.0639246128201 0.0462166153418 0.115875548165 -0.0438655628142 -0.226775847633 0.0995227248105 0.00060727501821 -0.00608613416907 -0.139170690687 0.0152312062675 -0.00325579677783 -0.395054698672 -0.0470439466068 -0.0142371886079
-0.492186609691 0.00860568870749 -0.0264025534441 0.0515831594783 0.0679557428902 -0.055705478144 0.0264230388388 -0.542075295503 0.221454031085 0.0467575289316 0.0194264019006 0.0207413731188 0.0271639590455 -0.507399236201 -0.183610252628 0.0562700679705 0.136635977127 -0.0110376451517 -0.235335820154 0.0284325398855 -0.0124379251365 0.0108299309084 -0.145438206936 0.00624380845804 0.0138902633379 0.0841382025862 -0.00887330425413 -0.0339424339755
-0.629548098879 -0.00377174798903 -0.251603813543 -0.0119035462576 0.0607795122284 0.00321198784552 -0.0609853085843 -0.446418643241 -0.0152135258506 0.0339036593242 -0.0213847938367 -0.00532878254775 0.0407920655335 -0.0598217327313 -0.203431785701 -0.116821329553 0.0175969515955 -0.000681138878668 -0.388753056191 0.127503538923 0.0188828679098 0.0110129310429 -0.304706216498 0.0246830343107 -0.0159608073977 0.0952458864926 0.0140396229994 -0.014203107414
-0.745932707805 -0.0306410669329 -0.244337313716 0.194317310378 -0.00927518375927 -0.0323059629253 0.0173976978215 -0.407734052741 -0.0636160457775 -0.0199165315476 0.0283837978346 -0.0165328572771 0.00912702140507 -0.267155267643 -0.15888778022 0.0515947829099 0.117640695322 -0.0359569335446 0.0851104587465 0.0434910728038 -0.0767646761816 0.0299740643876 0.177191134901 0.0311027904673 -0.00692513418743 -0.0951759623532 0.00940348812418 0.00179419567432
-0.4624498363 -0.0502234540001 0.0931213800379 -0.00602313592881 -0.0113538666866 -0.00782566641462 -0.00424578566654 -0.544210966233 0.151330890474 -0.0522635851227 0.00621360474638 -0.011899771583 0.0138485460288 -0.460903562742 -0.058007966918 0.0453167541313 -0.0151091710868 -0.00141622634881 -0.0577062626809 0.0510421760176 -0.00499673718821 0.00273564113413 0.0218997660789 0.0132055172337 -0.00413627164579 -0.476837120192 -0.0190852324937 0.00859926519427
-0.52238642122 -0.0044713691868 -0.0435902973839 -0.0732206222169 -0.0124210803916 0.0270208194282 -0.00340854575585 -0.537398378158 0.146185218329 -0.0326925203436 -0.00210835666656 0.0145388287965 0.0134014115552 -0.537692509335 -0.00701453228282 0.0378495643593 0.0406261300584 0.00483224991938 -0.0846550133676 0.0588420708744 -0.0136523427863 -0.00515612503482 -0.0296832928369 -0.00696895011865 0.0124851005277 -0.320001853331 -0.0228305921477 -0.0136022170156
-0.587560419299 -0.00886649744869 0.0275543113025 0.0502673734595 0.0376366816013 0.00154035171323 -0.00554945590177 -0.661381502798 0.077656293249 -0.0510997727961 0.0585028709459 0.0329842596289 0.00857332577911 -0.379919455429 -0.0765802577484 0.0365468473446 0.122176568763 -0.00724500402657 -0.1394287723 -0.0420244795737 -8.23585144763e-05 -0.0177774184485 -0.0958527528507 0.0252275257194 0.0163289195676 0.029693277574 -0.00323165841526 -0.016826743283
-0.586063916869 0.00197941873116 -0.0318704602 -0.0496310770167 0.00284498118138 -0.0518198168517 0.00977666326014 -0.577556143835 0.0348003985656 0.0273049538937 0.0150643996284 -0.0218282840711 0.0321245056993 -0.45510932866 -0.136615303886 0.00299411859169 0.0367995783297 0.0039450572528 -0.106513954952 0.0590749612609 0.00186968164448 0.0129833711424 -0.0190420809831 -0.0113742441732 0.0168532362266 -0.263421230435 -0.0169379990785 -0.0191400664058
-0.530561317411 0.0362853953984 -0.0215062847697 0.00883300085182 -0.0172156574462 -0.0177961383812 0.0492788562409 -0.677600171558 0.138909375248 -0.0224964784159 0.00140272682317 0.0503621913644 0.000554054241831 -0.0838473465754 -0.0438599732013 0.0132138331786 0.0473270907206 -0.0168773952189 -0.285001957676 0.0898174432601 0.0404526568239 -0.0205189965303 -0.299552539665 0.055799028235 -0.0160902797394 -0.163937920458 -0.0320739715457 -0.0900602902753
-0.58087021515 -0.0323215444992 0.109803152767 -0.0411612790128 -0.0234255251397 0.0161574807118 -0.00817679051243 -0.560316160261 0.0818331308448 0.0603593514991 -0.0293751393533 0.0336340443675 -0.00749865855984 -0.39987552078 -0.0787273064078 -0.0694146297561 0.0701424029561 -0.0138556479651 -0.22216032105 0.0262766388651 -0.0188613967 0.00429088717185 -0.252857542329 -0.015149283238 0.00509944786016 -0.171268192083 -0.0182101238527 0.0163564412221
-0.475586183495 0.00164025839021 0.00675530772467 0.0267009437973 0.0187262148057 0.0149261803922 0.00228560933836 -0.508129960109 0.0724121143816 -0.0524980099853 -0.0265465126971 0.00632720907014 0.0101162182837 -0.363249498532 -0.0547144889966 -0.0436825042956 0.0802656335696 0.0027171273225 -0.483186150685 0.0222368400377 -0.0107329567986 0.000853256452236 -0.315885744842 0.0246793577354 -0.00856735650003 0.165695015187 -0.00119225612067 -0.011460796516
-0.638164484742 -0.00310886757582 -0.0936501028363 -0.00667576695329 0.0173262008102 -0.0461898912893 0.0103998533783 -0.629334014742 0.0105504722835 0.053736069624 -0.0503380544385 -0.0059269236602 0.0315658249581 -0.350423971006 -0.156232175787 0.0502291480223 0.0203034463853 -0.00713823784296 -0.0941624093143 0.0186970253127 -0.00635859509102 0.0214357664615 -0.0930385976847 -0.0197235265217 -0.0100125641272 -0.0866693903168 0.00768880947917 -0.0461542184568
-0.600781929078 0.0226468736948 -0.0494523180513 0.0480231581721 0.100827515868 0.00652196520882 -0.0238212513554 -0.483862868316 0.00364560757275 0.0123324057603 -0.0340684264535 -0.00170462001802 0.00623711118509 -0.226906786436 -0.170953590718 -0.0990178517082 -0.0357145000062 0.00199501492237 -0.457586660775 0.071293263915 0.0509053910965 -0.0122567779329 -0.255301551219 0.0340931741011 -0.0265946592418 0.106026220068 0.013857253874 -0.00642864852
-0.624435650972 0.0341794487888 0.0625657331141 -0.0666771857896 -0.00727512725756 0.0181183096579 -0.00940221002769 -0.607555740013 -0.0914957270302 0.0106657726097 -0.0148590166522 -0.0107924457894 -5.88300831209e-08 -0.333388457423 -0.0435138540018 -0.0688494478005 0.0916456265589 -0.0266391031479 -0.213206049543 0.0997451477808 -0.0429410005943 0.00564792457179 -0.191057289837 -0.0245562681279 0.0150830805598 0.0233258959827 0.000591942561885 0.0092614959968
-0.618405800479 -0.0286371085987 -0.113667265741 0.0793444504064 0.00919196809658 -0.003184837668 0.00136326486498 -0.521252765277 -0.0375097628984 0.00120865407974 -0.0169656462119 -0.0142478280706 0.00607300016222 -0.186361694222 -0.0832518223349 -0.0213186583387 0.0490629301941 -0.0212048689642 -0.44936418688 0.0207335016861 -0.00900181794976 0.010887879538 -0.264636161506 0.00964285522767 0.00389122580376 0.075201388298 0.0199821092047 -0.00870968385736
-0.521053617211 -0.0145734018929 -0.0905824713001 0.0415016571036 0.020850817903 0.0081936415189 0.0152509837361 -0.47318298278 -0.0244146060922 0.0108969832304 0.0058913781433 -0.00663918079522 0.00707042097853 -0.527805028896 0.0106877517726 -0.00340794168875 0.023161478909 -0.00903085644473 -0.0252603015252 0.0683682918549 -0.0269267661144 0.0068747033867 0.183704999422 0.0133207607386 0.0052483387728 -0.41655239004 -0.00170506062482 0.00224100856134
-0.52500533948 -0.0269349535588 0.0235225891145 0.0879842950486 0.0711802665084 -0.0132154433335 -0.0368826335598 -0.510130230421 -0.0276532164422 0.0391593226543 0.04910775563 0.024748636548 0.0162479844404 -0.332114233103 -0.16108036296 -0.0607280785182 -0.0961842101005 -0.0204134390143 -0.411413571405 0.0740604333936 0.0722547284639 0.0110248019993 -0.322432546393 0.0322321425292 -0.0112994339387 0.0122546427213 0.0451163784875 -0.0769581366496
-0.681470522827 0.000626697183462 0.0675914303727 -0.0711964203148 -0.0116017208556 -0.0150221500125 -0.0243009311441 -0.647190369649 -0.00481889294284 -0.00956200904373 -0.0361955785543 0.0447188259878 0.0307221744655 -0.212341751114 -0.0551806133493 0.0154501176612 0.0863145290918 -0.0209922681615 -0.1548462536 0.0373890396997 -0.0261584379731 0.0218419611568 -0.11139646786 0.0153350136132 -0.00420066082673 -0.0703593266286 -0.0361301117615 0.00821527546182
-0.705972896901 -0.019808230177 -0.114404859712 0.0680433963711 0.0463032063324 0.00535158950796 -0.00879070128159 -0.587197553053 -0.016927656795 0.0285860267758 -0.0212956098633 -0.0026475940709 0.0193764574684 -0.122806086235 -0.109775773793 0.022097591892 0.0729476407601 -0.0218089898045 -0.292640427765 0.0340477302022 -0.0253727375058 0.00645433440829 -0.110191377056 0.0299572752708 -0.0126834232124 0.00652013423985 0.011233289201 0.0152116464086
-0.563905058385 -0.000806869742022 -0.138586642446 0.0351629404346 0.0290791600325 0.00930469315502 0.00863172370666 -0.490443113801 -0.0166701985292 -0.0456502544915 0.0279313221361 0.00895337583092 -0.00669591942326 -0.375718420073 0.00944571396465 0.0017060415822 0.00885351002702 -0.00598861180616 0.080911516593 0.0697649516533 -0.0113569803251 0.00523020141742 0.178693031756 -0.00511330262857 -0.00178538348091 -0.481398591769 -0.00274975358605 -0.0102980007924