-0.00765567131137 0.00804898206398 0.0152956661794 0.0826619878504 -0.0135179082621 0.0881614582364 -0.0162606867222 -0.0199737444248 -0.158920191305 -0.134371625414 0.0422226532102 -0.064063844554 -0.00235602627353 -0.192561912154 -0.581938918983 -0.07368350551 -0.0853181034575 0.00305080462119 -0.321643242694 0.485510453079 0.114708188 0.00934934912801 -0.208075646765 0.373976413175 -0.00296581703934 -0.0993975465176 0.0327617235179 -0.000734429555982
-0.599617228269 -0.0133366905025 0.0289381706823 0.0608778392561 0.057043004898 0.0526571167832 -0.00348552596094 -0.58724210698 0.0476862187373 0.0515794222828 0.0331744771579 -0.0123990935106 -0.000202993647584 -0.204213269353 -0.344479135508 -0.00790903171616 -0.0221953263477 0.00390501384747 0.063944186601 0.249413236363 0.0631614570252 0.0197634841832 0.00356405829994 0.212916292527 0.00647354065684 0.0373969964939 0.0121919095077 -0.0103266125644
-0.573921565378 0.0233645221819 0.00607113914977 -0.0867911885956 -0.143618798238 -0.0409401990348 0.00335863688228 -0.580871357146 0.0431332327236 -0.0933390050057 0.168633180115 0.0411200411646 0.00657312489711 -0.140728261717 -0.228140928952 -0.0202799289644 -0.0868302188519 0.0111272478364 -0.10424831498 0.167769877731 0.00114083450042 -0.00261963492119 -0.368505677103 0.0675631185978 0.0163254002531 -0.0491761386586 -0.00564709130247 0.00126989003162
-0.51351760111 0.0661879681155 -0.0263754490184 0.130825152525 0.0848152879466 0.021948086217 -0.0221683033789 -0.540084277452 -0.0671719261585 -0.0942957664806 -0.120865609281 -0.0682461807364 0.0185352906088 -0.000832697349517 -0.153463594598 -0.00584606487203 -0.0280389922429 -0.0166472060987 -0.466444192425 0.235313021448 0.0607555980762 -0.0116099927406 -0.0508610223609 0.14974441587 -0.0196238436901 -0.23300777355 0.00987582160012 0.00579625222201
-0.572905374927 -0.0102134741233 -0.0455854575845 -0.164140091855 0.00510703457087 0.0372646579133 0.00629580400576 -0.570138732792 -0.0182887775598 -0.0626610185557 -0.0830243993852 -0.0638652112312 -0.0177120080767 -0.106712107831 -0.312603250499 -0.111570857417 -0.0233755313004 0.0158320706137 -0.364843905505 0.0875380581295 0.0278746984541 0.0140153151703 -0.15148470567 0.109607790398 0.00854942909127 0.0148351117851 0.0344952284012 -0.00712497881508
-0.655767303376 -0.00364035644252 -0.0218807518004 0.0493206948413 0.00871414940972 0.0281742408105 0.00442822828121 -0.645152586693 -0.00671880469198 0.0465843965142 -0.0545729166242 -0.0186394366024 0.00893591777119 -0.228740002855 -0.182104249917 -0.0997147890213 0.0301750896065 0.00444613615047 -0.0162351070494 0.117717840164 0.0233949900425 0.0186521376062 -0.0704522428279 0.141553357499 0.00767972482481 0.0846616416569 0.0184802946904 -0.01924105035
-0.646300938569 0.0512344838772 0.0472108286338 -0.0386303128703 -0.0107423164307 -0.0399264691973 -0.00907974447815 -0.654396104757 0.0307258167234 0.0676756377854 0.0479334490616 0.0282148942012 0.00170155918938 -0.0305836700254 -0.13322424519 -0.0127662558483 -0.0698270702387 -7.69653609268e-06 0.0398868713015 0.17746618487 0.0417512198913 0.0122576339942 -0.253543144421 0.0496937831402 0.00312261040233 -0.10699784426 0.0195847289466 0.00226900204766
-0.626382040269 0.0471074964039 0.0168815166582 0.0606360899978 0.0397231568405 0.00908254279979 -0.00470928630372 -0.645293987281 -0.0391152114685 -0.0725799933357 8.65253763675e-05 0.0288985838233 -0.00724404428503 0.00249117395758 -0.100021817211 -0.0611145728545 -0.0440911309376 -0.00868212187643 0.0962157163405 0.0848117879565 -0.0465404503442 0.000868254649976 -0.375010467051 -0.022047413498 -0.00540110951679 0.00791959273197 -0.00361277038487 -0.00928356343198
-0.48275778891 0.0386609540233 -0.00246524845399 -0.0518337237501 -0.108609276595 -0.0130882645837 0.0040919361508 -0.442516231501 -0.00693968348682 -0.0087603772756 0.0885721726146 -0.0060992850745 -0.00309207602184 -0.116227128153 -0.0909463125008 -0.0117640503889 -0.0725723982362 0.00428959905848 -0.566882809552 0.145371949522 0.0338983976357 0.00227242596353 -0.405504523495 0.030848741851 -0.00229237574572 -0.103228249131 0.0012082561916 0.00639072060813
-0.388094456909 0.00147035651425 -0.0137108533383 0.0184553816012 0.0279878832618 0.0194740018544 0.00378402596215 -0.395864528095 -0.0307546788292 -0.00996307879325 -0.0673452218888 0.0288828019405 0.00258360400402 -0.392336112909 -0.084218703808 -0.0309871215857 -0.0247345029184 -0.00161592271814 -0.405978806383 0.0703446725962 0.0434176859113 -0.00130098538704 -0.528173546415 0.0477837078122 -0.00504451655601 -0.262631047634 -0.000419573202383 -0.00668671929266
-0.724788056611 -0.0252514095175 0.0717934886732 -0.0294970965972 0.0735924551215 0.0011225481242 0.00483311461419 -0.609619170083 -0.00134151395508 -0.0325362996331 0.0114960594447 -0.0029133836053 -0.00569415663891 -0.0102210541516 -0.207725768743 0.00662951262639 0.00620018577493 0.00630294508041 0.121672982773 0.075961474166 -0.0142278580666 0.0100567715532 0.120431192548 0.0497148801964 0.00476837212025 0.091526468275 -0.00900392285202 0.000117851230075
-0.608288158661 0.0667328076584 -0.0435152508284 -0.00083212486023 -0.0523309575392 -0.00166504337581 -0.00494517924808 -0.684696212439 0.05955786645 -0.00504514426678 0.0993805219573 -0.0127430364492 0.019491796155 -0.0866140262152 -0.106821890582 0.0343994042512 -0.0170124296669 0.021932644556 -0.324107485058 0.0899652244431 0.00545094466175 0.00352696921381 -0.0035475465081 0.0519395161989 0.0232793605066 0.0249070913521 -0.00968217226209 -0.00757258997387
-0.525215524351 0.0126784463376 -0.00892291926216 -0.00442877473078 -0.0556733006088 0.0149635039244 0.003554966112 -0.539749077226 0.00823502281936 0.0317336318538 0.0765907823019 0.00890321423483 0.00156373931043 -0.215687862549 -0.16780196952 -0.121241944408 -0.041527356112 0.000544341903938 -0.309227360679 0.070332485966 0.0669008066636 0.00140628494013 -0.470609983369 0.0222317524817 0.00428444944859 -0.0631285016082 -0.000451899890297 0.00894308931729
-0.512511151443 0.0150055065111 -0.0030690841261 0.0741573605713 0.0491157762334 0.0323343757036 -0.00408231140138 -0.453667674895 -0.0320973252127 0.0103729263327 -0.0199108128188 -0.0260356721326 0.00311086506902 -0.329765075303 -0.0633405075852 0.0130993331326 -0.0216244415603 -0.00538481353305 -0.540655110164 0.16366377008 0.0323227138573 0.00101672689705 -0.0690835470254 0.0692125736763 -0.0023220978931 -0.277359614917 -0.00372030957877 -0.00352279869978
-0.59728928248 -0.0482363873365 0.000574263737399 0.0538082092361 -0.0495106354632 -0.00442329533545 -0.0114808784007 -0.732909472389 -0.0551886743457 -0.0384186455543 -0.0983906535834 -0.0333358510858 0.0119862961142 0.0123101890915 -0.184605086238 0.00210977278929 0.0282257469201 -0.00781074327736 -0.155627580377 0.0870203419507 0.0282981188128 0.00111690240839 0.090053385578 0.0823058793862 -0.00686555110631 -0.0036889158391 0.0127438181514 -0.00352421705989
-0.599927926933 0.0223192140806 0.0218966018357 -0.002644861506 0.00851035539144 0.0230428723097 0.0117948369034 -0.714203121021 -0.0190611198503 0.055033323504 -0.0999715833177 -0.0168085409657 0.000966458621413 -0.0325051664981 -0.221889129427 -0.0306838698068 -0.0316027620915 0.0111436071986 -0.221287572848 -0.0259848697008 -0.0289808126793 -0.0054077146032 0.0563802991896 0.0499116852681 0.00101290705379 0.073322638993 0.0220285868174 -0.0142394544038
-0.626642553107 -0.00255726982078 -0.0240062155591 -0.0603582370113 -0.0102826730486 -0.0188306235972 -0.0157722378529 -0.627323004502 0.00556241418013 -0.0459997908346 -0.0100154022345 0.0386268535579 0.0163619305235 -0.0294752615016 -0.15601861615 -0.133140645983 0.00697328986133 0.0090123394552 -0.276560736207 0.0832469112611 0.0248386564955 -0.00294913660739 -0.26909145268 0.053674900622 0.00982680296723 0.0482442491215 0.00390881691768 -0.00198887692791
-0.336935884344 0.00742334180099 0.0210731958273 0.089729610147 0.00408156900622 -0.00405850115625 -0.000444774544401 -0.338104834745 -0.0638706279055 -0.00666130482092 0.00889470540751 -0.0146257689396 0.00194749773611 -0.26342542152 -0.00654339218973 -0.0134370456452 -0.00816604697993 -0.000602028050733 -0.61032077808 0.0322836932499 0.00152304345161 0.000135377347723 -0.494783773491 0.0096753484808 0.00189886051757 -0.266494103701 0.000621317657126 -0.00276971314354
-0.504808953271 0.00348889291317 0.0416198829038 0.0580123798381 0.0660627902289 -0.0264354776502 -0.00525653809957 -0.447462423704 0.00234238788768 0.0398940910835 -0.0393150508607 -0.00297617993335 0.00272364513184 0.121503121023 -0.00873011846131 0.0147647181546 -0.0314256852984 -0.0160380295408 -0.602547023439 0.0210839220057 -0.00611892904127 -0.00507473787361 -0.367093048301 -0.0254905764404 -0.00585997902273 -0.125542708817 0.0156206610195 0.0163309188189
-0.57099626147 0.0209837829233 -0.0103417190429 0.0205912010888 0.0582268032075 0.022194170022 0.00597765240155 -0.563692801927 0.0261184919168 -0.0220494072585 -0.0356942395074 -0.00479593506944 0.0119094822376 -0.166077318123 -0.189869229739 -0.166588825252 -0.0497403987724 0.00390988511543 -0.204544708496 0.0464726977547 0.0390702479265 0.0265681804756 -0.435936501825 0.0197246220189 -0.00632441349442 -0.132774338558 0.02238443075 -0.00358770926978
-0.61224331089 -0.000552986005271 0.0125013911416 -0.097646244285 0.0426897037818 0.0101599934768 -0.000220689919902 -0.592528955583 -0.00618588853165 -0.0267112648799 -0.0248465394034 -0.0390131519711 -0.0224073468674 -0.131986250479 -0.213225659726 -0.0532334048593 -5.37432754365e-05 0.00559160731965 -0.400921354195 0.124048636682 0.0178097972808 -0.00303316859277 -0.0832026538718 0.085135736778 0.00515596764476 -0.0496967301198 0.0135270434917 -0.00204219037222