-0.0786113928107 -0.0203978419566 0.503113587262 -0.110685881461 -0.0325949277938 0.0421659555879 -0.00163621168063 -0.0959762126526 0.209794233469 0.0524961053293 0.523528186495 -0.0844454584792 0.0206400310058 -0.145243384055 0.338908871474 -0.194725025104 0.186918787288 -0.0191037613352 -0.0582786101583 -0.253608397302 0.00661550874789 -0.0495224710372 -0.141213453347 -0.293048164847 -0.0146490356376 -0.0422093070719 0.0190957717156 -0.00113007918938
-0.586007526368 -0.0375256753049 -0.0479322612079 0.0626690968657 -0.0794548308747 0.0113368557732 0.00477486230855 -0.700783019199 0.0988234394941 0.195569105249 -0.124830638235 0.021210335054 -0.0124711467533 -0.0227584282415 -0.00467067778622 -0.0941386655595 0.139025692296 -0.0128263729717 -0.141490102824 -0.0996927273782 0.0341626544202 -0.0132560193955 -0.119016662572 -0.107364015673 -0.00654173503631 0.0338327360699 0.00811520832899 0.00766152521813
-0.691356650042 -0.00350234736282 0.210337558277 -0.0891862270001 0.102442495528 -0.0124885283257 -0.00166613056749 -0.585848363735 -0.0180623258918 -0.00856956658634 0.0863316786847 0.0243800550946 -0.00263136983529 0.0852695593496 0.0576536471823 -0.0884079675922 0.0104643313118 -0.00776707456599 0.103084706383 0.124738888693 -0.0258073891702 -0.0174528561793 -0.16059778468 -0.0380437228243 -0.0277715065917 0.183496904062 0.00759462367473 0.00393042215352
-0.602488986281 0.0819014605295 -0.0430410337709 0.0103042349552 -0.206743414466 0.0734553508368 -0.00299925095339 -0.610466725115 -0.0914711850338 -0.0789018513703 0.182435213142 -0.0157400942158 -0.000710244180178 -0.277650759734 0.132317417619 -0.024607650524 0.00386365982465 0.00592351410501 -0.0674802005598 -0.102790840841 0.0163935663771 -0.00588179480983 -0.125137939396 -0.0407031156328 0.00427017547287 -0.177107261633 -0.00314472249788 -0.00351404538175
-0.598668870189 -0.0575591176973 -0.0174704379898 -0.0814596762492 0.162403420791 -0.0481827954032 0.00331155830241 -0.57471517865 0.0252601008217 0.0490653072009 0.157264069603 -0.0468304419915 0.00857204733461 -0.361935748739 0.137386929147 0.0469260873797 0.0270175458275 9.95011769613e-05 -0.142908789489 -0.126739779353 -0.000456179874772 -0.000814258725137 0.00472995536949 -0.0362191005349 0.00495624212931 -0.226859985382 0.00861136812776 -0.0101411302936
-0.616849015428 -0.039866705463 0.0756811706816 -0.0275935076899 -0.00231690330999 -0.00606635773352 -0.00313863423926 -0.661772429893 0.0927528991489 -0.0393737591838 0.0563973980425 -0.0341198813703 -0.00332301374212 -0.168839350637 0.0046604288901 0.00489400028522 0.122828449499 0.00407364160692 -0.275869682846 -0.0740350130369 0.00288327708402 -0.0041313236826 -0.086549468141 -0.0666408744388 -0.0147620338836 -0.145772824818 0.00617153660314 0.0145208494021
-0.686326667362 -0.0386591809256 0.0255286458301 0.0933674672707 -0.00712327796052 0.0228140424165 -0.00270685814344 -0.648744963547 -0.0151132393964 0.0496958439967 -0.041787116132 0.0143912479572 -0.00188833639995 -0.153814015233 -0.0182505138941 -0.0675152028407 0.0945517726652 0.00288957756335 -0.0643035057809 -0.064900038477 0.0529181684165 -0.00045360473488 -0.167482001143 -0.054894392513 -0.0069702533987 -0.110326495117 0.00712872558385 0.002739897866
-0.666780572629 0.0178225444044 -0.0416825756783 -0.019564389492 0.0250650383136 0.00471491992296 -0.00224874129465 -0.700602341935 0.0455887773768 0.0538322381086 0.0342507997833 0.00173879915729 -0.00602459967942 0.0711003357091 -0.0192001335033 -0.0396685799013 0.0474362418419 -0.00575595569832 0.134378342862 0.0984733879923 -0.00968791122575 -0.00385384870061 -0.0957664776867 -0.041096431886 -0.0134814922666 0.075200335934 0.0126081646284 0.0357481525372
-0.606456112878 -0.0257651000426 0.00258073308072 8.83289307817e-05 0.0509623682808 -0.0144750072026 -0.00138690565269 -0.680485675594 0.0396302900033 0.0958050508396 0.0536231684726 0.00520473152065 -0.00927218466532 -0.199170969894 -0.00266878172989 -0.0679052457191 -0.0358593916951 -0.0086110823305 -0.190699482991 0.158928376916 0.0158373772541 -0.00918374047781 -0.116091768976 -0.0169359911417 -0.0321367499316 0.171006463018 -0.016753358958 -0.00236608983364
-0.653554608051 -0.00154536148219 -0.0443995133355 -0.0253559044991 -0.0662748201229 -0.000378838652012 0.0065047682543 -0.69872395351 0.0221932960449 0.0985616003184 -0.0550810210765 -0.0017956289414 -0.00489880062593 -0.0156760682684 -0.0199798093081 -0.129850986349 0.0509556375626 -0.0131967672296 -0.122709077335 0.00447455879165 -0.0228060939441 -0.0140607303008 -0.0661478011062 -0.0580763499891 0.00530216492853 0.142885696895 0.00438184167404 -0.00688989106431
-0.67873126538 0.00351474198432 0.0482211056169 -0.0120225371492 0.0139214329652 -0.00382878704052 -0.00334137756643 -0.68658378127 0.00616827853894 -0.00362745290527 -0.0721850732003 -0.000581254203621 -0.00309351161997 0.00203851088724 -0.0500163979046 0.0356546953965 0.060733117604 -0.00244632842454 -0.153879417601 0.0540760764005 0.0113901817148 -0.00611567364333 -0.150226147888 -0.0304639766074 -0.00430090082691 0.0466914034706 0.00294432693692 0.00282743150682
-0.735843445366 0.0349032061201 -0.0104065434225 -0.0665650503692 0.133597145057 -0.00649563653798 0.0129140860747 -0.621790874139 -0.0403624960381 -0.0188407426936 -0.0576044676747 0.0279272864175 -0.00639547718017 -0.126325188324 0.0645634965983 -0.0457320572868 0.0323606885194 0.00603341572123 0.0986667657301 0.0513361402228 -0.00532215290455 -0.0117908973876 -0.0649700447308 -0.0391398622489 -0.0163450755599 0.00812800032219 -0.000470549063488 -0.00684244022733
-0.617072183696 0.0255231192053 0.00550399942844 0.0847926632439 -0.073874096692 -0.0117974469929 -0.00147349029331 -0.653099435518 -0.0691243119321 -0.0448702911863 -0.103279744035 0.00342481294175 -0.000565214182572 -0.122659818906 0.242259974264 -0.0386177132963 -0.0259520135545 -0.00736519130462 -0.145999605961 0.0169360010687 -0.0366942089278 -0.00485549343536 -0.23882563548 0.00389777770705 0.00476753064057 0.0688264651296 0.0230193257862 -0.0217436950377
-0.585592488478 0.0428867647595 0.070142511936 0.027688513313 -0.0824509740971 0.0197983061468 -8.28906142333e-05 -0.500482295536 -0.00796515808586 0.0252088452093 0.0652363204717 -0.000373722715267 0.00310268870057 -0.389095954238 0.00267590342675 -0.20636875197 0.00123431598464 -0.000452321094496 -0.224643588418 -0.157830277239 0.00655079569519 -0.00852969635538 -0.245733624403 -0.0112465138699 -0.00161065605364 -0.2385630781 0.00187111506337 -0.00224453524463
-0.701649973119 0.0576740844867 -0.103832999701 -0.00771019838351 -0.0828416942058 0.0159835267858 -0.00151365618 -0.63741178215 -0.000668708118293 0.0108474531201 0.112197976471 -0.00139322033581 0.00899434796311 -0.00782325797049 0.0453744508061 0.0109507725386 0.000373526406955 0.00390175644242 -0.00674346250758 0.114573920406 0.0182072297964 -0.000670297883316 -0.212053504713 -0.0275382439532 0.00413698072933 0.0755573712508 0.00245957622457 -0.00997922164531
-0.715047450601 -0.0235824616812 0.0165493434648 -0.0239809241868 0.141171572529 -0.0255900652906 -0.00112125734064 -0.61885962433 0.0308838998522 -0.0199941809561 0.0236331988045 -0.0113308895076 0.0076516630411 -0.139543283635 0.0827584942439 0.03876861595 0.00549528362372 -0.000261062798982 -0.116366360726 0.0573650169789 0.0206240040423 0.00558482250338 -0.188111294403 -0.0144675972852 0.000341443088137 -0.0296445220519 0.00353775017062 -0.00081121175496
-0.563978126018 0.0428121097344 -0.00766032104902 -0.0462040122278 -0.00696173591921 -0.0173952870583 0.00130653243003 -0.76930625768 0.0347558920177 0.128658524038 0.126980224818 -0.0151106922832 0.001910719689 -0.138501684282 0.0703963119021 0.015438130955 0.0263087393517 0.0026282838956 -0.0307946678005 -0.114852484191 -0.0372724599491 -0.004967930868 -0.0118496967393 -0.0323503685703 -0.00162528781008 -0.0964900066961 0.0107465715589 -0.0188675312472
-0.541580158211 0.0273324450288 0.0941024810157 0.0118998044099 0.0643287099772 0.0227871747402 0.000448238138829 -0.570565884499 -0.0644046062308 -0.0740542160322 -0.020430822791 0.0208662595533 -0.0034002989281 -0.393588625578 0.0814807168034 -0.0639206750812 0.0038110002379 0.00227078243603 -0.020676516338 -0.143864755053 -0.0135640344118 -0.00833532544255 -0.258462325898 0.0120103621871 -0.000642298503289 -0.319738855378 -0.00530978774725 0.00207372762565
-0.713960640588 0.00447456583457 -0.0209217406214 -0.0352817099829 -0.127286858408 0.00773031919551 -0.00129446832307 -0.593040363098 -0.0231525537057 0.00431052412478 0.0111628584476 -0.0166774754495 0.000788769184152 -0.228675665981 0.0590373907432 0.107389975247 0.00045566730216 0.00255364197605 -0.147171100211 -0.0303763380116 0.0144187351624 -0.000269698034894 -0.066609472377 0.00156907806852 0.00360140471813 -0.158092322838 -0.00921270121353 0.00133252041017
-0.641609150379 -0.00465868719514 0.0542593421829 0.0375353969679 -0.01678676156 -0.00675059625069 0.00115484304038 -0.635435841973 -0.00873909629639 0.04726824341 0.023435533931 -0.000975882223134 0.00367865658131 -0.256475495481 0.0467943896171 0.0709012304794 0.0183941843437 -0.00481632942253 -0.261734469185 0.0301946790478 0.0101284816546 0.00503803306312 0.00703921975007 0.00699973160039 0.00293360590153 -0.184267377652 0.00105461723268 0.0039954018997
-0.526342715158 -0.022798416913 -0.078256353641 -0.0334523860291 -0.00666444604779 -0.0287710736962 0.00503966818463 -0.522974069902 -0.0706456753545 -0.0034344451224 0.0336757434001 -0.00492662775148 -0.00148345124564 -0.454537475473 0.00876903920519 -0.0739154849329 0.00740545599102 -0.000548714900108 -0.189915716483 -0.203679756463 0.006427727097 -0.00697125882528 -0.223275547412 0.00556420304586 0.00073046600833 -0.307984301633 0.0036347768704 -0.00660781156304