-0.00753701427203 -0.00322622426903 -0.0386877744661 -0.0437896310612 -0.0780013531128 0.00384252548847 -0.00767591707639 -0.0121115787146 0.00337372384588 -0.0207601255306 -0.0288156943203 -0.128241567124 0.0265381772132 -0.32467718493 0.157770871937 0.529198188647 0.42035716968 0.010939681538 -0.172582034377 0.425531106736 0.167712056591 0.0560803073618 -0.321608581451 0.10904743454 -0.0163937466166 -0.163307974015 -0.014554003701 -0.00254173566445
-0.555558015856 -0.0251799259303 0.0470085574072 0.0151103107381 -0.00242709181387 0.0377047183353 -0.00044272526369 -0.610599566793 0.0971519334748 0.0681512660264 0.0303053941123 0.0689503647465 0.0159481539178 -0.242167665326 0.0450380019406 0.342348619669 0.265371073964 0.0149691057574 0.0891419899018 0.13074075781 0.10238810552 0.0605137347972 0.0226195752082 0.0550577060705 0.0045178808767 0.0264057649763 -0.0209541076258 0.0400884682221
-0.586167995746 0.0112365918161 -0.0438120761077 -0.0244623728591 -0.040680545737 -0.0232485228516 0.0111902633578 -0.605347895682 0.135537739003 -0.011737068726 -0.0420911285163 0.0113505301399 0.0110556793522 -0.184483129405 0.04972403356 0.25812695712 0.267449795498 0.00650102922205 0.122563303169 0.188165028371 0.107591971332 0.0376432343595 -0.100281149784 0.0867591026143 -0.00759321782087 0.0364839562311 -0.017508280789 0.0840116246968
-0.466863725328 0.0281784881067 0.0943115719124 -0.0452884188768 -0.0525130492863 0.0121260195741 -0.00312882414305 -0.482520138586 -0.124004402533 0.0054286179279 0.0368364081036 -0.0419340202966 0.0108378815661 -0.121790119352 0.119348688922 0.235349039541 0.122098596428 -0.00135651388811 -0.377422450091 0.400700630693 0.0231614281192 -0.0123385645731 -0.290258489057 -0.0101230848359 -0.00909392570481 -0.16390999062 0.00390164202315 0.0390985183576
-0.337647745507 -0.0248444523429 -0.104659507518 -0.0338481632783 0.00461437532367 0.0199071491845 -0.0153712017578 -0.324314767614 -0.0601870597589 -0.0380502684015 -0.0308861847855 -0.02755397599 -0.00792396234184 -0.145966496436 0.0572529984663 0.0819339846612 0.0936507880706 0.00665826543735 -0.553935112292 0.267100379292 0.0320171368405 0.00244215669609 -0.46836944137 0.0108672471934 -0.00835551797976 -0.315508465605 0.0125166395212 -0.148348409293
-0.160987982113 0.000322017711346 -0.001953737847 -2.93749951876e-08 -8.85535092051e-09 -0.00208742482727 -0.00153909493156 -0.160241016676 0.00240673490689 3.87900930049e-08 8.90669029771e-09 0.0018479777 0.00309069406932 -0.0830022413975 9.38278948358e-06 3.58138630174e-06 0.0502114827303 0.00141565572919 -0.66478601991 1.75280209877e-10 8.16615508506e-07 2.48923177543e-08 -0.703297729984 2.85692789994e-07 1.76502582265e-08 -0.0363003686228 -0.000350954950148 -0.0328286613404
-0.523618503697 -0.00694911053595 0.0171376257984 0.0190621079714 0.0144329975883 0.00646373243549 -0.00906354159628 -0.525513015377 0.0303670343978 0.0154921175087 0.00848342801489 0.0150246413556 -0.00119308432559 -0.21815237878 0.0127286344949 0.0638337268907 0.147548120172 0.00359544753609 -0.55314550786 0.0104388617387 0.0135670987474 -0.0146553319586 -0.240311811069 0.0196506076728 -0.00596354447099 -0.0818397636599 -0.004932167498 -0.0466790291567
-0.587908135803 -0.0318282471705 0.0263316103845 0.0256050848152 -0.0197076688859 0.00900860129076 -0.000264921833349 -0.71147404533 0.0848750249979 0.0379976753407 0.0187133863948 0.0384855350097 0.000917825814069 -0.18205935377 0.0309629265752 0.218996186557 0.136097795886 0.00727104523283 0.0984609852494 0.057145624282 0.0902529436279 0.0327584863281 -0.000800134014722 0.0887957285753 -0.0030817360974 -0.0570355154101 -0.0257239509342 -0.0151560390798
-0.650432620243 0.0243433919907 -0.0319957958173 -0.0183592170927 -0.0134682302043 -0.0249935800235 0.00278277852828 -0.643425165448 0.0437317109732 0.0122906908379 -0.0165376483679 0.0273213924727 0.0177986502808 -0.191790989039 0.0350296468854 0.167595373434 0.186413897405 0.0150069870947 0.134214628096 0.0940438940258 0.087909161895 0.0260891619681 -0.0860543916079 0.106292076921 0.00986519897003 -0.0309332426225 -0.0257608625165 -0.00345075054727
-0.659938160653 -0.0298826614327 0.0560129497698 0.0181344492957 -0.00188431556052 0.0297722384095 -0.0096924285743 -0.636830012561 0.0341417157459 0.0200644497766 -0.0112090963291 0.024703140888 0.0231149312591 -0.13103086285 0.0292504925753 0.232969840958 0.131783056035 0.00672787463967 0.180368023208 0.0490426436692 0.0767442269713 0.0476092209961 0.0934364633877 0.0569558241666 0.00901071450149 0.0143209533619 -0.0243027292239 0.0713480399959
-0.622666641188 -0.0148676293819 -0.000481302238012 -0.00580106208908 -0.0131162028602 5.40656835053e-05 0.0124957204296 -0.684269369051 -0.00306492229339 -0.0268184488195 -0.066947104857 0.00968881374552 0.0155543859967 -0.0514758337769 -0.00218613870162 0.189389056392 0.100657388804 0.0082141191547 0.186118623014 0.0644243707319 0.0385428788947 0.0377550916491 0.137389728514 0.00861311258867 0.00159381571026 0.123037729545 -0.0133165572477 0.115065927584
-0.664552429196 -0.000899619952058 -0.00417980133303 -0.00783129279659 -3.34651069432e-05 0.00159269087431 -0.00374437339408 -0.678394417291 0.0346054745164 -0.0155810555262 0.00288651153875 -0.0286565861745 -0.0229411161247 -0.0658368590013 0.0236915746879 0.138916393603 0.114080551683 -0.00173648924156 0.126173297933 0.121554463995 0.0264666471172 0.0209477979944 -0.00544182641385 -0.00490821460526 -0.00853615295278 0.0852192940429 0.00358284504623 0.137155492756
-0.481669530312 -0.00688940849502 -0.0300616163639 0.00149678326082 0.0198437044283 -0.0317748311749 -0.00688894696083 -0.472225517499 0.025634024161 0.0196517031043 0.00932891464071 -0.0384974591612 0.00907738628372 -0.0423189087538 0.00622003571075 0.0132515012915 0.0924770138659 -0.00182510928636 -0.50870260678 -0.00951960693568 -0.000989315625911 -0.000572337331429 -0.518696797808 -0.00367082938627 0.00189195846214 0.00871519616627 -0.00688632047729 0.0357895817523
-0.596547922393 -0.0464518510728 0.0469762616767 0.0241283492384 0.0234101333171 0.0242881659432 -0.00384605553175 -0.658158368063 -0.00222429190769 0.0638010875478 0.0650078351991 -0.0412672143282 -0.0147686164097 -0.118895990937 0.105859640279 0.187268264029 0.115107148667 0.00175925631838 -0.208258140859 0.235963166543 -0.0168622000104 -0.0253065153311 -0.130636316032 -0.0424211096984 -0.00883945355153 -0.013911274697 0.00112465626001 0.043107057914
-0.623699247111 0.0442521640618 0.0317840337739 -0.0515969122728 -0.0462091385416 -0.0339441159847 0.00249207619376 -0.617623498872 -0.0331979014324 0.0500316701686 0.0525209372047 -0.0174727428072 0.0194311788492 -0.00159248070705 0.0152217324298 0.0952098678931 0.0246325877147 -0.00399367427171 -0.272286736582 0.270015896214 0.0374392499634 -0.0188422399777 -0.1713949632 0.0284942087309 -0.00269815850093 -0.1318184329 -0.0106077125708 0.0846058804987
-0.639152875873 -0.0132687869756 -0.125122459461 0.00450746416399 0.0617347542269 0.00661122536957 -0.00591126778981 -0.557785326179 -0.0225740110119 -0.0456962926145 -0.0421556087533 -0.0200802500646 -0.00826636140626 -0.0224044383992 0.0413736863239 0.0957017712732 0.0435404767723 -0.00336663554974 -0.253171939222 0.225386985121 0.0699756762865 0.00477043300036 -0.173051471714 0.0318213308993 -0.00991019055388 -0.302403594241 0.0127783232737 -0.00277793302921
-0.361380336469 -0.00117460295095 0.001659475633 0.0127300959516 0.00544838171567 0.00355295918181 -0.00662600935868 -0.360374648906 0.00570984864214 0.0176281654742 0.00149357916462 0.00871371440939 -0.00200145086413 -0.186967219293 -0.00321954946223 -0.000882489155339 0.109727129323 0.0042160075644 -0.565650416641 -0.00687751215211 0.00370222547759 -0.00351524384499 -0.599848492573 -0.000584977190961 0.00457698146168 -0.0770431729669 -0.0023051442529 -0.0775661907135
-0.502049826512 0.00852865349549 0.0109961536271 -0.00634478732803 0.00773475867308 0.0110275691062 -0.00681835518577 -0.565779083402 -0.0589990532945 -0.032415249017 -0.0199774047864 -0.0172369788757 -0.0110014036889 -0.279546783622 0.139648016661 0.252200669324 0.0554307032574 0.00847016582153 -0.201865499412 0.201742569682 0.0519646141349 0.0197278465983 -0.22071091343 0.00435280462004 -0.000616075050762 -0.350391891133 0.0302908894477 -0.0258443415523
-0.568824958412 0.0031120454441 0.0238128518145 -0.0335163859565 -0.0121741056324 0.0427936203712 0.00420392761823 -0.568851586894 -0.0382587703336 -0.046809459419 -0.00801404366092 -0.0105147299395 -0.00127389426347 -0.205928625328 0.0632263374015 0.121187746498 0.143578708856 -0.00763641831938 -0.323054457711 0.189639585317 0.00583854332362 -0.00969017745658 -0.33124698307 -0.0121426214792 -0.0130882617648 -0.107951821258 0.00841839087816 -0.0364773246402
-0.304608810297 -0.013515197805 -0.0143261096046 -0.00861947869306 -0.0142779657189 -0.0140667555509 -0.00768308665096 -0.337385610941 -0.0545132106162 -0.012152646725 -0.01480186576 -0.0109767950805 -0.00809500332742 -0.0570813586475 0.0218110232176 0.0108468288395 0.0319018441497 0.0115218687863 -0.532919148305 0.0102593291922 0.00165116338909 0.00963651024307 -0.658824485514 -0.00513074479625 0.00335247083932 -0.244015105159 0.0207856379819 -0.0752894082117
-0.106032466858 -3.52877050746e-27 9.81699010957e-24 -3.42583421369e-14 6.55900771822e-24 1.11645001858e-24 5.39978119867e-15 -0.10543065645 -1.40672717585e-16 -3.40394674018e-14 -2.73228099534e-14 1.60058584008e-18 -1.26162179539e-17 -0.524263891628 9.53594567916e-11 1.40537526068e-10 -1.03906714731e-10 7.1545555745e-17 -0.438576648565 6.37376530488e-11 1.06370682849e-11 -4.98210779305e-14 -0.463983826894 3.52506362366e-11 3.42915938724e-23 -0.523434532299 -2.52186010394e-13 -0.145515245588