-0.134149017393 0.0153563309178 0.0464990089409 -0.486062877222 0.110900782685 -0.0307137568213 -0.0141413773395 -0.00671392511846 0.0732664123816 0.0680801677623 -0.0721915001049 -0.012413763664 0.0170485551414 -0.134402786847 -0.294433858639 0.421262555044 0.00400170544899 0.0121925658834 -0.287743686553 0.418702422279 -0.189172010038 -0.044352432082 -0.232714928784 -0.273502200192 -0.0396982503173 -0.0713525372411 -0.0180329105887 -0.00260019345222
-0.631276177819 -0.0607506732334 0.139761410213 -0.154691369698 -0.015309838327 0.0374996388867 -0.00792624307381 -0.636397292951 -0.0426870841077 -0.0915848401276 -0.182286971158 0.0692842213127 -0.00545772563283 0.047084002886 -0.144186302389 0.1251799985 0.038838237018 0.00285558449174 0.0726404220605 0.17879186443 -0.10252328742 -0.0249391079899 -0.0277042178939 -0.0939580062862 -0.00408060205144 0.0306032877275 0.00286340036296 0.0153994090603
-0.598677257299 0.0219389026198 -0.129923644761 -0.0552834554394 0.0600355982726 -0.0495635851734 -0.00102056712769 -0.600413840926 0.00884880725126 0.00333469130968 -0.0968855698021 0.0905579186958 0.00322549702934 -0.236392525613 -0.113564371935 0.0862220530649 0.03196083953 0.00353663158497 -0.166557559667 0.284345255254 -0.0874803135248 -0.0406884693809 -0.100375299769 -0.165570314464 -0.0268640305655 -0.0512783062246 -0.00564252368161 -0.0300257223617
-0.613467126463 0.00532754322345 0.118877389528 -0.205216438071 -0.0854613173779 0.0667480055203 -0.0103248330078 -0.501925026227 0.0708845783317 0.0226921407199 0.0203328067697 -0.052512206818 0.0112442727481 -0.162433657534 -0.0800532769848 0.274001794756 -0.0780045200664 0.00483970312386 -0.268992004443 0.132719149034 -0.0303997814987 -0.0115133791229 -0.241741711637 -0.0750146578399 -0.0253613693553 -0.156248129348 -0.0187305765249 0.0165226109728
-0.482160217393 -0.00917731785118 -0.0717355338494 -0.0887440373332 0.126441994392 -0.0838714049477 0.001883029353 -0.431021124854 0.0573900753777 0.0173019654379 0.0238597379845 -0.0341846641539 0.00381418581207 -0.0889386156838 -0.0190378568785 0.274591445382 -0.0300602691311 0.00818099763611 -0.640486209801 -0.00711473916479 -0.0350727976575 7.4050075706e-05 -0.195343205284 -0.0717472556361 -0.016096848757 -0.0179633786349 -0.00875778516809 -0.0123973157863
-0.495258355613 -0.0428913953299 0.162736346995 -0.045079980693 0.00416003145929 0.00071549949176 0.00124647377038 -0.398391824604 0.065150484074 -0.0110307273557 0.00497697345355 -0.00876094357639 0.00179377454865 -0.424818587084 -0.0778241793802 -0.025482143537 -0.00417819117331 0.000974961736996 -0.236997595953 -0.0439814725719 0.00818645639273 -0.000640675507076 -0.322812531066 0.00662083249129 0.00135364470835 -0.45974179224 -0.00194932194241 0.0131525483058
-0.399404997692 -0.0267298490062 0.0379319090818 -0.0778287588105 -0.0115358865828 0.00481587658767 -0.000689604000666 -0.393665592776 0.0787550644313 -0.0418606959712 -0.0073941211675 -0.0120814019271 0.00171407000371 -0.506557216352 -0.0485815980054 -0.0227894290151 -0.00492248545668 0.0021474570672 -0.297712174852 -0.0123696028232 0.00335812501925 -0.00419073998657 -0.352419507875 0.000895642120582 -0.00217093651406 -0.443198011121 -0.00205303876718 0.00455374636609
-0.372864414381 0.00258038770114 -0.0217256048326 -0.0488245204343 -0.0135050745675 -0.00985363965501 -4.48443007917e-05 -0.376083758629 0.0671068890613 0.0013982246433 -0.0153988928515 -0.018494331934 0.00264206769176 -0.509633089729 -0.00676215747348 -0.0213560551741 -0.000741305854218 0.00046091341386 -0.34991493357 -0.000951813922649 0.003239042288 0.00133315806535 -0.371266887297 0.00336909142062 -0.00129604413469 -0.436751675411 -0.0031554716097 -0.00187478652568
-0.433943002641 0.0321062803159 -0.147480165896 0.00273485776118 -0.0434668691356 0.000756626023005 0.00163363517279 -0.369697292332 0.0628536139929 -0.00219391746788 0.0116504116104 -0.00766760693874 -0.00109804154884 -0.432495529924 -0.0223223419976 0.00526549771537 -0.00106605640211 0.000374309201036 -0.339361770943 -0.036716846228 -0.000546951052367 -0.000968403148995 -0.383124083234 0.00726597836461 -0.00151379876575 -0.441793662975 -0.00195163786582 -0.00805692375165
-0.610052148999 -0.0494465615099 0.0255115884476 -0.0570548805625 -0.0430868246133 0.00756471669334 -0.00600912212414 -0.708711847729 -0.0749990314955 -0.0362023268509 -0.0600658885833 0.00725197267057 -0.00015837686042 -0.0330718571732 -0.00140122250539 0.215373570278 0.0105241554781 0.0168672552259 0.120993922493 0.0352182082276 -0.0683423974611 -0.0115784822153 -0.00465028732685 -0.00257963531329 0.00383535964789 -0.193863938942 0.0211407224281 0.00570432901587
-0.642134880575 -0.00194275533309 0.0414683787211 0.000974510867159 -0.0134525669518 0.00136328232195 0.00639858464932 -0.666447986809 -0.0128059051732 -0.020276830172 -0.047752631145 0.0244107996468 -0.00302108047958 0.156721977586 -0.0829907489942 0.0305716896866 -0.022132308156 -0.0148717352879 0.0904103810408 0.145336725032 -0.0181258737807 -0.0374179748786 0.0580048621089 -0.043681404709 -0.0187682480481 0.261413569908 -0.00411663711398 -0.00144082661241
-0.67770904552 -0.00306875430797 -0.0629569680551 -0.00728889694345 0.0116320321273 -0.0126439044234 -0.0064120106627 -0.654247315256 0.00520529736224 0.0218711000742 0.00943721335634 -0.0250068927128 0.00999050855938 0.116857496498 -0.0833310297455 0.0766800762975 0.0255892378341 0.00820219760874 0.0921816832081 0.162206673716 -0.033626061471 -0.0451516735271 0.0806616803485 -0.0606437013643 -0.0263269067709 0.171934420652 -0.00470332197262 -0.036724480959
-0.678386472451 -0.00341791391685 -0.0400133177887 -0.00861411951444 0.0100809025177 -0.0481341572925 -0.00274373673327 -0.659817735443 -0.0252232060317 0.0186606473189 -0.00138862120448 0.00507948527075 -0.00152656493518 -0.216728451875 -0.0390336528932 0.00407522980102 -0.00256048421677 -0.010485926147 -0.0325459573328 0.187923413909 -0.0663348969148 -0.0186434398258 0.0222215165496 -0.0901360192131 -0.0180934163586 -0.0146060728563 -0.00291171568528 -0.0196739269619
-0.673003544337 -0.0136668570185 0.0390012393829 -0.0469685174149 -0.0160473832081 0.0565155225511 0.000723426519642 -0.68505447917 0.0712969142129 0.00266333272939 0.0296873289746 -0.00509906486808 0.00938257187533 -0.02633847296 -0.0605791415845 0.154485105991 -0.0523949909654 0.00280270048773 -0.0287925506301 0.0682567150681 0.0407286441529 -0.0259328191744 -0.0971702082026 -0.00047669243908 -0.0229649296019 -0.123452786867 -0.012973343381 0.0116075957934
-0.630673472844 0.0184843213813 0.0375967635615 -0.0417883130309 -0.0183821511642 0.0457941207994 -0.00412075938445 -0.637071987301 0.0259784022225 0.0205028979665 0.0517960466146 -0.0200235398829 0.00674856183427 -0.115290309567 -0.027107758598 0.163755500478 -0.0621425399463 0.0130422287934 -0.289493854464 0.131597901573 -0.0298139365697 -0.0104466336232 -0.164204702938 -0.109175536872 0.0010505846877 0.00613846514967 -0.0154145408698 0.00750559399996
-0.625944791043 0.0105491873876 -0.0426803551038 0.0147070474014 0.0201501822508 -0.0502877437516 -0.00278389468837 -0.595818393644 -0.0104548188025 -0.00570668359744 -0.0368160491572 0.0176999979312 -0.00235168822478 0.0975251721794 -0.0389590420544 0.182863132076 0.0037848099729 0.0109129165467 -0.408337831258 0.0245317667752 -0.0367200992587 0.0031196667026 -0.01361327081 -0.0533325931387 -0.014167834069 0.172354714384 0.00556231293337 -0.00413736637841
-0.598050582922 -0.0278444692789 -0.00209886396007 -0.0195460307341 0.0759183497138 -0.0316420527159 0.00232364734963 -0.586460610957 0.0470085528795 0.0342068776361 0.0288668528202 -0.0171377670927 0.00065164448655 -0.133403991958 -0.0216609069233 0.225846570738 -0.0461859933366 0.00224478639985 -0.398647240405 -0.035792239625 -0.013038311274 0.000746535840369 -0.163180492734 -0.0160963091905 -0.00687559587298 -0.163516391602 -0.0197536381638 -0.0107767404205
-0.500753804931 0.00844879170681 0.151385038254 -0.0741542094829 -0.00516966478928 0.0203538681758 0.000429338103855 -0.380556121696 -0.015825183637 -0.00159244447611 -0.00201390495083 -0.00923201837632 0.002769321764 -0.428205917186 -0.0637642035529 0.0108980414888 -0.0302181668563 -0.000142308065805 -0.249985436112 -0.0461924415802 -0.0222491771913 -0.00119688147888 -0.372307546946 -0.0271946534268 -0.000321401084496 -0.426647574959 -0.0042425022523 0.0128121254519
-0.576876753775 0.0102598268613 0.0167917829005 -0.0474262845284 -0.0350383494023 -0.00466028874586 -0.00398976901131 -0.596732713218 0.0269892642131 0.0212210420725 0.0288541944565 -0.0356752137635 0.000206020708079 -0.0962006781071 0.0718202538986 0.240764745239 -0.0419210454458 0.00147789602375 -0.456431067469 0.0113236372285 -0.0540422054837 0.0112101147063 -0.111964760136 -0.0160177743391 -0.0353415287654 -0.0651745572221 2.22506733001e-05 -0.00206435480934
-0.578138205698 -0.0176081763843 0.00690751590579 -0.0357190427358 0.042666148387 -0.0320826598953 0.00227114245204 -0.579770045108 0.0421263928509 0.0110723106537 0.0159955993914 -0.0244234491119 0.00402867934446 -0.111159186317 0.0266387503704 0.193889819115 -0.0632461974961 0.0010725082174 -0.482461742025 0.0202643286292 -0.017240150693 0.00102778421248 -0.170529732391 -0.0049361617161 -0.0152021902882 -0.0663407915567 -0.0211157977103 -0.00685885845502
-0.429531438606 -0.00611276882643 -0.159168808831 -0.0127161743539 0.0086191845323 0.00595850957404 0.00115127678611 -0.348896273839 -0.0128623135226 0.00181169511835 -0.00896249390128 0.00923772897815 0.00296890884644 -0.439712435233 -0.00433247011701 -0.028233760988 -0.00767387070053 -0.00199780479614 -0.342987340952 -0.0272362607746 0.00692508592111 -0.00114911275483 -0.403627678205 0.00525623333678 -0.00196036322522 -0.438304202399 0.000545410445719 -0.0084360154081