-0.00545393975835 0.0060760674758 0.0129681675307 0.0306760449679 0.0525904333389 -0.0133487849826 0.00323449801419 -0.0073012970888 -0.0267483507658 -0.0269400015721 -0.0643122693051 0.00322626952173 -0.0149342402461 -0.31188806747 -0.522718034477 0.124750405863 -0.245256013168 0.0271898411257 -0.490811957324 0.492237433218 0.0616190700273 0.0127548033404 -0.215653450342 -0.0468038545796 -0.0209884683812 -0.0807392528042 -0.0152271170846 -0.00173962125786
-0.219058872821 -0.00891645444701 -0.019550983116 0.00704414794618 -0.0234204414845 0.0303283307445 0.00454130707558 -0.218203366364 -0.0185302177366 0.00752119290934 -0.0243764757415 0.0277335162384 0.00722665576314 -0.264066820309 -0.133742033069 0.120516371788 -0.102979308416 0.0159506982512 -0.532599258583 -0.103846794684 0.0412958439253 -0.0157631800465 -0.656028256465 -0.0446255388953 0.00875523832454 -0.0950474140021 -0.0108510651611 -0.222688608971
-0.443867515055 0.0227342382484 0.0460553559612 -0.0149180920813 0.0795448943653 -0.0433296408389 -0.006016290554 -0.42913807089 -0.034956272446 0.00550037640591 -0.0654818735909 0.0114283128985 -0.0166490087113 -0.289007412349 -0.354225434726 0.00692382639241 -0.177266636095 0.0285983933997 -0.257881737708 0.515830521945 0.0484792095531 0.00452492143682 0.00990637945677 -0.0707375400527 -0.00381729278349 0.019944663647 0.00399079194615 0.141412456092
-0.494717317059 0.00422771105599 0.013499153765 0.0140988566722 0.0301700489553 -0.017343117714 -0.0187019862915 -0.500482182117 -0.00625576660503 -0.0393350793029 -0.0482297842777 -0.000755071129973 -0.0114319010445 -0.0321380408788 -0.418220747042 0.0857562340176 -0.206631848426 0.0309727443013 -0.273261537228 0.342266972367 0.0462201163116 0.0207052255026 -0.245376137639 -0.0151933337681 -0.0164349006772 0.0867489152602 -0.0228264634789 0.0931502640455
-0.23472565698 -0.0127000557505 0.0534314688855 -0.025269953432 0.0236182715526 -0.0425234717872 -0.00174346276278 -0.204120482624 0.0190190678098 -0.00742098764269 0.014727556737 -0.0121725948381 -0.00584132772914 -0.220347028578 -0.253044620402 0.1545689168 -0.092186447225 -0.00712471964592 -0.554481906454 -0.170442113508 0.0103179182445 0.00873773496404 -0.605749932405 0.00306006959127 -0.00777337750983 -0.216037495666 0.00363182601181 -0.031655980066
-0.120252064445 0 0 0 0 0 0 -0.120266020796 0 0 0 0 0 -0.515079177828 0 0 0 0 -0.432118926891 0 0 0 -0.427469641666 0 0 -0.560113904838 0 -0.150280796809
-0.120252064445 0 0 0 0 0 0 -0.120266020796 0 0 0 0 0 -0.515079177828 0 0 0 0 -0.432118926891 0 0 0 -0.427469641666 0 0 -0.560113904838 0 -0.150280796809
-0.529145608478 -0.0351973095286 -0.00681598180979 0.0237756796589 0.0449018840387 0.0141621115607 0.0119760536707 -0.550175568613 -0.0277302723566 0.0408165269994 0.016295471136 0.0424790397191 0.0159353051086 -0.275777641932 -0.191503598846 0.0177305937223 -0.111935734846 0.0159930707649 -0.315686960583 0.339626608239 0.0396647410325 -0.0224652661973 -0.236031905624 -0.0407604974957 0.00859582700009 -0.0611317512328 0.0159219213524 -0.0632137050444
-0.565372596174 0.0133563897804 -0.00901835413471 -0.0216297578869 -0.0229938534611 -0.00662935738793 0.00710922039715 -0.567134729166 -0.0330189513416 0.0238218420418 -0.0143097455782 -0.0139277026408 -0.0311800562321 -0.347204914229 -0.229898426159 -0.106733771862 -0.0969790728606 0.0265134394335 -0.0422379434344 0.347168900897 0.00812684632517 0.00353962557339 0.0976208990338 -0.0373541415197 -0.00106353898896 -0.0291908971514 0.0238514285629 0.157136457884
-0.120252064445 0 0 0 0 0 0 -0.120266020796 0 0 0 0 0 -0.515079177828 0 0 0 0 -0.432118926891 0 0 0 -0.427469641666 0 0 -0.560113904838 0 -0.150280796809
-0.506380140008 -0.037104244115 -0.0159855353118 -0.00361895885293 -0.061223543009 0.0290416827462 0.000453550810635 -0.499242319652 -0.0121011289482 -0.000220817169354 -0.06717471093 0.0213733794638 0.00991367690652 -0.0648773788335 -0.146076231742 0.131094140746 -0.107190862696 0.0195806156851 -0.359792108815 -0.117363564971 0.0430874809698 -0.0189021259819 -0.515818762755 -0.0426043344078 0.0124218571268 0.116128386151 -0.0144741566869 -0.0332642141185
-0.652069142176 -0.0204850812904 0.00573146803357 -0.0099208433568 0.086073228442 -0.0222482612571 -0.012886777994 -0.57465693704 -0.00510345509744 -0.0130322643507 0.0147551127653 -0.0264474485031 -0.00250482174539 -0.0539657063303 -0.218964142972 0.0904990020249 -0.0868007527608 0.00399326923485 -0.168640803512 0.279548751907 0.0182979077673 0.019047328599 0.0139998782077 -0.0518667048437 0.00176875528599 0.155778197993 -0.0032918499872 0.18380845908
-0.33163436344 -0.00820013518808 0.0218961942622 0.00198770093367 -0.0130297330842 -0.0492191950847 0.00704251253747 -0.326768616957 0.0197564329649 -0.00778797434231 0.000525985060258 -0.00893192265784 0.0232687717619 -0.440734082897 -0.0811292183241 -0.0198055130764 -0.108032746959 0.0213219077623 -0.487948805118 0.113136438884 0.0180163316568 0.00117924715382 -0.412980310461 -0.00318602696935 -0.00205486292011 -0.378617178355 -0.0194450744889 -0.0106501811444
-0.541218529553 -0.0285345490507 -0.0184008164669 0.0277141862819 0.0143077542419 0.0370164742151 0.00794540389757 -0.534929086669 -0.0244303346703 0.0130572650285 -0.00460569249779 0.0347963741064 0.00147195874165 -0.0935100894067 -0.233442482559 0.0384291033971 -0.125736098962 0.0162844840808 -0.258408640992 0.102814485657 0.03662282735 0.00458272808147 -0.48331570893 -0.00468924850626 0.0116568711485 -0.0216580112943 -0.000820964490396 -0.147146474243
-0.621798612117 0.0166322683912 -0.0119205442954 -0.0290850998412 -0.0572459214269 -0.0117876718143 0.000836772047453 -0.59589607526 0.0403140961988 -0.00551337155272 0.0341027368891 -0.033569727192 -0.0207755774806 -0.187625955707 -0.229670320563 0.0261160172175 -0.113581911259 0.0133952078175 -0.128290467199 0.311114564611 0.0287441905464 0.0245069765242 0.00274916163725 -0.030290228882 -0.0052760935973 -0.0674387370495 0.00318803272932 0.165266154674
-0.536448114224 0.00928479018287 0.0492161145878 -0.0304577429995 0.0537586784914 -0.0466275949545 -0.0100660340989 -0.394730024849 -0.00493505470158 0.00669836902114 0.00192332278179 -0.00572157129635 0.0114877294379 -0.0923721706047 -0.238204877229 0.15191166559 -0.0734661377463 -0.00660019200408 -0.424078923582 -0.174962914342 0.000881598956334 0.00662951712426 -0.47359089876 0.00710445167422 -0.00181976293753 -0.0975386820558 0.0182321416899 0.0953533303443
-0.146865732211 -0.000294297068947 0.000511748006076 8.65919687162e-05 -0.000543882639841 -0.00342361556576 0.00437987683416 -0.146937605919 0.00042391014891 0.000101487020476 -0.000747694502516 -0.00341360436473 0.00488965499736 -0.572491933707 0.00414984855668 0.0240048425034 -0.04654199741 0.00163061207473 -0.516622399005 0.00589433196624 -0.00807029040589 0.000585592459239 -0.439805168223 0.0114577501147 -0.00213646160605 -0.388711267933 -0.0113570919302 -0.120307368783
-0.549180201528 4.15253304775e-05 -0.00459156872146 0.00563206127768 0.03311795801 0.00355848845424 -0.0271631038719 -0.546026554373 0.00439978823823 -0.0171151479732 -0.0215013181079 -0.0109809364037 -0.0145982395283 0.160073335446 -0.242779463295 0.000458651001681 -0.0911593118467 0.0109683945967 -0.0946017337829 -0.0535022362895 0.014437253989 0.013146059559 -0.4779672329 -0.00399712684725 -0.00853359494604 0.219008069286 -0.0145309599694 0.123860645721
-0.2584517182 -0.00382888452028 0.0153091644318 -0.003464212242 0.00489037383635 -0.00454921248046 0.0145869055237 -0.259590367421 0.014518054452 -0.00340038596792 0.0118807570169 -0.0207726734695 0.00831295988749 -0.391672481954 -0.00130229997713 0.0245737972113 -0.0578552930248 0.0151448722049 -0.567955540645 0.0120507605497 0.0121554374467 -0.00152380550267 -0.533035650947 -0.03807402739 0.00897694983273 -0.304694753923 -0.0220875849329 -0.0706453013956
-0.401795417045 -0.0277048218598 0.0285573436964 -0.0113591047145 0.00773311628644 -0.0303564926727 0.0112979479296 -0.40169226702 0.0293936343905 -0.0104006890221 0.0222396310042 -0.0250701636409 0.00260820584431 -0.177805343734 -0.239401279372 0.124910728687 -0.0959440226832 0.00306919960472 -0.471923388098 -0.153666567536 0.0126792397153 0.00786207661721 -0.538311014574 0.000102901674742 -0.00811485354692 -0.147039584363 -0.0228013128796 0.00164851126549
-0.120252064272 6.64098629955e-28 -1.04438640728e-24 -9.11031325227e-15 2.44626717495e-14 -7.73801382388e-29 -3.64884254426e-15 -0.120266020623 1.26919973713e-17 -8.56190106697e-18 -8.3345845057e-15 1.18173566867e-19 -1.05563169178e-17 -0.515079179781 -2.17775225932e-11 5.36045518678e-12 -2.89890920988e-10 2.64117170805e-13 -0.432118926255 -5.80731222594e-12 -1.49865496007e-12 -1.40755675153e-17 -0.427469641055 -5.48938143613e-13 -4.2883603694e-15 -0.560113904133 2.09610627216e-22 -0.150280796593