-0.0973827360905 -0.0202864531748 0.0603743151956 0.115381290621 0.395403769224 0.10290847078 0.00217961872944 -0.0083643332909 0.059377817125 0.000765296815001 0.0773898340496 0.0649790217844 -0.0521026945272 -0.0495695281547 -0.0751203605399 -0.0874541545733 0.26977475441 -0.0109676934966 -0.258638268519 0.710356714289 -0.0266602829257 -0.000330841991291 -0.339854586159 -0.0933117736691 0.00146926550729 -0.0511054871554 -0.0447025535815 -0.00260376683926
-0.553645124878 -0.00884780368032 -0.00188606100569 -0.0727889875206 -0.156815130694 0.0282564135678 -0.00264991424797 -0.546847581415 0.0556077787594 0.131334526028 -0.0690183599658 0.0844038586181 -0.0157134672714 -0.0732534242872 -0.106797369181 -0.103091890129 0.143640258823 -0.00614267066574 -0.348792556582 0.227842916992 -0.0151966444334 -0.0247829464182 -0.301260499385 -0.0704514820764 0.00288866987417 -0.108852027332 -0.0256567149826 -0.0215049104496
-0.60711659203 -0.0547617298285 -0.127745866301 -0.0487325646153 0.100267158079 -0.0258230149255 -0.00787435497022 -0.638898684545 -0.120055745524 0.0725777642593 0.110419060814 -0.00743789823597 -0.0160028148032 -0.0513366038422 0.0421298014791 -0.0275091884408 0.109898775142 0.011037308966 0.104416770701 0.342120255109 0.00138022312853 0.00521348572999 0.0239792558665 -0.0643258675331 0.00297420386088 0.085371958312 -0.0323995670298 -0.0123892499022
-0.518802553733 -0.00805275639904 -0.126747987184 -0.0405708394975 0.00899381677371 -0.0097482665467 0.0183236352044 -0.498929505256 -0.0349274281267 0.0436314225901 0.0725673032662 0.024701425297 0.00673058618452 -0.0386556450877 -0.0216581472085 -0.0466006137329 0.0939115370221 -0.0046774500952 -0.410195116967 0.220213260043 0.00744597253451 0.00815527383906 -0.458550683209 0.0207557663536 -0.00146337848704 -0.117299358911 -0.0037985377043 0.0159147831444
-0.619786761744 -0.00876159221058 0.0724428537002 0.0456309950096 0.0691490403133 0.0369687602259 -0.000468142248606 -0.614473579942 0.0576553532099 -0.0191773322624 0.0534918326408 -0.0266398797493 -0.0110899883423 -0.0542657970031 -0.112444237438 -0.103384374078 0.0427020747837 -0.00845238721135 -0.13885439702 0.194095781946 -0.0765238768003 -0.00576499118205 -0.352202647767 -0.0463106331922 0.00475418356507 0.00518496238306 -0.00609071214785 0.00725770494846
-0.485266871982 0.0335845839712 0.00239933895418 -0.0202789439222 -0.0399077877067 -0.0231828824759 0.00482234583215 -0.672917611194 -0.111509123472 0.122931741678 0.0266155629377 -0.0301038656508 -0.00503410689096 -0.283084315922 -0.0669946499539 0.0143601027889 0.0413987462125 0.00236470269885 -0.185318447841 0.113747049741 -0.0281342663194 -0.0223087278783 -0.147814349464 0.0220670315706 -0.00686230406761 -0.348152709387 -0.00780418713105 -0.0061385384724
-0.607466695549 -0.0127883135588 0.0803334376098 0.0449690644292 -0.056992169957 0.0498882516807 -0.00863600271208 -0.620836870919 -0.0304877820953 0.108820940308 0.0184390661934 0.0185748153083 -0.00612734786918 -0.291953867471 -0.0450222005908 -0.0133902633406 0.0844298577755 -0.00364460693922 -0.140658979999 0.0563460788838 0.0349114083697 -0.0266059777596 -0.183246269653 -0.0114316164869 -0.00348662571752 -0.253785158031 0.000692765491143 -5.82466683857e-05
-0.636699347232 -0.00341273703122 0.0269189868381 0.00057968429444 0.0713141349396 0.00341731629387 -0.000143325883563 -0.672503014059 -0.100522122466 0.0432798206178 0.0128311242461 0.0443948893932 0.00246485402003 -0.0971971296018 -0.0296066150352 0.069275594005 0.0658983411019 -0.00202336416914 -0.0557111719943 0.301459086701 -0.0294228472506 0.00746470845961 -0.0666176322032 -0.0079381207834 0.0113747246954 0.05549536057 -0.0178083293807 0.00078211508512
-0.661737912577 -0.027015951846 -0.0829653195789 0.0231173421257 -0.0319673850239 -0.0134017096229 -0.00137119068935 -0.695341864816 -0.066930027864 0.0106786909807 0.0825008607334 0.0175980258399 -0.000873530805956 -0.0342235751082 -0.0438289081584 -0.00548736848855 0.0866784920858 0.0023429916292 0.0916639667959 0.131447380908 0.047272564774 0.00991958369262 0.0179929948355 -0.0270245961019 0.0184383273477 0.129873834131 -0.0148182804015 -0.0201389958282
-0.629398276906 -0.0299758646019 -0.0492277558782 -0.0335153620576 -0.0971808955166 0.0110032043346 0.0035597306657 -0.62731853662 0.0338219566325 -0.110736944559 0.00162909137666 0.00526345128415 -0.00129109144153 -0.0151289956636 -0.108485269905 -0.0687427794889 0.0754980751444 0.0008021944527 -0.318273886741 0.187172161182 -0.0218143796928 0.00491842281891 -0.135530828762 -0.0503429571808 0.00182690099922 -0.0246699997973 -0.0381342421687 -0.025348137513
-0.597951445716 -0.0198211660517 0.0324190343475 -0.0535830206935 -0.0443965625892 0.0152830525174 0.00752865788784 -0.573708019783 -0.0317231669309 -0.0605753593019 -0.0476762549459 0.00321832346417 -0.0129725124304 0.0893052315433 -0.0674862923077 -0.0936969659121 0.0606761205817 -0.00329189192546 -0.360878082556 0.148462429491 -0.0378648401963 -0.000233626641682 -0.336935396732 -0.0480414794584 0.0121042209487 0.0665448099787 -0.00324717451515 -0.021942729261
-0.703128480975 -0.0430945594475 0.0282280496998 0.100304090798 -0.0098945106075 -0.00902717388553 0.000422650668822 -0.612691613908 0.0091345097498 0.0531611477308 -0.0438272590377 -0.0254442299203 0.003156638326 -0.0658701051632 0.0727905193327 -0.0426892631817 0.0300661393139 0.00355939987018 0.0177941280366 0.300131113078 -0.0457746526873 -0.00700072640797 -0.0653957144129 -0.0287304501635 -0.00488798180033 0.0129913660461 -0.0399673914019 -0.00538916850726
-0.672159825284 -0.0599595846675 -0.0290027093226 -0.0258284888111 0.110402289182 -0.0303454545534 -0.000644798958191 -0.631940140327 0.00973248015601 0.0361113367451 0.0813323287602 0.00127050420034 0.0017775388557 -0.099548804003 0.0691295858503 -0.0259983916795 0.0485286545082 0.00483333877287 -0.214260467426 0.100061711618 -0.0448979490122 0.000280386979585 -0.0814976006616 -0.0560200390896 -0.00407404853648 -0.192590862959 0.000442969130785 -0.00734171312669
-0.601046865375 0.0170559228041 -0.0859970527434 -0.00184840041862 0.0245977500274 0.0385695675407 0.00209857334239 -0.543675988187 0.0220595913598 -0.0088959138407 -0.0392370550615 0.0227051872911 -0.000600145967568 -0.0197074225159 -2.62139069008e-05 -0.0445867435775 0.039575583357 0.00449259788537 -0.433800963886 0.0872158380498 0.0169578842583 0.00146881675565 -0.348094576354 0.0206256511099 0.013822064991 -0.09368701887 0.0118055800647 -0.00238832136217
-0.547166374945 -0.00478720891703 0.00898579321677 0.0548654811044 0.0249217351738 0.00053257592197 -0.00253762247558 -0.54938858892 -0.0440293418298 0.0308776942926 0.00989737050778 0.00107365933488 0.00602113915956 -0.124625364514 -0.0239433888302 -0.00297529531682 0.0622344100924 0.00163901538011 -0.48885775618 0.105597519745 -0.0178184486236 -0.00546403771659 -0.345452126567 -0.023458659412 -0.00725774378817 -0.0342596621984 -0.0139957895129 0.0152569092192
-0.669988035229 -0.0814845907855 0.0928071268926 -0.0203184732014 0.0416301351928 0.0137976303459 0.000172094774562 -0.686319677785 0.0514539065098 -0.0730660509785 0.0979967112982 0.0247368718183 0.00557024654726 0.0666857968628 -0.0223765759018 -0.00554650305949 0.00227390028068 -0.000411637532771 0.0308508441264 0.0831937837414 -0.000192187146518 0.0152752964189 -0.171444054233 0.00638515339289 -0.00611604334543 -0.011657380849 -0.0393639700608 0.00358488911422
-0.697541678621 0.0310248446046 -0.00868176990432 0.0631904758102 0.124482232307 -0.00873900827841 0.00515665796056 -0.61443545137 0.0679177187182 0.0277405029885 -0.0288737031051 0.0356470836745 -0.00219259483714 -0.101858237018 -0.0918077628031 -0.0424326417763 0.0328653296153 -0.00376977445033 -0.189135172998 0.0795110185905 -0.0386794718994 -0.0030319280457 -0.187829255127 -0.0332473735454 0.00217160310448 -0.0754318840857 -0.0128897538975 -0.0154688880756
-0.675489454617 0.021154336494 -0.087231059581 -0.0199445650917 0.00378124972852 0.00388098056184 0.00113414037129 -0.64563243815 0.0320027407984 -0.0124245830109 0.0788459981476 0.0171637002002 0.00823955154617 0.0363014034039 0.0255453434828 -0.0309425956462 0.0521171826798 -0.00119239581134 -0.137666059168 0.148177468942 0.00995335548858 -0.00586861072285 -0.248348899727 0.0212497935607 -0.00360409343355 -0.0413127065526 0.000345749933334 -0.00968598684901
-0.648440492912 -0.00627474937705 0.0235277549809 -0.0298833705922 -0.0666608781223 -0.0074200742023 0.0189054936167 -0.620215420592 -0.0179719992121 -0.0416468996916 0.00514222853644 0.0107224100502 0.00590443291499 -0.116158309082 -0.0766065008214 -0.0153112067894 0.0648564435019 -0.00332599778565 -0.193890440406 0.141787796484 -0.00263522439778 0.026757349619 -0.28449990376 0.017168694291 -0.00380238745524 -0.148214451288 -0.00207531533686 0.0287635758703
-0.707113815378 0.0340690776712 0.0409643308023 -0.106905206243 -0.095960683849 0.00459529862701 -0.00283765188064 -0.550728966453 -0.00589155469577 0.0192780520785 0.0211146253493 -0.0190436698106 9.27090964251e-05 -0.0896929139241 -0.0157684040949 -0.0466140761962 0.0471817425804 -0.00657516307664 -0.245879187581 0.160519448144 -0.024715439957 -0.0127195312299 -0.249393240248 -0.00511073349467 -0.00338291228567 -0.0976992525055 0.0016152849642 0.0213069797722
-0.610067073268 -0.0493877289685 0.00408632674495 0.0723556352458 0.0318547116825 0.0225352760935 0.00670420613891 -0.656479591946 -0.0150468971438 0.0902997325181 -0.00893321235103 -0.0386198899584 0.0015051618061 -0.0908081439218 -0.0956800445184 -0.0975395772985 -0.00219276043216 0.00201477115268 -0.0545635437653 0.10581383629 -0.0724367495637 -0.00584775237286 -0.34756305643 -0.0415010765174 -0.00102958963141 0.0883870895176 0.0292728902687 -0.00828821206986