-0.00109931137723 0.000386158398201 0.000213874851777 -0.021877526098 0.00194909972485 -0.0212126412089 -0.0133514206229 -0.202163465862 0.454968784703 0.00273749215676 -0.0846044727882 0.0165257762042 0.126772113533 -0.201200471527 -0.0637181898659 0.0157614301005 -0.129078029231 -0.0199016511502 -0.340269887948 0.64123538582 0.0237861250257 0.036873644111 -0.350224662604 0.0779619074022 0.0623837738363 -0.0262729045082 0.0540041189061 -0.0232085712278
-0.415229983747 0.0261351905928 -0.0359445317417 -0.0417904691419 0.0437555100473 0.00229602584316 0.0141264596437 -0.604891150939 0.292081961818 0.0327463151641 -0.0368279482172 -0.0592741923277 -0.00788708197408 -0.22546107706 -0.0605971695129 0.0165313296613 -0.0366833413595 -0.0271005082723 -0.161006330559 0.470945686642 0.0146811398437 0.041633061414 -0.22229292849 0.0324598524976 0.0444770593094 -0.0538188403262 0.0417168038824 0.0305150527619
-0.406706880051 -0.0250648834681 0.0347487632479 0.0150348564168 -0.0312500189478 -0.0748122958401 -0.0392638537451 -0.591542966767 0.312504235308 -0.0127568316261 -0.0687498718279 0.0198910213451 0.0163640590519 -0.264532082127 0.00616222550139 0.0584122919171 -0.0382751023249 -0.0254539829775 -0.301669248104 0.295766370898 -0.0133969482566 0.00494249801532 -0.259537924212 0.115592056447 0.0339001094824 -0.177440938351 0.0588194667589 -0.015368594326
-0.472029502647 0.0309290428369 -0.0861927554706 0.0342774658059 0.0130797832004 0.0216069935034 0.0157571010997 -0.506810108149 0.116044892463 -0.0227496558351 -0.0588799354814 -0.0423636042625 0.0668377653014 -0.140318957955 -0.036072119024 0.00251642745011 -0.127459389478 -0.0350088462427 -0.382628967809 0.439132287911 0.00699465944476 0.0204823444793 -0.309978950732 0.0275687016352 0.0245626476391 0.0663017642519 0.0131313161951 -0.0772933185926
-0.566032654473 -0.0343016407696 0.143272408916 0.0380740858477 0.0100768990007 -0.0361042879434 -0.0331704245693 -0.578313558631 0.142412250057 0.0116167412083 -0.0743401368095 -0.0131910075382 0.0774079083254 -0.16407100167 -0.0568272053758 -0.00934859068115 -0.135510630649 -0.0258949170548 -0.143468100472 0.423949931883 0.0517425816107 0.0270706789598 -0.161413747893 0.0366440906686 0.0450999832706 0.0319030475129 0.00776119121855 -0.0623503566043
-0.585905293853 -0.0571811904956 -0.00592752992324 0.0299410384385 0.0492856728985 0.0114391242778 0.00801682731002 -0.642423860033 0.0433660748537 0.0735603372204 0.0140857609305 -0.0406698365793 -0.0049949425135 -0.160313554655 -0.0278427106896 0.0421970947101 0.0143245996972 0.000242570850571 -0.082755889192 0.366096306635 -0.009183424373 0.0408192087122 -0.172018048394 -0.00756614853102 0.0241366162115 0.14949983323 0.0326630936767 0.0572516457434
-0.60899349274 0.0224907276627 -0.00900879037854 -0.069130998497 0.00484293348049 0.0177577299124 0.0104984243032 -0.659813003902 0.0394348365533 0.0180960913158 0.0392326334364 0.0746879852398 0.0285359528654 -0.249772410796 0.0127845118954 0.0882378094866 -0.00144458007913 0.00375560921925 -0.0340831072219 0.290891178285 0.00343888113738 0.0111499542602 -0.0349375204621 0.0374934228049 0.0330750595312 -0.120509808894 0.0302598255459 0.0521378680413
-0.599683650391 0.00420104848794 0.00459644593001 0.0342074706634 -0.0216081533395 -0.00703101553041 -0.0026885841821 -0.700991862022 0.0986150536587 0.00295530850788 0.0292717913554 0.0532709737753 0.021124191975 -0.214052969717 0.00439395656277 0.0665036109661 0.0309030321031 0.0100332095678 0.00360144223493 0.258491799329 -0.00275980484345 0.0172845864709 -0.0110730185346 0.0970421546347 0.0482696175768 -0.0134161949455 0.0354175695214 0.0403115779286
-0.358894347602 -0.000179075490531 0.00937511815154 0.00445884906437 -0.00498753777168 -0.0272703055563 -0.00874628882776 -0.479366413599 0.152647705437 -0.0293561170046 0.00589318962776 0.0217985671314 0.00346873269555 -0.258325170163 0.0226332491984 -0.000158529904876 0.0131279887927 -0.00487744614507 -0.621706131731 -0.0146915967705 -0.0328941339814 -0.00524145153682 -0.369436160017 0.0607451490263 0.00768353715898 -0.134256817501 0.0219248377883 -0.0417486392414
-0.422254381226 0.00401656292299 0.00862232184727 0.015416808612 0.011181900071 0.0127354028247 0.00280536034675 -0.546552606521 0.176507381302 0.0120486407956 -0.0119382499776 -0.0118986558603 -0.00238979333296 -0.391529173266 -0.135622617161 -0.0434378011191 -0.0427198400237 -0.0176809862286 -0.220021824437 0.20891198718 0.040934403678 0.0374940990682 -0.290840753879 0.0128299727895 0.0204705378613 -0.364180035012 -0.00668758794992 -0.0455663807083
-0.511219906501 0.0167219698428 -0.0156576723684 -0.00249008000766 0.00289924481867 0.0253296652646 0.0059131732717 -0.59848364392 0.12926240612 0.00408141330305 -0.0261651406059 -0.021035528635 -0.00401889276109 -0.291020004874 -0.0683702290354 -0.00561859915897 -0.0799904676629 -0.0204578451588 -0.217113457372 0.31606706735 0.0335443276193 0.0148158587941 -0.231778051259 0.047618973424 0.0161512318317 -0.245358156352 0.0152590071497 -0.0103376375087
-0.560755345039 -0.0138425815399 0.028802230562 0.042540270106 0.0123505686001 -0.0482333197192 -0.0243968783232 -0.550106505932 0.0904537139898 -0.0259539847775 -0.0460442847748 0.00528189128319 -0.000935715260363 -0.23115383731 0.126205787525 0.15931927672 -0.0555756441132 -0.0367675505939 -0.415576039952 0.0148248482792 -0.03909481906 -0.0414713861462 -0.28349630758 0.0242011819584 -0.0170595322457 -0.0843747960349 0.0434279737705 0.0205005219681
-0.155130865169 1.69993839776e-17 1.50363253464e-17 -1.74582723506e-14 -3.09418353219e-15 -1.3417973721e-16 -7.01675462159e-16 -0.311474834772 0.186679051729 4.89764235086e-06 2.3412754171e-06 -0.00129568842922 0.00129201462928 -0.289652507086 5.1940134433e-06 2.80274752136e-06 -0.00178033330297 0.00127842978671 -0.54069282927 3.71721878253e-09 -1.98118439418e-07 2.11029133388e-07 -0.540134296289 -1.13600395283e-06 4.46373099869e-07 -0.418398042673 -0.00451693679636 -0.0314790109844
-0.463674123433 0.00625193585131 -0.0151306534426 -0.0196680944415 -0.000593320154441 0.0167494689484 0.00421766073923 -0.471116674477 0.0468200031767 -0.0162378573076 -0.0042179489328 -0.00166966595981 0.00541249463813 -0.147570381107 0.102715601887 0.0393963929822 -0.0706778412898 -0.0278253225676 -0.563069576473 -0.00255707136958 -0.0114886003934 -0.0111709157443 -0.446989830449 -0.0101854793226 -0.00369443122984 0.04884684239 0.0180660684283 0.00257546069095
-0.625772473256 0.0201718633006 -0.0172479171596 0.00514328200754 0.0183611519714 0.0045400625791 0.00617178239283 -0.671614304311 0.0638732353604 -0.000331978846997 -0.0218855117607 -0.0202378414098 -0.00668559451978 0.033919260867 -0.0339220335588 -0.0454836838909 -0.070495811365 -0.0436986541815 -0.00886927918348 0.32422419979 0.00648184860589 0.0267381030467 -0.0056533267319 0.0226061186799 0.0238280184402 0.168021618344 0.0108761424347 0.0673552622266
-0.706678102887 -0.0066960340059 0.0697934452565 0.0446584265032 0.0382473902997 -0.0165390721477 -0.00783064304292 -0.610662729988 0.00862136905649 0.0394740707582 -0.0346745495515 0.00130189549375 0.00513056243127 0.0811525040369 -0.00105803765413 0.0208221794771 -0.0361635030155 -0.0291190161056 0.0180770124729 0.245041173213 0.00419938088703 0.0211780534487 0.0911791897852 0.0242032599814 0.0282742109611 0.159928149993 0.00963818929639 0.103649161176
-0.512942899976 -0.00414816209277 0.0110900136123 -0.0211990591848 -0.0317887525567 -0.0256260711878 -0.00805799148729 -0.500909130901 0.0872649567999 0.0273826838406 -0.00965728360997 0.00428220964753 0.0110746744801 -0.445426038334 -0.149613535692 -0.0492207021039 -0.0343881003823 -0.0092652360198 -0.239288678783 0.368000020689 0.0345774909687 0.0303062238388 -0.171692977116 0.0418533771946 0.0319713671514 -0.152708457433 0.00798174552145 -0.0120799106551
-0.187157321196 0.00157825847684 -0.00116384978732 6.30673402297e-08 -4.1721757634e-07 -0.00781917630145 -0.000129495073054 -0.197122150494 -0.0381115779475 1.30148205971e-06 -4.30069273131e-06 0.0109679453816 0.00204865617168 -0.27050031568 5.7683284579e-06 7.44068930036e-06 -0.0175141144873 -0.000383130894024 -0.648577887993 -2.04068701543e-09 -4.09289287952e-07 -2.97309434544e-09 -0.647907916566 2.0271471112e-08 9.10199758998e-08 -0.041442308802 0.00378597483654 -0.0939465400467
-0.486175758836 0.0154178997643 -0.0377221178383 -0.0224650270486 -0.0253890605939 0.0224623308484 0.00188691798597 -0.465654099127 -0.0115634550459 0.0247458809638 0.0421968716848 -0.0122155279355 0.00263011158707 -0.194686730635 0.13416856319 0.219245823744 -0.0586000223454 0.00728110570025 -0.539349588307 0.0981206992394 -0.00972378450105 0.000468379321352 -0.329239629671 -0.00199018613331 0.00663045444449 -0.0497192136136 -0.00432863547093 -0.147583492964
-0.476252161139 -0.00683248980313 0.0318015473794 0.019780109756 0.0153365172728 -0.0188093359895 -0.00128948018152 -0.469929453059 0.00556686764489 0.00332797955803 0.0116331282031 -0.0251455840216 -0.00113320596483 -0.271470561769 0.0457701213484 0.0819454017864 -0.0741883657068 -0.000178416225284 -0.439921354908 0.169636157408 0.00019470255414 0.00303568333199 -0.435571479627 0.0118314345059 0.00295550992575 -0.123403088167 -0.0285979363336 -0.182360176473
-0.425905731572 -0.0025458411658 -0.00380279137079 -0.00517335545665 -0.00175932846778 0.00503546448832 0.000143809651488 -0.453121346877 -0.0566502250831 -0.00299755653237 0.00655593494398 0.0298112688681 0.0020510209296 -0.430510948204 -0.056827581856 0.00469885357334 -0.0867141505808 0.00417945196664 -0.0253242563355 0.109214343359 0.04456789659 0.000769578854534 -0.61139592676 0.00500849876304 0.00252460429098 0.00810154684667 0.00845143373256 -0.156197378672