-0.0113140320102 -0.0088019092878 0.0224278305587 -0.00716346877682 -0.102869590876 -0.0259352481903 0.0235912715534 -0.0115733496957 -0.0227713417524 -0.0255996660995 -0.104587215992 -0.0160024150471 -0.0352054465299 -0.224997608664 0.0824735128171 -0.409404382004 -0.348080525815 0.0285951122025 -0.254646061552 0.601503864786 -0.036308365044 0.0238853087719 -0.422535024452 0.0676355740083 0.0383978458709 -0.110484146841 0.0362662239775 -0.00494448537039
-0.537501265026 -0.0164805150166 -0.066827845908 -0.0516010810194 0.00631310353842 0.00601271479068 0.0220465450725 -0.555949713046 -0.113399404881 -0.00785869146801 -0.028553948732 0.0139174997121 -0.0507234766436 -0.0623592213295 0.0443792495977 -0.285650542301 -0.155533458958 0.031067132897 0.147273371816 0.43989855291 -0.0398523100377 0.0123814922113 -0.0264439443113 0.0237195955317 0.0361817709612 0.104185882172 0.0273083670703 0.183911730648
-0.369854152395 0.0319609044269 0.0479662070279 -0.0259378449988 -0.0524148990343 -0.0404284270061 -0.0278916145104 -0.367377477721 -0.0390900995217 0.0333409235656 0.0481764769617 0.0381214317938 0.0277873369668 -0.548131348915 -0.180846027238 -0.16064426287 -0.144523469228 0.00256463162035 -0.236397528871 0.286690543436 0.0275824868065 0.0108677099149 -0.214019182374 0.0469730512117 0.00535186806781 -0.294180108159 0.0689792633977 -0.231848944755
-0.238167992161 -0.00149917819485 0.00424032366667 0.010548875089 -0.00216872215727 0.000638354931423 -0.0066335151139 -0.258716700312 0.0425816741633 0.0164083100343 -0.0215552578038 -0.0457812240939 0.00803359483472 -0.211089524918 0.147042421641 -0.149637809573 -0.114918042095 0.0128542183826 -0.53694904843 -0.157849736922 -0.00629715219628 0.00448150980013 -0.62183789999 0.00755592843884 0.00280950981232 -0.247244225623 -0.046318641318 -0.0787233885344
-0.463959646114 -0.0100197775769 0.0105127227189 -0.061134248808 -0.0413455368237 0.00608853564641 0.00647181308638 -0.468096484816 0.0189212435148 -0.0400299207246 -0.0557491398812 -0.0206086947658 -0.027874996797 0.00839173460594 0.0995572231695 -0.147321629373 -0.197755672487 0.00118461186091 -0.475922151492 0.276262439667 -0.028615674006 -0.00568370103156 -0.41209471919 0.0296524850253 0.0183652432919 0.045606257266 0.0313251904424 0.0710779076811
-0.606231174588 -0.0181330868583 -0.0326529707727 -0.0363001233774 0.0147585695992 0.0264618948634 0.0166845103044 -0.637340221448 -0.0805951620482 -0.00638795389993 -0.0237228579391 0.0177655569544 -0.0313040283271 -0.1721330713 -0.0279282636359 -0.170375924243 -0.0715662315902 0.0134786680161 0.0233386313698 0.344338035168 -0.0287926014163 0.00344996015166 0.0079761640148 -0.00675427985171 0.0295553844134 0.0831899288969 0.00737983541454 0.146027835955
-0.47687551879 0.05022934588 0.00792937329591 0.0477605018672 -0.0397651420506 -0.0255975715502 -0.00587880307083 -0.496493156657 -0.0218355905346 -0.0511978149753 0.0385140986649 0.0288346191745 0.00589915547684 -0.185178426729 0.144905002942 -0.0777707253705 -0.0906878501652 0.00651998129376 -0.427482535406 -0.221043176595 -0.0259101424882 0.0173490199678 -0.455093433525 0.0235430794203 -0.0142141018312 0.0435357225124 0.0391130124486 0.00546419068655
-0.125218650645 0.000297068433635 0.000121654401421 8.04458182815e-05 2.29956511771e-05 -0.00131857709718 -0.00479773807837 -0.126250135598 -0.000140635612072 -5.60765091443e-05 -2.35299622203e-05 0.00142790625579 0.0051525955944 -0.56343608004 -0.00228970910837 0.00103800896608 -0.0170841073585 -0.000509794594322 -0.455039694408 -0.00293518529346 0.00543298238755 0.000180978994353 -0.488192784872 -0.00391104176784 6.1361062268e-05 -0.437190133746 0.00517594315232 -0.118153559142
-0.116044399945 -3.27456799106e-29 -6.75701051958e-25 1.08326302303e-25 2.47607102244e-15 0 0 -0.116960858427 3.40834787947e-17 6.73786030026e-17 4.47940794778e-15 0 0 -0.531611744936 1.96312444348e-15 9.2520622739e-11 0 0 -0.431257921046 -1.4832620016e-11 0 0 -0.455081363523 0 0 -0.524215782439 0 -0.149526516158
-0.653762257555 0.0417090669071 -0.0863554580598 -0.037253753127 0.0322302443996 0.0509532825454 -0.011650024376 -0.607740369277 0.0201035511581 -0.0457907754092 -0.0117475436195 -0.0305877615844 0.00133980820684 -0.119851464959 -0.0640431249767 -0.160177084972 -0.092393151585 0.0376689027797 -0.0550084690874 0.319849236033 0.00312462646312 0.0135232085533 -0.123585987317 0.0278433261676 0.0274418191287 -0.0868425778002 -0.00591709376689 0.0365527904513
-0.678111730554 -0.0364393115083 0.0160065380598 0.0509106885031 0.0387245587464 -0.00898935935647 0.0210580520571 -0.638555235294 -0.00483563667212 0.052946412389 -0.017159023099 -0.0158151136975 -0.0267728487968 -0.00870346639128 0.0426466799512 -0.0680764783727 -0.00618219179238 -0.00280062390637 0.194274468059 0.208920683571 -0.0117747398154 0.00616034326292 0.0315236167911 -0.0307620819865 0.024752276796 0.0701605462584 0.0177006380863 0.161843657944
-0.652859356438 0.0897951812774 0.0571350935004 -0.00881466264314 -0.0445370605316 -0.0266006828591 -0.008318214425 -0.637372410404 -0.0231520968936 0.0328616701615 0.0346967796422 0.021876537991 0.0154318296353 -0.196700286053 -0.142475568571 -0.117395122616 -0.104722010631 0.00795131503962 0.0652051966448 0.219148489228 0.0159820055786 0.00154911298669 0.0815626155824 0.0247683619054 -0.00591690140147 0.0180653551546 0.0519124825375 0.0562965902032
-0.116232382183 2.35558257515e-07 3.19930741686e-16 -2.60527223305e-14 -1.84590855767e-15 -2.38935888506e-05 -0.000158666111745 -0.117150321601 -3.34404482799e-16 4.41922924096e-14 5.55778446844e-14 2.3899699846e-05 0.000157556573254 -0.53247182835 -2.88067646825e-15 8.00052790503e-11 -4.73342625448e-14 1.32464463691e-13 -0.431955644128 -1.48568177351e-11 1.39496793463e-13 -2.91390262538e-15 -0.45581763005 -2.23989380787e-12 6.37107559821e-16 -0.522185963881 0.000150908139991 -0.149016584134
-0.59124330311 -0.0129821099294 -0.0792557325889 -0.0302311312579 0.0299167988948 0.0531738660997 -0.00969094847237 -0.454080805147 -0.0415491548586 0.0469910862529 -0.0311762470282 0.000787670144314 -0.0072710832028 -0.0657589664138 0.135374254665 -0.131885634359 -0.0823522080965 0.0200777462906 -0.369495871668 -0.17983923283 -0.000513465356247 0.00173984770467 -0.442814211329 0.0111820074067 -0.00693209235266 -0.124331308739 -0.0168114090706 0.00118852137545
-0.485315041322 -0.0158822044199 -0.00413100479308 0.0764075598066 -0.0191290484213 -0.0263395184878 0.00694012073453 -0.492262301116 0.049091861715 -0.0117860425491 -0.0117949579614 -0.0309707586499 0.0100131392198 -0.172608882085 0.12427120949 -0.125301721968 -0.114102994589 0.00399727928362 -0.417337410044 -0.0531071277944 -0.00380898520251 0.0109339419712 -0.486791957031 0.0098949646327 0.00929640567151 -0.134705485765 -0.0631923789327 0.0282255645101
-0.666854748081 -0.0145168289948 -0.022470079655 -0.0675630722893 -0.00293118090165 0.0338663800983 0.0200074872158 -0.653392426588 0.0295739020189 -0.0491051595901 -0.0212592690593 -0.0181735536943 -0.012260196209 0.0844781661225 0.0433184036915 -0.0778975977652 -0.0681087693111 -0.00836553006547 -0.0545567471519 0.246535087872 -0.0295859180649 0.0108139815744 -0.0357203053501 0.0127963872372 0.0129710424354 0.117844053864 0.0379517288828 0.125915660397
-0.277226015445 0.00574772617289 0.00993712030145 0.0210767227991 -0.00339105956036 -0.0211584925866 -0.0108772445294 -0.271882432479 -0.00901691299072 -0.000728799849108 0.00262103088524 0.0112446337138 0.00754352017487 -0.251644281241 0.0778675911417 -0.0647942367505 -0.0579548177348 0.00527362797897 -0.569534325431 -0.0619294538162 -0.0225111031031 -0.00149585991123 -0.658601870781 0.00778989064479 -0.000484320901726 -0.0824943362059 0.00942717944155 -0.0374423367685
-0.165230493997 0.00364929499192 -0.000996418156729 2.9458516968e-07 5.10250471723e-07 0.00843496772895 -0.00914321730535 -0.170976608918 0.00371741435253 -4.11538986318e-07 -7.66277628978e-07 -0.017695368924 0.0140936768952 -0.325455431232 4.81113212451e-06 2.51365242841e-06 -0.0771342575664 0.00742312211916 -0.606324666582 2.15538462945e-09 -9.54557497876e-07 9.64505066097e-09 -0.639819099084 4.22658468133e-07 -1.70866600312e-07 -0.216060088842 -0.0278931525921 -0.0799196082179
-0.125515781108 -1.1329376842e-05 0.000336444685003 -6.9231047866e-08 -1.14947734623e-07 -0.0021797454894 -6.29350964698e-05 -0.126506020892 0.000318692658667 -6.31741980669e-08 -1.05205848716e-07 -0.00187986816857 0.000431544293692 -0.554209315161 -4.95210207457e-07 -1.16861259451e-06 -0.0195958952537 0.000296765274083 -0.466406304303 2.6469575442e-10 1.53056954634e-06 -3.67185521661e-08 -0.492171404634 3.12843227618e-06 -6.32275731447e-08 -0.436429253409 -0.000643116695745 -0.102287994543
-0.297807310038 0.0187831414948 -0.0283106054947 -0.000918768015507 -0.00808248151289 0.0341586163804 -0.00990030778087 -0.297489951626 0.0267240144381 6.09596395579e-07 -0.00143624452789 -0.0311062669519 0.00817356376627 -0.171868770884 0.02770063553 -0.0755639453115 -0.0950425653787 0.00238009616425 -0.677462979786 -0.0811454420941 0.00818981736724 -0.00279908822654 -0.488262603639 -0.0147650023386 0.00783818913392 -0.242524322612 -0.0270691261512 -0.0983542418024
-0.517820796856 0.00295855407866 0.020900680586 -0.0430632303868 0.00741532050286 0.0029242321526 -0.00600271672836 -0.527743506151 -0.00716422075452 0.0373384114973 0.0145690256616 -0.017566668719 -0.0212080793492 0.0521025106348 0.101693496058 -0.0481147578967 -0.0720175759663 -0.00635420118545 -0.485136351958 -0.106521269213 -0.00386228112081 -0.014181029909 -0.392674066153 -0.000918319791101 0.0103230281489 0.0894909035877 0.0209859049669 0.135148378158