-0.00722218963149 0.0064248252044 -0.0315690993507 -0.00153667569563 -0.0779895329121 0.00690428805643 0.00866196575551 -0.00618309874614 0.0296208084469 0.00169143621729 0.0714956272408 -0.00811236438388 0.0142727737164 -0.413122775781 0.156671305555 0.47874286 0.420355790132 -0.032230452702 -0.203197352186 0.384686049068 0.140445794789 -0.0223107510245 -0.36737153003 0.0513701868722 -0.00989445199514 -0.189221387737 -0.0352127345527 -0.00392834498083
-0.13991376838 -0.00468840956292 0.0219172954175 0.00270125145912 0.00218044609009 0.013848420945 -0.00522967137325 -0.139733531154 0.0226643048216 0.00354707531191 0.00265400869926 0.0135814718991 -0.00786342572523 -0.179971396719 0.0135749130809 0.0368468043362 0.116033540306 -0.0207600317992 -0.721600929195 0.020622936606 0.00594652957972 -0.00494128601712 -0.564594094937 0.00697428574568 0.000960292398446 -0.236523728056 -0.0185739845037 -0.123537958711
-0.451268633778 0.0150938760573 -0.0646704053921 -0.0206482327908 -0.0297537297094 0.0138500458942 0.00729323570289 -0.445458565616 0.0548193429983 0.023544165323 0.022740415485 -0.00912439981132 0.00529474387431 -0.240525332886 0.136894379418 0.206851008414 0.281170007641 -0.00844196164447 -0.0289539786146 0.39390850361 0.0518801598542 -0.000538526054789 -0.467766869322 0.01545882949 -0.00992139725052 0.0828970523636 -0.035549259578 0.0573406767213
-0.522253110434 0.0265073934537 0.067335294717 0.0343571296009 -0.093641092707 -0.00125676935873 0.000192077100906 -0.533020259622 -0.110511220085 -0.0246383081745 0.0956806773625 -0.0106448635642 0.0222151609004 -0.114320437769 0.0923395924575 0.41984256457 0.221230096672 -0.0348023191363 0.143954396787 0.211336566067 0.114443944093 -0.0257730281664 0.124304587695 0.0546922670015 -0.00648451157816 0.0649291050974 -0.0108545635132 0.235347869522
-0.153969805342 -0.00722464979842 -0.0309291407859 -0.00362804855541 -0.00865383019766 -0.0186236178915 -0.00164710808373 -0.151909857402 -0.0283918983194 -0.00307909824534 -0.00717467301082 -0.0168783006106 -0.000876983007014 -0.174853468889 0.00533194773342 0.0797000169415 0.10717043355 0.0144614727619 -0.746429279343 0.0129028493902 0.0116324141163 0.000929095711844 -0.50487493545 0.0327073113886 0.00442516450773 -0.289228920514 0.00535543500652 -0.0695647741994
-0.110366283523 0 0 0 0 0 0 -0.110790318405 0 0 0 0 0 -0.523166544046 0 0 0 0 -0.464432554306 0 0 0 -0.484385657396 0 0 -0.486921714858 0 -0.120090536718
-0.130793949275 -8.11179027286e-05 -0.00065203061045 -7.21979105139e-09 -2.9613543529e-09 -0.000388704067098 -0.00118332045703 -0.131592638764 -0.00303087152376 -3.36092962934e-08 -1.37559767733e-08 -0.00145316481876 -0.00451075163006 -0.332386881514 2.43821289426e-06 1.10535989227e-06 0.0424539852442 0.00657054587372 -0.550306640181 1.0009620537e-11 4.33679379151e-07 7.21260164934e-08 -0.573949093816 1.83764830499e-07 2.98569746658e-08 -0.458091978425 0.00430124107752 -0.105330046071
-0.4285834747 -0.00921588923038 0.024589823153 0.00235257513272 -0.000839040595838 0.0181936628893 -0.00702901217807 -0.433589373115 0.0298464717878 0.00697051723615 0.00271532403054 0.019457159444 -0.00949571173752 -0.388032394877 0.0154630876998 0.0866619721438 0.177680785911 0.00402180095942 -0.458353889566 0.0334409511651 0.0292105751647 -0.025098633668 -0.407907250204 0.0439468439852 -0.0166889778106 -0.186430275739 -0.0342397843786 -0.136758706607
-0.261503762691 0.00137069230082 -0.00350112342941 -0.00477910267407 0.00494523924921 -0.00134990703908 0.00182125597555 -0.267867110204 0.0113015528728 0.00456452079222 -0.00280038311751 0.00795932660623 0.00269817091364 -0.0773981583577 0.000736543929069 -0.0016208175111 0.0926591808858 0.000727483298205 -0.637617455276 -0.0072280857916 -0.000175857756532 0.00063166876239 -0.654683092675 -0.000592015083138 0.000238135761181 0.0937831549584 -0.0154886509171 0.0271156736737
-0.110366283523 0 0 0 0 0 0 -0.110790318405 0 0 0 0 0 -0.523166544046 0 0 0 0 -0.464432554306 0 0 0 -0.484385657396 0 0 -0.486921714858 0 -0.120090536718
-0.334511267282 -0.0253557250153 0.0296017925526 0.00785470448641 0.00629777502049 0.0166581424447 -0.00592788563959 -0.341537518144 0.0346940501749 0.0180617901444 0.00597921805001 0.015369602999 -0.00691732089366 -0.0656774409059 0.0125263771315 0.0390548981737 0.130103524489 -0.0251492463054 -0.685451724558 0.0214325543066 0.00666529907863 -0.00689499096481 -0.507692759134 0.00869712193624 0.00165215455351 -0.122916761132 -0.0226065039501 -0.0164627393076
-0.619809802168 0.022665033518 -0.0513588302386 0.0284021408081 0.0289902347541 0.0109601162123 0.00765564697004 -0.611864194003 0.0185540417932 -0.0159231176342 -0.0301083866928 -0.0233640131159 0.00898360172655 -0.0153949606273 0.081607985581 0.152411177111 0.14099803637 -0.0112982537278 0.23136055231 0.254079305554 0.0593047227473 0.000817641935062 -0.0880179894587 0.0292169985788 -0.00600142748857 0.0672449914663 -0.0167730090222 0.221752005302
-0.329566254544 -0.00389920190236 -0.016538227417 -0.00796202394701 -0.00444000618894 -0.0120241790873 -0.00722428571971 -0.330457938156 -0.0159358252845 -0.00428339874041 -0.00341867029519 -0.0119740924146 -0.00624263447298 -0.361868963957 0.0085585313757 0.0122842177348 0.114516365929 0.00341926083379 -0.485708866757 -0.0312918589363 0.00367397778862 -0.00525652146504 -0.592763644669 -0.00286861650773 -0.00567760719249 -0.107107986798 -0.00332145868253 -0.192416084414
-0.545957750125 -0.0370683687767 0.0427479284527 0.030437488854 -0.0058330515231 0.0111658348608 -0.00565623730725 -0.555622882395 0.051341831505 0.0230059302449 0.00118851014286 0.0165473139795 -0.011845375495 -0.383677256498 0.156563700784 0.205710267073 0.0908626264519 -0.0154341602217 -0.0226913751708 0.215951468857 0.116943974843 -0.0292382785459 -0.248529254043 0.016839775387 0.00947603771475 -0.18797548904 -0.0596639367684 -0.00819487803422
-0.586744112892 0.0302770459426 0.00354254217433 -0.0322240571935 -0.00899707655906 -0.0223390631472 0.00860638873151 -0.654780523799 -0.0690475007937 0.0636766318449 0.00734675232017 0.00338719240294 0.010066994697 0.0207154598655 0.0276776365433 0.12098865879 0.114249361345 -0.0242498705017 0.149470324364 0.253495318489 0.0491172667592 4.30799979546e-05 -0.186749334023 0.0349625669777 -0.0125327717003 0.0329501814164 0.000893894252783 0.244036078399
-0.369440880625 -0.014331889682 -0.0307143386018 -0.0131863228198 -0.0145067589494 -0.0218395424787 -0.0079925969901 -0.352492363225 -0.0186079332199 -0.00660230772619 -0.00672761827173 -0.0127868890013 0.00407368527338 -0.0502029032756 0.00506033458922 0.0884451241425 0.114587237483 0.014829402649 -0.706969146705 0.0134725165681 0.011944019567 0.000912585006768 -0.421712555886 0.0359013122662 0.00537198318413 -0.172768790735 0.00429265818427 0.0608086611457
-0.110483310166 -1.41104397482e-07 1.19124008589e-15 -7.76984597229e-14 -6.22321390271e-14 1.73345884918e-05 -0.000105526627477 -0.110907816115 1.29375412156e-15 -5.7472921855e-14 -2.40704049935e-14 1.87773962866e-05 -0.000113853700598 -0.52372066366 2.17849113594e-11 -2.29164497545e-11 -2.98327865446e-11 -9.34435598608e-14 -0.464924464928 1.5726034421e-11 6.50895235833e-11 -6.70145719516e-14 -0.484898701659 1.93502284022e-11 -4.67917008066e-14 -0.485389206546 -9.54424174992e-05 -0.119688496958
-0.574321036151 0.0232852836264 -0.0207906788098 0.0447556136223 0.0128463438878 -0.000703581361047 0.00197929862722 -0.615821491228 -0.0306822350845 -0.0577314792974 -0.00187118953458 -0.0072808459991 0.00725244471941 -0.11546898423 0.0498947208305 0.354594070834 0.0945596778217 -0.0146769743084 -0.0246310885563 0.0900654045492 0.0388476029315 -0.0248874784268 0.20343648157 0.0227040537474 -0.0126330656534 0.198475053131 -0.00224465867835 0.200914223707
-0.470789086073 -0.00448546638458 -0.00761415819875 -0.00272508856407 0.00375410639607 -0.00568435960009 -0.00820123619778 -0.494349496275 -0.0359090274853 -0.0245303211375 0.00624513771267 -0.0218714121074 -0.0125440840395 -0.470135185093 0.146456938653 0.192031472085 0.10798015514 0.00480377731412 -0.147918798423 0.176045683727 0.105151736582 0.00480942702179 -0.335814710004 0.0382889061371 -0.00233478157259 -0.237068820743 0.0188907272625 -0.0736338524898
-0.110366283514 -1.36305250082e-27 -2.33394440281e-24 -9.27766737782e-15 -1.92778872009e-14 1.43274043395e-24 -8.08555902932e-28 -0.110790318396 1.28665462569e-16 1.15859453159e-14 -3.23656012158e-14 5.93185758762e-20 3.6827822642e-15 -0.523166544306 -2.90312895094e-11 -3.05230154566e-11 -4.60118367206e-11 6.30201774991e-14 -0.464432554209 2.7484618855e-11 1.17486891853e-11 -4.22631848131e-14 -0.484385657302 2.18244675205e-11 5.79742755402e-15 -0.486921714771 1.69631935067e-14 -0.120090536709
-0.133705635041 0.000271308555073 0.00436789891579 4.8425122499e-08 1.9827380744e-08 0.00263528287807 0.00800715716025 -0.13283506775 -0.00139419934924 -1.54118392151e-08 -6.32786276704e-09 -0.000804277734925 -0.0014249297677 -0.335252944867 2.47351855402e-06 1.12143446068e-06 0.034542258697 0.00479420620948 -0.5566213254 2.09758202399e-11 3.61631850553e-07 5.3237365314e-08 -0.580535072636 1.50586365758e-07 2.18118323646e-08 -0.448677639467 0.0049010901988 -0.0508744634509