-0.00688810267036 -0.00344461331055 -0.027771973157 -0.043605079216 -0.0314632699825 -0.00701508917202 -0.00945416689523 -0.00203498196105 -0.0219157378727 -0.018860462042 -0.0136650514873 -0.00833949684488 0.00737660710406 -0.193750645359 0.114006814059 0.198363500167 0.280403983803 0.0562614253155 -0.442388081075 0.629186584573 0.109823252431 0.0200283930029 -0.452258357591 0.0169019659576 0.00910506094127 -0.119643548202 -0.00421781489668 -0.00530176562663
-0.453622727514 -0.0222284960134 0.0777694604614 -0.0513910040914 -0.0311821295606 0.0113367711241 0.000494799515033 -0.576458076636 0.164034392392 0.0636863355217 -0.00134945836862 0.0593847429554 0.0381253554097 -0.0271916406653 0.0847798071286 0.180483821447 0.171600958668 0.0409399073241 -0.154768098228 0.514993893452 0.0990538035563 0.0270859386428 -0.112112773615 0.00524935469197 0.0195813822977 0.0737081512912 -0.0217560178896 0.159577601713
-0.429166608395 0.0504291381924 -0.0351873338587 -0.067369850366 -0.0521549821493 -0.0248960580936 -0.00433368609027 -0.470535262284 0.119629050108 0.0346680258373 0.00875943977738 0.0735269665735 0.0143723144324 -0.218308502325 0.104219828775 0.183604766345 0.216036720521 0.0372969347464 -0.263632671284 0.47466732553 0.0733892154287 0.0135618617896 -0.338070988268 0.0208561196587 0.00567689464348 -0.0620050634845 -0.0286946569657 -0.0378027118019
-0.374201046124 0.020478793642 0.0868773127928 -0.0130366543411 -0.0250614828915 0.0430022945597 0.0130441017907 -0.363157719094 -0.0610155467404 -0.0380066327905 -0.0168072041153 -0.0162060511373 -0.0189843081525 -0.162796811205 0.0379248211872 0.0655026245662 0.204278087557 0.0153237237495 -0.468453686033 0.389162340527 0.0458956553512 -0.00840608013245 -0.495557657564 0.0199903686079 -0.010916912007 -0.129737071494 0.0321024356384 -0.00222273690826
-0.223413981094 0.0046482643834 0.022202199267 -0.0142745469335 -0.00312497704209 0.0102664495519 -0.00386545678401 -0.239912829404 -0.0457096737075 -0.00822275522091 0.00302734693789 -0.0389457569965 -0.0270177323827 -0.285704848057 -0.0111577452514 0.00710447364089 0.147871836277 0.0394721848644 -0.516536135478 0.125720804697 0.0504158727314 0.0173004709015 -0.615522606793 0.0193483583173 -0.000843437055737 -0.302334198821 0.0215806822785 -0.159590596301
-0.153887020182 -0.000145798017088 0.00151074544422 2.13628099253e-08 1.2562325611e-08 0.00384006162507 -0.00110626365992 -0.154504947817 0.00294021040013 4.19983762333e-08 2.44068450179e-08 0.00486210970859 -0.00251039995981 -0.361730046589 3.55254771244e-06 1.99157983251e-06 0.0193537338658 -0.00209712517088 -0.606422144333 2.36057482559e-11 2.71557879512e-07 -3.06382637048e-08 -0.595730722942 1.58079155261e-07 -1.75471046212e-08 -0.284385832482 -0.0113860381814 -0.132343110947
-0.148443396624 7.27334683111e-05 -0.00137707383137 -1.94279976386e-08 -1.1256497185e-08 -0.0023730307654 0.000107449262034 -0.149283549805 0.00497344440798 7.16508299846e-08 4.16935509331e-08 0.00430101126989 -0.00427916470517 -0.343228902674 3.52868982743e-06 1.94384338242e-06 0.0284281845335 0.000352364918978 -0.585233572034 2.31884714406e-11 3.85481891599e-07 6.3714664385e-09 -0.574915712126 2.12006009051e-07 2.32162937303e-09 -0.389793037621 -0.00631775134794 -0.109501546505
-0.11909318156 0 0 0 0 0 0 -0.119470543248 0 0 0 0 0 -0.555900324695 0 0 0 0 -0.469609537486 0 0 0 -0.461330167224 0 0 -0.460193723037 0 -0.131839026067
-0.11909318156 0 0 0 0 0 0 -0.119470543248 0 0 0 0 0 -0.555900324695 0 0 0 0 -0.469609537486 0 0 0 -0.461330167224 0 0 -0.460193723037 0 -0.131839026067
-0.618750794199 0.0270908010108 0.081328557155 0.00600357275125 -0.0324673965583 0.00474100620783 -0.00566145498171 -0.59969605089 -0.0446017701713 0.015041981138 0.0161723806304 -0.0119539240746 0.0228882992726 -0.0399481328996 0.0767418792587 0.183897192507 0.051423933267 0.0058855784571 0.085690078353 0.299500987921 0.0786145532227 0.0166212516611 0.118336334785 -0.00537243885183 0.0178991894375 0.182495625355 -0.0177705525834 0.224542924682
-0.59619030138 -0.0287031902923 0.00562103369719 0.028728977132 0.0360584333367 -0.0152945648022 -0.000466933925928 -0.597246855174 0.00591229556295 0.0427296027444 0.0176063322957 0.000603666679315 0.0149335922405 -0.0322539225207 0.00990182710942 0.0509946317997 0.0582956788374 0.0144828672956 -0.183349396594 0.376071981657 0.025598318883 0.0129354189039 -0.129224454747 0.0129025454582 0.00443088130298 0.136991191301 -0.028241634856 0.250156101765
-0.638723894767 0.0466878412175 0.00530459906625 -0.0533037762877 -0.040914190715 -0.00216596503655 0.00686420548081 -0.634162554253 0.0819470671225 0.0226153679 -0.018330386706 0.0229729339957 0.0256552321493 -0.00974387666907 0.0536419770884 0.131090255635 0.105400453449 0.0359191135232 0.05677716025 0.303758965169 0.0403880121297 0.00569042109007 0.00505498565485 0.00214456867528 -0.00177124858343 0.126481070515 -0.0181030330718 0.168149496475
-0.174470752019 2.23285831692e-05 0.00104352335469 2.06207293724e-08 6.05335443567e-09 -0.00100643710701 0.000194338864474 -0.185962738774 0.0147789946575 2.20507807726e-07 1.60246440583e-07 0.01180328231 0.00146637669641 -0.0451880397329 9.20237730945e-06 4.98258236641e-06 0.0509589866217 -0.00298258405864 -0.687851016255 1.91113257108e-10 7.29586944296e-07 -4.54801238501e-08 -0.675723976571 4.17635484482e-07 -3.61264381381e-08 -0.00907100266424 -0.00986205028101 -0.00683085405926
-0.515256611949 0.0234625611643 0.0285669282101 0.0276446729852 0.0218923926805 0.0174081949628 0.00963038854073 -0.494219187548 -0.023585490145 -0.0183058853913 -0.0105145028686 -0.0075923480772 -0.00707909409637 -0.435573579447 0.105347860075 0.212851206069 0.0989650994526 -0.00464147175614 -0.213701110338 0.284201713799 0.0910364304441 0.000147860256172 -0.262321486419 0.0322880699263 -0.00324027124188 -0.149033568095 0.00361590094397 -0.058160061589
-0.58299539639 -0.00955766962386 0.0202505660366 -0.03840768484 -0.0377497020068 0.00434919226011 -0.0048479752731 -0.570582442148 -0.00466949990106 -0.0357001165586 -0.0036868048687 0.00915781956237 -0.00871607679793 0.0282259666051 0.0082831481199 0.0211646997464 0.137938215595 0.0126379678894 -0.312793646579 0.243573536886 0.0230232100111 -0.0104280930978 -0.34734442676 0.0182716739371 -0.0120571904821 -0.0180850271192 0.0294416759279 0.17032420016
-0.421320531634 -0.00183985203959 0.00534136490885 -0.0137062678693 -0.000372450064656 -0.00086164267529 -0.00219050409287 -0.446780598513 -0.031143769339 -0.0150267109722 0.00975781028897 -0.0328961072837 -0.030969004518 -0.452941440683 0.00827062887207 0.0416933792477 0.146117055812 0.0326433429251 -0.308508732238 0.111324046876 0.106910632775 0.0211923810655 -0.383225156134 0.0380990744776 -0.00668298937168 -0.331609695709 0.0529129505097 -0.0967874962384
-0.174154282485 -0.000446193157241 -0.00156931068904 -2.28183267961e-08 -5.21400168429e-09 0.00306740019933 -0.00391316290049 -0.200254505144 -0.0240830149609 -3.50751359265e-07 -1.94670196336e-07 -0.0155645900298 -0.00633531647998 -0.0368983870577 9.27243922173e-06 5.02290449468e-06 0.0564553988324 0.0179363363596 -0.684642410971 2.45757964531e-10 7.96374197488e-07 2.59979157781e-07 -0.672571939937 4.86451301791e-07 1.64347349918e-07 -0.0505512274094 0.00127929179683 -0.0127643007085
-0.11909318156 0 0 0 0 0 0 -0.119470543248 0 0 0 0 0 -0.555900324695 0 0 0 0 -0.469609537486 0 0 0 -0.461330167224 0 0 -0.460193723037 0 -0.131839026067
-0.182481973798 0.0105951421452 0.014964643501 2.14658519414e-07 1.46952420905e-07 0.00726037598266 0.00222412396769 -0.187331549161 -0.0187311534235 -2.66484917872e-07 -1.75801017497e-07 -0.0084756472505 -0.00203114577359 -0.0536157931387 9.03120576344e-06 4.87161221679e-06 0.0668771313079 -0.0032072172557 -0.685384743356 1.95884842357e-10 9.67160033106e-07 -4.65998308903e-08 -0.67330118482 5.54299585269e-07 -3.30359863114e-08 -0.0104846820406 0.0102049682083 -0.011324845987
-0.124523902973 -2.30358534382e-06 2.58286178062e-14 8.06939892092e-15 -2.34749884297e-15 -0.000941897532948 1.96800194594e-15 -0.124917331349 2.03211829642e-14 -2.57412140732e-15 -2.16987740851e-18 -0.00073803428513 -3.80783887595e-20 -0.58123600298 -1.8384214626e-11 -5.93901400923e-12 6.84290353822e-12 -2.46500603864e-17 -0.491012432259 3.60087070321e-12 4.05801226625e-13 -1.87006295034e-17 -0.482355721931 -7.33923638102e-16 9.34403727152e-15 -0.371874295603 1.14539124648e-18 -0.137847713232
-0.119093181559 0 0 0 0 0 0 -0.119470543248 0 0 0 0 6.49260506084e-15 -0.555900324692 0 0 -1.13085067013e-11 0 -0.469609537483 0 0 0 -0.461330167221 0 0 -0.460193723048 0 -0.131839026066