-0.0318263189294 0.00835596699963 0.00950296746718 0.0938793108102 0.147938948865 0.0367038259341 0.0219812821224 -0.00479808526017 -0.0147213907855 -0.0643121560443 -0.0137438477865 0.0221710852482 -0.02587540024 -0.111515065376 -0.0638297386292 -0.230454322504 -0.264664953098 0.0423833065519 -0.364608609721 0.702848668569 -0.00139617343063 0.0277343086676 -0.424973741164 0.0787062375815 0.0109020083513 -0.066393346003 -0.00816868656369 -0.00328753512821
-0.237214172933 -0.0163818293794 -0.0575060842173 0.00658251817115 0.0143109357918 0.0284983833909 0.011773204442 -0.236429965215 -0.0517230667741 0.0210219732243 0.0172570058398 0.0244029712882 0.00891204260263 -0.240109009499 -0.0393641533409 -0.103658184912 -0.0820011305556 0.0139998712339 -0.296580188881 0.242546661783 0.00290338129023 -0.000398248430866 -0.752806317021 0.0274609410739 -0.0018464663589 -0.233497307122 0.0152217200349 -0.1818632769
-0.597088505897 -0.00395780026236 0.0911924404236 0.00849977900276 0.102697289053 -0.0164898278008 0.0365214547103 -0.576793069688 -0.0337122388485 -0.00299370842359 0.0628152201159 0.0458235758154 -0.0275353981788 -0.0774360652825 -0.124159061495 -0.140068079515 -0.145024619274 0.0358505143792 -0.0292399736296 0.447578844734 0.00166663211371 0.0162211060117 0.0111457351508 0.0340809776065 0.00917170204821 0.0481182224262 0.016266622846 0.116376961398
-0.316997709175 0.0114127581536 -0.0402428335595 0.0112507019516 0.0133761016842 -0.00480479068398 -0.0139005841924 -0.331800909481 0.0610109712359 -0.0268511259049 -0.0280580335215 -0.0111290911631 -0.0229666154343 0.0939855205727 0.0772377423414 -0.0746583133226 -0.0839505584472 0.015456505924 -0.328672149267 0.21168285957 -0.0187934464797 0.00772868863232 -0.770710493379 0.0113817269047 0.000728505039775 0.0581225825639 -0.015922551289 0.0510226597283
-0.429751186207 -0.0108522778194 0.024432607132 -0.0451427146964 0.0130795176235 0.0126994632148 0.00537689624258 -0.491703175599 0.0692653936133 -0.0551338920299 -0.0626933440084 -0.069564091299 -0.00256424702213 -0.524069561075 -0.132685758392 -0.231666147891 -0.132271592046 0.00753516633822 -0.15280959236 0.379669559744 0.00580985725099 0.0184296330187 -0.112580716515 0.0634122395163 0.00142195290607 -0.0739980291973 -0.0103396455293 0.0135988277263
-0.115725740727 0 0 0 0 0 0 -0.115733008532 2.2161283635e-18 0 9.47482036867e-23 0 0 -0.519439408221 0 8.52119836284e-21 0 0 -0.435803945252 0 0 0 -0.476277792755 0 0 -0.510232660861 0 -0.162151602145
-0.13494295475 -0.000103884592882 -0.011624178093 1.33293473738e-06 1.924175841e-06 0.00431795791383 0.00447887222368 -0.134273669082 -0.00502821976465 8.70830166865e-07 1.24219188551e-06 4.77615034804e-05 -0.000546023927186 -0.478278936555 -4.44002054421e-06 -9.2997746926e-06 -0.000683770867028 0.000219326712805 -0.505363197801 2.19326558205e-09 9.70927445144e-07 8.49694724973e-08 -0.552297127164 1.62092383699e-06 1.09643706775e-07 -0.41211225064 0.00378106868151 -0.0673455349836
-0.506136404222 -0.0447790113522 -0.04806952128 0.0271135606137 0.0267517601765 0.0172495618194 0.00753878439203 -0.537208700508 -0.0784706990858 -0.00429607819847 0.0159798057163 0.0320107753325 -0.00346748021224 -0.0867023943836 -0.00618549896179 -0.0680541413792 -0.083689711077 0.0144636357405 -0.201468539993 0.235068456948 -0.000457716909896 0.00966623441959 -0.562080238932 0.0100213563015 0.00419202194765 -0.081185007303 0.0216538688821 -0.0564886888361
-0.67189331229 0.0320772287774 0.0647907523674 -0.040290914051 0.0248225931989 -0.0268943515536 0.0204301571751 -0.64979310459 -0.057246921287 -0.0301258117292 0.0459278055432 0.0155956995125 -0.0113472398915 -0.105197248957 -0.18861858845 -0.08276614774 -0.0675311936446 0.0281966858522 -0.0126602007554 0.21395152731 -0.0113683870877 -0.00377457849879 0.00534388344631 0.0353386293561 -0.000883940426381 -0.00183749186544 0.00044298747973 0.0696076887971
-0.131253097825 -0.000882709482896 -0.00439509255071 7.2390687278e-07 1.02329582265e-06 0.00184151736569 0.00567850022916 -0.132196203478 -0.00597379496052 9.12959419644e-07 1.29171844439e-06 0.00312557862051 0.00957814004468 -0.484302423979 -5.36054285545e-06 -1.10654348196e-05 -0.00615410273814 -0.000806758771761 -0.492271624064 1.77790700843e-09 1.19437802955e-06 1.51946107308e-07 -0.537989717586 2.06916329792e-06 2.02857776537e-07 -0.43678947144 0.00560568414462 -0.0890827889219
-0.540775870421 -0.0635926999715 -0.0821360801506 -0.0167301967685 0.0205115928295 0.0243227462717 0.00158138284463 -0.531672607277 -0.0639569840941 0.0334971737356 0.0176154732673 0.0132513593524 -0.00164386066733 -0.0495312974003 -0.0345351298917 -0.09929109881 -0.071192008912 0.0185103553021 -0.0845474555311 0.252123597112 -0.00141793294174 -0.000623432528803 -0.561434733766 0.0237395465293 -0.00237641568834 -0.023569807525 0.0182179124407 -0.0283051552652
-0.600441310143 -0.0260760082148 0.0442135220288 0.0198881566308 -0.03409655449 -0.0139656496863 -0.00933262708421 -0.632626599469 0.0582092633289 0.0381624081491 0.0176305874272 -0.0176314003196 -0.000123066130506 0.0194253518455 0.0215413138048 -0.0632073857118 -0.0403390363877 0.00175129128366 0.0472671227765 0.345917820491 -0.00375618094296 0.0229624421549 -0.290023914008 0.00443385013312 0.0222945156184 0.0851858373373 0.00876356447925 0.0919065392856
-0.545686061068 0.00575335630422 0.0331666734564 -0.00345240863721 0.0409022164201 0.00107362173393 0.037747948801 -0.513348956005 -2.91933234518e-05 -0.0149941503002 -0.00485160323303 -0.0126058214632 0.000529428185537 -0.417507585118 -0.163137339164 -0.12968014914 -0.0603985161856 0.00885508293923 -0.316675101356 0.306939993697 -0.00210378114784 -0.00896297705046 0.094363092432 0.0179092902315 0.00506380735775 0.0274819405474 0.0149883319481 0.0881333455193
-0.374332022182 -0.0248085716445 -0.0426760115534 -0.00408716664068 0.0022960306727 0.0172013584696 -0.00319261543659 -0.362919343665 -0.0312836340102 -0.00272325557724 0.000574456448392 0.0172731644036 -0.00580969719231 -0.0412845730815 0.114508255784 -0.027339403331 -0.0471963681156 0.0105775527966 -0.605219465423 -0.0269474525335 -0.0159929983883 -0.000250854429148 -0.58206013917 -0.00253877683854 -0.00196779712779 0.00819011106665 0.00459283178518 -0.00364897451427
-0.55869748931 -0.00841257317022 0.0548288507107 -0.00359122677139 0.0102121554664 -0.000902503514956 -0.00949733311847 -0.565004973685 0.00951633248073 -0.0336591019211 -0.0615545819896 -0.0212018018461 -0.0176577387538 0.114878240832 0.0403398092959 -0.0580010718759 -0.00535678314105 -0.00838638353781 -0.0517045265752 0.227042946641 -0.0082610822018 0.00891741855989 -0.522398001034 0.007730216285 0.0044535208655 0.0743727994592 -0.00404620883251 0.0915615424693
-0.614734926924 0.00804245209166 0.0414693852996 0.00844379756916 0.0191040676712 0.00323050861054 0.00551920259335 -0.674602759533 0.0311014848121 -0.0204940738149 -0.0442563531846 -0.0198456412876 -0.0217006083671 -0.173657223851 -0.0806197337149 -0.103143468735 -0.0751262374226 -0.00739316051337 0.137861214732 0.271267631049 -0.00777140911962 0.0221683731681 0.0680514667707 0.00304871707157 0.0139032454512 0.060812175513 -0.00785085594152 0.0762184275876
-0.527907474622 -0.00525890925771 -0.0382215845374 -0.00603499366224 -0.0166314539551 0.0124067543626 -0.0096075066389 -0.551503169665 -0.00956012949353 0.0200416581808 0.0271037152184 0.019393505667 -0.0233054414793 -0.358946973531 -0.150128482277 -0.178558121367 -0.0685514383247 0.0121490570312 -0.381850289639 0.261758834114 0.00437827333035 0.00127916777083 -0.0197753529579 0.039921922148 -0.00546461590673 0.0713662486565 0.000686774777149 0.0582699927338
-0.397139136411 0.00452278851863 -0.0090547792757 -0.0185647148213 0.0131510591275 -0.00599382673614 -0.00673876285498 -0.41919253742 0.032971028937 0.0211638765782 0.00168619539648 -0.0171418669161 -0.00445730791363 -0.0252411940802 0.134887335497 -0.0142112086655 -0.0650784458646 0.00949089239057 -0.596870467181 -0.0455556686751 -0.0151439102126 0.00103606534271 -0.521191684421 0.0041538903495 -0.00167126737502 0.0889023156375 -0.00723679871123 0.0496924635005
-0.335135065856 -0.0305438825928 0.0368404024058 0.00554380737534 0.000996824238758 -0.0271045304462 0.00716968752234 -0.329837195731 0.0349243267179 0.00442012561776 0.00217268212674 -0.0219127046653 0.00912383927347 -0.0642657528705 0.13490708947 0.0154603543402 -0.0537001171319 0.0119848837681 -0.574771881651 -0.00139320085673 -0.00994127811025 8.83787948934e-05 -0.636894543664 0.00902958816533 -0.00235578044812 -0.106000576622 -0.0272127512071 -0.0147762529635
-0.14216114853 -0.000108483260344 -0.00714799048047 1.34235716662e-05 -0.000250785381462 0.00293227268493 0.00122673353054 -0.142242999273 -0.00125533330831 -8.57613782829e-05 0.00137269891158 0.000426418857584 0.00349602837995 -0.521531749592 -0.00074370459236 0.0026444280356 -0.00427223147923 0.000597408644624 -0.53076470145 -0.00626199545588 -0.00038328656352 8.298484853e-07 -0.499104254421 -0.00485904695752 3.82954953195e-05 -0.392546679526 0.00285418228322 -0.0497818701361
-0.235948606336 -0.00132851928069 -0.00332917579157 0.000146272366044 -0.00476861007125 -0.00421191313537 0.00632896657841 -0.238216396156 0.0115691190048 -0.000531355840274 0.000130664069684 -0.0155863864239 0.00766795160178 -0.512258902316 -0.03517105077 -0.0879752809381 -0.0353906190013 0.00283283527697 -0.522560983648 0.0260485270963 0.0205159287692 -0.000314394405497 -0.527330132363 0.0520326990059 -0.00201677181497 -0.243742206857 -0.00602394322925 -0.000982974468296