-0.0445437928581 -0.0339204027334 -0.294671805244 -0.157051589707 0.0313595263713 0.0239389859159 0.0129677469095 -0.208548121046 -0.368540924411 0.349926494784 0.437163361724 -0.00703006723658 -0.00735492009444 -0.224457385879 -0.182690662053 -0.489928351079 -0.0338249307458 -0.00565774421177 -0.0889002353065 0.104842548565 -0.0545303835863 -0.0184824420601 -0.202890244809 -0.0358290388398 -0.0216001835984 -0.00269070376061 0.0238648215845 -0.000717096935665
-0.587465407179 -0.000793290614194 -0.0362327898299 -0.0456626363681 -0.0498815314077 0.0225104416413 0.00518833859563 -0.619741449182 -0.0725056728327 0.116550655075 -0.0745833046877 -0.0340373775757 0.01719373637 -0.0375296793846 0.0223021900271 -0.242302319604 -0.117755741408 -0.00791920128035 -0.341379155688 -0.153831288166 0.00511560475513 -0.0153783109796 -0.0875903673339 0.0072934735358 0.00244666841764 0.125273263213 0.00786494253158 -0.00531759593585
-0.593797062021 0.0258659171817 -0.0398704706339 -0.103207472566 -0.00177561908067 -0.0484128876433 0.000100866226895 -0.714930388852 -0.113250229826 0.162254511071 0.113333694195 -0.0594365134199 -0.00119945181355 -0.0788993267829 -0.0945320978564 -0.0511127107521 0.0386097147351 -0.00044076002569 0.00178002558756 0.173063754193 -0.00543203025678 -0.0111299671487 0.114438736236 -0.0473707576447 -0.0238930775624 0.00916099293907 0.00259287591917 -0.0108231989747
-0.508914427081 -0.00220992443918 0.0279967776822 -0.0239642704294 0.0975841761342 0.0563672767192 0.00121276730239 -0.529860937891 0.00191659234521 0.14365777884 0.00693102858493 0.0669188061478 0.00153335755465 -0.235423754125 -0.0766682299165 -0.12424859241 0.0145962776672 0.00526918511042 -0.351379141402 -0.0297556475695 0.00357502579249 0.00497684197079 -0.453515705872 -0.0130838253799 0.00745886371413 -0.117001505583 0.00243355453909 0.00704362950453
-0.568877574573 0.00678389983843 -0.0171229937168 0.0660948218321 0.0645611968475 -0.0117725173857 0.0088552121787 -0.609385621843 0.0156486148116 -0.0910134172158 0.111562403692 0.0926351675557 0.00634731391831 -0.282787679425 -0.140178820525 -0.192179299494 0.0352991647789 -0.00228115568883 0.115715536473 -0.0523706279696 -0.0232886115387 0.00570295328156 -0.319031964248 0.0034415787211 0.002410891406 -0.098603170194 0.0169164499293 0.00446895164412
-0.520967219843 -0.0259603747518 0.00918282967987 0.0152966996136 -0.00437361332597 -0.00691406683805 0.00412515782749 -0.712485187276 0.03109681027 0.0394289750305 -0.0912703408522 -0.0340464998208 0.000342009240959 -0.212123597995 -0.0159859379312 -0.263907496722 -0.0407488637625 -0.0014538446525 -0.241399038707 -0.160935996238 -0.00812598785316 -0.0194681110259 -0.0506726853952 0.0635264623306 0.00570951572694 -0.00414027972447 -0.00385034285861 0.00469556699905
-0.564470718441 0.016708035624 -0.0268351387511 -0.0149056579845 -0.0430413123407 0.0295579735538 0.00381199810395 -0.716758544879 0.0747335676376 0.119691330499 -0.0389246849617 -0.0368167897654 -0.00640088936333 -0.179604449724 0.0459085400347 -0.179912179707 -0.0470975575605 -0.00330519184423 -0.239519249545 -0.0361220867551 -0.00041396163407 -0.0159310760399 -0.105431004838 0.0220912383676 -0.00420169004127 0.0359676115223 -0.00499471246179 -0.00374032306443
-0.5880400882 0.058433138619 -0.00493771731227 -0.0691935475624 0.0119711139262 0.00277339708874 0.000995261331542 -0.725884104744 0.0144824518521 0.135343027073 0.0602653786655 -0.0106936229297 -0.00409080179308 -0.197350072313 0.0197492334179 -0.142642935853 0.0169607713124 0.00193108999587 -0.126774840292 0.0987653768581 -0.0234026966247 -0.00726096150199 -0.0963753462457 -0.0236410444573 -0.0117324631599 0.0152494695829 -0.00249244670867 0.00249410294227
-0.580144200623 -0.00107811938984 -0.0812737204666 0.0256741751097 -0.0706362108721 0.0166607339348 -0.00473469162783 -0.737633883593 -0.0538759105909 0.0951258629964 0.0633074600324 -0.00940565424999 -0.00534070384108 -0.0161724743521 -0.0475904754314 -0.0987290705596 0.0255165989318 0.00387797265086 -0.20397313791 0.180075070881 -0.0298883403057 -0.00891239350685 0.0196669594764 0.00582505805957 -0.00805463344404 0.0472712439145 0.00554274279306 -0.00130564986897
-0.598541464758 -0.00214784728588 -0.021465110148 -0.0237264182612 -0.0215725313098 0.0248455396889 -0.00758741521023 -0.720572372012 -0.0522795242775 -0.023284619441 0.145103589452 0.0101753968088 0.00100401511813 0.0675854304323 0.00169875429017 -0.0473628330833 -0.0515611870997 0.000203980831884 -0.140600934156 0.0144421050582 0.00820797410339 -0.0040976196464 -0.222868866816 -0.0371844151418 0.010392377518 0.122930571337 0.00988753623373 0.00391499590903
-0.566548901491 -0.0186877030787 -0.032517562769 -0.0143664814766 -0.0144339225759 0.00629259565909 0.000684834093796 -0.767350955523 -0.0639555960258 -0.0957454212068 0.125276804413 0.00106927510746 0.00297372694791 0.0339148006885 -0.00446139601581 -0.0542502048305 -0.053472619196 -0.00330005360701 -0.157274878719 -0.0365660518881 0.0238498017798 0.000597401656154 -0.139969192491 -0.0562860592803 -0.00263807585856 0.0498167969544 0.0103550871787 -0.0197792859397
-0.65483236397 -0.0377496193849 -0.0177287944472 -0.0516931687786 0.0123103786419 -0.0269410096301 -0.00254097230135 -0.736650247969 -0.0850615150274 -0.0736224121507 -0.0402749915449 -0.0192536530588 -0.000335390953876 0.00545840535063 -0.0425535490936 0.0620874456011 0.0166794690528 -0.00712886852922 0.0207002426323 0.0100560813601 0.0256899005967 0.00181089529936 0.00442091522457 -0.0298625853519 -0.0044027215149 -0.0105209681016 -0.00251602298943 -0.0182196147304
-0.663028158182 0.019623117763 0.00605869445724 0.00233967520093 0.0634849423894 0.00967167592272 -0.00658783383637 -0.692975407374 -0.0864313541457 -0.0128545780416 -0.041661076316 -0.013296916708 0.0125898663246 -0.141541236973 -0.0623080196841 0.0299732144731 0.0181068184211 -0.00107886189668 -0.0154007875259 -0.0724654286794 0.0316146127043 -0.00211033264723 -0.142017481875 -0.00497852960187 -0.012376745381 -0.117475858851 0.00388553863749 -0.00889082566394
-0.619741151224 -0.0220526929313 0.0028396194664 0.0261387635986 -0.0177141984775 0.0189804207844 0.00372021919095 -0.700577059844 0.00285175395472 0.113360827886 -0.0675838439131 0.00266688866541 0.00130406747525 -0.0301126838379 -0.0176915523356 -0.00268224387725 -0.010084164461 0.00439857777087 -0.150147211539 -0.00715158054114 0.00959472827898 -0.000856379940401 -0.261496308113 -0.0406520403886 0.00314020152696 -0.107700832802 -0.00685019627538 0.00931121330447
-0.554591041396 0.0140790269422 -0.0207327313778 -0.0218692276282 0.00887454902096 0.0157020575301 -0.00490960791353 -0.639393237619 0.0381794718173 0.138110303358 -0.0159069860205 0.0271151605224 -0.00040068426341 -0.204411810771 -0.0406355858323 -0.0726744619841 0.0262283422564 0.00368188957495 -0.297164320381 -0.0437207358737 0.0016676715232 0.00479574915119 -0.327724095223 0.00104185872213 0.006866318832 -0.115960673402 0.00701046217738 -0.00436039751376
-0.638809913804 0.000319567258669 -0.00527734626594 0.0695100649471 -0.0246835932271 -0.021884963314 -0.00164840697281 -0.677638167101 0.0578988126634 0.0520772826317 0.0829332894956 0.018104241955 0.000235998181152 -0.149180673651 -0.0896581171577 -0.0279082477958 0.00855527395664 -0.00454744927301 -0.235302792829 0.0320092284955 -0.00664908194085 0.00735586092405 -0.101334144976 -0.0116168319489 0.0083083138025 -0.123515656799 -0.0106674197873 -0.00296408445981
-0.608451608771 -0.0147347957566 0.042045294603 0.0105013067522 0.0529622290444 -0.00587937372226 0.00291535676475 -0.654712161256 0.0325574128281 -0.0466582676826 0.0457265866367 0.0223075475162 0.00182885688188 -0.181480420903 -0.118706816314 -0.0898189237252 0.00587837908964 0.00285247946537 0.247037164348 -0.0713822092869 -0.0133581400687 0.00200188777744 -0.23887199471 0.0158304277232 -0.00483585248975 -0.10677330411 0.00906519471128 0.0103994098435
-0.572002791955 -0.00494389319786 0.00455315133475 0.00860974325044 0.0273411612115 0.0323393183433 -0.000514835568975 -0.56745262211 0.000987546903965 0.0227374103872 0.0153563945466 0.0150744223357 0.00257545099015 -0.290518393269 -0.0782543428742 -0.177765963016 0.00714120343524 0.00395941932788 -0.243432168521 -0.05525079339 -0.00100287605194 0.00862536476386 -0.391948154127 -0.00921526507163 -0.00111394030308 -0.0978218277589 -0.000908408016337 0.00713577948497
-0.619360607146 -0.0116707882584 0.0251189007953 -0.0809094951907 0.071434284387 0.00833148980508 0.000557474047907 -0.606949598889 -0.0675859808051 -0.0798301380849 -0.044535393338 0.0140640324032 -0.00203482630519 -0.192320477098 -0.104715616624 -0.164044207292 0.026454223614 -0.000352669926975 -0.273270216621 -0.0230973022601 -0.0150220274354 -0.000928416022532 -0.266711350227 0.00953239526733 0.00658803239252 -0.00915176793514 0.00441418750372 0.00451911113601
-0.606600461318 -0.0134407757649 -0.0342321586916 -0.0628958050901 -0.0048191510654 0.00127594546488 0.000802192131686 -0.601851777708 -0.0250203697658 -0.0465419517211 -0.0138681565059 0.0224683957137 -0.00140774532181 -0.21979080782 -0.0887633144492 -0.203704318636 0.0196651898799 -0.00152558990847 -0.292961092495 -0.0328192882254 -0.0150778052194 0.000227429133074 -0.274811874683 0.00127082483607 0.000433319428463 -0.0103891807287 0.0119833462618 0.00284786536479
-0.619287810206 -0.00539222882864 0.0181833658428 -0.0189046303886 0.049064344091 0.0101701973375 0.000330877919771 -0.658456724982 -0.0428755378801 -0.0910386951729 -0.0259415875885 0.0339869227013 0.00309818763803 -0.174468224956 -0.0371677102817 -0.180133826648 0.0390647853427 -0.00393605189819 -0.206174263564 -0.0219734659196 0.00161592695426 -0.00224700810972 -0.240177702303 -0.00638767260974 -0.00573255184766 -0.0261058725615 0.0216251208746 -0.00292371085801