-0.0070332557408 0.0023151250664 -0.0571695503159 0.00125384339313 0.0514978046645 0.00218929873281 0.00669649704619 -0.00189388760212 0.0155411291312 0.00156873336887 -0.0288210526119 0.0281667839823 -0.0107382448821 -0.0832538668158 -0.118500024422 -0.0992959421219 -0.190644678314 0.0119902327869 -0.450777506439 0.707719935728 0.0509068855964 0.00662988468648 -0.455950037283 0.0789407929753 0.00173796193761 -0.0580453344506 -0.0215817107186 -0.000949991549191
-0.33490436606 -0.0196516089072 -0.0543890489118 0.0307622631049 0.0243231744337 0.0289426962666 0.0101608760397 -0.33631672893 -0.0409439075699 0.0380605223198 0.029452196142 0.0319522146247 0.0103583938988 -0.476591906433 -0.168622703085 -0.0126868042195 -0.0960811156715 -0.00157253474677 -0.266051264436 0.332221091217 0.0566043245934 -0.0123471270469 -0.251748990588 0.073869147558 -0.0115768333254 -0.388611420158 0.00983120407052 -0.306958330529
-0.457095962336 0.0127428596642 0.08441671515 0.00159182376955 0.069603428227 0.00062268430468 0.00338774956089 -0.483413744544 -0.0908334276003 0.0485567025129 0.0282526841608 0.0555626383637 0.00203816341669 0.0972705161189 -0.0397183373772 -0.0725648739519 -0.07939536815 0.015349356262 -0.294544048707 0.577620769238 0.021544108024 0.010307232027 -0.215921559643 0.0730971621378 0.00857589350833 8.84424828193e-05 0.0106273729768 0.186442108695
-0.482275227192 0.028810121157 -0.00579018811123 0.064133282753 0.0437275326827 -0.00514204419356 -0.0143873680663 -0.50375578647 0.0511675764462 -0.0755733878889 -0.0417781863323 -0.033492881677 0.000130302567575 -0.165680393277 -0.113925232543 -0.0861583856863 -0.161183236412 -0.00473562320226 -0.188731226647 0.532365755419 0.0322330012961 0.00885871325454 -0.292879521412 0.0263080230785 -0.0176856650397 0.112558369137 -0.0406363252109 -0.0145939422678
-0.234940657171 -0.00676378291019 0.0355947200257 -0.00905558015875 -0.00661788452708 -0.0172689679411 0.00150355777017 -0.229848067206 0.0236922895651 -0.00602636800666 -0.000643369539568 -0.0143985193205 -0.00445023859837 -0.042405433792 -0.0844104172917 -0.0376152804258 -0.0894931096434 0.00689986930029 -0.775531271752 0.0876022908135 0.0232553427271 -0.000346752772472 -0.507792205039 0.0377633074192 0.00173410018548 -0.0384089796157 -0.0194088336568 -0.0146933720191
-0.119002752207 -1.2500563357e-07 0.000171291951796 -4.14662816053e-08 -8.1347785012e-08 -0.000184181870506 0.000128944929012 -0.118778977886 0.000172039246415 -4.16473513666e-08 -8.17026960437e-08 -0.00017988243658 -1.09387583625e-05 -0.522998142577 -6.44975510779e-07 -1.35320597466e-06 -0.00269058921274 1.46039400447e-05 -0.45407093273 1.87748568406e-10 3.10195107287e-07 -3.56265149958e-09 -0.459825016802 6.4887722353e-07 -6.98647857534e-09 -0.514713485181 -5.73807559721e-05 -0.125084082289
-0.117215444634 0 0 0 0 0 0 -0.116995214765 0 0 0 0 0 -0.520890743509 -2.58839873375e-17 -2.28680609035e-17 0 0 -0.44725245228 -4.8711138856e-17 0 0 -0.452920131399 0 0 -0.52725473498 0 -0.13444900718
-0.338969351975 -0.0231742779076 -0.0347221591904 0.00751400956713 0.022215778609 0.011785264714 0.00430926453628 -0.340611292062 -0.0405910872513 0.00550684977142 0.0116246876122 0.012389540001 0.0062546137012 -0.0875526159916 -0.0767713959229 -0.122434755204 -0.023906410956 0.00435916548594 -0.670429064665 0.0678476491855 0.0067240661726 -0.0043158376421 -0.488397360637 0.0252030590019 -0.000531085695253 -0.188020631523 0.0229400654561 -0.0793727849838
-0.437165434242 0.0419869671167 0.0476364407089 -0.0221435503342 -0.0253923756712 -0.00711204934704 -0.00154920261385 -0.423690177293 -0.0377687837665 0.0239311143792 0.0174346771013 0.0155317132086 -0.000221818844377 -0.0431585880527 -0.111323457547 -0.144245493994 -0.0574359907852 0.00897692319378 -0.640326296786 0.101114433669 0.010576036995 -0.00368230724662 -0.39737588261 0.0396001390662 -0.00472467301403 -0.0395572707789 0.016793603004 0.0381359075463
-0.117215444634 0 0 0 0 0 0 -0.116995214765 -3.95158286784e-17 0 2.57697461299e-23 0 0 -0.520890743509 0 9.67428056492e-17 0 0 -0.44725245228 0 0 0 -0.452920131399 0 0 -0.52725473498 0 -0.13444900718
-0.643027667567 -0.0679489791903 -0.0800215393804 0.0195063400971 0.0109538855994 0.0195633047277 0.00869692315987 -0.645128929736 -0.0344399913127 0.0417502144677 0.0179424335614 0.0308836243464 0.00997589254227 -0.164259855278 -0.144362148737 -0.00355613782094 -0.0791374417776 0.00185371859277 0.0330854699542 0.290268526254 0.0442586923283 -0.0138520236864 0.0501745653347 0.060787401593 -0.0128389513576 -0.0735342302147 0.00736562450651 -0.0244866174328
-0.590229987105 0.00843783878569 -0.0261955031547 -0.0625718591681 0.0172884911969 0.0109998153466 -0.00208865676244 -0.591354192338 -0.00295885905088 0.0419002839352 -0.0064452915063 0.0418445348575 -0.000782179384648 0.0239243753485 -0.0120708536367 -0.0144010271939 0.0207816791264 0.00677860710335 -0.2197455654 0.309478429076 0.00350908732697 -0.00218793205345 -0.291772061798 0.02365973046 -0.0103717005097 0.078019856862 0.00756562373638 0.236318315294
-0.615862855946 -0.0310887965799 0.0696209779444 0.00752236336621 0.0163873522736 -0.0164581035112 0.00728177950093 -0.609005439403 0.0705309154918 0.0175791017288 -0.0045827623382 -0.00137785211981 -0.0001840461203 -0.101654926605 -0.0866513057027 -0.0575748608698 -0.0617700862465 0.0196280127371 -0.0135016384371 0.412191703295 0.0132201519571 0.0154438005205 0.0546331090715 0.0539450404805 0.0172707049013 0.0649538282659 -0.00917450858392 0.178057348761
-0.399939650656 -0.0180094123265 -0.0345671864329 0.0212908300891 0.0109559341389 0.015841763995 0.00180060215335 -0.398983079405 -0.0354465682544 0.00344674649407 -0.00625124877115 0.0203905039324 0.00554687706759 -0.118431924167 -0.0595470219269 -0.0281941806934 -0.0721957643323 0.00212975542605 -0.719454677064 0.0748783880327 0.0144095511368 -0.00250905159833 -0.350922717908 0.0276023834768 -0.0141757560421 -0.0164189685042 0.00499433731426 -0.073051704289
-0.604032236507 0.016239792713 0.0216646794134 0.0325786776399 0.00112940708087 -0.0268291025589 -0.0113781535461 -0.650480423153 0.0322680908423 -0.0572288013488 0.00297158529225 -0.0153883599237 -0.00217897221328 0.00956951137705 -0.0615354087843 -0.0535004358663 -0.0661397508042 -0.00716881577667 0.128308608338 0.335521551426 0.0136405153076 0.011323866074 0.0539127955319 0.000252292387469 -0.0108502185149 0.19168713294 -0.0284858802812 0.153981521409
-0.494613713758 0.0107373300188 -0.0373038047549 -0.0167897142653 0.00244258201481 0.0265061938095 0.00858953115817 -0.466871306502 0.0102714375267 -0.0175619006951 -0.013243683305 -0.00605503091972 -0.0113800707373 0.072168110826 -0.0803957851244 -0.0232510988635 -0.0721285529239 0.00995464007982 -0.606874829725 0.0857167807859 0.0198374700835 -0.00155638910885 -0.328407251531 0.0332084130097 0.0026437608612 0.102658964642 -0.0158918266409 0.144066076834
-0.161945027271 6.39229935164e-05 -0.000254763145486 -2.66222503843e-06 0.000501611196952 0.00154819735279 -0.00087432826708 -0.161795915284 0.000638355463921 -0.000138142689795 -0.00151950618541 -0.00418587410093 0.00249666485585 -0.646178737902 -0.00994648277664 -0.00954299478253 -0.0102369154562 0.000380473689088 -0.519124968043 0.0292290881104 0.0274207117244 -0.000148682350573 -0.391325600707 0.0578691477793 -0.0041083528553 -0.291450316193 -0.00880516319564 -0.130785190074
-0.396493331227 -0.000462155656252 0.00437188224793 0.0117112154192 0.0166962495544 0.000670413669452 -0.00268193871868 -0.424848402025 0.0379832310799 -0.0186459236942 0.000749238783803 -0.023004032338 -0.00557509859715 -0.053804475608 -0.065742540659 -0.00873903012426 -0.0692415973002 -0.0025724873401 -0.716745814926 0.0852514846865 0.00729877272464 0.000681687681332 -0.343537027497 0.0104605261439 -0.00229406933928 0.0873361456368 -0.0227782337033 0.00913407207796
-0.126705192386 -2.02788027838e-06 9.69067044082e-05 -4.66435208262e-05 -4.78329093462e-06 -0.000757053940402 0.000190531898203 -0.126467120424 9.4541399515e-05 -4.67814751855e-05 -5.00401770025e-06 -0.000747040815785 0.000197849631011 -0.546986803893 -0.00249771427307 -0.00110424045475 -0.0086777466111 9.77445383312e-05 -0.479868924099 0.000953126749674 0.00437170252567 -0.000120305642181 -0.487508659695 0.000161964596636 -9.90536850843e-05 -0.426975844368 -0.00106834063563 -0.135664426117
-0.400034451325 0.0143969419651 -0.0228224654466 0.00253812480939 0.00466504152605 0.0104180202861 -0.00105682380241 -0.411179572086 0.0378274501224 -0.000316194582255 0.0151821456697 -0.0125641716713 0.0011759491801 0.0062238319454 -0.0723440293215 -0.0526697445758 -0.0645045777939 0.00329184160819 -0.644073264806 0.0851957457997 0.0199332475211 0.00122964832444 -0.480799932382 0.03660147393 0.000367426441244 0.0121877285543 -0.0245401775278 0.0158809513562
-0.119102207254 1.1221390226e-06 -7.60784483857e-05 1.85187167296e-08 3.63168879594e-08 0.000215977703428 0.000661321433281 -0.118873723185 9.8682723281e-06 -2.40246806895e-09 -4.71134308498e-09 -2.76202897219e-05 -0.000150965282072 -0.526265983319 -3.30118530127e-07 -6.92793729098e-07 -0.00343812256017 -6.96229092834e-05 -0.454432692273 5.85935860843e-11 3.98768275597e-07 1.72417831114e-08 -0.460191360738 8.33779755475e-07 3.37817340002e-08 -0.510530299636 0.000514711591002 -0.125653754093