-0.0230237716049 -0.00148244457619 -0.0590916799799 -0.0275057359634 -0.172854394855 0.0238747214402 -0.0871537045293 -0.0249947396863 -0.0711153227044 0.100642983503 -0.116146810329 -0.0409010163106 0.1431402956 -0.169255780122 -0.0901075696852 -0.249553825761 -0.449817231349 -0.0020280521188 -0.241649303582 0.609114683235 0.186324484887 0.0381485440223 -0.287910510625 0.156029281195 -0.022708078883 -0.164659191206 -0.0591972495525 -0.0192499695486
-0.498943642305 -0.0296759190538 0.00777631449577 0.00636684739835 0.145743910249 -0.00665606463911 -0.0146815991393 -0.512983086017 -0.104085711005 -0.0894092400821 0.100343068963 -0.0334385991245 0.060134455006 -0.164172273358 0.0370043203316 -0.18926157934 -0.198743942765 0.000446100502461 -0.380316873423 0.399002190556 0.0566757614403 -0.00933782833899 -0.111371467208 0.0383500476679 0.0033318518465 0.0239484863805 -0.0307141697613 0.0748560684472
-0.51814147336 0.0144936375441 0.0630777135656 -0.047302467682 -0.197243578932 0.0324672658976 -0.00821009433066 -0.489358340838 -0.0956484220482 -0.0885715365127 0.0323774098183 -0.0279703188264 0.0393600596236 -0.0746613330294 0.20685063522 0.00511718199096 -0.208432081602 0.000660387574608 -0.395303222975 0.135586621567 0.142055866932 -0.00420412074901 -0.356287526791 0.0603298694239 0.00276258398745 0.00225387860708 -0.0297664221162 -0.0841087403119
-0.492540685249 0.0379103997327 0.00237913976182 0.0585158838129 0.190814940712 -0.0347037980793 -0.0499885387068 -0.456941601668 0.0477734727353 0.0666070477686 -0.111459399573 0.054251386967 0.0474263845825 -0.183013067454 0.0129871929475 -0.079818853136 -0.179160324121 0.00919073360198 -0.330268715178 0.134425785687 0.155420098155 0.00849184708348 -0.425043576849 0.0665292431633 -0.0397386866612 -0.258606240437 -0.0100556204634 0.0453407034627
-0.523815841677 -0.000913888294245 -0.0294434355642 -0.0987618698544 -0.0871348032338 0.0301201631657 0.0276518128282 -0.546079996182 0.065673739282 0.135745003291 -0.123406724234 0.00579665720507 0.0406458735112 -0.195681898864 0.00367172657717 -0.0880250311454 -0.196911840087 0.0045014487459 -0.34906718337 0.268185379967 0.136604799452 0.0462191952545 -0.0795295312552 0.104517924856 -0.00428145278784 -0.182160064314 -0.00600033011657 -0.134056672459
-0.57480578964 0.0138658248397 0.062259709601 0.0923492120101 0.0819866623953 -0.0131295127463 0.00474779470111 -0.500744603589 0.0114237880462 -0.0183352527806 -0.0318982142405 -0.025462176638 0.0130397415495 -0.301384248426 0.00231663675615 0.016932820332 -0.216084956789 0.00318013187351 -0.399997848244 0.115860776352 0.0803841801453 -0.00507683812983 -0.266698403335 0.0515021572887 -0.0108325941328 0.00691490131275 -0.0215925634086 0.0699162864521
-0.450709248022 -0.00770850694257 -0.00074395413348 -0.107328943635 0.0377927623989 0.0191172331888 0.00646896099783 -0.437622762809 -0.00842881026375 -0.028803686118 -0.00538649844481 -0.028628446855 0.0208019269101 -0.405917993833 -0.130325857759 -0.0797400350915 -0.154200117837 0.000796379092792 -0.466128326112 0.0580489389436 0.100445023424 -0.0141728851319 -0.365770024006 0.11241180976 -0.000460283833996 -0.00981086882992 -0.0193914607216 0.00523133983966
-0.444479914075 0.00462276401445 -0.0244815049264 -0.0125059658542 -0.0606018270926 0.00268894242078 -0.0084551726819 -0.473839754927 -0.0184482948276 -0.0739504394961 0.0342292375905 -0.0294352834156 0.0189843318743 -0.369442460149 -0.120556650801 -0.0518500941435 -0.17642262079 -0.000890721094671 -0.431652469318 0.0111382945348 0.112921375462 -0.00627019090233 -0.412785993474 0.0862736523491 -0.00452283370869 0.0135040442606 -0.0259808451721 -0.0488884201241
-0.616164332615 -0.00336355984412 -0.0826164178413 -0.112371972416 -0.0386009550172 -0.00527776029778 0.00666861822662 -0.55355373804 0.00488339044798 -0.00146448285694 -0.0342802542391 -0.0411142862471 0.0204523781445 -0.285626227521 0.00827824107262 0.0199336765387 -0.22886294189 0.000189564664462 -0.288473120661 0.0206555786711 0.0804582238449 -0.00653045006309 -0.217554787006 0.0157143943174 -0.000803661106284 0.0220462124326 -0.0355412583692 -0.125181449653
-0.568612151609 -0.00938017517218 0.00116817542391 0.129361504164 0.12622981477 0.0132898880599 -0.00592673683328 -0.447337540738 -0.0235746653854 -0.0153152721142 0.020415033795 0.0108600168119 0.00590852607376 -0.158528180563 0.042897084014 -0.0450718979357 -0.101928113687 0.00782103081213 -0.546735300531 0.0669390093482 0.00299324734856 -0.00253982696391 -0.302034824895 0.0129129008446 0.00430410019278 -0.0751636085398 -0.00873241113163 0.0472731309009
-0.613957763086 -0.0348376492182 -0.0342109846782 -0.00357146359032 0.0205534007365 -0.014764582725 0.00476128663588 -0.681656948576 -0.0735288796356 -0.016787739989 0.0330495214424 0.0238176273987 -0.0100922761113 0.0333189529524 0.0543522380665 -0.138818642574 -0.0504519378109 -0.00476072722528 -0.0622455030465 0.323870520001 -0.0247412679184 0.01438274467 0.0997744465111 0.042891639705 0.000290809802729 -0.0234682870598 -0.00610266840394 -0.0043243726847
-0.593616630466 0.0650052886258 0.0479632356391 0.0240891075881 -0.0161720932885 0.00211874264126 0.000368892215208 -0.683002599179 -0.0588166006609 -0.0545251844402 0.0306044077159 0.055396269914 -0.0199941851956 0.079638889967 0.224979611261 0.0196098719093 -0.0317399278398 0.00416395446361 -0.179411006383 0.0973181241377 -0.00673159016503 0.0113098350688 -0.24715777563 0.020353143908 -0.00136269584992 -0.0341160385793 0.00519280675686 0.00477746043122
-0.545983245901 0.00340372107522 -0.0586888821069 -0.126588765315 -0.0515721673554 -0.00500550686718 0.000227629849295 -0.482570355842 -0.0177584640108 -0.0173937681254 0.0351934708636 0.0217727577466 -0.0044691815356 -0.23479575475 -0.0233965292253 -0.0159979264856 -0.0948273465889 -0.0045538147272 -0.542556874507 0.080483122735 0.0410672942473 -0.00315678888823 -0.206475403673 0.049739752556 0.000793971075195 -0.170700714959 -0.000701985594298 -0.0527146696363
-0.51013330395 0.0179106109561 0.0551855097422 0.120263707164 0.109487857359 -0.0304694380306 -0.00604247151578 -0.443350866807 0.0286368989205 0.0524582929701 -0.0826916039789 -0.0118403440288 0.024486379901 -0.286693328404 -0.0101251092578 0.000916744072766 -0.110766863564 0.0112495806157 -0.491991150227 0.028860596297 0.0312557678958 -0.00434828024662 -0.287988851348 0.0197030271134 -0.0143224769661 -0.276409324939 -0.0179667013665 0.0493978858786
-0.602070181132 0.0516361356881 -0.0752668134463 -0.0151931570913 0.0378714338189 0.0310122496111 -0.0116575763216 -0.576399616964 0.0504846670934 -0.0316470600436 -0.0722070840671 0.00936888877582 0.0206177002957 -0.0207689560831 0.163147880353 -0.0604993700125 -0.0532835301719 0.00428760265112 -0.355866843587 0.0465554509265 -0.017016138387 0.0057010773495 -0.265797718908 0.026185725783 -0.0112080868772 -0.222385112612 -0.0336136020974 -0.012735566458
-0.610000391667 -0.0488365177907 0.0551889040547 0.0442331836554 -0.012737448131 0.00112065026478 0.00993092923738 -0.654100486492 0.0652061620897 0.0549224952129 -0.0477298981454 -0.0376097466299 -0.00996545133626 0.00911905284277 0.0857336108851 -0.0600951435922 -0.046436728818 0.00489187907826 -0.256884427019 0.270539132506 0.000360677618995 0.0235677379111 0.0522540664018 0.0310714897075 0.0204852261145 -0.153265037579 -0.0275371390013 0.00406423372286
-0.555260817005 -0.00281012308205 -0.0245455426201 -0.09081845163 0.00577357374009 -0.0140018760272 -1.77262929058e-05 -0.540302604838 0.0145817721218 -0.00135856198242 -0.023641185821 -0.016921034832 0.00741783400609 -0.177981934713 -0.0100053681447 -0.0841363404378 -0.104022275577 0.00202843451414 -0.497347359633 0.134384034388 0.0500985111474 -0.000847127857292 -0.201566795031 0.115671691453 -0.00167388527855 -0.105493960954 -0.0144058003552 -0.0812540881607
-0.650540684984 0.0136854837024 0.0924952401197 0.114456093443 0.0346595138314 -0.0303079731671 8.37294456305e-05 -0.573816272054 -0.0189769082902 -0.0045636465323 0.0241030926684 0.0467798705026 -0.00990441846826 -0.191048746983 -0.0984797910419 -0.0143017807243 -0.145953702226 0.00294111145366 -0.195185475454 0.0794511554015 0.112751515004 0.000996865740069 -0.284255504076 0.0482455648527 -0.00600200491139 -0.106811328282 0.0038947480249 0.0299101790553
-0.492959426183 -0.00534642713185 0.0218533601855 0.0266060593983 -0.0227444793016 0.00411926075153 -0.020648203044 -0.522714063042 0.0345847748726 0.0603212469278 -0.028267791771 0.0383817960887 0.0174553073872 -0.331444166731 -0.196193810991 -0.0680868644128 -0.0926259668235 0.00209708114825 -0.283769867285 0.139700909186 0.138924547232 0.0159507218819 -0.417316934358 0.0737908486684 -0.00809968698735 -0.114494066307 0.0108283665713 -0.0110106998042
-0.489238323295 0.00218170814364 -0.0684474425893 -0.0593970124522 -0.0212658888507 0.0114175840446 -0.000681895681886 -0.497787862377 -0.00450765846205 0.0310497319946 -0.0183975613313 0.040967403081 0.0232222210397 -0.393216358252 -0.206892684166 -0.0491956042541 -0.0939821513686 -0.000826447523104 -0.31198242767 0.109884403207 0.133082510744 0.0214848377376 -0.358597845005 0.0935368619592 -0.000425866874516 -0.132688322795 0.022868861916 -0.0937200189796
-0.623148750533 0.000273864689344 -0.102442375311 -0.0997700547266 0.0198297224031 0.01704091376 -0.0019620403806 -0.566055940013 -0.0159893301673 0.0332447505721 -0.0156165692772 0.0349573079435 0.00376656408733 -0.27457156002 -0.100455670147 -0.0323397507929 -0.167837444029 -0.00631589923425 -0.204430618478 0.0445775420734 0.131403035735 0.0202790498471 -0.148500876939 0.128813594777 -0.0137352663885 -0.141256065564 0.0222282403346 -0.178366936113