-0.00751631261643 0.000141952755831 -0.0663881164843 -0.0526333342282 -0.0534370202137 -0.0756660956855 0.00388939168454 -0.0455214374322 -0.0313469538524 0.050119607096 0.23147944647 -0.213060903723 -0.0139330598782 -0.0565259040498 -0.153038373079 0.255074121818 0.169600940635 0.0443931382611 -0.236467129423 0.516206481837 -0.528801556644 0.0492489305371 -0.182889405356 0.278091455615 0.0308013628838 -0.181714507027 -0.0882228568621 -0.00627099604257
-0.606148345809 0.000784702821226 -0.00136718413594 -0.00481573973704 -0.0533381513671 0.00541185913096 -0.000812084917263 -0.677327235734 -0.00758121370784 0.140453793155 -0.0355409890037 -0.106431603394 -0.00371949489283 0.0514964063574 -0.0694330828406 0.0566320307944 0.000342772728557 0.0170110918621 -0.0997803303471 0.205326180515 -0.218336337195 0.00642690637538 -0.108599489236 0.120326582043 -0.02421205268 0.00799588957177 -0.0283331789494 -0.000444937925882
-0.629778984541 -0.0047035128045 -0.061168598853 0.00603297312161 0.0410248380803 -0.0471561840824 0.0143679943605 -0.650541217403 -0.0183766290845 0.0223605835446 -0.0864970595801 -0.0771945894914 -0.0175989675161 -0.00484467770757 -0.0539531487247 0.08202555147 0.0703734968391 0.00311084457479 -0.116525859302 0.239180916295 -0.174366127187 0.0468968934753 -0.0841401435322 0.174479855118 -0.00734221837503 -0.0392175718088 -0.00760276042776 -0.022072965962
-0.587696757299 0.0189082061169 0.0236370836834 0.0297598435395 -0.0682529027172 0.0111709347506 -0.00988679594392 -0.656927202892 -0.121420467003 -0.17041140636 0.0900294176982 -0.0235308814083 0.00666818629221 -0.0551751907722 -0.127275098158 0.127277901921 0.127908526017 0.0317563227572 -0.126767674691 0.191068336251 -0.204545918711 0.0289582082253 -0.036454492739 0.041135256495 0.0350708896275 -0.089777273831 -0.0585344845734 0.00926646718945
-0.571231847654 -0.027905935646 -0.0337102234134 -0.059807818561 0.04459251432 0.0343199775937 0.00524999286778 -0.624893415994 -0.0468536463359 -0.151234892314 0.117010069194 0.0238380086419 -0.00932202835597 -0.129515992469 -0.0204428517361 0.152285332596 0.0934110183782 0.0252405088796 -0.143987272546 0.173573211109 -0.19635746999 0.00597043293242 -0.157556510578 0.106611929737 0.0278768534801 -0.238243408702 -0.0452531151425 -0.0113953458817
-0.638459318309 -0.0395278878188 -0.00450600102638 0.0583535455806 -0.00710973162651 0.0178556634096 0.0125558416999 -0.726387632943 0.0117384744227 0.116079399221 0.0034326542585 -0.0273504042138 -0.00891634301454 0.065670630562 -0.0449389423246 0.0403214421202 -0.00707953652971 0.00172793623573 -0.0762434567574 0.060685408576 -0.134698052556 -0.00484798325431 -0.0580946955874 0.0721079768509 -0.0174723340214 -0.00619261994805 -0.0131081910776 0.000561733943829
-0.630237812917 0.00458081344039 0.00712677868514 -0.00583293723722 0.00120005026846 -0.000632747009658 -0.00377983772344 -0.729653347335 0.00243657556309 0.107885137597 -0.0171789462431 -0.0343442474428 -0.015161787164 0.0790591217557 -0.0397021389577 0.0265301967713 0.0223623768808 0.0174787791033 -0.0776966384874 0.0643160750694 -0.115810691522 0.0428112109274 -0.100442850617 0.0874463443985 -0.0137667917347 0.0575636277382 0.0186823789611 -0.0243447309161
-0.536780958204 0.00360875397208 -0.0022203004795 -0.00655448698926 -0.000698498372045 -0.00604721581735 0.00304175345282 -0.793784736783 0.0185533197313 0.172519619494 0.0185663427009 -0.0442987936423 0.00326079963902 0.0226170490437 -0.0437838378464 0.019508741321 0.046904377592 0.0125497942048 -0.106130515181 0.0288978358651 -0.0958707630085 0.0445001307741 -0.0967750397014 0.0989020971535 -0.0147940823996 0.00527592381386 0.0104228113956 -0.0360629024704
-0.595579876592 0.0528012936779 -0.0154758272769 -0.0449038517592 0.000231696165835 0.00704549341541 -0.00407566396148 -0.758683973255 0.0354925299924 0.12481933024 0.0216006554559 -0.0646368534511 0.00674056363672 0.0100964392375 -0.00979016240511 0.0682464189632 0.0611796347884 0.0151960464079 -0.0878911321707 0.0477269216722 -0.095589630434 0.035862380998 -0.0482148231259 0.0966942500966 -0.0114000806254 0.030401983712 0.00403354459859 -0.0322984049339
-0.683352651012 -0.000435305594728 -0.0193330603283 0.0584827317723 -0.0261859745321 0.0228572900634 -0.00056355056857 -0.695175707557 0.0121430251658 0.0236372468573 0.0191019411972 -0.0560504389687 0.0171655114385 -0.0378966207401 -0.0426499612249 0.0281250475126 -0.00460231083382 0.01203426261 -0.0600630869141 0.106032668267 -0.136087649232 -0.00429949807409 0.0149671421788 0.0242824833747 -0.00974555895663 -0.0167531648812 -0.0320902510694 0.0207303504059
-0.584274912796 0.0460662453848 0.0322468135314 -0.0458961666878 0.000964186251645 -0.00485990257103 -0.0154325318343 -0.730428236594 -0.00140747140984 0.111842917613 0.0302935674826 -0.0647020467647 0.0153788110097 -0.0382851860765 -0.00345777146587 -0.00673279622952 -0.035519820683 0.00122670856106 -0.0865292807967 0.207020414456 -0.065517592278 -0.0132571903082 -0.189013980783 0.0333033773527 -0.012905515478 -0.0754773191083 -0.0368568113388 -0.00764371575471
-0.692585159669 -0.0418438902287 -0.0458994349152 0.0563717530789 0.0131475612705 -0.0506567491579 0.0130443899502 -0.661538968042 -0.027557645748 0.0374016151976 0.029748916957 -0.0254447617032 -0.0081088797339 0.00421795531661 -0.0513804626276 -0.0148090790863 -0.0420416449437 -0.0118236887809 -0.102178986267 0.191322639323 -0.0371084693977 -0.0096702072827 -0.0992319944636 0.0112775860626 -0.0108271277094 -0.0730843327324 -0.0160745943049 0.000145774270693
-0.662181624396 0.00847921573102 0.0375740923003 0.00135346793322 0.0108635214886 0.0450112514838 -0.0150295404566 -0.67397773106 -0.0426107256224 -0.0607149661012 0.00150328789205 0.00833979482691 -0.00513416273911 -0.144182110352 0.0264803909873 0.0892053163645 0.0154718874104 -0.0159370919746 -0.0750013026438 0.150387370345 -0.060152452517 0.00971053582237 -0.0565660665636 0.0989475647174 0.0126989964746 -0.150195712696 -0.014010493899 -0.0035261804808
-0.702141711602 -0.00308938912028 0.074490250893 0.0819280907078 -0.00182900648143 0.0280545832523 -0.00393074227105 -0.648535461535 -0.00360735061213 0.00864754849328 0.00278578946642 0.00895582817425 0.00725765912656 -0.0922795206388 -0.164335659176 0.0440965226961 0.0700064878304 0.0094010382698 -0.117439871689 0.0506584206483 -0.102737253363 0.0133140966836 0.00429189652672 0.0416660498881 0.00255875977098 0.0187114985611 -0.0218990654911 0.0309369404803
-0.682828586064 -0.0207854137636 -0.0306339027185 -0.0547253398222 -0.0763639154639 0.015552304277 -0.00610479136644 -0.605028761502 -0.0239415627504 -0.0244849163057 -0.00341657775034 0.0130234252875 -0.00417323996683 -0.190953865144 -0.166060194125 0.0842033248147 0.0257240976638 -0.00561445731931 -0.155678676777 0.166909353174 -0.141041962582 0.0139617344817 -0.100526695898 0.00953392037968 0.00958596583854 -0.00558406659434 -0.0388702082396 0.00153154906999
-0.591233881677 -0.0233510747054 -0.0419217461376 0.0219688006907 0.0186972106248 -0.0384409840916 0.0192684220563 -0.596295416039 0.00517284669741 0.0384358277446 0.037408030543 -0.033618132255 0.00584012667215 -0.326532531773 0.0298453025668 -0.0323836151181 -0.022143364849 -0.00433128987086 -0.202993662975 0.169695892874 -0.126059126683 0.00541172088524 -0.232112093381 -0.00201076130549 0.0116924764172 -0.188178359639 -0.0370081646302 -0.00546242144549
-0.685595866007 0.00405572989991 -0.0197973355081 -0.08011666114 0.0344391619585 0.0451515399362 -0.0073420823372 -0.645257262511 0.0414246832171 0.012598713751 0.0388933488532 -0.00252685265085 -0.00103643361221 -0.100565084363 -0.0132313080435 0.0758124463391 0.0324866879762 -9.97957828126e-05 -0.119049554136 0.0886588254208 -0.102645898452 -0.00643613954618 -0.15995672109 0.0765905803284 -0.00834218089172 -0.132044490091 -0.0375959922664 -0.00525569367596
-0.602173174356 0.0549231870935 0.0154283503404 0.0471725953371 -0.00816208592091 -0.0146185891836 0.00316670117233 -0.742580726071 -0.0443412269158 -0.13242724463 0.00205576753876 0.0168975908178 -0.0258125308931 0.0216431095457 -0.0356997547638 0.0948627250236 0.0781072435626 0.0255215109701 -0.0568609799639 0.121878354555 -0.0943763920418 0.017866762494 -0.0103127350713 0.0150597535504 0.0308754564544 -0.114171103573 -0.0245285617084 -0.00113681764993
-0.572032647097 -0.00887095041871 -0.00301463518095 0.00136453925271 -0.0115992904049 0.0232647785597 -0.0124823617725 -0.762494488129 -0.0532305529553 -0.154405198978 0.0431136701006 0.0166352413321 -0.0168224205964 0.00426597064753 -0.0178797720259 0.0659748205914 0.0702561438311 0.0306515457545 -0.0681687021749 0.0892969585996 -0.102229803734 0.0062345639933 -0.0656309909078 0.0425013581154 0.0169606998076 -0.140699581492 -0.0340095917826 -0.0183133948124
-0.538479697731 0.000900787352369 -0.00400337819364 0.00239359957751 0.00370522020058 0.000485935985331 -0.00159095994506 -0.784768099361 -0.0662941871296 -0.152703746111 0.0248133460818 0.0553574604452 -0.0212821571226 -0.0306903722833 -0.014093953643 0.0786397151342 0.0671671820121 0.0261451859613 -0.0719894485042 0.0797674492601 -0.0969796150409 0.0080517171582 -0.0591600487483 0.0593061071444 0.0128029491471 -0.142119960669 -0.0210448089471 -0.0305972581402
-0.622770721242 -0.0411863697292 -0.0179566963975 -0.0370841378984 0.00469292322589 0.0235474924831 -0.00462792305023 -0.738435754988 -0.0814492327217 -0.113224016495 0.020494201846 0.0135122764015 -0.00694489281748 0.0164441025367 -0.0380895944228 0.108919850606 0.0719472028303 0.016720588232 -0.0351933662202 0.0888688104893 -0.0695592785696 0.0004333618066 -0.0249917719634 0.0490924411143 0.0319797231194 -0.0753145829731 -0.00378653294744 -0.00363651055258