-0.0609307961315 0.000848638251968 -0.282301668507 0.00206242967515 0.173621257998 0.123144526546 0.057462954689 -0.00122470759773 -0.0114456688861 0.0145126974027 -0.0328390746105 0.00156944469144 -0.0281614349853 -0.301814802554 -0.15303560838 0.607294746064 -0.367496970748 0.0209566792009 -0.0805291854791 0.392820078334 -0.0308066132486 0.0230190585439 -0.269863819185 -0.0596687678385 0.0167614016391 -0.0892295574802 0.0061599222069 -0.00299138281734
-0.409222044376 -0.0161328670111 0.00324522139384 -0.0023461779526 -0.0530068142837 0.0108063759064 0.00550952620555 -0.447742721954 -0.043249896526 0.0212143061039 -0.103282495614 0.034135441009 0.00642046923413 -0.277897180179 -0.0332020887306 0.427987264272 -0.133636081335 0.00882464404514 -0.371344419013 0.171023780228 -0.0289358025894 -0.00544195204939 -0.370240708393 -0.0340536258935 0.0134821114779 0.0613713685371 0.0169922748308 -0.157194159818
-0.634194279379 -0.027379222317 -0.155139734511 -0.0086300341241 0.0426266694163 0.0570161953373 0.0119743090706 -0.611111817087 -0.0704005850841 0.0842005241269 0.0255840090121 0.0482105688116 -0.00200331793966 -0.249613892452 -0.0137098633367 0.044422663149 -0.19602181682 0.00556604944428 -0.101223344017 0.139604463085 0.0140756581544 0.0212622443446 -0.0102505706526 -0.0123630435126 -0.00807112296613 -0.180373138203 0.0326817310899 0.109417142341
-0.419111392419 0.0354083985447 -0.0845288411113 0.0169821505825 -0.00538337266046 0.0309246114033 0.00185065920387 -0.461867374581 0.102136157445 -0.00544698145249 0.0713571589 -0.0434642714734 0.0222478709489 -0.303184135084 -0.0438465247408 0.420492721169 -0.114509883284 0.00898471874842 -0.355892007139 0.217430387599 -0.0199815030718 0.012131016961 -0.306027757398 -0.00938016678712 0.00855878911142 -0.120168950176 -0.0345290347451 -0.125026634378
-0.587838429528 0.00572772496077 -0.0371659169864 -0.0523089576736 -0.00407983906564 0.0643768451661 0.0208517126728 -0.621405122548 0.131510807345 -0.0608484732467 -0.0124142298841 -0.0250547155282 -0.00403294228413 0.00472296631419 -0.110564360489 0.227042445968 -0.128823054029 0.00474621757244 0.320043851686 0.166284535018 -0.016539166382 0.00496985736371 -0.0712026169416 -0.0104170133163 0.00291120885906 0.00322702853667 -0.0102792080202 0.147197333927
-0.286066176593 -0.00246126778431 -0.0103791736274 -0.00772226122846 1.27508565414e-05 0.0130680523668 0.00183341346316 -0.285078614171 -0.00951241380895 -0.00601436741034 -0.00214911805234 0.0120410999445 0.00161143907514 -0.304518164077 0.0659130230119 0.137219465459 -0.0487861866044 -0.00189908294223 -0.637339680676 0.0543739907203 -0.0143162984545 0.00650427310262 -0.470366871031 -0.0192997292429 -0.00871511238729 -0.15354764864 -0.00388074424837 -0.251575362612
-0.408251308706 -0.00606591336345 -0.00404413154597 0.00662175517832 -0.0274828782073 -0.00544806925356 0.00642823398278 -0.420060944002 0.0149344013378 0.00248084974231 -0.0578164337331 0.0150466303237 -0.000511005126501 -0.184235035729 0.0736571179678 0.190255619614 -0.0687078212517 -2.11573288969e-05 -0.669995046921 0.0383732166506 -0.0252418766782 0.00284111413838 -0.335891299314 -0.0224846139856 0.00574703038113 0.0684309412361 -0.00562111702315 -0.0527716851685
-0.434226691839 -0.00277768473387 -0.024000116962 -0.0113950522285 0.0499141090492 0.00599712565975 -0.00238236472867 -0.433810228014 -0.0280145045366 -0.007844727314 -0.00340463142576 0.018674444494 0.00608312411475 -0.234778992236 0.033402779365 0.145545848349 -0.0820600672105 -0.00620902296473 -0.564555575359 0.062568823505 -0.00962656205054 -0.00786104330238 -0.413256315686 -0.00267974096649 0.000835137359519 -0.13604786028 0.0240464852885 -0.148001341897
-0.684537594584 0.0189937927918 0.102726138493 -0.0178810857945 0.0294921737235 -0.0300184590061 0.00567172462826 -0.633753857605 -0.04372308172 0.0283743431956 0.0282256997517 0.0100875095415 0.000523223784078 -0.208893309541 0.00303952745482 0.0533070511375 -0.0625158011629 0.0127332629096 -0.053163001076 0.071220600981 0.0191662846919 0.00575541357826 0.0549129689941 0.0102165770163 -0.00621914564771 -0.181004241467 0.0157949045705 0.134481462249
-0.649895929848 -0.0394729785695 -0.0343489028942 0.0452760723562 -0.0306287259644 0.0266499407794 -0.000549747790277 -0.621877161775 -0.0244249545423 0.0351366186693 -0.0128360371448 0.0249307920291 0.0101545315639 -0.0857407613417 -0.0890823312489 0.315249266414 -0.0809171156634 0.00820581903629 -0.0497056453879 0.111756781016 -0.0200759887896 -0.0150773321015 -0.12777903768 -0.0324038483849 0.00728843453186 0.163297002678 0.00565858092034 -0.0272702645287
-0.515011769139 0.019304514883 0.00445532363882 -0.0207640291556 0.0303493039532 -0.00258129355342 0.00214136774882 -0.601403562149 -0.0505081607658 -0.0212316095791 -0.0432893110164 0.0361069328433 -0.000520335673282 -0.203905091979 0.0892392864535 0.302472652032 -0.0981558783989 0.0093360951676 -0.36479863728 0.151541614406 -0.0294680803929 0.0129652319652 -0.214426233568 -0.0104501856629 0.0131372520087 -0.0455791762854 0.0490067276443 -0.0810528652163
-0.6578585167 -0.00516851187406 -0.0454847711417 0.0229213833784 0.0840099793348 0.00795508953994 -0.00548501396638 -0.618633281413 -0.0152412121853 0.0459639898584 -0.0117081571923 -0.00425228845834 0.00613360614821 -0.153163876138 0.0273553540525 0.0339967259909 -0.109274322982 0.0049303985156 -0.26983175587 0.0994161954 -0.0193952764461 2.40079002808e-05 -0.221242663124 -0.00555389850057 0.00604022726989 0.0125822465575 0.024034123419 -0.0453461237286
-0.682056358328 -0.00471696324946 0.0627005084057 -0.0174658579016 -0.0565492614853 -0.00514233587881 -0.00466438780639 -0.628881381706 -0.0111679194585 0.00694053394579 -0.0164713305726 0.0119326931383 -0.00819148441518 -0.181545245073 -0.0131731874666 0.0203120161418 -0.0358424438617 0.0102930650506 0.139707148841 0.0575496750067 0.0152301963621 0.02076592727 0.153883849996 -0.0344074875128 -0.00755905527366 -0.134026805065 0.0028265584573 0.172707520269
-0.547279506004 0.0143050991072 -0.0193171647807 0.0455068885142 -0.00992806041782 0.00010550188548 -0.00611471939956 -0.612373267853 0.0509336812594 -0.00782782832624 0.0479375751002 -0.0406732649356 0.021970910558 -0.274914831179 0.0146983721885 0.287971320253 -0.0902751895927 -0.0090695114699 -0.286687990379 0.0537555449684 -0.0532085856714 0.0125371113034 -0.174333026345 -0.0328707569534 -0.00836783289286 -0.0591189536224 -0.0389633145687 -0.155021540682
-0.626717791361 0.00868684840162 -0.0581136629987 0.0128110296049 0.0425388219787 0.00967461202581 0.000984798792936 -0.659105004308 0.0506798721009 0.00337310767119 0.0435151061182 -0.00189059075005 0.00970707665608 -0.0659890420304 -0.0617671772871 0.291884742543 -0.052099037008 0.00913446292087 -0.0457305139605 0.204053515533 -0.000637711356247 0.00802287896197 -0.108892773933 0.0230125527152 0.0137539150461 0.0491205326427 -0.0168671453991 0.0864957708546
-0.627100735474 -0.0179013223533 0.0258974236551 -0.0131857633481 0.00912717299619 0.0115058072113 0.0132020826744 -0.661082305789 0.0680762437742 0.00305127120213 -0.0140669152621 -0.0188150206457 -0.0113531758433 0.0980566246654 -0.127412225728 0.182789335543 -0.0420453386733 0.00808968488615 0.228114819552 0.172875432318 -0.00569871746061 -0.0104372333379 -0.0951664099309 0.0161081411241 0.00211477920947 0.063483725505 -0.00241616269041 0.0795042598981
-0.681743784776 -0.0221177720625 0.0988920545925 0.0414623231517 -0.00936798072401 -0.00975162774828 0.00388313211442 -0.631673503595 0.0172054766935 0.0431749703217 -0.029209666762 0.00877438765596 -0.00716747816991 -0.125242939536 -0.0242525031881 0.10457253151 -0.0372635353645 0.00989685382383 0.163522312674 0.0753185863377 -0.0182540845996 0.0104778696748 0.107093521283 -0.0020652935393 0.00889034567231 -0.124746110356 -0.00464076040992 0.179442562627
-0.120015873361 -3.26614770548e-30 8.74266483934e-27 -8.88670803744e-29 1.16321984275e-15 0 -2.66659792454e-39 -0.119741016041 -1.19724377106e-17 1.34324584708e-15 8.89316294412e-16 0 9.91705120341e-30 -0.53160387594 -5.74466203824e-15 -2.3936503138e-12 0 1.13513126931e-13 -0.417524366117 2.44568460024e-14 0 4.68228440788e-25 -0.437191448676 0 7.29800781479e-25 -0.545252991056 0 -0.160909337678
-0.392657975259 -0.0116663494306 0.012548588989 0.0168539955404 0.0203691509467 0.00171844765414 0.00419240944999 -0.397802781272 0.012949777952 0.0237918781964 0.0274781127697 0.00714787595926 0.0080321354391 -0.32600977313 0.0981562193688 0.244485906824 -0.0680881768593 -0.00126357291097 -0.643020454917 0.130421048741 -0.00465584697418 -0.000859283758822 -0.240005417228 0.00711139067873 0.000747948137159 -0.105392422677 -0.0210501894808 -0.0701102820358
-0.220701850904 0.00305286096075 0.00501243342682 0.00276189800175 0.00184483471799 -0.017630970529 -0.00248290005273 -0.221002289466 -0.00544902568296 -0.00483272656205 -0.00137181982917 0.0199359019224 0.00357211826849 -0.42102574142 0.000783296177233 -0.000203927951424 -0.0519971715438 -7.20922631732e-05 -0.461912641978 -0.0266078666599 0.0112443639655 -0.00270796377156 -0.681821205696 0.00018127564596 -0.000268240096586 -0.183773900581 -0.0022054795694 -0.093760389523
-0.667452350133 0.00188178577472 0.0437563101995 0.038243416658 -0.00481714385581 -0.00963205078442 0.000729418084408 -0.669325383715 0.0387596410816 -0.0150516837541 -0.060366399758 0.016347082904 0.00294750784113 -0.0190885633028 -0.0127548188303 0.114301666073 -0.0540593181602 -0.0090152607479 0.212359307735 0.0467047852372 0.000358681728912 0.0169283728462 -0.0288308631939 -0.0172620381326 -0.00571777409555 0.126510020499 -0.0150558092619 0.125743012868