-0.0387585409549 -0.0241308835331 -0.192451832593 -0.10904387418 -0.0920118151578 -0.017175388508 0.00785558694557 -0.0833988676464 -0.250316816676 -0.0701025010055 0.203887733356 0.0141085879748 -0.0098464606293 -0.208547547951 -0.0669389112263 -0.378211230498 0.137843184704 -0.00522887043531 -0.261411173736 0.602091120176 -0.032217191075 0.00904872314101 -0.414560669774 -0.0942125429043 -0.0149053045471 -0.0261623105636 -0.01060508826 -0.000390633176848
-0.425332199634 -0.0262678238586 -0.0984536178564 -0.0325412697618 -0.0160721272183 0.0279609675005 -0.00209173657595 -0.535242346153 -0.174959855123 0.107949140731 0.0577464161312 0.00652551954001 -0.0116616390627 -0.152235548604 -0.0379657308585 -0.0444138397884 0.0339829799184 0.000950508387524 -0.181212780276 0.430889685524 -0.0370137186236 -0.02226105851 -0.475387838146 -0.00472264276079 -0.00922149925144 -0.00251657868925 0.0104738218631 -0.00353249235198
-0.469185153392 -0.00371459073644 -0.0409374775611 -0.0506086731613 -0.02255965792 -0.000294663598991 7.42335383666e-05 -0.615922508314 -0.209316521806 0.0513689042423 0.0994123241936 0.0125637411014 -0.00125068247671 -0.0373220133389 -0.0438278435836 -0.102658664846 0.0483690273816 -0.0138474468562 -0.146257815729 0.366964687119 -0.0146892176254 0.01785259574 -0.403183377107 -0.026506312718 0.0102733416805 0.0520860943223 -0.0138788344912 -0.00265089514812
-0.485278072492 0.00739979279264 -0.0705072232502 -0.0273327079992 -0.0168117238256 -0.0277466678245 -0.00186552642946 -0.629118388051 0.101190025844 -0.118954848907 -0.111775916898 0.0521541379917 0.00836174423676 -0.298255127844 -0.0380273163935 -0.286398249934 0.0657521946872 0.00347292899017 0.0158127243379 0.322437273192 -0.0220186787142 0.0239615919387 -0.173059884805 -0.100137762615 -0.00518134886765 -0.00156275881332 -0.0129737413489 0.00116568156377
-0.309891314245 -0.0192639281657 0.0350321406102 -0.0271217740835 -0.0262158976633 0.0111129813616 -0.000510892723727 -0.348014507608 0.109390665253 -0.020199154514 -0.0196947054488 0.0364175512622 0.00430652252595 -0.19904040563 -0.0538610403401 -0.121688131722 0.0795836672486 -0.00102833254923 -0.79550862774 0.129215273262 -0.0152967563496 -0.00567496956933 -0.159268750303 -0.0240410562236 -0.00896236449202 -0.161522785581 -0.0054214227688 -8.37368033532e-05
-0.259242439189 0.000624295607257 0.0103555889347 0.00451047118998 0.00233677899866 0.0096174008155 0.000810424663257 -0.267385411041 -0.036051202074 0.0296398977862 0.0120762269569 0.00670329915598 0.00015526166393 -0.282814904593 0.0070090403739 -0.00417375320341 -0.00456616398859 0.000558040809832 -0.653852729773 0.0160179463196 0.000531955677369 5.08680977221e-05 -0.589848388071 -0.000118886428586 0.00019100922537 -0.05409023607 -0.00167694971457 0.00091719010736
-0.296936666677 -0.00300426583844 -0.00938018066474 0.00649155962575 0.00661131033905 0.00515842775901 -0.000245938031402 -0.310158258859 -0.0383778618322 0.0453818739549 0.0281476586882 0.00154573513628 -0.0010103799802 -0.28000759298 0.006546755008 -0.0071589740205 -0.00667909573697 0.000224144783246 -0.714552740362 -0.00621873404162 0.00018189320135 -0.000123819422116 -0.470512096179 0.0010628781169 0.000294815388039 -0.0230019280357 -0.0036425689928 0.000540450099572
-0.342894701657 -0.0100134591051 -0.0257750865072 0.0237561195492 0.0145027947515 -0.000654825065206 -0.000449588655152 -0.363939521261 -0.0330398748289 0.045247943534 0.0627508329303 0.00221547126324 -0.00160093483133 -0.275717654955 0.00110879897389 -0.0152441488972 -0.00803121554065 0.000518571168088 -0.730056238644 0.00236857500981 0.00200739859278 -0.000163542353004 -0.363257970992 0.000629396511795 0.000206741930294 0.00508173095777 -0.00722457835736 0.00140128877059
-0.366800726371 -0.00245907555675 -0.055176568377 -0.023217375913 -0.0138267739417 -0.00211887145444 -0.000630824601059 -0.365531489452 -0.0229022424926 0.0302000717927 0.0526270409169 0.000424575068776 -0.000603037336026 -0.273904807996 0.00683426575842 -0.00668007326424 -0.0100570091123 -0.000504465269596 -0.702231554823 -0.00287183128069 0.000932946374952 2.10279322996e-05 -0.39377409411 0.00180648716469 -0.00037580318448 -0.0196515548702 -0.00698846694882 -0.000570231345516
-0.494292339135 -0.0438715454807 0.00576563137933 0.0260467035458 0.0158257668459 0.0114081931062 -0.00633683588374 -0.605262037095 -0.00605342865244 0.0620883273011 0.0560253445093 0.00733250379246 -0.00288991806403 -0.415110761687 -0.0626723432657 -0.0565807836291 -0.0253956833671 -0.00298329834267 -0.0265458439714 0.315143535995 -0.063578500424 -0.0261174265131 -0.304980030534 -0.0296237611364 -0.0151752039608 -0.00695978215946 0.0101981705253 -0.00810326953466
-0.585759012217 -0.00828321309983 -0.0372881357961 -0.050055821523 -0.0156212897105 0.00255915178891 0.00218502003774 -0.733536692148 -0.111838391499 0.0631515763127 -0.00339270846265 -0.0163252538324 -0.00658808542618 0.070434978791 -0.0212308901786 -0.0204642264269 0.0595997720465 -0.00272457117236 -0.0479039460196 0.243051264464 0.00981314455146 -0.00339205767884 -0.145014921162 0.0160704525731 0.00155278206695 0.0726396274133 0.0164520802264 -0.00831294001074
-0.565178585627 -0.0159948307434 0.0232836191102 0.0182129162438 0.0388476711254 0.00479649611854 0.00102989015119 -0.750266339589 -0.11036821198 0.0461926770515 0.0158208845915 -0.0164540550222 -0.0048703978964 0.0442378397444 -0.0313679180493 -0.059664129277 0.0545683524866 -0.00891300762811 0.121418188164 0.245192977311 -0.00991416185734 0.0198590934009 -0.0900151156647 -0.0242622482383 0.0173696260675 0.0784086611323 0.00580892420881 -0.00798529073594
-0.468451732452 0.0141133321615 0.0155153776083 -0.0328420103069 -0.0202912236979 -0.00974489251443 -0.00473699298744 -0.5287027237 -0.0746603447101 -0.0103089245681 0.00235335041626 0.00760355478068 0.00416405293349 0.0559172636764 0.0109343995951 -0.0269040394369 0.029220209679 -0.0126629303825 -0.655489384485 0.00122174826067 -0.00734655146672 -0.00369028868863 -0.238578365938 -0.0151384704091 -0.00495152528036 0.0329157795979 -0.0153566810675 -0.00230352200925
-0.582066093456 0.0270334919913 -0.0500953353329 0.00969989734381 -0.00286382898924 -0.0092618601865 -0.00404876551003 -0.693476684459 -0.00798192554558 -0.0715103244681 -0.0384647910595 0.013599423765 0.00291100462316 -0.195031154709 -0.0119262773028 -0.239377427851 0.0359168256647 -0.00495399234383 0.173228849408 0.188960790541 -0.0144702767818 0.0244079444005 -0.0360066359025 -0.0731995135143 0.000392720628011 0.000560413259465 0.00381765207144 -0.00303266814568
-0.62369541299 -0.0251877643773 -0.0338490319222 -0.0383848842654 -0.0427917786478 -0.00670515039946 0.000329924904201 -0.724973595894 0.100111898839 -0.0666754361335 0.000664731186796 0.0222671491812 0.00306000998671 -0.0469193078556 0.00197283402355 -0.130684016323 0.0521818851128 0.00424236802321 0.0840532113584 0.177001119159 0.0179666144095 0.0169801909111 -0.0239996507849 -0.0553920957631 -0.00492899114815 -0.0237569577913 -0.00710078741363 0.000694084645401
-0.551887787071 -0.0343759026373 0.0691640487287 0.0460964963226 0.0279964352293 0.0106361451249 -0.00516543861072 -0.567544485352 0.0669262268493 -0.0555465373549 0.0274270347811 0.0379000164246 0.00530983507796 -0.0912513270184 -0.0401818348066 -0.0743797226937 0.0847306903297 -0.00637819645658 -0.539745381903 0.12863432198 -0.0103979914613 -0.00715378667859 0.00862556697101 0.00119240951424 -0.0139810980471 -0.153231589017 0.0026735098874 -0.00588696294896
-0.435142006042 -0.00144432091354 -0.0190567282342 -0.0355567466195 -0.021511553481 0.0139213873521 0.00103537575045 -0.515069527224 0.0987138159507 0.00433604610243 -0.0221636116689 0.00728154512064 -0.00223169412322 -0.191897459368 -0.0671076776127 -0.154701896205 0.0443878993405 -0.00186905492519 -0.641080882716 0.0511649550659 -0.0201522576726 -0.00320068708376 -0.176000705366 -0.0440969312102 -0.00350166988938 -0.136062818013 -0.00647330635649 0.00370629584457
-0.374940910745 -0.000148469994471 0.00466167289281 0.0359573829709 0.0128996808237 -0.00510461465134 -0.000237536262301 -0.375305788548 -0.0215548423817 0.00347160018696 0.00216843828062 -0.00296796767886 0.000370036310954 -0.259460754805 -0.00789345181007 -0.0401546316319 -0.00306818762639 -2.70686053291e-05 -0.682621570322 -0.0169076786811 0.000624350380999 0.000312038039557 -0.425502470757 -0.000789925790287 0.000172638062975 0.0108635260461 -0.0114865399652 0.00135588873289
-0.380702696874 0.000531348802568 -0.0119693221199 -0.00393537402151 -0.00994415956433 -0.00357197458713 0.000811700968598 -0.386150437838 -0.00881263117862 -0.0113672148503 0.0315012756185 -0.00412746688087 -0.000295447129234 -0.292416173113 -0.0136167749874 -0.0362188816135 -0.00157937809766 0.000301723329279 -0.719630777309 -0.00997589325106 -0.000666294535441 6.39733211407e-05 -0.314172663301 -0.000891030025337 -0.00169400240343 -0.0269026162311 -0.00754925893775 0.00114457880731
-0.436705279222 -0.00663781360707 -0.0170884624383 -0.0164074945275 -0.024912553438 -0.00224506735632 0.00203183526412 -0.460232947407 0.0226166900059 -0.0525086662465 -0.0341445692309 0.00743973828925 0.00314818672301 -0.295679321601 -0.073272916967 -0.15741034046 0.0282908089057 0.00325296889683 -0.644670112474 0.0760611419652 -0.0150463216027 -0.0031939988793 -0.20202424385 -0.0374695692541 -0.00539229596912 -0.097217241875 -0.00595972049131 0.000340544242803
-0.376294685394 -0.0145907166824 -0.0531304593487 -0.0161173147761 -0.0463689592576 -0.0093833173502 -0.00199985193774 -0.370610434475 -0.0563133814073 -0.00831871170691 -0.00296711288233 -0.00689639742572 0.000387422773784 -0.301359279358 0.000389554256118 -0.00864985430554 0.00119315670541 -0.00015716842158 -0.692158592885 -0.014135857846 6.23050189678e-05 -7.1803907974e-05 -0.361333515795 0.00163436895602 0.00123871158411 -0.107009157801 -0.0046275592028 2.59271143265e-05