-0.0383106203158 -0.00528608654097 -0.0813958018291 -0.122382632939 0.186832022354 -0.112380867843 0.0337071429885 -0.0704930128703 -0.216414648192 0.171852161717 0.0926046388778 0.0337749432317 -0.0214747401039 -0.34455001397 -0.672251010062 -0.10719589962 -0.150260880632 0.00148711131722 -0.365671704112 0.2429665803 0.128153873014 -0.00386709526465 -0.090525064791 0.0990764684455 0.0350044010007 -0.0496900033205 -0.0332790772061 -0.00265995517412
-0.448309050554 -0.0568090932783 -0.150003727073 0.0361059114951 0.0285889486655 0.0341461305869 0.0163279574644 -0.42240825439 -0.113692817608 0.0532446347909 -0.0322193071106 0.014086269143 0.00308719527654 -0.29162550014 -0.299180246673 0.00714162518059 -0.109237668468 0.0116851509884 -0.433883288255 0.0294683161448 0.0682878237988 -0.00509593055893 -0.392750641976 0.0225142166453 0.00879924201347 -0.028435865868 -0.0130088423468 -0.19493357104
-0.471774723933 0.0947829386448 0.181778333528 -0.102433832702 0.0273179212169 -0.0461502813697 -0.00514941295035 -0.434694257286 -0.166105198028 0.0573744599405 0.00839936707527 -0.0250214094115 0.0138076606959 -0.356310656224 -0.258517358032 -0.171979937263 -0.00331143981488 -0.000442265153995 -0.420451536326 0.0267718572615 0.0289781841229 -0.00703983223958 -0.112247380697 0.0894121625936 0.0190751472079 -0.279435001962 0.021267289828 0.0045393457476
-0.634137952731 0.00876673204497 -0.106542765407 0.113691345458 0.0430739830587 -0.0625578179273 0.00315222483065 -0.567575820108 0.0863227431753 0.0149102068716 0.0419079724989 -0.0517430706534 -0.0149281668113 -0.103361378467 -0.350006202861 0.0331230917561 -0.0544707427133 0.00380333713438 0.0696290924878 0.183156713205 0.0364669929212 -0.00211314681623 -0.00035824680473 0.053108308137 0.00908628992019 0.225166328949 -0.028721379505 0.0428970976679
-0.641897326937 -0.0704806727114 0.214197654327 -0.153886195515 0.0912505058727 0.000418847098403 0.0105128100196 -0.504573785786 0.130854830953 -0.00979790186212 0.00472370663976 -0.0466337914486 -0.0303598244207 -0.197126482261 -0.20057222199 -0.0374647555227 -0.0248383330263 0.00550308200284 -0.259960058178 0.114979866922 0.034120669512 0.00934747879645 0.0999650078839 0.0482720861851 0.00727619706703 -0.209893217429 -0.0266240414732 0.0986847329355
-0.121479775412 0 0 0 0 0 0 -0.120918581853 0 0 0 0 0 -0.558948192722 0 0 0 0 -0.392276737903 0 0 0 -0.405235328269 0 0 -0.55558626428 0 -0.177272307899
-0.553247232033 -0.0101114696827 -0.0437339003181 0.00682192892915 0.0380838055052 0.0400769398043 0.0173409087657 -0.509131620643 -0.0416214245007 -2.59324317946e-06 -0.0225250846456 0.00868121347766 0.000495232619547 -0.321053364835 -0.137249988669 -0.0796587706486 -0.089030956479 0.00917794866182 -0.48560232846 0.0873900781852 0.0450904920834 -0.00248835496007 -0.154984535236 0.0434691809112 0.0107376854672 0.00514276389208 0.00393747862892 -0.138370436575
-0.611564541144 0.0201667436513 0.0481174639472 -0.0290758853959 0.0196095255426 -0.0314113447477 -7.95790106398e-05 -0.634518644816 -0.0674816922481 -0.00443489302363 0.0436366565719 -0.00985939113106 0.00681501457001 -0.246280458882 -0.174817949368 -0.193017126213 -0.0165806755158 0.00322336195737 -0.252851339358 0.0814824705192 0.0400908280906 -0.01001132528 -0.0714793641969 0.070180473481 0.00570120596892 0.015240270037 0.0212265916816 -0.00530163257943
-0.340618972144 0.0127529935404 0.0202033018852 -0.0109933042733 -0.0246462753408 -0.012041767769 -0.0106670506398 -0.341723515912 -0.017332256652 0.00956725713068 0.0306120604524 0.0110205878488 0.0142178143784 -0.504229472928 -0.0967934017921 -0.15593677572 -0.00450604350522 -0.0129862788165 -0.541071201027 0.0365744546435 0.00373451059813 0.00712104084547 -0.235063415083 0.0575040878873 0.0285909989463 -0.293696828843 0.0320003067307 -0.187217682772
-0.330722966355 -0.00561974135811 -0.00943807648379 0.00432293089202 0.00916596912703 0.019458829529 0.00444443361656 -0.331420729999 -0.00844260284477 0.00337692606688 0.0205278268972 0.0211234658638 0.0104777225645 -0.322557975182 -0.0783240462946 -0.0322982532759 -0.0718211622354 0.00219449057351 -0.568002192396 0.014117056605 0.00661679689398 -0.00583660274544 -0.502632790731 0.0272218239488 0.0110808179681 -0.140895978726 0.0104347917217 -0.25758202669
-0.660327317376 -0.024454716357 -0.0906730600093 -0.0231799398069 -0.0210266025915 -0.0562993984383 0.000794902397038 -0.622835723395 -0.0464143241168 0.0439290217469 0.034249050276 -0.00844272051181 0.00200640732195 -0.142663999199 -0.191177456702 0.0296206498329 -0.0291216267594 0.0126672540404 -0.118784211025 0.0305131353968 0.0413805108188 -0.00276972622603 -0.243220201518 -0.0237810508041 -0.0037261720794 0.136491266399 -0.0230293850339 0.0574248376631
-0.395625535153 0.0436332282232 0.0367410666156 -0.0190807302823 0.0876899673938 0.0281155491512 -0.000315823191602 -0.370747483676 -0.0593322531081 -0.0195929082205 -0.0676429095289 -0.00707703242671 0.0035528028459 -0.61162512214 0.00704809656435 0.0288135592693 0.00389199917402 -0.00164359983206 -0.202931785546 -0.0405478110227 -0.0265873118201 -0.00251330824615 -0.197956042161 0.010509541927 -0.00190754923218 -0.474665513082 -0.001967472903 0.0474630527805
-0.637925431289 0.0574397970124 0.172890292786 -0.0333191644725 -0.0199118174382 -0.0228087208044 -0.00577303055683 -0.41007505868 -0.0359877674868 0.0474290899653 -0.00827368692691 0.00867900468598 -0.00376535424343 -0.252895756237 -0.108729762229 -0.121677290228 0.0163029746561 0.00407459886446 -0.418752297808 0.054222006627 0.0147513590973 -0.00350739430563 -0.0351475742088 0.0436651114851 0.011925826199 -0.332342889107 0.0177667186547 0.0499513081576
-0.674784440243 -0.0145184552318 0.0174196812445 0.0429640943813 0.0207931439743 0.0320513652607 0.00228204329477 -0.643167661282 0.0124493116648 0.0308922712137 0.005328707784 0.00144844686729 0.00329548890864 0.11727143964 -0.1813403537 0.0404948493537 -0.0485645844819 0.0131307179455 0.100880005367 0.0482516619226 0.0409182849185 -0.0133229671613 -0.00147088859222 0.0429240408961 0.00180672249051 0.241413265475 -0.0205176592295 0.0176613377002
-0.643959936619 -0.00816589957767 -0.0527668886319 0.00931122725673 -0.00751399801216 -0.0428326617103 0.00589369273507 -0.625876375907 0.029068121386 0.0219695222726 0.011011904428 -0.0379940271712 -0.00364766442913 -0.345021991595 -0.166037098532 0.0789643312154 0.0335784255132 0.00485777317653 0.0151838927151 0.114829558103 0.0488243592074 0.00204145919524 0.0845814622425 0.045093240939 0.00385142692977 0.0537521500516 -0.0184001165378 0.0599635611639
-0.606534685708 0.000859848381799 -0.00603451465767 -0.0871890981332 0.0117215029189 2.48981417244e-05 0.000141880070434 -0.58966289866 -0.00126775960967 0.00314509409033 0.0417695524317 -0.0580272752055 -0.00518662321698 -0.448002035464 -0.0933238379789 0.0760722124386 0.00773508193646 0.00225161975482 -0.0570857660755 0.0863161267893 0.0353557732328 0.00553691277762 0.15972748879 0.0344332651596 -0.00222365622902 -0.114118599455 -0.0167060727924 0.064992064631
-0.732432003033 0.0150845307755 0.195526593726 0.011738593781 0.00548960744658 0.00923054739843 0.0025366543651 -0.523581561463 -0.0102631118746 0.000832204438897 0.019624289451 -0.0385769264179 0.00214442858252 -0.176827085342 -0.0915010266541 -0.0545748790836 -0.0190880850335 0.00956959770096 -0.27787439753 0.0949471705469 0.0354994983036 -0.00578650219409 0.0336583000178 0.0219729126131 -0.000244089049107 -0.0857492943008 -0.00669532001537 0.0953575739925
-0.679627189391 0.0590236851781 -0.0137204422862 0.045175128757 0.0549648031982 0.0291774658774 -0.00325902113801 -0.635079777342 0.0254192556674 -0.0100398142769 -0.041599239125 -0.0315020203607 -0.0027203427156 -0.140313813158 -0.208910983235 -0.06867255667 -0.0905339301415 -0.00500757123654 0.0317369771291 0.127197533618 0.039163084455 -0.00568846562887 -0.0735887656004 0.0151653353586 0.00627986456983 0.141994482673 -0.00612639812682 -0.0283025045971
-0.617670683727 0.0263541161197 -0.103480757581 -0.0186790100933 -0.0859600644422 -0.0133823110836 0.00397879053902 -0.600982464208 0.0620089723345 -0.0579143571653 -0.0206151456423 0.0186975096627 -0.00126585556782 -0.288125897838 -0.217089548096 -0.0237824054288 0.00743786779959 -0.00426716253024 -0.164119043285 0.0468820423245 -0.0370964718263 0.0137984459253 -0.179596830773 0.0426876791215 0.0122549481999 -0.181018173119 -0.0227223356575 0.0315828562893
-0.623872638534 -0.0566115570265 -0.000366594257626 -0.110650212692 0.0267842954383 -0.00322038027499 -0.00172528142509 -0.656025747237 0.103168190226 -0.0399644825661 -0.0156032332896 0.0310636600827 0.00114234786979 -0.146943674024 -0.166633375954 -0.126994741115 -0.0253050609801 -0.00657095658639 -0.120186132297 0.0178119408369 -0.0159481662598 0.0144813867665 -0.220765381745 0.00592478339651 0.00494654034328 -0.135372725524 -0.0297122374193 0.0371688454302
-0.561950289999 -0.0677701903268 0.100903652584 0.0101732467327 0.0172249978791 0.00367071159355 0.0111301427136 -0.611217474548 0.106762832481 0.0170507063634 -0.0422647234205 0.00335947759533 -0.0133248302421 -0.172124696792 -0.0818275866811 -0.147987949089 -0.0227280518903 0.0146694133838 -0.40915851972 0.13707310787 0.0377198374833 0.00525399236184 -0.0951452299992 0.0308441560786 0.00979808572229 -0.156253014838 -0.0140021126396 0.0182478156267