-0.00287629549199 -0.00291581002771 -0.0454410352754 -0.0338066121048 0.0159060268982 -0.00769844092217 0.00508242998159 -0.00383719076007 -0.0334384938808 -0.0566657619788 0.0167554989231 -0.00583905516232 -0.0181261869815 -0.118621053622 0.35472516094 -0.00135306331547 -0.185586275999 -0.0161721262766 -0.44890447789 0.698759713055 0.0911615771414 0.00574079093244 -0.337465491222 0.0590979739737 0.00380548981339 -0.0341042015176 -0.0128959414595 -0.000623686364589
-0.559672270303 -0.063265754778 -0.217233711386 0.0164275045368 0.0357657957162 0.0523202890648 0.010046722245 -0.482621677019 -0.112847853114 0.0422400964905 0.0188566377613 0.0412616597713 0.0148228729268 -0.197189267333 0.107908556908 0.0536550833943 -0.110799380607 0.00591750850426 -0.371944665016 0.337986709564 0.0536417785355 0.00439505304901 -0.237983713208 0.0552685945115 0.00652818882625 0.00208218996947 -0.00538177715793 -0.0225056239247
-0.573696591832 0.0682086554345 0.2464672536 -0.0437649034154 -0.0519214977821 -0.0565536337735 -0.0177697878716 -0.458643506356 -0.119397013995 0.0633672482935 -0.00383701945662 0.0199085096511 -0.000609268289768 -0.215877416963 0.194202861217 0.0239024071066 -0.095043535929 -0.0134615081234 -0.274177213512 0.404969093966 0.0545067516311 -0.00461148433735 -0.111578985494 0.0227748966826 -0.00541023359231 -0.13457173996 0.0129211740536 0.0277256254449
-0.524014614898 0.0634300802265 -0.195206603476 0.0047885899979 0.0487217373638 0.0303966693765 0.00836830551994 -0.459300908466 0.114044811738 -0.0466243013779 -0.0307352532497 -0.0368259059303 -0.0137019714383 -0.0914643006758 0.207145702428 0.00876327173653 -0.0792893452514 -0.00881183488159 -0.403230561583 0.353328943831 0.0279325464672 0.008364615478 -0.316661778403 0.0304996327606 0.00460437924706 0.0376863175676 -0.0167530798049 -0.0483041344205
-0.605691094019 -0.0787458034928 0.206381625834 -0.027592527692 -0.11830030513 -0.0362428922487 -0.00520598634716 -0.512694277039 0.123861602211 -0.064821958795 -0.0435472081356 -0.0117172102235 -0.00999664562789 -0.0446251209951 0.26224476409 -0.00760566322946 -0.0838804671443 -0.00676926489244 -0.0894754488946 0.410484954317 0.0519987594599 0.00231588703355 -0.156795676775 0.0172019462389 0.00296497376304 -0.0177401637034 -0.01790433434 0.0327613190062
-0.113408213145 0 0 0 0 0 0 -0.113408213145 0 0 0 0 0 -0.546153878551 -7.93925428063e-13 -3.60937625626e-12 0 0 -0.41350047264 2.28413756518e-14 0 0 -0.461671117042 0 0 -0.517899289641 0 -0.153787385472
-0.664586322573 -0.0506027048179 -0.11571233931 -0.00525532598156 -0.0227816612341 0.0310909001232 -0.000233769726754 -0.583445825486 -0.0632882291487 0.0333012950519 -0.00150164773327 0.0167713402093 0.000611775315381 -0.117228098164 0.112224085457 0.0351190260687 -0.0717583638987 0.00925421200826 -0.284285551103 0.214096337272 0.0555535907886 0.00216625650182 -0.16602023644 0.0640151298543 0.00211672065077 -0.0159410579823 0.00174956347906 0.0240989290681
-0.639897232451 0.0201748178261 0.0775042333439 0.0275118272746 0.0400673475841 -0.00504372011888 0.00496404582647 -0.62323209887 -0.0902424814494 -0.0266560015036 0.0762762130673 0.0124027353166 -0.000803785467954 -0.181456311498 0.173283529245 0.0490930071044 -0.0325429239447 0.000433842246203 -0.175338063525 0.259176636921 0.0418743088468 -0.00193013013208 -0.00469747787234 0.0194187331926 -0.00169511820704 -0.00642929088154 -0.00414187105416 0.109103632023
-0.175474810631 0.000371723863204 0.000454578047218 -0.000364831828911 -0.000280482542956 -0.00821117476406 -0.00657518885742 -0.174815413087 -0.000314381426596 0.000245815665569 0.000351507353811 0.00535545114532 0.00160105174133 -0.701647549716 -0.0125766219183 -0.00410590626662 -0.00618451771593 0.00026269256831 -0.443117191373 0.0324473248672 0.00194681628368 0.00302495894853 -0.418706749451 0.00996481310073 -0.000104967408144 -0.239428405072 0.00214134791771 -0.125773523214
-0.581974764842 -0.0531910110545 -0.0880094228713 0.0105736258442 -0.0520690776789 0.034264636638 0.00686881840516 -0.52724818116 -0.0518170252157 -0.00679446291391 -0.0408665362371 0.0126915394589 0.000964060535008 -0.178066141896 0.0490209561567 0.108315195471 -0.0712874969992 -0.000430773255855 -0.412570957374 0.130885197077 0.00597092559839 -0.00140237127736 -0.347317628929 0.0206309440024 -0.00205916942679 -0.00579193837242 -0.00115841118012 -0.0687733614058
-0.66829800095 -0.020776035078 -0.0993914187453 0.0348641689911 -0.00752009488705 -0.00812680133776 0.0022874138173 -0.653202730345 -0.0362764830522 -0.0203955735254 0.0789454218347 -0.00466535453236 0.00470303952975 -0.0328284982456 0.0730409728231 0.0301255322996 -0.0358725001005 0.00987364787457 -0.0345038194564 0.237585590864 0.0317346936421 0.00175972881452 0.0322146746688 0.0248111322035 0.00547147504539 0.138253296246 -0.0116971581446 0.136951884667
-0.642089878742 0.0489858017498 -0.0227529352559 -0.0367213750057 -0.0447060926765 -0.00706816317691 -0.00171605062822 -0.631401970686 -0.052158945604 0.00576020581378 0.0662385547286 -0.0244421592768 -0.000735914877079 -0.163623342643 0.172705022204 -0.00461443056453 -0.00416961925871 0.00227608052326 -0.0464780258006 0.310575312137 0.0152190686468 -0.00543172021661 0.0543829005377 0.00792877058635 -0.0100347975836 -0.0324623529428 -0.00625839625752 0.123530248784
-0.54601322365 0.0322361436953 0.0719886259564 -0.00542719311699 0.0487162305592 -0.0402574620208 -0.00941253840585 -0.505318194155 -0.0471202263268 -0.00912162838479 -0.0278850055584 0.00900499264719 0.002790042408 -0.259676450482 0.0311724015126 0.0897752174913 -0.0944275072895 -0.00525943863616 -0.307093331154 0.188113433223 0.0441479726939 0.000911299927173 -0.440810013899 0.0201067217805 -0.00416058391452 -0.106064270563 0.0457007662421 -0.0888600886007
-0.475628551854 0.0330619209869 -0.0495956677148 -0.0040212554607 -0.0337994763217 0.0239117485804 0.000784304355787 -0.471193186114 0.0427596949279 -0.000308954133694 0.0453603027713 -0.0182999103073 -0.00519687324617 -0.204891021974 0.144761763542 0.106005695895 -0.0605565653047 -0.00239313404965 -0.537131659978 0.0688419659202 -0.0303508160131 -0.00678221581201 -0.398742267292 0.00115130947301 -0.0116939202266 -0.0102425449642 -0.021924404168 -0.10217898264
-0.672779893701 -0.000262275842776 -0.0883493266463 0.0163572794461 0.000482142472403 -0.0167472171887 -0.000259873655768 -0.627967747595 0.0050987917062 -0.0245700541645 -0.0139994144511 0.00231367037026 0.00146008448121 -0.0264229975673 0.138963600003 0.0474952036663 -0.0101635859511 0.00541090399073 -0.0502495758638 0.280060536755 0.0313501472921 0.00815923434405 0.00740629649694 0.0170758766787 -0.000288486017874 0.150761319415 -0.00385205249643 0.127829864648
-0.690497350669 -0.0242287359413 -0.00920640994867 -0.0248929423989 -0.0667673750409 -0.0147338831781 0.0012564372972 -0.580886949495 0.00731975069123 -0.0411919399476 0.014572937042 0.014913139884 -0.00145064137134 -0.156381003331 0.148921540688 0.0936077916459 -0.0107593944577 -0.00318699031398 0.119306213793 0.278380489413 0.0470415098961 -0.00421298416299 0.0910933880692 0.000529450767517 -0.00248484089141 -0.0359594680064 0.0249280837986 0.13389650477
-0.59874996282 0.00413490372031 0.0739003429384 0.0330068226637 0.0762453720738 -0.0296939107413 -0.00702446658593 -0.502884046227 -0.028622178606 -0.00189684302631 0.065712194716 0.00641220576645 0.00196575651271 -0.0765993018544 0.153817957 0.0658594206739 -0.0503640590405 0.00154257596087 -0.34934340748 0.0669912206511 -0.00323234770303 0.00478158784764 -0.452219839442 -0.00298269624892 -0.00269031129854 0.0268322624876 -0.0131274380682 -0.0416054552714
-0.113408212499 0 0 0 0 0 0 -0.113408212499 -1.42506166059e-14 -3.02904879364e-17 -2.00289496898e-16 0 1.10472307509e-17 -0.546153885865 -2.38177869964e-11 -4.85260624749e-11 0 7.54660041451e-14 -0.413500470286 3.0043872178e-13 0 5.92856464511e-17 -0.461671114417 0 1.29989385088e-15 -0.517899286692 0 -0.153787384597
-0.462470848088 0.040523350844 -0.0245815278352 -0.0122886960265 -0.0491115350716 -0.00794843202026 -0.00196903074245 -0.545961705938 0.0650375530481 0.0501388534947 0.0501262940306 -0.0119103711502 -0.0082166457404 -0.0418979792966 0.192278289084 0.0622741358498 -0.0325866516181 -0.00162806893948 -0.367269711864 0.0654558254518 0.0152334538808 -0.00304066059189 -0.536198428565 0.0112516163088 0.000142961212455 0.0509080547851 -0.0173379548619 0.0097424472668
-0.525048996128 -0.00147907862121 0.02438979826 -0.04801787421 0.0416936346055 0.00324398410607 -0.00159928701893 -0.696637406756 0.121191989418 0.0309728198081 0.00582009343869 -0.00653839026545 0.00261844508601 -0.0267779990787 0.174936165954 0.00848182352803 -0.0328064975378 -0.00184300092191 -0.0838446267889 0.145741011881 0.039547408617 -0.000458664007701 -0.389528787076 0.0268191924177 0.00791611320443 0.0347365699876 -0.0285690634561 0.042332545482
-0.457471292544 -0.0286285846143 0.0478724769023 0.0230204664068 0.0043693797638 -0.0231196639289 -0.00119517271551 -0.452530514983 0.0483143952756 0.0132900414787 0.00960673271124 -0.0196338519894 -0.0034694345708 -0.207794509459 0.188297716325 0.0294541417404 -0.0631839853841 0.00198054837807 -0.3579774376 0.112100462304 -0.00155940530982 0.00306496298109 -0.560338592127 -0.0121976506402 0.00183974160685 -0.126605819875 -0.0446264316584 -0.149541174725