-0.181892250241 -0.00733174094705 0.480202989855 0.296566914868 0.365278543832 0.109277991275 -0.02105603833 -0.0290007171587 0.0136119111271 0.201652887709 -0.151890550324 0.123380209076 -0.0102455089825 -0.201867340806 -0.351173451557 0.28224022177 0.302989883737 -0.0229181123707 -0.0890637214459 0.0874025339206 0.0742631715739 -0.00485252887047 -0.12248870092 0.21075633955 0.0045124293657 -0.0715650473185 -0.0260258508744 -0.000771961567578
-0.531558747938 0.0165159721847 0.0694054250991 0.00501596856499 0.0315320166022 0.0595170008099 -0.0116304213064 -0.563051712337 -0.113616503743 0.133554845317 0.0255841695495 -0.0149469135731 -0.00669875839482 -0.0648370746782 0.0143052171781 0.0709856301506 0.112245168383 4.9886170811e-05 -0.420444917868 0.151618529308 0.0303291209593 -0.00418956625767 -0.320632248854 0.0720212674715 0.00597207916693 -0.166983944899 -0.00337524002987 -0.0171472906581
-0.672366680425 0.00858320955456 0.0408840776374 0.142541843724 0.0770825026466 -0.0189920350407 -0.0051254093163 -0.635475350015 -0.00618583520729 0.0135731703653 -0.0645680588827 0.044684923916 0.0114919296703 -0.0432802971348 -0.101084980451 0.0969234874769 0.0765532790406 0.00177965806737 -0.232184745549 0.041324683976 -0.0329800292209 -0.00449542178373 -0.094764169278 -0.0138394594537 0.0123636520019 -0.124021344345 -0.0195768394303 -0.00425452487561
-0.70053290212 0.0740499598675 0.0936672409809 0.262540118188 0.0682755888637 0.0923388795445 -0.000522352889405 -0.507814835283 0.0157317160977 -0.108058581294 -0.0771567180001 0.0436834717024 -0.0144920282138 -0.239280018386 -0.0881661925067 0.123643047188 0.105461756624 -0.0134940861789 0.0431630206171 -0.0660739825641 0.0485263252859 0.0134650628782 0.00520374370651 0.128674928935 0.00412444601562 -0.13202606185 -0.0230441468446 0.00783375262984
-0.698615849374 -0.0358641765019 0.0719326424153 -0.16262400913 -0.0753844133078 -0.0967110598647 0.0243850222841 -0.602056825171 0.0277274634252 -0.0497556627428 -0.0620497581519 -0.0103761803777 -0.0232944137688 -0.037791308953 -0.236742638 -0.00140972851844 0.0497358167286 -0.0141048268414 0.0148366244276 0.0133574410016 -0.010997186466 -0.0172461300136 0.00494291674248 0.028088167999 0.000753158058842 0.176752446127 0.010241270818 0.0073466957709
-0.63234382778 0.016963534928 0.0392951065836 -0.129874587176 0.00484615502371 0.00466408815169 0.00193705832783 -0.573568994295 0.0196945073765 0.0509367007085 -0.00324902561777 0.00389182637373 -0.00324140926341 -0.13554377613 0.00347475588698 -0.045849214547 0.0791595148467 -0.000327318742258 -0.405332705001 0.112545575273 -0.0052875491733 0.00248680305047 -0.18525029562 -0.0132150645818 0.00380760476131 -0.105258266447 0.00591390383641 0.00489740379437
-0.618344266951 0.0416961385304 0.0426750754563 0.0313780022847 0.0100536087205 -0.00862710828438 -0.00269502872502 -0.665146661582 -0.0580123484404 -0.0868933037596 -0.0212105546523 0.000507022394854 0.00239226022352 0.116445036823 0.0202783876595 0.0411100110534 0.0209718404341 0.00331877944364 -0.303177528403 0.0734833036237 0.0138339072133 0.00257855370468 -0.198877803711 0.0491730780548 0.0111194757373 -0.0558518381182 0.0137500529247 -0.0101487884401
-0.614530119671 -0.00161780033391 0.00976214965495 -0.114826780613 0.0739583361148 0.0144591581049 -0.00866441672477 -0.556643031853 -0.0184733847909 0.00537908993549 0.018116044198 0.000858938356232 -0.00140074177134 0.0568922871927 0.0170964912913 0.06094026449 0.0174973184299 -0.0148211930406 -0.481511525452 0.0917689548054 0.00119478147486 -0.00225485463161 -0.208402481479 0.0167133996506 0.00198686697158 -0.026002143868 -0.016427630169 -0.00722994043474
-0.686413369577 -0.0219085286424 0.0565389598768 0.0947008201335 0.00143667124369 0.025992743232 0.00219696370366 -0.641641917334 -0.0379568252414 0.0431345976122 -0.0349842807097 -0.00363129105776 -0.000702036077703 -0.131145684988 -0.0263129287005 0.16583092398 0.0140569586876 0.00338074289818 0.042245367087 -0.0771689500706 -0.0515711383757 -0.00398937581047 -0.0306074326351 -0.00349092224982 0.0119009352322 -0.204850287281 -0.00788622874898 0.0115706922496
-0.453588720925 0.00228214104467 -0.004219433632 -0.00240245414023 -0.00554763510217 0.039104825541 -0.000501838310866 -0.450956291889 -0.0289356949034 0.0152958510222 -0.00545367898896 -0.0155276903114 -0.00263279296528 -0.344697620719 0.0776044278885 0.0461529953159 0.0779972298563 -0.00522173540713 -0.419719262096 0.0923651607598 -0.0186518962813 -0.00328212264979 -0.324957128532 0.0140092748677 0.00121573499092 -0.404576474204 -0.00916834236096 -0.0162031536167
-0.577448775873 -0.0340811614268 -0.00445656992794 0.0230160798077 0.00959903381332 0.0211362008575 0.000496366651701 -0.750502641945 0.0512583977903 0.128190245651 0.0537032288735 0.0107391582718 0.00106150280946 -0.156740535247 0.00456067502513 0.11230236346 0.103124905349 -0.00246038529559 -0.0838346139 0.063845811996 0.0419946826336 -0.00381799017813 -0.109156200016 0.0642160412584 0.00344224586069 -0.0417108984813 -0.0136102138677 -0.016983775742
-0.678916015914 0.000217724635071 0.0492093796608 0.0287473797155 0.0373467891632 -0.019482377722 -0.00367619040854 -0.67489592216 0.0068894179136 0.0392267037065 -0.0142610414863 0.0548265380619 0.0124911444606 -0.0669264603536 -0.0378922273571 0.0705862341459 0.0796622292026 0.0157519150669 -0.212118204466 0.0417803299995 0.0154839433268 0.00219594479566 -0.0900006024428 0.0142946331367 0.0148630969481 -0.0240646220356 -0.0026528601468 -0.003703499954
-0.564919295529 0.00668929745475 -0.0429536161781 -0.0717846142852 0.0282559747613 -0.0108230219308 -0.00217701196238 -0.605135959075 -0.0288892624618 0.00250369912804 -0.0978674357979 -0.0148002117899 0.00485713671436 -0.123690883154 -0.110268020418 -0.0627929710968 0.0325455041199 0.00235306001438 -0.470875559568 0.165528173257 -0.0317992776412 0.00189312516267 -0.0829295966892 -0.0499310120759 -0.00632000186419 -0.0614513991781 -0.0116313532937 -0.0112165389242
-0.521587913606 -0.0301069375311 0.06646166565 0.117975738853 0.0568043040415 0.000877842496019 0.00142987826452 -0.35591175684 0.0282920030146 0.0318250120535 -0.0214944483279 0.000513188511481 0.00236139492265 -0.281813023635 0.0777647046015 0.0306633193365 0.0303359467708 -0.000848922530483 -0.282630056566 0.124405829303 -0.0217189047935 0.00274327330198 -0.276972630545 -0.0032917406679 0.00550651157314 -0.562556581228 -0.00826638425198 0.00801000085107
-0.69182080627 0.0166569288142 0.0830410696751 0.0909810365545 0.00624342422754 0.047548924533 0.00075013402792 -0.611632236706 -0.0178724268328 -0.00391633970897 -0.00488087634211 -0.0207891269098 -0.00172234345474 -0.204604412692 -0.178174444759 0.088535453177 0.0664776260408 0.00405428058027 -0.076269560295 -0.125360821028 -0.00120034480615 -0.00462350663533 0.0902007882336 0.114055802402 -0.00252470783246 0.000804209219343 -0.0122732363792 0.00196935260331
-0.676157646739 0.0133428060755 -0.0344515831121 -0.0492403290657 0.0117173174464 -0.0115534450503 -0.00511962266046 -0.668275297689 0.0432184144678 0.0227660123676 0.00947046759899 0.0280376148501 0.00648834294724 -0.15187888032 -0.168998393013 0.0963067402376 0.0418105414098 0.000945689486776 0.13672218223 -0.0181296265239 -0.0178993227975 -0.0122854590557 0.0532687446501 0.016669160326 0.00360637672017 0.0590815649267 -0.00720536246495 -0.00358019795054
-0.667742518142 -0.00424272975701 0.0469921932792 -0.135059962347 0.0231789309007 0.0237920716058 0.00237068685069 -0.557980222823 0.0216487177666 0.00780794598649 0.00888052454073 -0.00367291492295 0.00994090776843 -0.0242214190768 -0.0614901929089 -0.103530334343 0.0324679606158 -0.00449062003282 -0.357300324626 0.103668943264 -0.0687973754947 -0.0055357689132 -0.231040355076 0.00182991463125 0.0105178928006 0.0852206702583 0.0196279623772 0.00206571070188
-0.635278289029 0.0880454242142 -0.0696114660401 0.10004594766 0.000844426723304 -0.0472076740974 0.0107188330562 -0.651077486831 -0.00374195183128 -0.120615746439 -0.0117652617871 0.0788668383003 -0.00826208988636 -0.153989074134 0.0248001375522 0.0208792891044 0.0682550706657 -0.00920264026334 -0.258301534154 0.071887322719 -0.0183956431606 0.0216489545092 -0.105312944478 0.0297133604988 -0.00429389221776 -0.109057005198 -0.0221847702376 0.000561749942753
-0.655786068324 0.0756121203817 0.0452496791721 0.0722967859254 0.0301771206166 0.0582236870956 -0.0042031746466 -0.699239977267 0.0229527670776 -0.108436630168 -0.0595946014724 0.00337277654553 -0.00810414527281 -0.0633756409309 -0.0952723570856 0.0599129092305 0.040449680086 -0.0201616844549 0.0607431600725 -0.0802213766996 0.0220717597948 0.0174574134245 0.0664695615895 0.082123756996 0.00207497127777 -0.0832965276428 -0.00602434314585 -0.000491447934392
-0.664128666881 -0.0162232910633 -0.0176523083136 -0.0402427880099 0.0107478861082 -0.0117241028513 -0.00244399888904 -0.69805087136 -0.010713326997 -0.0551097861726 -0.0441907663896 -0.0357516301994 -0.0108229624961 -0.055055751971 -0.162815886495 0.0464234603693 0.0253622008893 -0.00833895915637 0.0756351703354 -0.0150851123462 -0.00617305498303 -0.00221725477708 0.136875360039 0.00522411920208 -0.00742281157641 0.0736520097439 0.00370045380024 -0.00706906227484
-0.585102759614 -0.06513942646 0.0722036223035 -0.0525193458036 0.0164228015274 0.0139447913325 0.00809431506777 -0.616830670023 0.0420238779949 -0.102172316954 -0.0572887850852 0.0012615034876 -0.0185053387575 0.00881683141603 -0.0498532664854 -0.0750292451245 0.0280913926708 -0.014894570414 -0.345510701344 0.102666869463 -0.0680126416184 0.00121410248666 -0.322564144919 -0.00676222672767 0.00472239530774 0.0197683439812 0.0131557889574 0.0130648304533