-0.00207331976172 0.00329275200571 0.0542224738874 0.0221476869482 0.0250829233799 0.00751458619642 0.0183736719778 -0.0203202207308 -0.15631186361 0.0269800910937 0.0253959766309 0.114829256867 -0.0699582227476 -0.0170228577563 -0.0113313800629 -0.0315025251082 -0.0677086779249 -0.0636959427016 -0.310761761025 0.862392719699 0.0534511566543 -0.00383528392398 -0.310400938623 0.0333756779499 -0.00872372378211 -0.0108009879334 -0.018457314998 -0.00421839113393
-0.162273744531 -0.0102207238019 -0.0649881235324 -3.93835120145e-06 -5.96310031074e-07 0.0190664122468 0.00119652032913 -0.123577676705 -0.0167741179218 -1.2326052511e-06 -4.8678786314e-07 0.00263328206041 -0.00166365590735 -0.0157177523775 5.41765729876e-05 3.76091681476e-05 0.00150737993614 -0.00539246854213 -0.734239766079 5.8173095675e-09 5.38035879286e-07 -3.4812475403e-07 -0.643310021737 1.01922549899e-06 -1.3464120415e-07 -0.00857221268421 -0.00443124415001 -0.00919225937643
-0.146036464956 0.00741031661214 0.0543273808267 2.85062417161e-06 -1.3507381736e-06 -0.00944730715689 -0.00534095353857 -0.123608278422 -0.0149809968101 -4.90704320691e-07 1.36822492558e-06 0.00668797760741 0.00265965871866 -0.0471402971868 5.2138077069e-05 3.63281329579e-05 -0.014280108435 -0.00280353974392 -0.73583528121 5.43955951891e-09 -6.2630888085e-07 -1.18327792143e-07 -0.644707943321 1.46887313587e-07 1.30534300393e-07 -0.0060085291462 0.011839025712 -0.016787066741
-0.160912336259 0.0109629776011 -0.0658319151649 -4.19734886431e-06 -1.53061969332e-06 0.00804630216006 -0.000363933206534 -0.12510149874 0.0191418989956 1.62009712077e-06 1.57955976376e-06 0.00690339251383 -0.00507219477904 -0.0142081019694 5.4427199036e-05 3.81175387903e-05 0.000201754818377 -0.006308689884 -0.734326473516 6.61444624681e-09 3.67552428717e-07 -4.81229667864e-07 -0.643385989131 8.75952201032e-07 -4.06706458883e-07 0.00143567776974 -0.00473480017021 0.0071442503206
-0.602865564756 -0.0488344177589 0.239556206342 -0.0127533925598 -0.0131705141294 -0.0230650751935 0.0120556575083 -0.482573311515 0.0848225066316 -0.00660460360363 -0.0119463292694 0.0375304415864 -0.0313726019992 -0.0321159034351 0.00102386782665 -0.00951229578232 -0.00485782319652 -0.0227549201715 0.361859778357 0.256562902103 0.0272746925827 -0.000568296308708 0.361586832173 0.0151991987122 -0.00364164125991 0.0165889193092 -0.0229374554561 0.0463732965758
-0.257014323909 -0.0130340323841 -0.0399584039509 -1.6132848681e-06 2.33934404161e-06 0.0143278905362 0.0104854473522 -0.235110207485 -0.0206077742114 -9.58892432548e-07 9.54661446068e-07 0.00427501578235 -0.000840142675669 -0.0556693132769 4.81343183267e-05 3.30178533652e-05 -0.0154713304065 -0.0121083177845 -0.693989288375 4.86147036589e-09 -7.11712024374e-07 -6.78558889713e-07 -0.608044246739 3.8272888844e-07 1.61888593586e-07 -0.09091712961 0.00489770603538 -0.114137955779
-0.234478699971 -0.00645075729151 -0.0115892654854 -4.13626992956e-07 6.13150183585e-08 0.000621313484744 -0.00282116054791 -0.251246257223 -0.0335051056326 -2.21145760078e-06 -6.76197818072e-07 0.00787011180368 -0.00631811585345 -0.0359667292611 5.06041479346e-05 3.53684692513e-05 0.0171206573795 0.00308078086246 -0.704650082257 5.758439595e-09 1.53758821448e-06 3.00103735013e-07 -0.617384783494 1.34184396118e-06 3.88893207274e-07 0.023235037371 -0.00370378302518 0.0253145803284
-0.236906358632 0.00595798401263 0.0152401282153 7.10669928665e-07 -8.47860523623e-07 -0.000426072368614 3.98491911219e-05 -0.242584329262 -0.0222163769345 9.06210856353e-08 5.26081642444e-06 0.0066519218936 -0.00111517846604 -0.0188881156419 5.20582330052e-05 3.66574642667e-05 -0.00772518934181 0.00435384518372 -0.706857542112 6.20685927831e-09 -2.36924853477e-07 3.78182786184e-07 -0.619318864678 2.71001969115e-07 5.03346250052e-07 0.0170585717212 0.0135597189416 0.0103690785368
-0.219775873743 0.00178722858672 0.00880628120418 1.07497376958e-07 -1.06715608454e-06 -0.010495938806 -0.0103429165664 -0.218346345973 -0.00764422519944 -2.42863215762e-07 5.21683337381e-07 0.0088742740599 0.00399854695333 -0.29789975628 2.74641079661e-05 1.66404745929e-05 -0.0369186328405 0.00304586513258 -0.658716122255 2.25769939259e-09 -2.38776493542e-06 6.48859522472e-07 -0.577139384172 -1.10512781329e-06 1.45981326941e-06 -0.166301620563 0.0266983633963 -0.134499141727
-0.283490508221 0.000749355226401 -0.0524356200483 -1.6177052139e-06 4.73570368396e-06 0.0151661054854 0.00351412856837 -0.228157407462 0.000694212547605 -3.12262828309e-07 -1.1787691056e-06 7.30201727739e-05 -0.000973787822695 -0.0139376915052 5.13340715008e-05 3.61815824287e-05 -0.00852160255218 -0.0119507191401 -0.692347356484 5.41589878148e-09 -1.44923008212e-07 -8.31121903453e-07 -0.606605653992 5.20115813687e-07 -6.6545526103e-07 -0.0750234766257 -0.0025499645304 -0.105940887006
-0.243625680342 4.9142164643e-07 -0.0193234855002 -1.7177372633e-06 -7.44856811591e-07 -0.0138449549676 -0.000783930905196 -0.232272423199 -0.00107040697914 -2.37884428167e-07 1.82336180285e-07 0.000879923389937 -0.000482986719629 -0.0646274454521 4.86005548771e-05 3.44440299287e-05 0.0379873393342 -0.00520888608477 -0.704801360508 4.67471728462e-09 3.10468254217e-06 -4.0213456812e-07 -0.617517328653 2.63734622047e-06 -3.41269320485e-07 0.0186946191508 -0.00808661322416 0.0446523212206
-0.247973935356 -0.000587204924873 0.028571680224 2.53997029507e-06 1.83888111185e-06 0.00675123442337 -0.00140702047489 -0.232985287256 0.00193699887116 3.3739521258e-07 -2.8487063158e-07 -0.00220719113759 0.00110630488011 -0.0179444746193 5.24506385123e-05 3.78524856027e-05 0.00257564527283 -0.00555072399906 -0.706507798488 5.13693494437e-09 3.58534380424e-07 -3.80355312867e-07 -0.619012432426 1.82025445011e-07 -3.22020177388e-07 0.00656065398242 -0.000193287175547 0.0249097959363
-0.253672910859 0.0020439000081 0.0303281289065 -1.32843037694e-07 -5.56624858761e-06 -0.0204503790407 -0.00650569750697 -0.230605050822 0.000491791032182 5.46214630181e-07 1.73846123372e-06 0.00429446405754 -0.000645435211567 -0.121021194941 4.37046896347e-05 2.95822426785e-05 -0.0364730849818 0.000139463950207 -0.698702860493 4.01585462416e-09 -2.27427154912e-06 1.08333991357e-07 -0.612174078636 -1.15208436947e-06 3.97934995186e-07 0.00908452424062 0.0206011899301 -0.0405164618486
-0.300612112798 -0.00836497945258 -0.0565797648701 -1.95543031285e-06 4.61706685013e-06 0.0143754847376 0.00343152285648 -0.22900252008 -0.00651916087532 -1.04398684573e-07 8.67116637541e-07 0.00148710933596 0.000909545569644 0.00639659029693 5.28692620317e-05 3.74714217951e-05 -0.00884662110965 -0.00610582136654 -0.692035392906 5.49956199504e-09 -3.45120862171e-07 -3.98154805835e-07 -0.606332324842 3.34604957163e-07 -1.81726008518e-07 -0.0640693491936 -0.000484533620136 -0.0533060860619
-0.239717512625 -0.00531954145994 -0.0200440399613 -1.33829175688e-06 -9.48795263916e-07 -0.0107706464785 0.00305950345358 -0.23576388933 -0.00620403858672 9.67693604439e-08 -3.68149497906e-07 -0.0132783265076 0.000569694477152 -0.107485065854 4.53216060778e-05 3.18739632485e-05 0.0401846464348 -0.000732389445436 -0.702099690338 3.60515236926e-09 3.20844732083e-06 -5.58429961517e-08 -0.615150240529 2.40702696104e-06 6.92439869483e-09 -0.00252923957056 -0.00494518793325 0.0403399972099
-0.492006764691 -0.0153034391819 0.00314745357677 0.00178005719836 0.00187909575111 0.0258677961871 0.00393949468148 -0.528040547624 0.03607738085 0.00737448059143 0.00438641753932 0.050280961573 -0.00958355318665 -0.262603972459 0.015601195838 0.00660298064692 0.0999182776332 -0.00566985609999 0.430616628323 0.132060817331 0.0245534314565 -0.00157508345882 0.430148751212 0.0136585744849 -0.00418445147411 -0.0551459980444 -0.0110610455414 0.0551058290912
-0.300705304864 -0.000675229960882 0.0570951976228 2.08082108584e-06 -2.46919374161e-06 -0.0201139532687 -0.00463917707881 -0.23075528403 0.0031905474527 2.50891073531e-07 2.1894629727e-07 0.00715755705378 -0.00636557120357 -0.0150930925793 5.12760593063e-05 3.56197732731e-05 -0.00953369582779 -0.00602192611036 -0.694274590878 4.84097414178e-09 -3.30457379923e-07 -3.81204074855e-07 -0.608294216353 7.60238714103e-07 -1.92648379059e-07 0.00739210509107 -0.00443159551691 -0.00846601747289
-0.239688498283 0.0093092317809 -0.0223642109336 -1.32167854969e-06 2.22894482059e-07 0.00305537429695 -0.00531536787556 -0.246567057132 0.0273486834237 1.0799716156e-06 -1.88543177152e-06 -0.011920241485 -0.00455239651792 -0.0606340353305 4.8679191743e-05 3.39519682647e-05 -0.0148445450678 0.000827897270461 -0.703794807206 9.13453800271e-09 -6.79861174013e-07 1.35637332134e-08 -0.616635421143 3.43130638244e-07 -1.25503842384e-07 0.0237195097467 -0.00550896611201 -0.0127303647726
-0.242461918601 0.0120752252466 -0.0255733091664 -1.69039459298e-06 -1.73745684207e-06 0.00573526909684 -0.000279981040835 -0.247114943832 0.0298404930144 1.65110136692e-06 1.44047765803e-06 -0.00292323712781 -0.00635687987926 -0.0411494307638 5.05631038483e-05 3.62491519457e-05 0.00229262811906 -0.0139430133944 -0.703942986718 5.16918978525e-09 2.5332538551e-07 -1.05850014398e-06 -0.616765256219 2.18540161359e-07 -8.99914076671e-07 0.00253408220152 -0.0030891482271 0.0230264599016
-0.234997252703 0.00348006647884 -0.0101200547417 -1.44316785183e-06 -1.24269174596e-06 -0.00344954577185 -0.0032616995828 -0.24428450619 0.02286953034 9.2672390365e-07 1.52101851012e-06 0.0013979409081 -0.00862360812999 -0.0193755107128 5.27847677438e-05 3.82032072836e-05 5.81415160501e-05 -0.015590406247 -0.706803814788 5.18411445003e-09 7.30716859857e-08 -1.11092722311e-06 -0.619271794244 1.89208070243e-07 -9.7092383412e-07 0.0114509861346 -0.0034872745267 0.0231088258696
-0.254508347527 -0.0160234615189 0.0404505522102 2.29701807245e-06 7.66311748555e-08 -0.00249910063366 0.0034096981823 -0.244304011831 0.0264473196428 1.18263845028e-06 -1.02836382554e-06 -0.0107086818386 -0.00446856834035 -0.0584683447857 4.84195529582e-05 3.3346972028e-05 -0.0170812005632 -0.00103958380865 -0.701146910409 8.15718379418e-09 -9.56409871143e-07 -1.23271905995e-07 -0.61431544759 5.92189424794e-08 -2.44340753962e-07 0.0034666399188 -0.00893725262554 -0.00152511093421