-0.000184087298965 -0.000248297339372 -0.00469264494129 -0.0117845107718 -0.00341147794852 0.00193931185961 0.00480275514238 -0.000862137338774 -0.00742231298715 -0.0248513647233 -0.0037356925497 0.00467672869153 -0.0135278642128 -0.477823639893 -0.202967132358 0.639427551537 -0.21372976761 -0.00434512402273 -0.116798314232 -0.216452804598 0.0275675471963 0.0156104613121 -0.443563860026 -0.105812355478 -0.00859691228731 -0.0726140264551 -0.00637738997864 -0.000683615340164
-0.476323510972 -0.048077096383 -0.0721634767897 0.0452811231149 -0.0768813589702 0.0751245409932 0.0127524624466 -0.425145164218 -0.0297527965452 0.0392910008728 -0.0451289858887 0.0482521730278 -0.000186299260061 -0.432440164573 -0.195731127563 0.350891232124 -0.148940155538 0.0154310752059 -0.0260052725139 -0.195042732702 0.021961141374 -0.0111687128495 -0.359288648228 -0.070460282542 -0.0033948352795 -0.133504566404 -0.00210478341216 -0.0469961827044
-0.555396716034 0.0661768843269 0.0871986581854 -0.068023249288 0.0973266784552 -0.0751819744037 -0.0261729758748 -0.488981874034 -0.0645532030751 0.0311316140854 -0.0476207788073 0.059216347443 0.0136376483895 -0.29428148186 -0.14293998263 0.384437537662 -0.137597471412 -0.00491161786468 -0.0448069551135 -0.152117037698 0.00822762519089 -0.00501937524226 -0.311324525445 -0.0690729556913 -0.00137103035326 -0.0683926479916 0.023418611671 0.0544954670423
-0.502336374668 0.0555278004339 -0.0677108908684 0.0577803075735 -0.0678541733953 0.0801010524283 0.00113172381527 -0.459274788429 0.0359879437271 -0.0528658153886 0.0519336361914 -0.0473247146055 -0.00739680584341 -0.343724752703 -0.147251797616 0.423506080919 -0.147065312078 -0.0217729694141 -0.129998617358 -0.177103871513 0.00390638699568 0.047630843725 -0.32609489385 -0.0810228514042 -0.0188701857788 -0.0120017613895 -0.00856727231167 -0.0173262675317
-0.515287714378 -0.0616155565155 0.091881527066 -0.0436870009121 0.0867358800601 -0.0674039151179 0.00249644027069 -0.466698667143 0.0559303894396 -0.0385786950344 0.0588533348772 -0.0514397687971 -0.0103366469056 -0.279686195477 -0.0755857577937 0.477683032112 -0.120953866864 0.00440411428264 -0.287233698793 -0.0496266920108 0.000511114822412 0.00981237422838 -0.253350598653 -0.0396599992299 0.00317311401363 -0.027842934917 -0.034514648643 -0.00717448354038
-0.111060390344 0 0 0 0 0 0 -0.111060390344 0 0 0 0 0 -0.508648958971 0 0 0 0 -0.512069625039 0 0 0 -0.418673358808 0 0 -0.51343122277 0 -0.124471334667
-0.473096172243 -0.0218221820608 -0.0176878854137 -0.00441411086584 -0.0211420182368 0.0219218093245 0.017957604616 -0.48705268545 -0.0270133813317 -0.00669951150436 -0.0247293285973 0.0316740773237 0.0246680131341 -0.366246084236 -0.0536261219884 0.296012447601 -0.0643588486685 -0.0174096950384 -0.385758610655 -0.0918972524694 0.0883997375388 0.0279782458783 -0.324002359513 -0.0434976300603 -0.0183080611962 -0.142895929047 0.037316551214 -0.0997701897036
-0.499412902208 0.0236341270897 0.0266060630033 -0.008036026442 0.0134437570312 -0.0206099856476 -0.0125792842403 -0.520792807112 -0.0292547792651 0.00147134212196 -0.0322277950158 0.0361576302698 0.0206538096073 -0.395769504352 -0.102772035432 0.271163306839 -0.0638808227357 -0.0269758879977 -0.32017433227 -0.0413661652325 0.0742746091237 0.0155585340222 -0.299808803764 -0.0444221097194 -0.00839163550706 -0.149767188166 0.0574056357639 -0.0215967508517
-0.111060390344 -4.85362364156e-29 0 4.27060678103e-26 -4.21989414689e-15 0 0 -0.111060390344 -5.64713785699e-17 -4.82861820278e-17 -4.17416317039e-15 0 0 -0.508648958969 -2.82356892849e-17 -6.26958247206e-33 0 0 -0.512069625049 3.11136327584e-12 0 0 -0.418673358801 0 0 -0.513431222767 0 -0.124471334666
-0.111060390344 0 0 0 0 0 0 -0.111060390344 0 0 0 0 0 -0.508648958971 0 0 0 0 -0.512069625039 0 0 0 -0.418673358808 0 0 -0.51343122277 0 -0.124471334667
-0.722010648707 -0.0138141861206 -0.054731994302 0.0195646458262 -0.0643830228667 0.0420981033263 -4.29873970754e-05 -0.53939480742 0.0296331322709 0.011494992248 -0.0199567527684 0.0148625512259 0.00976948650354 -0.084688543892 -0.122314900607 0.193514787313 -0.0815440889853 0.0139329941424 0.215383618656 -0.11983057414 -0.0125211633198 -0.00627837864384 -0.0321661153538 -0.022580207005 0.00212105927896 0.110456343938 -0.0110261605646 0.18788527903
-0.761812303939 0.00700323593598 0.0387350554936 -0.0525593345493 0.0811177963076 -0.026352320365 0.00181524551054 -0.499974196177 -0.0103537738532 -0.00317874713026 0.00605709880022 0.0157944455818 0.0069391029271 0.0355925547319 -0.0555554230037 0.174309068151 -0.0459652155698 0.00843662377693 0.196712863777 -0.0660164126494 -0.021199033925 -0.0104755591207 0.0175727923363 -0.00939418511011 0.00856752101727 0.15358566476 -0.00487928002946 0.230237919457
-0.111060390352 8.12752035488e-28 -2.49357676483e-24 1.59071989688e-14 -4.89390673865e-15 -1.11026851687e-25 1.32428743454e-28 -0.111060390352 -3.78248888922e-17 -1.49907795876e-14 1.37072420787e-14 1.71356648234e-21 -1.87642489002e-18 -0.508648959006 1.86549586037e-12 -1.52085650989e-10 -7.45964827261e-12 -2.13442500427e-18 -0.51206962491 -7.19756158737e-11 2.79890839647e-12 -2.24828945255e-15 -0.418673358878 -7.70740048311e-21 2.72694715066e-15 -0.513431222801 2.20517836873e-15 -0.124471334675
-0.111060390344 0 0 0 0 0 0 -0.111060390344 0 0 0 0 0 -0.508648958971 0 0 0 0 -0.512069625039 0 0 0 -0.418673358808 0 0 -0.51343122277 0 -0.124471334667
-0.714551940287 0.00766037937759 -0.0373157038525 0.0482327494994 -0.0439510190918 0.0471593872344 4.58995692452e-05 -0.546632854348 -0.0356184028468 -0.0334316349448 0.0136880724722 0.00709380274994 -0.00265076865416 -0.000730996325107 -0.0717844937201 0.236266280387 -0.0536260971125 -0.0102878911921 0.165537352566 -0.088768217974 -0.0178143019682 0.0292051678041 0.022294262433 -0.0254406823774 -0.00684902430688 0.182184562205 -0.000801815185376 0.212723089912
-0.753429095038 -0.017919930755 0.0713063511647 -0.0544787972792 0.0514634421134 -0.0215438637444 0.00328851835228 -0.521471147382 -0.00576772248984 -0.0348817873183 -0.00472350190275 -0.0120820933476 -0.00933430374065 0.0283359324132 -0.0349619977947 0.241088856892 -0.0365041751313 0.00396701624536 0.0764470395634 -0.0183302148081 -0.00540755911455 0.00568010548438 0.0516967627772 0.00679574265341 0.00457651043977 0.168381985238 -0.0210419573468 0.219399030406
-0.111060390354 -2.08553818084e-26 1.11629646819e-23 -1.06960692942e-14 -2.85610938229e-14 0 4.28687150133e-36 -0.111060390354 -3.18909827878e-17 -1.30248498091e-13 -1.87194328991e-13 0 -4.06922264592e-15 -0.508648959018 -3.73092386432e-10 2.28700308722e-10 0 -1.47970973207e-13 -0.512069625005 4.06630738387e-11 0 -1.43624106286e-22 -0.418673358724 0 8.79012366525e-23 -0.513431222817 0 -0.124471334678
-0.111060390344 0 0 0 0 0 0 -0.111060390344 0 0 0 0 0 -0.508648958971 0 0 0 0 -0.512069625039 0 0 0 -0.418673358808 0 0 -0.51343122277 0 -0.124471334667
-0.230026142451 0.00118475510823 0.00257729724603 -0.00116999383591 -0.00425883291116 0.0032777371596 -0.00208805508022 -0.236323072139 0.00282365285367 0.00112256831101 0.00465713717071 -0.0188401400527 0.00388935374659 -0.255864906185 0.00200352488526 0.0256217386657 -0.0470611298653 0.001853044763 -0.750042808373 0.00555990056886 -0.00212006288181 0.00104759465833 -0.505252943211 -0.016198320811 0.00474250206394 -0.0394268815289 -0.0216348810986 -0.0475554620079
-0.267186528041 -0.00568094552745 0.00269880145982 -0.00310702411652 0.00822175216109 -0.0136479594937 0.00469713633488 -0.271464578329 0.00507560178637 -0.00345498865868 0.00866962023027 -0.0208476761402 0.00321017007762 -0.253833261005 0.0136835243149 0.106433456258 -0.0525906472292 0.00465691038967 -0.769775328667 -0.00988403733438 0.000990145806152 0.00103164641507 -0.419105481182 -0.0261667161476 -0.00204350096664 -0.0325123472736 -0.0143593491696 -0.0710351288942
-0.111060390341 -5.7610042022e-26 1.8733041549e-23 2.44089786634e-14 3.3631110512e-14 0 -7.19004432069e-36 -0.111060390341 1.03204668739e-16 2.26283713765e-13 4.00935665817e-13 0 4.06922264544e-15 -0.508648958958 3.73092283017e-10 -3.81167139693e-10 0 1.47970973189e-13 -0.512069624945 -1.09526625797e-10 0 -1.4363432223e-22 -0.418673358955 0 1.46492962437e-22 -0.513431222757 0 -0.124471334663