-0.0296549753429 -0.00909135248 0.0486882772681 -0.104218509523 -0.123552445656 0.0366168278005 0.0232506478985 -0.00775614342221 -0.0450006025353 -0.0127499156818 -0.0756978590243 -0.0154145468415 -0.00492518968713 -0.0355238288039 0.120356784384 0.112841734136 -0.0633765420589 0.0361434055096 -0.424665805571 0.740693214015 0.0530362517444 -0.0225447192859 -0.434446018682 0.0700968588629 -0.0161402761838 -0.0117571861866 -0.0162494875244 -0.00270384781245
-0.547824699962 -0.05871172056 -0.155793989625 -0.038373855789 0.0650008522691 0.0229816315661 -0.00498159709773 -0.604542322301 -0.137585127527 0.100111357666 0.103207379167 0.0106154730698 0.00261564760091 -0.0402737405196 0.0274552562662 0.0573968030597 -0.0599198427659 0.0321862078015 -0.0520577743896 0.486846254561 0.0340211730996 -0.022501422282 -0.0598584682204 0.0363504091994 -0.00941789861117 -0.0518998359728 -0.0120144552979 -0.0346900692412
-0.542206464204 0.0527072148347 0.181888500981 0.0194934467578 0.0322168658169 -0.0716854289018 0.0226196039115 -0.455160892753 -0.100372950017 0.0515521157129 0.00485340616521 0.0348548545481 -0.000275875609643 -0.0734834126977 0.122653722289 0.122260376904 -0.0523016542634 0.0228553860486 -0.378489064697 0.209698920263 0.0470060695048 -0.0136951098683 -0.451377799945 0.0893402759099 -0.0191430752942 0.0301705799568 0.0124019099801 -0.0226269214422
-0.441682184346 0.0386007883377 -0.107894655168 -0.00909722943363 -0.00691528308757 -0.0114256319877 -0.0034545100729 -0.527113154367 0.175768101818 -0.0537052326367 -0.116649319104 -0.0399498071247 -0.0141858010873 -0.0928597320372 0.0673882927118 0.0643110810917 -0.0222505853507 0.00203538884189 -0.316988591687 0.443172219585 0.0282164693287 -0.00334803068159 -0.357082345486 0.0299413018862 -0.00758809398215 -0.141122974066 -0.0162966918089 -0.0186577030537
-0.427434676351 -0.0145374361978 0.115598205053 -0.101754441807 0.0476667351721 0.00789616772405 0.0196756670643 -0.381315927527 0.0507189048819 -0.0263934548719 -0.0211924788477 -0.0197442707126 -0.01441009733 -0.0878272311546 0.173037470624 0.161224446175 -0.00635906199357 0.0215859459695 -0.475532964725 0.1518099645 0.0389216975054 -0.00787983694013 -0.563465058431 0.0467837062726 -0.00321654872533 0.0586303256228 -0.0171785935638 0.0509663905327
-0.57213744003 -0.0480608095483 -0.0744852074429 -0.00923602940236 0.00683710895984 0.0314601510779 -0.00263364264081 -0.566588938905 -0.06733903093 -0.0150248910004 0.0170412382514 0.0367297415846 0.00618715580138 -0.13659953435 0.0920650809425 0.0644413485133 -0.0660678643214 0.0295017702151 -0.272024134468 0.112789510481 0.00966694138315 -0.0275824848165 -0.398541156 0.00704889630142 -0.0150827930024 -0.0748013884095 0.0195747908449 -0.216850510987
-0.603567921394 0.0184514579447 -0.0215483365602 -0.0486507659269 -0.011518824453 -0.000341096812647 0.00146488861855 -0.735002260599 -0.116554102287 0.034886082965 0.0812748254174 0.00233981647029 -0.00921200815555 -0.011776238286 0.0469980653863 0.0574089875246 -0.0158846031635 0.0289547023878 -0.0310679753224 0.23047565169 0.0471418443826 -0.0165129656258 -0.0742155335016 0.0412443505097 -0.00341731848406 0.010236302577 0.00419558720423 -0.004076058442
-0.573664693439 0.00973793517656 0.0551474144763 -0.0492643277766 -0.0191260563236 0.00700346156873 0.000771576105938 -0.639642167914 -0.066754372317 0.0161804166647 -0.108402242069 -0.00545709400479 -0.00859326804948 -0.15508719181 0.131307059269 0.091802705344 0.0168505322644 0.0125392005673 -0.232811594522 0.138660174885 0.0357647832673 0.00134246540229 -0.332344917683 0.0564603873359 -0.00486713499803 0.0161089718494 0.0198248295197 0.00521344710742
-0.406591096502 0.0219433199517 0.0503143083841 0.00745542002256 0.0153565188506 -0.0287057314674 -0.0130139789543 -0.389928493695 -0.0398090757066 0.0068749179772 -0.00851125842892 0.0212611685822 0.000423914054469 -0.232039126998 0.035610114862 0.108118687293 -0.0595942617804 0.0110606906181 -0.495106048412 0.113331199493 0.0136263163712 -0.00862074823407 -0.570200075973 0.00587613796246 -0.000807921780728 -0.0910069548578 0.0333416845876 -0.113666349035
-0.783197762698 -0.0644643904215 -0.0447385434313 0.0237481286915 0.128300296753 0.0146452079226 -0.00884330577857 -0.539189087609 -0.0194326822427 0.0382519796933 0.00836798893794 -0.0108769517189 0.0182773970162 0.0363636801573 -0.0270141641807 0.0463163711467 -0.0199884397633 0.0190053984303 -0.0117643845109 0.250125705924 -0.000219224997537 -0.0129871887314 -0.0181995002634 0.00573280442509 -0.0117653673249 0.0293331940495 -0.0241941615208 0.0161868250784
-0.70056138333 -0.0490513102583 -0.0243245855793 -0.0538528364856 -0.077467879571 0.0504971014878 -0.000430383825312 -0.505766148445 -0.015237308203 0.0289823182055 -0.0559555378428 -0.020455636129 -0.001264978988 -0.342922615103 0.071038447661 0.119684447907 0.0168276531507 -0.000475792040366 -0.0297663452878 0.247834291758 0.0142359884338 -0.00169446102032 -0.0403264309326 0.00813480785332 0.00457419546756 -0.178171546802 -0.0119909110778 0.031243148359
-0.649575702011 -0.00872368982215 -0.0302381765153 0.0202923548386 0.0469204117957 0.00584068568287 0.00379045056956 -0.646214231725 0.0296932575736 0.0330551994975 0.019405462227 -0.0016857151395 -0.0231282806116 -0.236223984098 0.00854815882375 0.0563768219457 0.0581003185509 -0.0116864815714 -0.162441860467 0.140018101753 0.0527591866462 -0.0207917180252 -0.156178986368 0.121921695285 -0.020072854414 -0.0276969458766 -0.0290482107273 0.0295532445039
-0.641910157237 0.0237315930018 0.0950253642644 -0.0313093821193 -0.000902214918328 -0.0521460500478 0.0111243785768 -0.530324664885 -0.0164086094355 -0.0498858376361 -0.0175638539923 0.0115444826403 0.00395089429323 0.0275926707083 0.0814611643123 0.0842918213093 -0.0271897319309 0.0188385826978 -0.319380214046 0.105006519287 0.0291737287027 -0.0144534778712 -0.390888268733 0.0299561440482 -0.00647653863724 0.0793087398109 0.0177256138898 0.00715088938212
-0.698141333555 0.0669288094668 -0.0908489838409 0.0456128301228 0.0611114769421 -0.0180384017214 -0.00380477849304 -0.622092044781 0.0229765044345 -0.0322053012398 -0.0526222024181 -0.01170631591 -0.00146402447848 -0.015809472663 0.0389349425342 0.0467225138537 0.00661195695488 0.0153845113358 -0.0393090530269 0.285336184941 0.0181372551757 -0.00625870561296 -0.120241232007 0.0125844604961 -0.00417752795084 -0.00654344917714 -0.00131193551868 0.00106478026786
-0.568039066737 -0.0416113933116 0.0257217247087 -0.0324646000279 -0.0737914637781 0.010904934238 0.000485096271995 -0.516019429051 -0.0305878766958 -0.00801588483026 -0.0402639918363 0.0296513443492 0.00374354698558 -0.423114446225 0.100613977122 0.083894645934 -0.00393421918565 0.00160702348391 -0.164624289165 0.292659776742 0.0272393077242 -0.0036948425209 -0.153727817131 0.0263641022796 -0.0107847008828 -0.251590234833 0.00661946504601 0.0321387235097
-0.56489745562 -0.00779713934995 0.0159980057178 0.00287534350438 -0.0475264484972 -0.00886595495278 0.00323908218487 -0.629010417547 -0.0743858879641 -0.0715777488909 -0.00354833704712 -0.0347621807184 0.00558740921027 -0.328257968647 0.0928746853178 0.0662988010053 0.0382847953219 -0.0104840639414 -0.240479604257 0.127451733074 0.0597399569921 -0.0144015821436 -0.221752000549 0.0909595580929 -0.0104776015289 -0.104457151792 -0.00554100076599 0.044213690652
-0.436969325413 0.000916443072273 -0.00956904427393 -0.0134049899481 -0.0133152670813 -0.00395839228677 -0.00409207606486 -0.437362797328 -0.00135450719167 -0.0258562173196 0.0551540216197 0.00323009565446 0.00136447786147 -0.0357965805049 0.175450396898 0.142672590688 -0.00924993219495 0.0158162449771 -0.322293571769 0.115906053569 0.0280563089743 0.00937596454554 -0.656910422839 0.0110332137085 0.00383542046855 0.0971725542471 0.0102775832261 0.0375688284934
-0.346622651108 0.0456039789534 -0.0414735798502 -0.0234873996939 -0.0325903758995 0.00518721529851 -0.00316122649604 -0.36927575569 0.0589631539184 0.0181537654757 0.0288974904497 -0.0141342217478 -0.00555817456851 -0.0862826061368 0.107754364677 0.122148821975 -0.0158774469497 -0.0025191563742 -0.601198422141 0.0308092202509 0.00287955230025 0.00196269905256 -0.575250278343 0.00854361013104 -0.00081025828026 -0.0528424845481 -0.0148569635776 -0.0503069045873
-0.382933841895 0.0347813026471 -0.0184357665175 -0.0192398485149 -0.0359275298152 0.0143188431983 0.00311979518857 -0.493693611189 0.0983039248229 0.0339840626787 0.0210415672368 0.00857008367545 -0.00310258361972 -0.0816922436382 0.125158286925 0.098268894112 0.00360911956766 -0.00573376821112 -0.571709920407 0.0233009661755 -0.00696512223218 -0.00101151500098 -0.477647551832 -0.000937761971766 -0.00336168346408 -0.080839937962 -0.0204680181597 -0.0161106921004
-0.429827874899 0.00102182329869 -0.0229877958439 0.00102253890201 0.0746087242447 -0.00498241303134 0.00796913108198 -0.465593861248 0.0746233349663 0.00325346627957 0.0122202665692 0.0214675695938 -0.00320825904861 -0.153813762036 0.100080292256 0.160482256484 0.0137214636027 -0.00477616051935 -0.500761111382 0.0391547050488 0.0126091214723 -0.00225863610004 -0.515892671014 0.0123034747006 -0.00813401679857 -0.0812647954624 -0.0293906563619 0.0124700245095
-0.455877904557 -0.0109916188756 0.0311834511821 -0.0385266062139 0.0187537736517 -0.00684029578218 -0.0122319715757 -0.469301135826 0.0410772432667 0.029167477508 -0.015379902205 -0.0184071755991 -0.0155314424878 -0.0564212423062 0.114094691822 0.119007561466 -0.0292303660899 0.0121284317868 -0.392345271191 0.0826193966918 0.00639190221651 0.00103214420597 -0.603564049011 0.003797636595 0.000343490016906 0.0897899639694 -0.0262739406858 0.0150613545583