-0.00891707034774 -0.00330622864776 -0.00218610800038 0.00130844489368 -0.0786232949697 0.0897035954945 0.015213491943 -0.0125254447866 -0.0721463606499 0.0291221881205 -0.0775913700414 -0.0175298042901 -0.0608197983917 -0.39350798445 -0.281156339928 0.767541328292 0.00866468860663 0.00686059878705 -0.0608107345768 -0.0444883364141 0.106511578088 -0.0104210609946 -0.349511074104 0.0793560005747 0.00193826318922 -0.0161234421023 -0.0144754328593 -0.00283762190767
-0.562164639141 -0.0858691344271 -0.141127453585 -0.00975858646656 -0.183790786518 0.0486730838369 0.00901430051739 -0.462650225051 -0.0646697705548 0.0130741274292 -0.117188124729 -0.0548270134797 -0.00100401781965 -0.201397505279 -0.198742722164 0.269822469387 0.00857968423529 -0.00656528231671 -0.350635261746 -0.00622666076075 0.0830801454031 0.00179309043573 -0.310016898931 0.0481817160395 0.00120661603135 -0.0106370191892 0.00239581650567 -0.0616055880916
-0.550646563482 0.0432827833976 0.153318920407 -0.00304721696183 0.052309790922 -0.0792084947137 0.0129540974724 -0.516340168307 -0.0427867920071 0.0616124440128 -0.0604793243445 0.0608815089161 -0.0217192011131 -0.316537917935 -0.0513804087184 0.333763952741 -0.0183492287463 0.00541844884835 0.300669059781 0.00195732539605 0.0451157319397 -0.0143949945089 -0.272051129396 0.010139412448 -0.00139141475747 0.00093309859712 -0.00139130313692 0.0279735223287
-0.480320175039 0.0755389585262 -0.111639194859 -0.0325047449187 -0.160985494595 0.0419125080324 -0.0240763093537 -0.393960568315 0.035798503516 0.00154748882849 0.112162679211 0.0677135770635 -0.0231961914439 -0.236737254875 -0.283353464432 0.303465267165 0.0332555898994 0.00495499424843 -0.437318795165 -0.0411277832144 0.0671803436861 0.00111006103403 -0.272892236236 0.017267817013 0.00296612855577 -0.21233059912 -0.012056504928 -0.024607766798
-0.624952559988 -0.0359300767464 0.0734805867955 0.000181221369716 0.107175949842 -0.0511733145804 0.0360182374204 -0.60581755802 0.0528256405496 0.0348859852682 0.0855427434532 -0.0307536439859 -0.0334406433508 -0.138923488006 -0.134269306477 0.330242664932 0.0246909133986 -0.00300520877548 -0.177203413824 -0.0270609203145 0.0417509766411 -0.00115975506592 0.0616707922151 0.0602604126396 -0.00871030415958 0.119890020739 -0.00744728044552 0.0641312470657
-0.445660879164 -0.00125038695907 -0.0123917117801 -0.0116309161221 -0.0589071482097 0.0101019539393 0.00963208675713 -0.491768453777 -0.0109296291013 -0.0595998508094 -0.0463316369634 -0.0502315591883 0.00581398240644 -0.360316213218 -0.133617561318 0.0958766044153 -0.0656114672386 -0.0015765650643 -0.306029373443 -0.0308544840991 0.0847404369629 0.00198821630373 -0.525403995653 -0.0272648591263 -0.00865666459582 0.00382437652801 0.00363862292381 -0.0857447191569
-0.524260425398 -0.0314136218708 -0.040779410166 -0.00210263267732 0.0212132883753 -0.00586173871083 4.50488048136e-05 -0.681716000592 -0.101154419048 -0.0294047447014 -0.0591752188342 -0.040699755725 0.000489908652791 -0.114611986328 -0.0793758154605 0.194395766073 0.0487332548327 -0.00243486062499 -0.235665178648 -0.00813408493718 0.0622605661777 -0.00248804602997 -0.341251013917 0.0549724608806 -0.0026667532725 0.0491028953416 -0.00569241216345 -0.00134998132243
-0.599152740683 0.0192708332564 0.0546087123172 -0.0474856471471 -0.019255516399 0.00475612607615 -0.00545645236269 -0.648087914854 -0.052112814168 0.0156399641975 -0.08040664878 0.0214582866401 -0.008222350786 -0.18692219888 -0.016249815223 0.177544624293 0.0419310336496 0.00589387546484 -0.278376528472 -0.0400244180956 0.0259798432833 -0.0254749060588 -0.235702248993 0.0185799788169 0.00629174463667 -0.00772483451064 0.00547947869342 0.00666647340895
-0.562175873405 0.0549706887237 0.0880986751678 -0.0144962941345 0.0422508475242 -0.0457081095815 -0.0127951174461 -0.49987027607 -0.0204231989791 0.0226184833385 -0.0642832808316 0.00785574748962 0.00246157344566 -0.246532558374 0.0066600273448 0.191328356143 -0.0446467327263 0.00118011583099 -0.511570535809 0.00426856153972 -0.0284858815385 -0.0136109143762 -0.194527673127 -0.0102957911383 -0.0132683269345 -0.112791375723 0.00443380630082 -0.0303302638453
-0.625115630599 -0.0125239302059 -0.0940054653574 0.0509232110605 -0.0561720622996 0.0525670127412 0.00286331144305 -0.435335567423 -1.20388810873e-05 0.00405429033212 0.00598138265943 0.0265425939293 -0.00273152300391 -0.154784718963 -0.230828367898 0.0851504748017 -0.0291545088018 -0.00269972349694 -0.409118342265 -0.0942653164118 -0.0109183161214 -0.00268543358313 -0.340541417498 0.00819350846174 -0.00283011996749 -0.0959520583965 -0.00219020600058 -0.12017513004
-0.623148225539 -0.0313909485786 0.0492254410312 -0.0150611802271 -0.0945070194873 0.0203794337014 0.00121913519785 -0.599083578361 0.034227333571 -0.0339728069701 -0.0457264338637 0.0075721870864 0.0012746385272 -0.344161633364 -0.07242454138 0.0874503945065 0.0603442080333 -0.000802524503471 -0.16274428557 0.0824164912035 0.0211784825429 0.00634660938646 -0.213388686469 0.0989574218859 0.0027214366933 -0.0998360398806 0.00934178979155 0.0344598373402
-0.604305598896 0.00812891922286 0.00175542354324 0.0125523217722 -0.0111824417723 -0.0160251436276 0.00953511986824 -0.654808356751 -0.0124210387471 -0.0569289602467 -0.0246166517765 0.000107182866604 -0.00773068993064 -0.24864723537 -0.00025395667449 0.219076819887 0.0273127470267 -0.00512733222851 0.228100409288 0.02831320664 -0.0132021642774 -0.00154630653078 -0.181905547498 0.0536293791138 -0.000888156951126 0.0225243375613 -0.000594784354311 0.034720787127
-0.676522926579 0.00487246190634 0.0588579228914 -0.0371045928406 0.0438223322502 -0.0581499359242 0.00427895271019 -0.583759621752 -0.0720030153023 -0.0113138806637 0.0608185998993 0.00359484814179 -0.0132050083248 -0.1747072153 -0.0586493253486 0.171575218113 -0.0343972829807 0.00611981113037 0.320164619889 0.000605827668134 0.0351644824346 -0.00688910697459 -0.106644587812 -0.00227454364557 -0.00227778978765 0.0153674927152 -0.00336246904012 0.0460026934825
-0.620607308437 0.000687799461215 -0.0766483260866 0.0309802360981 -0.0867230607745 0.0214395950965 -0.0154333620609 -0.378037142233 0.0114630572403 -0.000545915262813 -0.016308544345 -0.00419350073455 0.00336875413107 -0.191718990222 -0.256876919119 0.16811630979 -0.0165574852018 -0.000455455366579 -0.415827394707 -0.105611199188 -0.0268603045508 -0.000459737900864 -0.276986840132 -0.0107932265835 0.0111898237292 -0.2491471656 -0.0113997961604 -0.0349148582249
-0.490840792943 0.0272005542033 0.0217646026618 -0.0446095943966 -0.0736417840365 0.0321941306128 -0.00463482044923 -0.487644248813 -0.0845384865069 0.0266419189194 0.0290725293129 -0.00934321520681 0.00694605486912 -0.426254950624 -0.148017333685 0.0527464858885 0.00153172505969 0.00133217549086 -0.3376715199 0.0326854854677 -0.00814960308503 0.00135082439756 -0.240541096852 0.0163853048564 0.00169262575196 -0.349587662612 -0.00612422376624 0.0287870390785
-0.611475023773 -0.0290766217149 0.0125875039925 0.00719581114907 0.0606403604946 -0.012012029181 -0.000110232580396 -0.593472786554 -0.00350096165135 0.0764806079662 0.0332303547216 0.00293660016113 -0.00145846871735 -0.126218359518 -0.095637901547 0.127858167199 0.0330487586681 0.00348657846645 -0.415303274427 0.0096798686438 -0.00254283346714 0.00335031195126 0.181134754727 0.0454549056586 -0.00829329307703 0.103054235117 -0.00432923082881 0.0365096690376
-0.696038122543 0.0170583300017 0.0180258726003 -0.0532742264128 0.0853888929951 -0.0484786591729 0.0213058505887 -0.568083508183 -0.0088787557058 0.0199007516349 0.00955203067822 0.0316495917935 0.0014916631221 -0.0235474549414 -0.0872695182815 0.154576967548 0.00483208472094 0.0110656574905 -0.360281196959 -0.0859618117385 -0.019708099468 -0.00859630427695 0.0254090132718 0.00403816721394 0.00818004626734 0.079200731702 0.000393621493837 0.0287447968069
-0.502517790797 0.0372191566842 -0.0492432664876 -0.0035793380946 -0.0668678306285 0.0180783298478 -0.0251358293165 -0.490750141435 0.0466084678203 0.0106511723234 0.0440568917139 0.0533540284242 0.00779524510366 -0.268654672741 -0.213345412343 0.230289937599 -0.00172463619327 0.00621790312456 -0.358652201221 -0.0551153979934 0.077891646319 -0.00504634755517 -0.398978419196 -0.00746060775542 0.0229952601025 -0.11163549952 0.00622006011303 -0.0972381417947
-0.497046415004 0.00594724988813 -0.0276668680342 -0.0261615440788 0.0214725555867 0.0020939035898 0.00111200111757 -0.679409884216 0.103099799384 -0.0169014213398 0.0304688382807 0.0639870594658 0.0156433797801 -0.149535870659 -0.158189762224 0.234614348437 0.0521020585351 -0.00564590944722 -0.27767550162 -0.0272478428175 0.0470979256535 0.00843731827089 -0.278119895215 0.0321043785324 0.00191214544742 -0.0973195839916 0.00674255936202 -3.69418607565e-05
-0.512898942519 0.0228317510198 -0.00176451648169 -0.00314382344081 -0.0247763218253 0.00802158371043 -0.00103816560318 -0.696094753613 0.0798766472971 0.0516235492854 0.0988988113719 0.0267396451154 -0.0145706530224 -0.170667014659 -0.11609475122 0.172545795011 0.0439513627883 -0.0247635378651 -0.351623217516 0.0135476031609 0.0501431979329 0.00561215885531 -0.134649583895 0.0503938515118 -0.0199852527698 -0.0948463846922 0.00656010871857 0.00456227090363
-0.627969862136 -0.0668646446287 0.0135513431028 -0.0357813221688 0.0822824162632 -0.0314341838931 0.0116318861711 -0.613261682156 0.0289028894256 -0.0285926884347 0.0670443693465 -0.008607363633 -0.00472594275432 -0.0910360813971 -0.0543190595623 0.262206684597 -0.0243810542685 -0.00201995081933 0.137571561482 -0.0171654918969 0.0391571165925 0.00216459297061 -0.324649234536 0.00182155737667 0.00561914788875 0.0280977499798 -0.00516854298857 0.0435348952011