-0.00582086619607 0.0059892522682 0.0568755805184 -0.00313574898186 0.0415954966185 0.000523178119736 -0.00234496780515 -0.0100546208389 -0.023417778336 0.0258424442631 -0.0880362036877 0.0305975227959 -0.0262094629732 -0.238968368742 -0.37089304038 0.49051415935 -0.039739548826 -0.00961919757366 -0.285711873693 0.556289307231 -0.0251036592104 -0.00726289429844 -0.393445225485 -0.0266324973141 -0.00379099639276 -0.00444731278192 0.000167071656487 -0.000855466478429
-0.359141291697 -0.0638209915468 -0.0690533070566 -0.0183020543164 -0.072086752457 0.0276687330936 0.00456152124868 -0.417186280551 -0.0971232396478 0.0102897214714 -0.128647694356 0.00500739153952 0.00719904213714 -0.131330823092 -0.158442722035 0.321281293598 -0.0290348316474 -0.00734331960914 -0.531047458134 0.109907973632 -0.0190081425236 0.00498884386564 -0.46140799376 0.0165613560862 -0.00341726431381 -0.0320501558483 -0.00142480365421 -0.0220794762275
-0.341467789901 0.0689797428502 0.078770303947 -0.002228288176 0.0861196571803 -0.0248169881436 -0.00310073288709 -0.362985400816 -0.0890877257389 0.0272234674185 -0.105152558615 0.00839909050593 0.00876791504356 -0.152681094302 -0.137505341712 0.280234615665 -0.0406221356601 -0.00268534644742 -0.613718881266 0.0657571082075 -0.0181579446835 0.00168256008243 -0.451909585955 0.00430707884138 0.000138828276954 -0.0563437049127 0.0224951736592 -0.033349107252
-0.51915401935 0.0637487982001 0.00883235005961 -0.0237552254711 -0.110151243123 0.0741660087376 -0.00468860012633 -0.562325110754 0.0957084957768 0.0761798038572 0.100246315194 -0.0605837087352 -0.0194944284 -0.170527026022 -0.255235275508 0.267968061656 0.0192294841864 -0.00437393414315 0.0587698069087 0.410499750477 -0.00179671357573 -0.0133449643561 -0.130179617529 -0.00196330705358 -0.00632520894927 0.0758392229236 -0.00563841148684 0.038790732621
-0.530698819956 -0.0892121541727 0.0364549640544 0.00615706262759 0.1699607792 -0.059899767489 0.00422416251143 -0.526411853851 0.091229313324 0.0544429668911 0.11656656057 -0.0545655753947 -0.0211496258168 -0.221807170675 -0.241224118988 0.253858777832 -0.0261702798461 0.00718372224785 -0.0918442515336 0.384444027644 -0.00583394488359 -0.00544143836095 -0.202156516678 -0.014787329541 0.00201989097876 -0.012524347447 -0.0148967577759 0.0282593539032
-0.24518188694 -0.00248690511875 -0.0116351864521 0.00393853383099 -0.00384928950614 0.0077589504746 0.00412218881694 -0.246886578463 -0.0141281370104 0.0060251488148 -0.00424368080592 0.0113908474188 0.00833393858777 -0.325147484943 -0.0561496876386 0.106488702762 -0.0310799918799 -0.0119973773817 -0.626916551639 -0.0202766511406 0.0165726002942 0.00700993006099 -0.54000159013 -0.00445438966725 -0.0118821339892 -0.134140018776 0.021325624331 -0.230080128588
-0.410480653098 -0.00790447034216 -0.0181852631886 -0.0241171878427 -0.0176992599096 0.00967645257209 -0.000555613209276 -0.418351994154 -0.0295784873791 0.0519923831696 -0.00140704363125 0.00444213530109 0.00367828127042 -0.0480692565335 -0.0387336000943 0.198528890349 -0.0275604838039 0.00147784648163 -0.710589212976 -0.023452165454 0.00055563923239 0.00272012000749 -0.304556774181 0.0155516588803 -0.00193093482443 0.089717010065 0.000584036026372 -0.0309969436872
-0.416762234945 0.0188770208757 0.0360585363452 0.0100215613482 0.0242062332313 -0.0130591766017 0.00134701523583 -0.405923091652 -0.0274985999885 0.032338716774 -0.0111425977152 0.00753697534881 0.00501329138789 -0.0751037069268 -0.0432657083989 0.185177139915 -0.0344995140682 0.00124300974 -0.70393831924 -0.0283655459187 0.0026100042824 0.000714475680404 -0.332008593017 0.00727975831194 0.00363187119355 0.066411911023 0.0239363042954 -0.0489596180218
-0.131257083155 2.10294740278e-05 8.5901791639e-05 -1.88846957773e-08 -3.78662231669e-08 -0.0012539409332 -0.00132699697384 -0.131260996414 -9.30147954211e-05 2.07885764349e-08 4.15924201961e-08 0.00137354855302 0.00145706131761 -0.606132184508 -1.07493548024e-07 -3.96446710382e-07 -0.0116993493987 -0.000366218578061 -0.432201835038 5.75189842729e-11 5.96480266323e-07 4.86808061718e-08 -0.447823011163 1.42828787707e-06 1.06535156687e-07 -0.426020734356 0.00429381512358 -0.170720698916
-0.471066054769 -0.0250423128615 -0.0796479788595 0.00976227082994 -0.0323018105261 -0.0060585423887 0.00458359207184 -0.366759833069 -0.0242457999293 0.00311326643664 0.00531224522163 -0.00792548311343 0.00384733033439 -0.115529262335 -0.0652267657047 0.240936198363 -0.00646914600812 0.000649928622646 -0.638894326383 -0.0570789755543 0.00185404458546 0.00256562722626 -0.382457374177 0.0195411152443 -0.000436755205931 -0.0241488434559 0.00338755449627 0.0177449194194
-0.487136705557 -0.00559002804542 0.0853491028779 0.0038591511199 0.012808085937 0.00657900129359 -0.0046503859116 -0.49267157024 0.0143219474618 -0.0108593717319 -0.0765720153818 0.0183523552366 -0.00275321305987 -0.495447197445 -0.190074797805 -0.00867792726866 0.0599823819903 -0.00173885877513 -0.208301392334 0.110112576246 -0.0228869054783 0.00158539410775 -0.369343276945 0.0219842766896 0.0029655238352 -0.146431917314 -0.0171330605999 0.0769852515803
-0.455170821898 0.0151060136095 0.00271041042789 0.0044366341677 0.054399519368 -0.00346360246092 0.00283639502484 -0.471364270532 0.0540465544936 0.0201462019744 -0.0769298632843 0.00740539919847 -3.03068736294e-05 -0.502574733203 -0.125903479468 0.032753746872 0.0542270514913 0.00354667411052 -0.320295263802 0.11558575515 -0.0420193689645 -0.000657791090109 -0.366175918605 0.00444527042224 -0.000129673465915 -0.164695247291 -0.00651241368334 0.0815783305903
-0.48687248328 0.0332988754188 0.0772015961764 -0.0118620015996 0.0404266745901 -0.00949502231866 -0.00516194978453 -0.386398434779 -0.025132176766 -0.0201842523227 -0.0180707489051 -0.00706516616958 0.000534703872709 -0.101813110853 -0.0862525738874 0.224056353173 -0.0259125090574 0.00524989729738 -0.617409600191 -0.0398452935901 0.00221437618125 -0.000769786384939 -0.388363886873 0.0143008438721 0.00460538264136 -0.00856533452137 0.0252894889385 -0.00404049836354
-0.521739929265 0.00790118158856 -0.0302673349133 0.0038637378519 -0.128846341251 -0.00216653313981 0.00370822596418 -0.389424350638 0.0237870004874 0.0171110635249 -0.0142931750445 0.00655921153586 -0.00554350263791 -0.12977853871 -0.0442150439272 0.238208753673 -0.00482327121582 -0.00331699490234 -0.570520962494 -0.0563098281402 0.00765754932144 -0.00331359812094 -0.379091739136 0.0265627485487 -0.000200108140357 -0.0900423867503 -0.00400356973866 0.0231655803282
-0.600460264949 0.0372483533144 0.0844121000951 -0.00724586888214 0.00725468273208 0.00801872323307 -0.00436867493762 -0.624068998793 -0.0403013909408 0.0423738710097 0.00941985249907 -0.00938592159844 0.00697391886912 -0.172561630222 -0.112669226768 0.0411140182123 0.0426363372519 -0.00219727330923 0.263094132111 0.2492651071 0.0246189904517 -0.0115700599465 0.0868155762012 0.0410452679008 -0.00183397472603 0.212259689005 0.00646879578863 0.0723964379773
-0.652663607811 -0.0439937288724 -0.100592105476 0.00019640606016 0.0465193456204 -0.0303767532689 -0.00311415095936 -0.593259491511 -0.0245996255022 0.0222454228476 0.0242225292014 -0.00668288667059 -0.00846472978057 -0.256387288532 -0.140473964189 0.0457595096794 0.0481119519938 0.00115194943866 0.177607881559 0.252326342925 0.0124906963085 -0.00337614636326 0.0200159221465 0.0341584447046 0.00366220380906 0.10557929799 0.0083131518117 0.0840517349349
-0.472644294349 -0.0214716413671 0.0628083719488 -0.0541479472025 0.0581942860897 0.00362834310316 -0.000124222477677 -0.357753785247 0.00893753260369 -0.00653657562933 0.0156146180681 -0.00845559198739 -0.00599688573024 -0.103157966491 -0.0536731065763 0.213851155868 -0.0193907191568 0.0059362878777 -0.662034659721 -0.0603095115225 -0.00343331431461 -0.00204777273487 -0.366958055164 0.0179719079496 0.00113397172212 0.0209359157155 -0.00620946627928 0.0184294917878
-0.458531743708 0.0603685223951 -0.0318431100808 0.0105793167019 -0.0580924357821 0.00503461090981 -0.00209822598493 -0.472318344423 0.0535712674564 -0.00489296607334 0.0405162313892 -0.0102980052835 -0.00869335376036 -0.120537326592 -0.0499431269361 0.268385742225 -0.03107933379 0.00307554188714 -0.574515125834 -0.06278048951 0.0173353238535 -0.00357181735751 -0.348785091253 0.00737779876513 -0.00380179622822 -0.0680652775921 -0.0138235859568 -0.0536304273995
-0.335543033208 -0.0131581935822 0.0176385232898 0.0247062279769 0.00102908114087 0.0102002858331 0.0025386832068 -0.455497017192 0.0684351430454 -0.000839559278711 0.0675411201598 0.00108747485429 -0.00523112355913 -0.209778446551 -0.0470359608508 0.266781504587 -0.0234978604705 -0.00158123977873 -0.604596672514 -0.101295111881 0.0129893425206 0.00063264096487 -0.392848620636 -0.0110240812328 -0.00248802037411 -0.143415444149 -0.0144611846312 0.0174493539621
-0.377980065719 -0.00849236539866 -0.0188250670909 0.00554419844383 0.0410049610329 0.00529344054999 -0.00153380990252 -0.522938214451 0.0836737504937 -0.0317669102212 0.0749359239988 0.00334769686691 -0.00313513955958 -0.204149887827 -0.0682445422641 0.234297487891 -0.0462173092193 -0.00381984896313 -0.503046132663 -0.0776727995445 0.00459345535001 -0.000546026229262 -0.409146931307 -0.0206210404756 -0.00125805877339 -0.192379090758 -0.0203243362696 0.0104730296334
-0.401629532606 -0.0412642604493 0.0488165021133 -0.0380711024836 0.0277346132199 -0.015524244059 -0.00010813287654 -0.381733330903 0.0476914867851 -0.00488106902722 0.0192910964498 -0.00733353102215 -0.0030151329215 -0.182607904642 -0.0512540266335 0.260963189999 -0.0441781838862 0.00228069280324 -0.551957087274 -0.0845405389768 0.00725787649236 -4.03574965487e-05 -0.498438054985 -0.00712327458497 -0.00101095100683 -0.108888692175 -0.0330724435098 -0.066061481051