-0.010298605024 0.0177697480839 -0.0972066543406 0.0830656623774 -0.060853620161 0.0486918217507 -0.00344028227575 -0.128380655976 0.451081848159 -0.0521183354524 -0.237826276277 -0.0665008526281 0.00676390788303 -0.241686558933 -0.401417946424 -0.341859025611 0.0508285442506 0.000389147703942 -0.0980746084317 0.116936424285 -0.108751664603 0.00275451106215 -0.217181727368 -0.506318262864 -0.0107681649074 -0.125166202629 -0.00225979561395 -8.45729534585e-05
-0.583247584483 -0.063690971783 0.0695084741101 0.0300977708636 -0.132701903147 0.117118038894 0.000276524779979 -0.556571145618 0.122769106705 -0.0339679922821 -0.057545013064 0.0689623796878 0.00195674488931 -0.227742794203 -0.207426384306 -0.0805393018509 0.0327675334057 0.000956768758079 -0.191908003948 0.16511398669 -0.0575500561879 0.00176688470964 -0.277534561116 -0.191943210876 -0.00324756399783 -0.0292426429716 0.0060144589985 0.00192502614574
-0.646392976267 0.0722256927961 -0.117672154611 -0.00997154448774 0.144801024742 -0.0989388733923 -0.00147171934835 -0.603126016775 0.104382523123 -0.0608395342898 -0.0772248543107 0.0575142394968 0.00729993985598 -0.138371879443 -0.18051050579 -0.0689386371109 0.0666910674701 -0.00441628159473 -0.0754432387024 0.0491655024653 -0.0472037697744 0.00243503164793 -0.194008352894 -0.182371171591 0.00243824946177 -0.0485418181099 0.00216497402822 -0.0035991964668
-0.630288101013 0.0411776457258 -0.0125195994176 -0.0459485417277 -0.170428821096 0.0568157579872 0.0093349103281 -0.596673576805 0.0855368863531 0.00429693046206 0.0868190409568 -0.0781827313693 -0.000945436577655 -0.213434045833 -0.114486842064 -0.157290408994 -0.0242939941647 0.000810442395533 -0.151007011559 -0.0486376587427 -0.0171832107655 0.00345065879689 -0.0840796416565 -0.195642301522 -0.00710386048376 -0.18580694462 -0.00375077333861 0.00209128550698
-0.669829841684 -0.0427312613849 -0.0301477248988 0.0817158162318 0.164208323944 -0.0270429348672 -0.00359744055 -0.64536624189 0.0852318363109 0.0956534798675 0.0711371680307 -0.0746872609818 -0.00268680236174 0.064870531389 -0.104554768615 -0.0962240220543 -0.0137161628424 0.000721283853198 0.140554902358 0.0134222628027 -0.0119811372731 -0.00097086676205 -0.0056116448782 -0.160668334761 -0.00405393277522 -0.00505038588639 -0.00960357761808 -0.00125742050301
-0.404597127679 -0.0111245407439 0.0301055134993 0.0362903826254 -0.0111571513085 0.015866882537 0.000202761567419 -0.412796070401 0.054911603754 0.0340438085664 -0.0131846015373 0.00878875305066 0.000800476319619 -0.367173038445 -0.097800902285 -0.103095732717 0.0155897660266 0.000228529654236 -0.437539755999 -0.00430712779223 0.0145505829639 -0.000343641116329 -0.312164165991 -0.0774112160361 0.00157370220054 -0.45647287291 -0.00409417629911 -0.00110645466131
-0.582042737113 -0.0135552656451 0.00691365552475 0.0120232113213 0.00476393452167 0.0248812998326 -0.000777066629708 -0.708113908889 0.0869741123994 0.0141583651771 -0.0780992341437 0.0612284554124 0.00254520541813 -0.159046498677 -0.114135885553 -0.0373252696954 0.0303822461837 -0.000864278191389 -0.164680577076 0.100494263929 -0.0457587949081 -0.00250847432346 -0.201519826952 -0.118519472671 -0.00417422955134 -0.0803005379788 0.00895884385728 -0.000952607269741
-0.635696831571 0.00748478884229 -0.00116915899392 0.00533930804243 0.018291707656 -0.000781949748962 0.000866229025326 -0.744117016694 0.0896109170552 0.0327307651637 -0.0408824446486 0.0662383437533 0.00370187566288 -0.0843340333574 -0.0757228267944 -0.0102090093907 0.0510309842704 0.00142824971161 0.0125550686776 -0.00931843855141 -0.0297151336583 0.00356578251259 -0.0452550046673 -0.0870301699391 -0.000841565138079 -0.0151120710438 0.00157756425533 -0.00573908072224
-0.397995180523 0.0132202618727 -0.0615744349275 -0.00127990813841 -0.043100764884 -0.00433945307565 -0.000226795983063 -0.385108635465 0.031076754014 0.020289640982 0.0302462226681 -0.005849325576 0.0028591355803 -0.316265053741 -0.0409921719618 0.0235898005453 -0.0225890051755 0.0022182300946 -0.340253600002 0.0632611777908 -0.0138146825898 -0.000291890037474 -0.435613931408 -0.00742552880589 -0.000106324797818 -0.522046521446 -0.00461352003398 -0.00161508661118
-0.476035591557 -0.00822624119282 0.0140833299952 -0.013322877965 -0.0338726412354 0.0349900444714 0.000628178458033 -0.484751110616 0.0556051575363 -0.0575687914283 0.0235185897587 -0.00172093568066 -0.00260029880693 -0.369822749769 -0.0624585895697 -0.00260245191147 0.0194250448195 -0.0016986127225 -0.359862722714 0.175018948903 -0.0749803683093 0.00346078768303 -0.348000453658 -0.112132609273 0.000405914208597 -0.296827424891 -0.00279912671355 0.00237309356878
-0.671131848683 0.00177956115043 0.00241584068846 0.00271143282272 0.01564907314 0.00417234534132 -0.000212256259697 -0.68047544559 -0.00341607950293 -0.0294329751935 -0.000629850164434 -0.0153561755491 -0.00475774990121 0.036507398554 -0.15058716314 0.00982738802814 -0.0385205458758 0.000534332391669 0.108899751313 0.112935443877 -0.0266341215269 0.00368974673671 -0.089301964092 -0.0289858911698 -0.00231273530536 0.15918487213 0.00396486731949 0.00415180901267
-0.678765202376 0.00609181027251 -0.0256436127289 0.0130484533875 -0.0171847364559 0.0122039039082 -0.00570534497371 -0.69009560098 -0.0149546686481 -0.0458299534541 -0.00363727003124 -0.0211774609587 -0.000460421526197 0.0813105740135 -0.11613697357 0.00216576296785 -0.0136683519367 -0.00874824546032 0.132649187327 0.0227761581021 -0.0198374021149 0.000934377011161 -0.0631581693823 -0.0347948776341 0.00468519856915 0.121620831439 0.00225727805804 -0.00486010927
-0.577854434902 0.0210138936801 0.00420520903026 -0.0281745727024 0.0763291623456 -0.0460857146371 -0.00111718879129 -0.570633164164 0.0652800344393 -0.0104443577416 -0.0237268734162 0.0325924763007 0.00281353766822 -0.276892756428 -0.127751883695 -0.0263393677397 0.0383329763659 -0.00303571331237 -0.280557298142 0.0966372417796 -0.0186033676649 0.000359467991791 -0.307226086378 -0.12713514718 0.00162344448863 -0.176426187752 0.00169660642904 0.00333718617464
-0.614304934717 -0.011191031081 -0.0583115574203 -0.0370266037588 -0.0269766480819 0.0407924729883 0.005729218833 -0.675400979627 0.0334436201434 0.0138456427241 -0.0993325295841 0.012590513852 0.00157158540998 -0.249019187864 -0.081200586977 -0.109417153502 -0.00692391334983 -0.00203593340735 -0.103519234866 -0.0569784305068 -0.0160878349543 0.000278334617749 -0.073661814011 -0.132776992277 -0.00252831702656 -0.172801850368 -0.00535424737234 0.0015862639424
-0.66093551383 0.0183891962735 -0.0235021437489 0.0112795642119 0.0191038213788 -0.0272366651096 0.000126466911903 -0.718292632648 0.0378721641897 -0.00362252094861 -0.088381936737 -0.0201629768934 -0.00131178665937 0.100225745469 -0.0529260475407 -0.0866346954237 -0.00343076472911 0.00128424391605 0.0426734084205 -0.0647614412863 0.0118411024337 0.00187084321604 -0.0836440741905 -0.0228250804578 -0.000776748848671 0.0363270754779 -0.00465714089006 0.00670355080769
-0.622239665351 0.00017954166704 -0.00188314135652 0.00697562729722 0.0169704551895 0.043105368208 -0.00249664244652 -0.687064120114 0.0337664736248 0.0527001768498 -0.0744019894379 0.00400907789359 -0.00420441144604 0.247543599347 -0.0165153387038 -0.0274516683531 -0.00231509314044 0.000862681261878 0.165207450315 -0.03043398079 0.0194269367543 -0.00477467677112 -0.154739694982 -0.0163246050048 -0.000879638345066 0.117445881908 -0.011242310085 0.0027349114485
-0.686890459368 0.0106163148146 0.00825220733024 0.00431658552877 0.0381464732539 -0.0665384353802 0.00151500612463 -0.690105994885 0.0577531920681 0.0546499632237 -0.048644941068 -0.00523653103725 -0.00170200742736 -0.108987967064 -0.0983539378862 -0.0526147745432 0.000167322568003 -0.00247050151684 0.029151310094 0.0360083831561 -0.0220880848415 0.000193762486521 -0.0198080206842 -0.0960527266524 0.00499168226186 -0.0228214662575 -0.00254139423957 -0.000970662419905
-0.436921191172 0.00509342194113 0.00496261549854 -0.0630478020664 -0.0533314848082 0.00165306261935 0.00193232761786 -0.435046549588 0.0287491083504 -0.048673701471 0.0612563376935 -0.0114455355576 0.000435794344145 -0.452871641603 -0.0616216418227 -0.0798694617122 0.000483869853471 0.00265619624089 -0.397895489243 0.0191405135984 0.00457263346545 -0.000633210081458 -0.250445369096 -0.0781864651506 -0.00380698059002 -0.403775827574 -0.00292126138226 0.000284074624725
-0.574348989562 0.0201856866482 0.00838800990891 -0.00523149634518 -0.0143476955943 0.00364127408067 0.00289312937637 -0.758155630414 -0.0397692914542 -0.0086069590738 0.131504822479 -0.0577289285957 0.00258286061822 -0.188118123571 -0.0732970636441 -0.0666739909031 -0.0440575095939 0.000833936053575 -0.0485313834907 0.0114515447868 -0.0289600310112 0.00540923667017 -0.0670466045537 -0.0963750152356 -0.00388626423637 -0.089247125775 0.0022275795146 -0.00558196550255
-0.606612929228 -0.00452352159161 -0.00412430224873 0.00450296852351 0.0119504009488 0.0115870723883 -0.0009507479584 -0.753982930648 -0.0188905055402 0.00255971171581 0.109993326812 -0.0707315271143 0.00418858788384 -0.134692814887 -0.0827899209841 -0.048349490587 -0.0489700583613 0.00147006722981 0.0575957438733 -0.00933163460597 -0.0212282370945 0.00356649933327 -0.0286821357295 -0.0879867976278 -0.00411298808337 -0.059038427376 -0.00170571404365 -0.00637995983705
-0.542929108767 0.00673453415074 0.0207773641922 0.0048986614888 -0.0227358855883 -0.0289330978802 0.00233863019514 -0.654351929126 0.0157515861958 -0.00773236866847 0.09929949524 -0.0623196185601 0.000955229025609 -0.347756522848 -0.180948118742 -0.0872873722842 0.00256110463896 0.00235124392813 -0.202658799767 -0.0963067844308 0.0337421295575 0.0036811963783 -0.0627867529144 -0.0888568310845 -0.0039501609128 -0.190991724122 0.000843251780073 0.000710359798969