-0.00777257842174 0.00214539680945 0.0384562824927 0.00780189032146 0.0582230389544 0.0356301947577 0.0158457227412 -0.0936747087081 0.19211816505 -0.0736732759913 -0.144022115333 0.0129965551034 0.00463780471595 -0.0585311925122 -0.0687410993043 -0.00483086090729 -0.00705921120442 0.000792102641952 -0.463832673271 0.676000861224 -0.064352222256 -0.00327798136018 -0.481965006742 -0.0645834741995 -0.00226237646827 -0.0163472696856 0.0145173382835 -0.00072599756169
-0.363847815392 -0.0580240031479 0.0206875742708 -0.0354182969155 -0.0380803139209 3.30369925885e-05 0.00884379786086 -0.59206425683 0.0905201410805 -0.122845120114 -0.175580843821 0.0242714392876 0.00256948795648 -0.181640526497 -0.0530961503105 -0.0306210345622 -0.00623371577817 0.00406119891297 -0.276673353884 0.450595469542 -0.0659466823912 -0.00235469154879 -0.337075892733 -0.0799908067633 -0.00403102698905 -0.122436856057 -0.00402594931028 0.00128204746544
-0.500930245579 0.0629716116187 -0.0200028620756 0.100746271648 0.0911114134271 0.00708047274858 0.00807973249955 -0.491740362742 -0.0735223030716 -0.0569544234723 -0.113754428133 0.00963860243508 0.00375197279413 0.0630306468163 -0.0777858052876 -0.0378119451983 -0.00313713758466 -0.00896638390997 -0.217329249452 0.53793422875 -0.0616624286999 -0.0072955615224 -0.299910669227 -0.0508554773205 -0.00359036079507 0.126740914197 0.0427016653344 -0.0139786045895
-0.317079204645 -0.00154949391883 0.0400539803245 -0.0470205612058 -0.00520881716804 -0.0170274483428 0.00106067050904 -0.370974794355 0.0910562751964 0.0773327326263 0.0634909742744 -0.0123315958639 0.00238952648479 -0.164663711254 0.0439144796831 0.0944630984148 -0.00784256304966 0.00471027445255 -0.58857539071 0.370028793608 -0.0196324628336 0.00403899587838 -0.461857880326 -0.0224433692497 0.00174805744002 -0.0595507874445 -0.00906811301703 0.00072896136274
-0.340233214572 -0.00329012988639 -0.0516368162109 0.013431254555 0.0545632526958 0.0259202670658 0.0103414146937 -0.404110201493 0.0878531113097 0.0966681593881 0.0803589280638 -0.00762884745713 -0.00285188461545 -0.147438701876 0.0381397336639 0.0803813191921 -0.0341831503769 -0.00334688448931 -0.518363706653 0.401518866827 0.00099998934574 0.00178100176227 -0.477490235654 -0.0191512547959 -0.000638035117336 -0.0398079243908 0.00436057270256 0.00346781323368
-0.446434225465 -0.0351777854197 0.0337296430979 0.00877581473386 -0.0556837281613 0.0204529452646 0.00102028580493 -0.557990775083 0.17278088985 -0.00566098490457 -0.00947604895402 0.0735071687573 0.000930769399207 -0.394036162402 0.0116682824391 -0.00304439097259 0.0538490882859 0.0011031464805 -0.186319744411 0.169225539846 -0.0228935286913 0.00315929480585 -0.246639270185 -0.049104881205 -0.00421873581468 -0.403041335857 -0.00956446364382 0.000460474248646
-0.555169132906 -0.0449814820135 -0.00167578394582 -0.012933656747 -0.0234520890653 0.0283311513953 0.00412269096656 -0.678296131124 0.029849061964 -0.0729023115951 -0.0612751617154 0.0330741347003 -0.00175946612338 -0.11029116938 -0.0396836309317 -0.018089260509 0.0424646475023 -0.00225642251402 -0.168384740513 0.310223614085 -0.0421688421086 -0.0058109490864 -0.264015982605 -0.0655117507877 0.000203375104848 -0.0214250117308 0.0064829324847 -0.0174715636046
-0.550586178141 0.019593590634 0.0145458986491 -0.00643578385215 0.0333558773954 -0.0139426141576 0.00276023656423 -0.653146053797 -0.0859308100967 -0.0802791803141 -0.0283995564514 -0.00581918342656 -0.000409137148854 0.109335421365 -0.0925504214106 -0.0680282769739 0.01552345727 -0.00843886630543 -0.19914208931 0.325776968047 -0.0302964650321 -0.00429822889318 -0.231531164893 -0.017050630198 0.000299378500002 0.163661162728 0.0270832639931 -0.0058097819393
-0.588976778815 -0.0469918622056 -0.0210119906254 0.0313002935601 0.0175049986293 -0.0010193024159 -0.00412823387958 -0.660442283227 -0.0189656851193 0.0869223719118 0.032166536518 0.00334684054544 5.98250144684e-06 0.0283947123549 -0.120949946651 -0.0964335310584 -0.000494390647809 -0.00987818476062 -0.187391106075 0.271686631431 -0.0557599716035 -0.0127561959191 -0.233715796724 -0.0291118554972 -0.00938375198503 0.0948633437903 0.0250736121133 -0.0422799431016
-0.535893993251 -0.0214969361089 0.0327393781507 -0.02233317243 -0.0535550814058 -0.00725318872966 0.00324385794518 -0.527648387797 0.0161295640972 -0.027580089878 -0.0496156935763 0.00452284539099 0.00376196357799 -0.0818750021917 0.00172798000306 0.0260851566421 -0.0361895662648 0.00609236607457 -0.422924693808 0.273370269221 -0.0180645080106 -0.0055004252264 -0.398917136532 -0.00187493641914 -0.00349633030033 -0.0618731891354 -0.00638327833243 0.0147323853905
-0.362191770791 0.00213839469355 -0.00430432362978 1.44264852305e-05 0.00633926695312 -0.00098389035065 0.000191194864987 -0.388449384101 0.0350261370989 0.00208891087975 -0.0646733978454 -0.0247719362905 0.00445112088522 -0.105083751093 -0.000315594771692 0.0123595158351 -0.0361447929084 0.00293234758983 -0.642099556219 -0.0126842229612 0.00320766013241 0.00283540461657 -0.527004681041 0.00638527680993 -0.00153244559549 -0.0951020970845 -0.00276874353197 0.00138524126137
-0.35398315955 -0.00761033785021 -0.00601334121582 -0.0393136266553 -0.0351281985838 0.00581043527681 0.00101062986117 -0.368071548467 0.00933440875227 0.00658729939442 -0.0930211913639 0.0100187181401 0.00213163698071 -0.0957300867572 -0.0032627712293 0.0138669949667 -0.000403277651852 -0.000192732938631 -0.632580385518 -0.00325869538657 0.0131342719296 0.0010999800931 -0.563386528255 -0.00487494708915 0.000692827195538 -0.0164472077462 0.0030437357547 0.00209544583051
-0.674926315031 0.105870423428 0.000349383880586 0.055059225214 0.0729146154051 -0.00121825079023 -0.00142137903284 -0.607487676568 0.00334027608912 -0.0491365512829 -0.0444472306991 0.00697197913381 0.00334553596246 -0.0325154565586 0.0131991514683 0.0700526396852 -0.0292060261718 0.000866489592721 -0.0793923108912 0.326667968548 -0.0469843580828 -0.00488623473125 -0.155140402358 -0.0483163693043 -0.001223276147 0.0261924558616 0.0456328573022 0.000189077091758
-0.387972658829 -0.0146453434637 0.0329603555815 0.067246762737 0.0209530280564 -0.014325253734 0.000580750778371 -0.374650435328 0.0377135319887 0.01384956581 -0.0351687258608 0.00245801818495 0.000830124422958 -0.0409562744305 0.019094468682 0.042887560139 -0.0272512996342 0.0051897682855 -0.602029599877 -0.00966131347264 -0.004964321151 -0.00111024018918 -0.572679755772 -0.00393654320877 0.00337965912122 -0.0662868156706 -0.0122379125486 0.00681810377341
-0.356069517833 -0.00560320043393 0.0218119678073 -0.0259972352408 -0.010241966201 -0.00966048483936 -0.00186961693385 -0.356777061364 0.0223351417826 0.0100645979148 -0.00389538754206 -0.0201377871574 -0.00248645170131 -0.100715979203 0.0102776183264 0.0385129484148 0.0323268540678 -0.00281769473724 -0.537589347149 -0.00377078361338 0.00776538154833 0.00143158053765 -0.663875421987 0.0104710395037 -4.38014911004e-05 0.0283063347681 0.000636443513009 0.00255993435
-0.330055044809 -0.00892254443458 0.0269447603036 -0.0347567404223 -0.0229583760449 0.0065495320942 0.00123226188312 -0.341275317511 0.040938351081 -0.00850010106022 -0.01898370637 -0.0248082689068 0.00152716136735 -0.111223254573 0.00243864300561 0.0323540167365 0.00300514941214 0.000606526788086 -0.582144267223 -0.00511935508177 0.0222695255922 0.000306343215742 -0.645074355203 0.00188172973195 0.000393586337632 -0.0159194688417 -0.000559913262328 0.00761656572479
-0.302914289529 0.00192957423939 -0.00643311756091 -0.0232758489634 0.00985530655212 -0.00697094830191 0.00310076527952 -0.310453138323 0.0285618832454 -0.00137588104556 -0.00749536869878 -0.0061839103909 -0.000428398331222 -0.0128866272402 0.0082546449611 0.0409033130193 -0.00371519966691 0.00137965974538 -0.578657632632 -0.0289762959272 6.25255503496e-05 -9.3495959145e-05 -0.687138781523 0.000141031967961 0.000207711298095 -0.0144620804038 0.0151338329831 0.00143361526514
-0.487158157311 0.0238962191358 0.0296808212207 -0.0106803933778 -0.0294322876637 -0.0116240283883 -0.00525387723426 -0.611116099325 0.0151407253123 0.0952443649337 0.0567200645267 -0.00349538932179 0.00536052717661 -0.199531981345 0.0381108123975 0.105804664652 -0.0258325909997 0.00417255005339 -0.382713837879 0.327714981041 -0.0400440275191 0.00820449750293 -0.22600971235 -0.0421341892757 0.000460284034874 -0.111527369115 -0.00840126333862 -0.0035637582127
-0.461020888791 0.00218201581641 -0.00495591763829 -0.0257087809197 0.0168645443683 0.0103666069999 0.00117993767594 -0.529395270443 0.037472339214 0.0459662850502 0.0728326004095 0.0262687739018 0.00358320093773 -0.265819839358 0.0435134810577 0.101461960362 -0.0211061262944 0.00183082336016 -0.408144779347 0.284051471457 -0.00779890769092 -0.00118459152587 -0.39744970295 0.000847249307028 -0.00476637778899 -0.0886956023041 -0.00500266285173 -0.00916933737516
-0.487484868387 -0.0260736402079 0.0338067068016 0.025447371963 -0.00283529704581 0.00341614833378 -0.00119117287759 -0.585365471016 0.0308079233492 0.0761133996099 0.0691439010494 0.0277374558318 0.00399647123487 -0.277214842699 0.0531604921635 0.0880576372427 -0.035884122183 -0.000476346908593 -0.335926168573 0.288557522451 -0.0070497417852 0.00852937434116 -0.337334462932 -0.00262681698051 -0.00301420518674 -0.0769985395223 -0.0141828918269 -0.00385467696078
-0.555310967836 -0.0430973663681 -0.0481775990873 -0.0268895214775 0.0901734413816 -0.00575238899288 0.00469780140755 -0.614632815448 -0.022904366336 0.082442584988 0.0592356466799 0.0250536144727 0.00117543647617 -0.196392941163 0.041499549986 0.0759244945399 -0.0498028159136 -0.00464938837141 -0.282535058624 0.317995965737 -0.00191610571168 0.000247095753855 -0.240113943138 -0.0290133605948 0.00290207883073 -0.0353994102511 -0.0018018626146 -0.00613473558071