-0.047769640346 -0.00735676726859 -0.134342802954 0.383247715781 0.135922321847 0.0300427742326 0.032133160791 -0.00711919463509 -0.147452915147 0.0633116622793 -0.0536931975975 -0.00553410776942 0.00794910202942 -0.154085714153 0.665529510175 0.226012282891 -0.217585481849 -0.0266988704485 -0.203643742718 0.391275053604 0.098495732669 -0.0128988363126 -0.0692189719134 0.0164496326276 0.0894957537402 -0.0143277829083 0.00456622875999 -0.00264471963494
-0.640501653012 -0.0817785659276 -0.229352686278 -0.0444565129827 -0.0245838527156 0.0382228673789 0.0138120913838 -0.587388622771 -0.167804305105 -0.0430388708306 0.0542514076978 -0.0197810555032 0.0231894918905 -0.218188811363 0.215755139067 0.0481128278938 -0.0565434589592 0.00125834774194 0.112300444428 0.115796572263 0.0323422697054 0.0150398291196 -0.0794592486799 -0.0138532625773 0.0538295104677 -0.0924192272112 0.00375213309593 -0.0490415925786
-0.686074880141 0.062485833313 0.257142015316 0.0687500376815 0.0699300695296 -0.0498783939832 0.00769423650243 -0.586923391086 -0.153344215526 -0.0173481581137 0.0609189111699 -0.0251120988155 0.0112430737937 -0.181679899463 0.0705785487295 -0.00410339837904 -0.0188212149468 0.010183095911 -0.126127043423 0.0783095564137 0.0301906064269 -0.00819530443972 0.0916432301378 -0.0125695106034 0.039359117869 0.0144153192586 0.0502454175094 0.00524915088651
-0.608463311356 0.0186060814627 -0.0364613023724 -0.0347063721999 -0.0466625697057 -0.0196509723552 0.00855470628368 -0.704222117597 0.22148878276 0.0352911990064 -0.03857319344 -0.0279636485643 -0.00643677875262 -0.0415587368174 0.186424761666 0.106072685072 -0.0426143958119 -0.021322955853 -0.042346299805 0.0192460082473 -0.00544554116659 -0.0200171307013 -0.137633297575 0.0206155924513 -0.00668031942584 -0.0536229454762 -0.0187157941179 0.0218422150989
-0.543569576913 -0.0303037699819 0.0511037744301 0.087836068864 0.00531449806745 -0.0376208165283 -0.00652228623133 -0.639461562896 0.217522539294 -0.00850476268578 -0.0678388470989 -0.0430579436849 -0.0156434588563 -0.01570388439 0.103685976792 0.0671941168892 -0.0296487501035 0.00583871620356 -0.444053892097 0.0848819639216 0.00979640556195 -0.0197686439673 -0.0225226244214 0.0191120594482 -0.0162653773965 0.0729839301239 -0.0312864106497 0.00754139009668
-0.475617371066 -0.0178356764375 -0.0423196039174 -0.0240197882515 -0.00338899132124 0.0228241691393 -0.000524791844451 -0.470944039076 -0.0338420421873 -0.024697677116 -0.00819030383446 0.0169112392366 -0.00130513233663 -0.307425618375 0.134620318257 0.040247022243 -0.0605944602034 0.030437438453 -0.247688680722 0.0776967396986 0.00165395495567 0.0386711718608 -0.479575033364 0.023434342078 0.0100681960926 -0.109900137119 0.0116581578441 -0.340703137154
-0.653733785199 0.00645032100246 -0.0318551626137 0.0259379377121 -0.00438045509412 0.0176739330476 0.00344576554512 -0.704140616658 -0.0551872303712 -0.0548566812414 -0.00858095724909 -0.0244719133748 0.00732484511478 -0.11000021378 0.0924147359594 0.0417913663283 -0.0114071778979 0.0180911919187 0.113314673588 0.0077172443706 0.0332066457846 -0.000615853667492 0.153058076828 -0.0142687835965 0.0400451454546 0.0656031487786 0.0142109037843 0.0371148780231
-0.649255205397 0.00113520102784 0.0571730546265 0.00177858101629 0.00880065932222 -0.0111475787728 0.00532853982692 -0.682662912918 -0.0342271873389 0.0483214218516 0.0242120746193 -0.04292113343 -0.00309297418889 -0.184987510086 0.0363768669458 0.0145224889975 0.0459558201381 0.00904990704291 0.047557804009 0.0448058811784 0.00375810816041 -0.00857433845059 0.229887095872 -0.0294286248409 0.0357014495885 0.0590204097518 0.019243174843 0.0429354580402
-0.663581431452 0.0476504825549 0.111801884713 -0.00947896622662 0.00768728960511 -0.0265521881237 -0.00830113490282 -0.604277206901 -0.0560414923833 0.0166966683277 0.0162105392452 0.014648575198 0.00905790986589 -0.138807036444 -0.100326338119 -0.0360577455441 -0.0617091689782 0.0107116393796 -0.309487037571 -0.00574180058947 0.0100921829898 0.00219770174847 -0.138416435873 0.00905668871492 0.0314020964637 -0.0144924198694 0.0593921259129 -0.142809512497
-0.753470984015 -0.0331994280206 -0.117148346125 -0.0628062984796 -0.0270694176362 0.025077129071 -0.00373951210657 -0.586941805524 -0.0619909600788 0.0227774724938 0.0469473146159 -0.00311961901763 0.00592398511894 -0.0715936587683 0.147427755195 0.00333104192174 -0.0334535914831 -0.00602137535061 -0.0427132585267 0.0875205933731 0.00470457863522 0.0184334742756 -0.145078539332 0.00802927143635 0.0174768627798 -0.00806598467653 0.00112940597129 -0.0408256715346
-0.511668401539 -0.0438702149719 0.00187964942319 0.0348297080798 0.026242354706 -0.0275161685723 0.00339384600405 -0.615766362983 -0.139667913307 0.0427773814527 0.0580831051263 -0.0226824589822 0.00792537854473 -0.428582201029 0.0443985766632 -0.0204669933354 0.0923531364187 -0.0114757746419 0.107608263072 0.10930394141 0.0315214168662 0.0116733451476 -0.100528784688 0.000202299658628 0.0224643787881 -0.310093032003 -0.00965456761592 0.0537464649372
-0.605496814634 -0.000375604107165 0.0625801915543 -0.0301649034843 -0.0281289218235 -0.0339428970583 0.00513906322343 -0.608741930016 -0.0485769300773 -0.0622442158413 -0.00913212511704 0.00759539655305 0.00757173507379 -0.403747268369 0.029158187378 0.00276177622771 0.0698785381461 -0.00165413908397 -0.211835012092 -0.0451843834547 0.0637261173894 -0.00148871892236 -0.133190508071 -0.0151341535359 0.01064100485 -0.0975725125262 -0.000450076607317 0.0473427401849
-0.709205764853 0.0937369915227 0.130305315546 0.0407003302704 0.0403619530782 0.00709890055617 0.00289591194142 -0.651097428842 -0.0753247413071 -0.0590646063195 -0.0348792060193 0.00837082963487 0.00615378241525 -0.105178889971 0.0445221635013 -0.0566257657709 -0.00254921582748 0.0121240488158 -0.0689899184011 0.0745938748988 0.0192981075707 -0.00195269950086 -0.0364219832409 0.0527082006379 0.000639616821819 0.00608601088526 0.0459037363467 0.0121532747504
-0.716694939407 -0.0109472705266 -0.105654332831 0.0718426276707 -0.0244416835191 -0.0112999825575 0.000614374536306 -0.653639769534 -0.0424519384213 -0.0441860715387 -0.0123186216813 0.0054712521719 0.00583586862793 -0.0973018596599 0.0953737922065 0.027038793408 0.0274250811194 0.000379555262883 -0.0837861135609 -0.0726763790875 -0.00295735955677 -0.00625499299373 -0.0423306194031 0.0176108317442 0.00563416439417 0.0314523387571 -0.00196615187423 0.0493931461652
-0.632274271608 0.00565770676799 0.0652433327651 -0.00412402899255 0.020856500033 -0.0574568904327 0.000743570844874 -0.628827988984 0.0390262616866 0.0248468135837 -0.00313743305728 0.0556713900432 0.00065476971256 -0.319169232442 -0.00157830620722 -0.000528481494615 0.0343620699198 -0.00401913070634 0.103642903321 0.0385929598578 0.0107460779353 -0.00436642891106 -0.122948741981 -0.00834601198554 -0.000322066139522 -0.235002630282 0.00249882689765 0.0752259699917
-0.64644577596 -0.0112662870756 -0.0350716813063 -0.0658442975352 -0.0474663224745 -0.0100220997353 -0.00297204942972 -0.617089956237 -0.0402627136243 0.00853524245733 -0.02991983224 -0.00082473038305 -0.00498651496471 -0.302994974151 -0.00178265294294 0.0179080797565 0.0774866521865 -0.000328447591208 -0.198417398483 0.00560975534297 0.0784828662331 -0.00904136819489 -0.196979549278 0.0229742570626 0.00261548755074 0.0660568991977 -0.00899731846851 0.0555156640551
-0.644493033486 0.0160249608252 0.07705140516 0.0688845018886 0.0435567544644 0.0200229379866 0.00765595752035 -0.575424167158 -0.0124809673268 -0.0133111327997 -0.018046150169 0.00233678912332 -0.00654816820104 -0.116745900231 0.00969564369559 0.02067940208 0.015253001183 0.0206628952797 -0.464484522996 0.0123148245361 -0.00420370145323 -0.00190513441323 -0.0301854730407 0.0566654065787 0.00582595747534 -0.00133023453074 -0.00960940918416 0.0673306033268
-0.592460328413 0.0743686453824 -0.0580985988235 0.00684105482952 -0.0356020768714 -0.00153705502398 0.00328306818929 -0.680291486528 0.0942299233197 0.0241923932467 0.0287671709657 -0.0273754205605 2.51967578404e-05 -0.0301636647815 0.213530582456 0.116043297866 -0.0444639997987 -0.014745424709 -0.279087638047 -0.0289537498974 -0.00812583898625 -0.00175453496909 -0.0894549001166 0.0193338579633 -0.00843388324505 0.0276852302417 -0.0241853966537 -0.118985789774
-0.642338154269 -0.0393756900932 0.00493251671169 -0.0307491042221 0.0814889531743 0.0016958448751 0.000998585791416 -0.714469737763 0.100242245382 -0.022954688776 0.0604027356258 -0.0230420785961 0.000242773639953 -0.0380355102619 0.113220519077 0.089015155683 -0.0297837765206 -0.0166887063318 -0.071973002018 0.0675759521709 0.00558991735696 -0.0198033752626 -0.128875275434 0.00762576020375 -0.0109433391341 -0.048624280121 -0.018200584911 -0.00281632099573
-0.649609115763 0.00543316883509 -0.0214867578764 0.0492262043679 -0.0243219377371 -0.0141870876817 -0.00732768243578 -0.703852532516 0.0699480265485 0.0197356539156 0.0300052810932 -0.0323300807933 -0.00342108581117 0.0175034263998 0.0996309182018 0.0426035596161 -0.0271354140024 -0.00255678218015 -0.165832938045 0.0634904275282 -0.0313151012331 -0.0188318544739 0.131459895874 -0.0226003235082 -0.0313525601436 0.0779093380798 -0.0228561845226 -0.023957516653
-0.549574012086 -0.0619568154465 0.0516414780777 0.0237209699514 0.0313220603812 -0.011057689172 0.00117387847332 -0.590547384082 0.084918994521 0.0183213933569 0.0153724016302 -0.0218216315311 -0.00414531578169 -0.0458771001142 0.0851480772986 0.138962578823 -0.0527670224992 -0.00407024534126 -0.476749239119 0.0765961939455 -0.00398689447091 -0.00499530132028 -0.208094887881 0.0292676092534 -0.0122450579542 -0.0466984469216 -0.0533425407497 -0.137012524344