-0.0713216864225 0.0770374668477 0.155396347359 -0.022579020311 0.362768725586 0.0223270683418 0.0395607470371 -0.101190598363 -0.344932318682 -0.0195141984925 -0.334289408832 -0.0133229737187 -0.0577180483573 -0.105316162694 -0.257155191375 -0.241065019223 -0.0281177117972 0.00975525638285 -0.177498472802 -0.573585983473 0.103101720785 0.0064502176597 -0.273336347381 0.0557937007196 0.0220545879607 -0.00659232902857 -0.006220337648 -0.00285820515571
-0.318736511903 -0.0338960531172 -0.0784411061093 0.0409132929106 0.0981211400416 0.0183818955789 0.00822970812388 -0.291181568955 -0.105523464452 0.0283054946968 -0.0278958331737 0.0203768013866 -0.00438885169567 -0.121318883644 -0.0853780223188 -0.078659812422 -0.0274261883897 0.00266232697488 -0.836904697311 0.0483074411087 -0.00168765341491 -0.00219189727619 -0.202960018487 0.0247210227892 -0.00728626444911 -0.0797645670527 0.00906732696897 -0.0381496279241
-0.269697161442 0.0161834777696 0.0781851035713 -0.0484067064244 0.0450587658696 0.00864198906876 0.00794964790049 -0.263056351013 -0.06130681161 0.00791541686623 0.0258188844082 -0.00356947125133 0.00643212425117 -0.16699792359 -0.110838732802 -0.220314982777 -0.0179512249827 0.0140100854058 -0.807838845976 0.036250915749 -0.00369868962938 -0.00494501338026 -0.31300241245 0.0261710236207 0.00405644735019 0.00724377047496 0.0241270994296 0.0119833445728
-0.592628933298 0.0685630272477 -0.205240338355 0.00206751438957 0.0024960596036 -0.0159133205074 0.000714882532816 -0.558962870304 0.158871382987 -0.0451896990649 -0.0393174265129 -0.0169322933642 -0.0182496893002 -0.0878934595584 -0.000100108461952 0.0887327620255 0.0171677888395 -0.0049278699434 0.380967965139 -0.30457866744 0.0627542953395 0.011036622678 -0.00952767412668 0.0163650464136 0.0166987419256 0.0235349225866 -0.0221793802162 -0.0157851952714
-0.370813528615 -0.00290587898066 0.164530838067 -0.0352032334566 0.0311452925301 0.0097994452653 -0.00956127516313 -0.270051852224 -0.00420764714754 -0.017893394975 -0.0817869794468 -0.011135599088 -0.0180764310741 -0.0386115289553 -0.0639585289465 -0.0966489667265 0.00609663102641 -0.0027012361434 -0.835855689061 0.0975920744802 -0.0155269076771 0.00147424887149 -0.165852306738 -0.00182955668742 0.00203747148581 0.0275059792479 -0.0224452120447 0.021258025992
-0.302688331897 -0.0166618535189 -0.0284231606763 -0.00044871827659 0.0173123703221 0.0185560930465 0.00539749620932 -0.306007316191 -0.0338940807059 -7.06790165654e-05 0.0144202910119 0.022996512463 0.00713200046255 -0.248796213886 -0.085137506703 -0.131317587052 -0.0523555715027 -0.0029620905547 -0.755032493489 0.00451018577768 0.00582676629119 -0.00274256894786 -0.334019040576 -0.00208272147555 0.0010459206283 -0.120260572855 0.0154416342242 -0.159658188235
-0.421732861587 -0.0320748967294 -0.0497245115943 0.0224779592931 -0.0180530018762 0.00743253688806 0.00322356997161 -0.457355536185 -0.075183551241 0.0440041227741 -0.000815238884174 -0.0016684306261 -0.0119658924193 -0.126799196934 -0.074014681025 -0.127764385293 -0.00763633454527 0.0119930967821 -0.708078599353 0.0396527375171 -0.00439109061799 -0.00503232991737 -0.236662460018 0.0210435684473 0.00786723734911 -0.0540622149888 0.0140084453299 -0.0112458246865
-0.429350814509 0.030288051639 0.0653973924454 -0.0264371772252 0.0315695782583 0.00690692810576 0.00551030611305 -0.425176998027 -0.05137469383 0.0613167939037 -0.0201419568812 0.00663972925645 0.0010271428373 -0.139884160204 -0.083767897133 -0.119138346356 -0.0189667151556 0.0113176350497 -0.67224425257 0.0703654667977 -0.00124362993399 -0.00686549378067 -0.345547550181 0.0409604521393 0.00856563179781 -0.0372456533083 0.0104825378145 0.0153149663021
-0.392023247513 -0.00115323961341 -0.0120061416825 -0.0076927992537 -0.00653467928342 -0.00202856568421 0.0122192931111 -0.394757591285 -0.0300844071708 0.000258782092399 -0.00905255178592 0.00546684222323 -0.00574761174589 -0.175960206128 -0.0687867576701 -0.178707588344 -0.0300699735814 0.00385638878681 -0.752669792747 0.0477855228666 7.28830147798e-05 0.00431077794294 -0.21595031087 0.0370059371698 0.0166400859027 0.0413654851349 0.017971288993 -0.0368175819334
-0.52817542114 -0.0321716274713 -0.0957242741857 0.0230707109518 0.0599745423281 -0.00801792045101 0.0033475026683 -0.453484936763 -0.0544993784434 -0.0284728542363 -0.0201629095137 0.0112301128994 -0.00273645669077 -0.0771505921712 -0.063494685604 0.0212544574964 -0.0154830898836 0.00762662289642 -0.68279808666 0.0372549433951 -0.00531886619348 0.00248995240287 -0.131923344413 0.0172315734799 -0.0135091142869 -0.0164756434454 -0.00157848261394 -0.0114911617182
-0.442914321918 0.00654677001907 0.0117989547214 0.00668717633908 0.0430570953435 -0.0296801667786 0.00699035235561 -0.433982976246 -0.00703753501331 -0.00565789749806 -0.0367588317535 -0.00532236985422 0.0105516549469 -0.276070809513 -0.0470106498721 -0.0884454181791 0.0598860554926 -0.00321743072775 -0.67605373476 0.0153898402962 -0.0134785152419 -0.00234041594002 -0.220929031342 0.00699343138208 -0.0175182597161 -0.118695980648 0.00149379706368 0.0181481146833
-0.372656293367 -0.0119923130029 -0.0025877295851 -0.0134099178503 0.0417738762754 0.015064452638 0.00342965787764 -0.400366628347 -0.0422476205911 -0.0220963484436 0.0697954980106 -0.0159484713349 0.00255176891531 -0.321909510079 -0.0606521315979 -0.130210735136 0.0365719149756 0.000961775999192 -0.590405102046 -0.0162447946707 -0.00993553603767 -0.00451178240774 -0.425113051073 -0.022171318116 0.0024471283583 -0.185816105857 0.0207111699539 0.0195012892049
-0.430698489805 -0.00787999939088 -0.0301748745733 -0.000237318744164 0.0256632113228 0.0131035469659 -0.00761533023468 -0.409376358604 0.0135716325723 -0.000846750498969 0.0347963831092 0.00607157030594 0.00310304562384 -0.159466838443 -0.0885011560436 -0.244512288043 -0.0218626118505 0.0134586388687 -0.697950433193 0.0336083622175 -0.00835006827285 -0.00324147837369 -0.231913530841 0.00875915046779 -0.00786556530837 0.0788442278864 0.0263215270539 0.0268865120935
-0.656576626306 -0.0254548849007 -0.0884225010414 0.0283908842316 -0.034127467353 0.00172812451044 -0.00244002190665 -0.609656182485 0.0198498852036 0.054052470681 0.0324153254338 0.0268236431317 0.00763012713416 -0.120963803131 -0.00204207697992 0.0524201788315 0.022905958894 0.00521183761988 0.314044987252 -0.233712491152 0.0316733043434 -0.000913830248744 -0.0803273634278 0.0297498605351 0.00230040945377 0.0445223843811 -0.00539177373184 0.00980075727968
-0.582591565335 0.0546520613574 -0.0324315330273 -0.0168161252262 0.0481047451742 -0.014439656636 0.00209480668564 -0.592358972732 -0.0166483377434 0.0363406763723 -0.021701224169 0.0523774785778 -0.00365618049062 -0.417982572252 0.0178519719548 -0.0295071260266 0.090577343267 0.00815420078193 0.26396168007 -0.173165032401 0.0361164157521 0.00277691104885 0.0710893758839 0.0140563327635 0.00844765906028 -0.0835374184431 -0.00228156708738 0.0239605364808
-0.379942734385 0.00520271944951 0.048036347266 -0.00176936397806 0.0577742183275 -0.0145235042186 0.00250928478491 -0.366791641977 -0.0568367069831 0.016712076857 0.00765683692433 -0.0449227326316 -0.0041952795433 -0.37535106495 -0.0315344322044 0.00714350535536 0.0321501364716 0.00719527843184 -0.626313110773 0.0540084161145 -0.0129696492471 -0.00170101326953 -0.145109555744 0.00392870052452 -0.00277642622124 -0.38649384125 0.00731945288157 0.0269119811292
-0.428961007815 0.0056097314174 0.0537359134907 -0.0225436216594 0.00827092271755 -0.00569419119042 -0.0146068987355 -0.422082204147 -0.0323895601427 0.0135622180113 -0.0700941062328 0.00233599399498 -0.0118022449257 -0.0679935426667 -0.0491086605559 -0.149930733716 -0.0185450952975 0.00723534867861 -0.729323609332 0.0777492563714 -0.00745270069123 -0.00168539757191 -0.21540301309 0.00787992653185 -0.0106682112028 0.108094866447 -0.00491371630955 0.0399643306528
-0.538638577768 0.0709089419934 -0.0729269986386 0.0090711535813 -0.0120707526155 0.00857710645508 -0.00568509755986 -0.569333575964 0.0874236222074 -0.0362257954987 -0.0259788938684 -0.0213646781931 -0.0131964150771 0.024138069104 -0.000368355109292 0.0306908710777 -0.0254120220718 -0.00594428698417 -0.432398780267 -0.13584834232 0.01311986464 0.00573789106962 -0.386524634025 -0.00856656176772 0.00862446904309 0.0202058299452 -0.018826050722 -0.0814902473851
-0.621110227722 0.0480045689735 -0.0570607184656 -0.0119764081396 0.0339717393985 -0.0110019427887 0.00510867388149 -0.73972461084 0.129772654359 -0.080846140775 -0.0597165226421 0.00307282389586 -0.0097713284482 -0.0819128583786 0.00904309849012 0.0833971989152 0.0407529629567 -0.00790929818266 -0.100877629763 -0.0587466629044 0.0448032220393 0.0158378741768 0.0216613460355 0.0135820602304 0.0127061941439 0.0100045646188 -0.0265576836683 0.000651810365454
-0.471829275531 0.068017466569 0.0132331252674 0.0348639917725 0.0771565805856 -0.00101434230834 0.00022264016123 -0.521563106102 0.0330607072316 -0.0691129775285 -0.0860463238882 0.0286158218753 -0.0067198367681 -0.213456946009 -0.0272922486822 -0.00223937977612 0.0741643036883 -0.0132867190586 -0.641250576037 0.0777579743172 -0.0108248307451 0.00369101592898 -0.0908817944468 -0.0144579377729 0.00481968535168 -0.019880284301 -0.0277089506439 0.0146779372443
-0.421153755922 -0.0264219762342 0.0533279807506 -0.0257246982787 -0.0349726036223 -0.0202482892181 -0.00496530350225 -0.372647738885 0.022291856734 0.00757023930208 -0.0147997658219 -0.0163630054973 -0.0103265453129 -0.0814180455221 -0.0550974394105 -0.111440617445 -0.0380564365462 0.00156167800979 -0.765550601213 0.0336192464872 -0.0100070190478 -0.00280601730929 -0.250384928138 -0.0122802514902 -0.00194780365017 0.0244642217838 -0.036668786519 -0.0335167062289