-0.00252463345902 0.00345196410004 0.00579821645741 0.0157965724241 -0.0362412331367 -0.0441971556787 0.000527294471593 -0.017656943466 0.0789368326976 -0.0249985220608 -0.051459840955 0.12871010282 -0.00142831029131 -0.156483065075 -0.0421054529132 0.38683271951 0.219735889654 0.00181139960214 -0.25332784724 0.529162761492 0.246925651272 -0.00927340300006 -0.426472068819 0.333736093543 -0.012827976742 -0.216814200786 -0.0135258281951 -0.000424756928185
-0.59748696888 -0.0878585714396 -0.103767735347 -0.135032186653 -0.0171800509445 -0.128362706939 -0.000756445045731 -0.532549723043 -0.0865227787944 -0.075883503572 -0.0926608697072 0.00692035407417 0.00151424302662 -0.115261242474 -0.0571410274229 0.207871760773 0.0880771180407 -0.000173498076815 -0.19621682704 0.334350530529 0.154712680627 -0.00424478147634 -0.0405989890367 0.118237670562 -0.00722303143513 -0.162997792142 -0.00269379411956 -0.00247138685302
-0.399864910283 0.050567490013 0.012165963183 0.0639950764466 0.0814464531486 0.0295198367684 0.00116387549254 -0.425536400533 -0.0521558768988 -0.0409943575488 -0.107810507804 -0.0496213421286 -0.00368072365441 -0.272149271858 -0.0247330979603 0.167003233668 0.0731259228552 0.00458294906463 -0.440121677496 0.277935403606 0.127240317983 -0.00163125393849 -0.332089206792 0.166565646396 -0.00494375515063 -0.305067816965 0.00145279264518 -0.00408832563254
-0.465219984698 0.0779545792972 -0.00190177555198 -0.0674019616382 -0.120645151493 -0.0462282816599 0.0021272207155 -0.520149449542 0.0934063565848 0.0995755816043 0.108106792272 0.0529186882328 -0.00235418557627 -0.0107686014426 0.00564474822571 0.15583818571 0.099038909921 -0.00395314103515 -0.471243463388 0.210923896327 0.0969643347617 -0.00433689791705 -0.329095610895 0.169581758393 -0.00844378531921 -0.0710105494216 -0.00838556487794 0.00880826064297
-0.534180714925 -0.0777031280713 0.0387392487921 0.00691826840159 0.189963975504 0.00611744385904 -0.00105709955276 -0.544224503637 0.0963622480027 0.0147337827801 0.13175527206 0.0476371010502 0.00345766553127 -0.00560685071239 -0.0408193522713 0.176580716541 0.112877445596 0.00563454639303 0.145648328687 0.222057687766 0.103611722481 -0.00556303332273 -0.430797424183 0.181005862172 -0.00366108892952 0.0104408852868 -0.0136730830878 -0.00402407515386
-0.662732708845 -0.0420332661584 -0.050406477313 -0.0232843715364 -0.0453929376576 -0.0321153050876 -0.00255132264604 -0.643833013115 -0.0528536068264 0.00490504512495 -0.0530492739166 0.0159973847842 -0.000840419952238 -0.00342674075884 -0.115365539894 0.117137759304 0.015443426194 0.00238175392702 -0.0717155447005 0.23264303948 0.0640944822574 -0.00312591018623 -0.180978162349 0.0935217208518 0.00322892245505 -0.0152626143421 0.000894167801554 0.00375108078246
-0.542066449154 -0.00130742113172 -0.0292994511567 -0.0168914342104 0.0234801481737 -0.00121885812266 -0.00295123529878 -0.677014298274 -0.0583435741618 -0.0553270334007 -0.044260150177 -0.0367636222347 -0.00333543810513 -0.177256145254 0.0112496229663 0.153932110728 0.0332374669981 0.00359863261938 -0.275136390911 0.204494094288 0.0829663030987 -0.00405829167727 0.123309363961 0.029573171811 -0.00615881147582 -0.197941190697 0.00330843618425 -0.015353272392
-0.467583745894 7.00251871668e-05 0.00522380157704 0.00265574935844 -0.00846111353686 0.00854182825214 0.00377248980671 -0.695407129895 -0.0423671237466 -0.0563725788775 -0.126862073513 -0.0184736352991 0.000912833130367 -0.189892012246 -0.0128226799592 0.124923498945 0.0449623272871 0.00196151141939 -0.291542299129 0.188926926236 0.0818984645555 -2.26101620961e-05 -0.23171231254 0.103515923642 -0.000682798926817 -0.174584711076 0.00366639721481 -0.00447604633577
-0.572364033125 0.11391107211 0.02555539193 0.0321416896155 0.0681242934466 0.0135079217172 -0.00187326346021 -0.660878081825 -0.0482570532311 -0.0556320660035 -0.0932748060418 -0.0100067479254 -0.00253046340125 -0.10400038833 -0.0374323322639 0.112709293559 0.0392507484752 0.00325747146804 -0.276827779755 0.199928240804 0.0801534917533 0.00172880920347 -0.172640112978 0.104963937541 0.000500604832516 -0.107338755576 0.00844402102775 -0.000904923110757
-0.752329745004 -0.0386056752719 -0.0704788993289 -0.0463139784518 -0.0679433520214 -0.0565551128459 0.00032005487136 -0.551337528519 0.000418041181806 -0.00880515131344 -0.037100907801 0.0058503842905 0.0034268720707 -0.00248783204777 -0.050965151716 0.0877784163971 0.069692981776 -0.00412132703421 -0.0931189030215 0.221152200512 0.0639686203418 -0.00308214996744 -0.150790977212 0.0976436884996 -0.006153631442 -0.0528596009054 -0.00487160818609 0.0108421228308
-0.384050756632 -0.00237490542233 0.0210865766016 -0.00875069516114 -0.000314744431961 -0.0116560416115 0.00104613639477 -0.394521733253 0.0172586690974 -0.0504812490766 0.011605818073 0.0202541718488 -0.00244323883547 -0.422723428531 0.00103057372267 0.102350259027 0.0115441778946 0.00115914389228 -0.360631073794 -0.00351381332622 0.00933311825116 0.00108552018171 -0.419107788514 0.0251119587766 -0.001314895507 -0.443859784347 -0.00440461093134 -0.00450025949669
-0.369635955997 -0.000482565934954 0.0154671834618 -0.0148406969186 -0.0130852471955 0.00757666791932 -0.000611208229923 -0.375623488674 0.0333213381711 -0.000789805425255 0.0299313077255 -0.00135104452993 -0.00301341258724 -0.396608091376 0.0159807407255 0.0727345787657 0.00738858422242 -0.00039737014013 -0.402852198812 0.0209748458654 0.00363176626552 -0.00349614649763 -0.420327530508 0.0350915048107 -0.00743686648316 -0.464673576982 -0.00367953984051 -0.004371173817
-0.611108948906 -0.030383549281 -0.00850616836625 0.0379988323476 0.094974173268 0.0391886926418 0.00159050937103 -0.534809514839 -0.000143887539669 0.0391344303018 0.0242517165607 -0.00349892272254 -0.00363813952981 -0.180348148313 -0.0306026007244 0.0754094626957 0.0675457682219 0.0056512609213 -0.286109058555 0.166369730535 0.0985166877131 -0.00487724191738 -0.277978917593 0.112423236198 -0.0103119928644 -0.268748596249 -0.0113091346413 -0.000919233455023
-0.720669415902 0.0214608735329 -0.0433510236967 -0.0501533076975 -0.117765126671 -0.0374773957255 0.00616809626713 -0.524574870514 -0.00823550125012 0.00891065104552 0.018048884515 0.00698946566893 0.00452584874705 -0.0136884230277 -0.0294992021914 0.079531029387 0.0756828700778 -0.000813599653241 -0.323845246936 0.130320783946 0.0528719562445 -0.0027423963207 -0.174429866859 0.104641030344 -0.00723376125389 -0.0733019254387 -0.0013864863448 0.0130971953396
-0.478194112122 0.000806546996181 0.0553568582352 -0.0631126020699 0.0151524053924 -0.00552913884284 0.002135814354 -0.459457653093 -0.00190337691525 0.00135763377567 -0.00328502257195 -0.045725433449 -0.00294464114025 -0.331576728405 0.00540486570726 0.063830942259 0.0116185800693 0.000170520096753 -0.438019614013 0.000684091954977 0.00922028026839 -0.0016502936177 -0.331858033491 0.0745363152728 -0.00316051680912 -0.358944833691 -0.00976808647035 0.00608278405716
-0.567416119334 -0.00945155774059 0.00288063780908 0.0118297213451 -0.0016079800922 0.00820021352508 -0.00140368044208 -0.59564552048 0.0317192070832 0.0367625288377 -0.0208273615436 0.0256128835025 0.0018283563579 -0.19381813249 -0.0397313474526 0.0915239795048 0.0881124664208 -0.000449374267293 0.215748375584 0.150731356649 0.0732084335663 -0.0027002168763 -0.421372590602 0.102332515423 -0.00721195177857 -0.0327111259378 -0.0144823942844 -0.0144193451656
-0.704409131948 -0.0371997991732 0.0567087280534 0.0836762053809 0.0655679257572 0.0275276744071 -0.00207825930936 -0.544834461981 0.00665168017181 0.010828532235 0.0278206272519 0.00573148112904 0.000491886945174 -0.0301153548313 -0.00495275283956 0.0856539165413 0.0782026487479 0.00570270759567 -0.226049939761 0.17701833383 0.0955261775088 -0.00203456378969 -0.249053901737 0.1141857293 -3.62909246486e-05 -0.0899641047225 -0.0129145253243 0.00506988380455
-0.569842642162 0.0692016485392 -0.0187452296021 -0.0172616262862 -0.0770435012365 -0.0121048043312 0.00136795477836 -0.661476589788 0.0661531441522 0.10042015747 0.0439706126516 0.0155871523238 -0.000278848442886 0.0749110854394 -0.0232693681132 0.0806146170698 0.0384969667846 -0.00380478555999 -0.278912689356 0.148538280082 0.0395697812016 -0.00380539338535 -0.296642129562 0.0683208696322 -0.00596467026191 0.035347936331 -0.00546451272869 0.00227192415422
-0.489291919566 0.0335316833873 0.00654029732638 -0.0115459504596 -0.0269101735912 -0.00025017553159 -0.000319126204124 -0.755271614585 0.0552363633134 0.0698547127451 0.11109455132 0.0332548004351 -0.00184394883369 -0.00918369563558 0.0244180495151 0.105997937341 0.0557358894907 -0.00229413640257 -0.268669140357 0.132761822845 0.0700711239091 -0.0016245860582 -0.214575199131 0.102663423174 -0.00197636941749 -0.0197275187364 -0.00516892633789 -8.57898944939e-05
-0.57371527362 -0.0164892064185 -0.00116481850796 0.0089663808428 0.0306656910435 -0.00291131611212 -0.00492383516497 -0.691643548622 0.0462790499419 -0.0398294738359 0.128491269079 0.00214143173888 0.00373938227027 0.0239502302805 -0.0404496415057 0.116429676628 0.0696704504709 0.00117288542213 0.186772159509 0.13845347188 0.0494646857402 -0.00549329251577 -0.276210533203 0.116766747019 -0.0064410636306 0.0608486979206 -0.00389316423241 -0.00771000077521
-0.596952666807 -0.0602828276137 0.0392023086806 0.0572099483102 0.06857708053 0.0130113422589 0.000720122135744 -0.571692916506 0.050561530394 0.0304486231471 0.0428658359092 0.0150266583199 0.0045739494548 0.0249194085444 -0.0521686926799 0.0938046967615 0.0218557774834 0.006223454556 -0.261239576633 0.201948276812 0.0473986986843 0.000298940288896 -0.410112459869 0.0735986204965 0.00313885407444 0.0184188347062 -0.00360856833991 0.00501459749656