-0.00299944230099 0.00285626554487 0.0441099699546 0.024738615755 -0.00212875940225 -0.0217321929945 0.017343681162 -0.0163485507947 -0.0709618350455 0.0922699051012 -0.0616112574411 0.0388876978998 -0.0343221101401 -0.341729793779 0.0914558531613 0.640031246527 -0.124312092626 0.0077912066763 -0.165446806109 0.417706731122 0.0693455149692 -0.00754516564278 -0.467668029489 -0.0143239570387 -0.0084822776055 -0.0182986116034 0.00152050893068 -0.0014704267196
-0.511332992939 -0.116393955517 -0.0991462295426 -0.0690686903261 -0.133555740288 0.0544165691009 0.00532837845227 -0.438905113097 -0.0420991682536 -0.0629924683629 -0.11813257991 0.028716607256 0.00767533530961 -0.154709471408 0.0559438426549 0.253564196348 -0.060345308755 0.0076223526152 -0.419957515026 0.348011673935 0.0247637651628 -0.0150890397349 -0.281470892351 0.0120050949761 0.00927753541452 -0.0367350476902 -0.0110920239766 -0.0451863712496
-0.460778502295 0.0928792201412 0.0937923003407 0.0471502073731 0.110728801662 -0.0435530415558 0.0100848407685 -0.428796053697 -0.0160720026747 -0.0762423220228 -0.118189514993 0.0307550633351 -0.00113844839424 -0.248677435452 0.0700580595214 0.295322790194 -0.0719038139762 0.00907822398548 -0.41425361044 0.344557736783 0.0334404802493 0.00262066629464 -0.309821581313 -0.0044423189264 0.0114378519885 -0.0252990570397 0.0378360828711 0.00665824968388
-0.607326249566 0.0443525332802 -0.161338453708 0.0545927566495 -0.154455447219 0.0350662686217 -0.0143800075912 -0.481073093021 0.0677501812892 0.027446899492 0.0199041742623 -0.0370099662476 -0.014647474689 -0.206505092511 0.0557766361896 0.367047224168 -0.0307822021369 -0.00674065936517 -0.0789685864549 0.195426849557 0.0358395214103 -0.00389890874844 -0.3287880185 0.0210862713782 -0.0184383407154 0.00202623273071 -0.00270554559194 0.0056668064028
-0.613601168538 -0.076510183264 0.170158498586 -0.0440186877954 0.156476625716 -0.0670633767735 0.012678977929 -0.471788085969 0.0737222261074 0.0217636650616 0.0669983211711 -0.0255452163725 -0.0306970186455 -0.211251452111 0.0405909587548 0.346636930423 -0.0508427749381 -6.89925553526e-06 0.12750540038 0.160101578082 0.0462545513463 -0.000449596187 -0.327596065339 -0.0286956820267 -0.0266858601423 0.000613604758807 -0.0246601535056 0.0227760985626
-0.28866043638 -0.0118989287693 -0.0212313991286 0.0052795440569 -0.0115451959223 0.0267629923446 0.00889022832296 -0.279570005823 -0.0165181534544 0.00595206647792 -0.00607097796543 0.0198262236312 0.00534129528473 -0.201244247147 -0.00690426838071 0.081394277102 -0.0556642367826 0.000166646335718 -0.701078767803 -0.0494700806763 0.00560801674974 -0.00513966802811 -0.509800774131 -0.0208881040297 0.00981897890392 -0.0781289921112 -0.01387335911 -0.158704031682
-0.584221140806 -0.0746427364952 -0.0300751730878 -0.0786206188744 -0.017733859557 0.00119986500477 0.00842734366811 -0.625301305905 -0.0135493731174 -0.0482675560041 -0.0859162893149 0.00175381552965 -0.000703459737251 -0.0738644863132 0.0144987624113 0.157528375978 -0.0241856071901 0.00187249709706 -0.3137780219 0.268753875894 0.0274325447188 -0.00848053868935 -0.200486471927 0.0205152937682 0.00902848023018 0.0327373568446 0.0102221407726 0.0169762423246
-0.558795721773 0.0471858669696 0.0243305062363 0.0330941692345 0.0362593723562 -0.00867508910076 0.00271872129478 -0.600819070663 -0.000813722745756 -0.0638491834586 -0.0713441258842 -0.000208316844573 0.00466822796019 -0.0983700787104 -0.00277267399184 0.20929410659 -0.0401164459589 0.00039996772729 -0.309970271749 0.257540792064 0.0216931081388 -0.0157773573504 -0.300180136118 0.000949085856468 -0.0144378827731 0.0422145070274 0.0272648890183 0.0345596230243
-0.274878688351 0.00790466574936 0.0261563378143 -0.00302735228287 0.00302519525526 -0.0195823474502 -0.00678062825992 -0.263333630674 -0.0109161669461 -0.00213258656533 0.00729642775992 0.0148337868065 0.00272413102267 -0.177730755003 -0.00955183980803 0.0834435412304 -0.0485664689839 -0.000823973698724 -0.795938078141 -0.0270316060911 -0.000478845549401 0.00114144282851 -0.410740564192 0.000591237710527 -0.00427847685176 -0.0489604639287 0.0248729793357 -0.0806517747154
-0.677115545127 -0.0545490699812 -0.0621609668037 -0.0429066542744 -0.082933115559 0.0393747125751 -0.000967595146432 -0.499693865873 -0.0125199758201 -0.0161425497945 -0.0293472561541 0.00676438761069 0.00492410711994 -0.113026561933 0.029803129658 0.191849923089 -0.0558062934479 0.0106203034764 -0.286284152985 0.245861613915 0.0252767213889 -0.0039850577838 -0.266555885866 0.00531939066301 0.00122804166281 0.0270488737305 -0.0364867386233 -0.0588161639096
-0.541958977677 -0.00956654246843 0.0480200230694 0.034799754238 -0.0265460278507 0.014154787192 0.000193579868721 -0.576561631233 0.0523429103418 -0.0630966769608 -0.0400109647519 0.0341436922342 0.0136994239498 -0.332565994824 -0.0395136390703 -0.00838188723532 0.100031001928 -0.00010342569199 -0.27997780305 0.134685565811 0.018898952366 -0.0168281359099 -0.292387973223 0.0622490227435 0.00423828333589 -0.219957181692 0.00945301458908 0.0490720833229
-0.549178512807 0.00257377791333 -0.00640153005044 -0.0395806447347 0.0266071408865 -0.0115700523472 0.000142621241459 -0.580712329581 0.0563625107841 -0.0295022224531 -0.0725770271731 0.0285462571785 -0.0208188060869 -0.332947895938 -0.00331318935473 0.0693122966962 0.0613004491268 0.0024212416417 -0.265677909943 0.120918800771 0.0826058464831 0.00933686828493 -0.329676847602 0.057315006963 0.00724083142277 -0.145482899413 0.00583616909318 0.05816831873
-0.558859155164 0.0381068221469 0.0309198772015 0.0748478258565 0.0289241076097 -0.0158645066311 0.00325748749746 -0.504450303909 -0.00830179166443 -0.0234044614825 -0.0363860850799 0.00610682142585 -0.00427471018414 -0.292756402065 0.0555851515573 0.22616828951 -0.0735433455209 0.0151307401444 -0.359586737794 0.260599766689 0.0228111161744 -0.00299692946271 -0.276553999162 -0.00775135725338 0.00805617902839 0.016839501607 0.0352275214961 0.0252854821432
-0.653596279997 0.0181043665084 -0.0677749444162 -0.0264387130879 -0.0588088719191 0.0233272390293 -0.000398269542116 -0.579595526004 -0.00137226668352 0.0614936787092 0.00359439235766 0.0244679730939 0.00730734144829 -0.117922528315 0.0305260962981 0.192115399022 -0.027538468475 -0.00082354607053 -0.252373897902 0.211892839138 0.0196582782159 -0.000151237656028 -0.237478814121 0.0179775162315 -0.0038409493085 0.0670804105589 -0.00370565592084 0.00890751219417
-0.619900938754 -0.00860532159273 0.0223236989919 -0.00640565944227 -0.0306672125516 0.0109110933887 0.00106349299037 -0.651297871693 0.0799070310174 0.0376989824294 -0.0425718204988 0.00413807850629 0.000535829378234 -0.166161835537 0.0535152710214 0.165370597813 0.0525148630889 -0.000492798527433 -0.150691249378 0.15200913292 0.0445257772524 -0.0160798354487 -0.2506925702 0.0332458174027 -0.00416487247217 -0.0684513977218 -0.00778283384988 0.0536029247281
-0.605285329859 -0.0367107643322 0.03454545969 0.0115893901136 0.0387061049056 -0.000103223585275 -0.00328296934404 -0.668812624374 0.0276141653215 0.0703607261318 0.0296021769427 0.0174988885808 -0.0201513596499 -0.223041920643 0.0739023332414 0.0792235214712 0.0802595851434 0.00674134138874 0.0501123732842 0.169003574399 0.0220626054411 -0.0205266148532 -0.26149427566 0.0310875004816 -0.0101203475679 -0.0348792476483 -0.0239374442554 0.0603436769408
-0.722255302577 -0.0490310633443 0.0755059161448 -0.0228138094145 0.108984489015 -0.0410864001147 -0.00312734920136 -0.549048276251 0.01438582184 0.0434103535512 0.0303258545076 0.00109394413156 -0.000550425016523 -0.120610010605 0.0364744421376 0.208238018961 -0.0435679464945 0.00374122202864 -0.15970694595 0.117586727855 0.0253474140371 0.00141598542995 -0.221070608225 -0.0164289774469 -0.00621608014254 0.0188306428958 -0.0200354425921 0.0247575306803
-0.544568918266 0.0463732654604 -0.0629429589287 -0.0253855188021 -0.0295761143117 0.0519048488036 -0.00562620489309 -0.480025880965 0.0306308025075 0.0356517042744 0.00040545166682 -0.0342777295657 0.0019526865303 -0.233202480408 0.021279599459 0.218931757041 -0.0832078205745 -0.00183252272314 -0.451764911038 0.115436462382 0.00523918935476 0.000372278778749 -0.338970845894 -0.0236129141682 -0.00322821913952 -0.0518801209969 0.00605779582053 -0.11805922878
-0.61836622858 0.0434408186788 -0.0104452225327 0.0447626859966 -0.0585745387547 -0.0192127852169 -0.00998820516035 -0.651983389859 0.00188129626963 -0.0613203663387 0.0915668829795 -0.0193007989607 -0.0226154232115 -0.224856366613 0.0358000925313 0.206759018439 0.047555390022 -0.0223709442763 0.124902395496 0.1149250865 0.0233042014446 0.00770463835054 -0.191466242628 0.0533981175884 -0.0312070350894 -0.0502834694917 0.00380434383544 0.0426298094033
-0.568889224659 -0.0360302256201 0.00474624731902 -0.0205252737762 0.0459270677557 0.0043958700101 0.0163391712551 -0.687590404722 0.0191557073148 -0.0759826003754 0.0969700897508 -0.0402529230225 -0.017637610472 -0.17613658545 0.034629322463 0.199959321606 0.0151044053837 -0.0107271615182 0.248505583109 0.117443851657 0.0118813279074 0.0131191012256 -0.174304594005 0.0232882569185 -0.033504650932 0.000386329328208 0.00391499892027 0.0387035425614
-0.56369857307 -0.0445492154711 0.0590830209436 -0.0245923137974 0.0294469887362 -0.049898632376 0.00987657401541 -0.518825508273 0.0233100209786 -0.0274446577575 0.039444093652 -0.0271219634648 -0.00791782671962 -0.302562621848 -0.0341109992487 0.25291457317 -0.0897548280809 -0.00078461177991 -0.103805220416 -0.00100993231543 0.0213408028124 0.00824079724071 -0.462091038736 -0.0329772079258 -0.015298791102 -0.0536974751149 -0.0179621531108 -0.0761111407952