-0.0473536148368 0.0593516402079 -0.0216858032474 0.257609306265 -0.172080471463 -0.0566937442765 0.00101828868613 -0.136875074142 0.224738271065 -0.227066574939 0.402608832271 0.0092695692976 0.0513794524217 -0.186057995656 0.184467461132 0.161953274991 -0.450021765398 0.0312908345945 -0.17860242633 0.448336512923 0.109561543391 0.0122466763069 -0.225878706776 -0.0170519302358 -0.000301238023715 -0.118993943594 0.00675702353645 -0.00234686643449
-0.51601356698 -0.0638286877925 -0.0910449774607 -0.0336967620568 0.136214852413 -0.0886392872154 -0.018015587779 -0.535751438373 -0.0401906640587 -0.0249222625494 0.200745193406 -0.0386826249516 0.0173748496988 -0.203878013166 0.168704334479 0.137157936672 -0.122332940111 0.00554773725457 -0.359714770956 -0.145701623685 0.0503046459209 0.00325771054092 -0.286393811232 0.0121774141464 0.00259270614248 -0.150407996851 -0.000409291712643 0.018236220522
-0.52484616419 0.0404169629997 -0.0433058948359 0.0550236477691 -0.0996261798945 -0.0164765009034 0.0154752913682 -0.564129100934 -0.0265056464463 -0.0676487815324 0.161168564222 0.0299255417006 -0.00077114385425 -0.184630930072 -0.0493795042079 0.119069884181 -0.189070551636 0.0263505926973 0.0811474336218 0.447475856023 0.0107658135382 -3.3603657385e-05 0.111891866661 0.0648230455446 0.00504830872991 -0.214520843952 -0.017597296212 0.00366814470893
-0.429665283343 0.0318568675153 -0.11648602222 -0.0340289735242 0.00803734496703 -0.0467087138905 0.00464007759534 -0.410179741482 0.0855178734089 0.0229498658266 -0.0159969072136 -0.0168894699339 0.0175593558885 -0.0822506192923 0.222199382127 0.125816465947 -0.099086043231 0.0185002777797 -0.294255433921 -0.0239775395601 0.0244229820185 0.00790194878393 -0.670504976451 -0.00165370142867 -0.0100148456412 -0.0279891195808 -0.000809505138154 0.00540859820313
-0.324298218123 0.00657262288591 0.0093384910501 0.0523207686819 -0.0411674392867 0.0266839935701 0.00359219677535 -0.36903122897 0.0761098397734 0.03032300748 0.109221363013 -0.0127466256669 0.0154150288503 -0.141477234165 0.0929554923911 0.127026421586 -0.142354731744 0.00975544279623 -0.656740983808 -0.0613179853643 0.00355099936129 -0.00567855374118 -0.474125815825 0.00267627898674 0.00743534068763 -0.092350071307 -0.00280748259152 -0.025642673526
-0.493869830039 -0.0142850353399 0.00744168923156 0.0215796108716 0.0386486019015 -0.0127653163607 0.000346991179332 -0.504918505979 0.0340500673397 0.000179630326224 0.0323608761236 -0.00619971530937 0.00432952865095 -0.117552473214 0.0321562471482 0.154899735724 -0.131326152305 0.0123294926736 -0.606021514214 -0.0432246853293 -0.0229047080431 0.00543998592482 -0.256792958062 0.0429113489652 -0.00235836770444 -0.0485741750469 -0.00510904271956 0.0199809050848
-0.553958472283 -0.0222937385142 0.0109804952525 0.0125189527185 0.0263808828959 0.00888415867743 0.00828016789392 -0.691785134289 0.0201821190262 -0.0521954699481 0.124267535844 -0.0204514589018 0.00577199367215 -0.156478613508 0.10483676485 0.121160403962 -0.107294304618 -0.00327718522397 -0.286876780214 -0.127583803759 0.0274292532869 -0.00685369319867 -0.136519673235 0.0556260732091 0.0127781108229 -0.104270450496 0.0042443840055 -0.00895543064847
-0.565146211459 0.0355016232251 -0.0230988614457 0.0226157357729 -0.042947259501 -0.0245737681697 0.00142211538159 -0.633177362411 0.0360992123695 -0.011563522537 0.100306606178 -0.0028031963419 0.010857765868 -0.264906235164 -0.07141587733 0.165219519302 -0.125786232746 0.021139627628 -0.224088886295 0.19628529017 -0.0194136137634 0.00330107072612 -0.162143941067 0.0641158866911 0.00724876157997 -0.157388152154 -0.0108087832877 0.000933602603053
-0.561982594476 -0.00114331276695 -0.0323314508647 -0.0017731692811 -0.00714757413469 -0.0241430665249 0.00784956565172 -0.58062867213 0.0135303368835 0.0581465746186 -0.00256053359692 -0.0328657624496 0.00362578567491 -0.325377231237 -0.0481813877843 0.117778316543 -0.182586636267 0.0142435625607 -0.290250327896 0.161074452837 -0.019886084793 -0.00602734643592 -0.187369022033 0.0779248194711 -0.00747848066896 -0.179809301849 -0.0287544432543 -0.00409057391628
-0.61703795584 -0.0229017960938 -0.0422055365748 -0.0428569596507 0.150986957997 -0.0330956262611 -0.00356284325317 -0.470460253605 -0.0120343925483 -0.0302766237922 0.0172087758081 0.00157688599666 -0.00143746468938 -0.176127464193 0.0696711352697 0.109638206522 -0.0767156679585 0.00338757233152 -0.508462397209 -0.0914810847217 0.0166501240794 0.00287723548637 -0.199764836987 -0.00528695879705 -0.00719390862299 -0.0846181343521 0.00526526991342 0.0191654689576
-0.549374315722 -0.00564343932223 -0.0430460197972 0.0453916798002 -0.068359151248 -0.0416855785543 0.00578764341304 -0.513196703538 0.0144563193438 0.0185418858205 -0.0303284112148 0.0149775658763 0.0125984607091 -0.207133379508 0.113136632783 0.099221059782 0.0298703468491 -0.00420576310864 -0.0324200554374 -0.0051634585795 0.0175684531945 0.00216766909416 -0.558278977442 0.0216547336062 0.000404629292109 -0.205915216497 -0.013282687098 0.000148699816927
-0.641221857401 0.00641658890634 -0.0208762035513 0.0652223497119 -0.0548480844929 0.00298385323328 0.00115911888042 -0.641582725236 -0.0384569118039 -0.0296057297248 -0.0231549001083 0.00109538796262 -0.00712199490838 -0.01203126659 -0.00133701006525 0.0247077768433 -0.0391492410116 0.0149744955453 0.193848057222 0.270718670409 0.0269571284174 -0.00282084522386 0.108339741684 0.00560787944779 0.0121205912528 -0.201161181029 0.00300282252433 0.00286535941672
-0.615470292631 -0.0235889505808 -0.0304355269642 -0.000416379058421 -0.0337140770354 -0.0201280153314 0.00289500160346 -0.634121680933 -0.0425574563889 -0.0161925306486 -0.0293797802572 0.0297479358711 -0.00540618634848 -0.124468482313 -0.0402983940397 0.0549453915917 -0.0845191798644 0.0160076639271 0.0973960739507 0.334039148058 0.0196930717761 0.000307648442705 0.0290491814778 0.0431112337919 0.00157073530602 -0.245593855571 -4.90301368572e-06 0.0137786244382
-0.632741809526 -0.0474901776781 -0.0463649718413 -0.0825781718453 0.120392249905 -0.0135929959947 -0.00196208038719 -0.559985261219 0.0225278352592 -0.0576098767751 0.0612569472708 -0.00531486037056 -0.0041715769288 -0.0664177348967 0.150415370257 0.115374188477 -0.109180546304 -0.00329135426218 -0.219808542645 -0.0269156211896 0.034440601058 -0.000516797798246 -0.386119620398 -0.00881638156478 -0.00870173853692 0.0235523475931 -0.00607316146322 0.013570115773
-0.563250383177 -0.0120519463731 0.00303224886819 0.0208321021225 -0.10654432572 -0.0337918736054 0.0135440580878 -0.538513923616 -0.0370348248293 0.0192683351814 -0.0150572486901 -0.0295989777475 -0.00353758151196 -0.228947045376 0.0744843239284 0.0424014679976 0.0526128559584 0.0111457666223 -0.190166662582 -0.0152746380547 0.00515101144371 0.00757060213286 -0.497410949525 -0.0174947476924 -0.00936462464322 -0.170685365237 0.0141051722864 0.0186777130956
-0.570688743299 0.0244851348174 0.00974903030162 0.122800872563 -0.0753782900411 0.000196538782622 -0.0108045915441 -0.524693162291 0.034506036147 -0.00380368986021 0.0698714265144 -0.0157195969726 0.00881982266002 -0.119267593543 0.146509112607 0.126374627286 -0.0682674369829 0.00510998529931 -0.415937389571 -0.0706114050551 0.00176062182454 -0.00832601070223 -0.28763850503 0.00711161402436 0.0130932809264 -0.231564462924 -0.00598487969369 -0.00109121012563
-0.432310817568 -0.00797298093053 0.0114271262689 -0.00288992967929 -0.00463690062317 -0.00501964051311 0.00470964377711 -0.469926424973 0.0511426992432 -0.0210561402933 0.0131281276401 -0.0189832317011 0.00842297189452 -0.00412198875006 0.0188192156192 0.0515416479429 -0.0642297849371 0.00433219604357 -0.699379291874 -0.0566482913382 -0.00621956143179 0.000472755846263 -0.267333564063 0.0232735831999 -0.00402358106367 -0.128912922371 -0.0118915593578 -0.0024997437951
-0.497766046786 0.0192698246953 -0.0354846771887 -0.0275211398742 0.00725009860486 -0.0371780670492 -0.00277416306138 -0.564718094231 0.0193576233735 0.0645723564295 -0.152016865616 -0.00560682102568 -0.00220102101852 -0.147405172302 0.186219305148 0.0902227579143 -0.162283899929 0.00789164690141 -0.195920347363 0.00349426164972 0.0491028274069 0.00223771975712 -0.519262182245 0.00881923865003 0.00177460901092 -0.0157173643801 0.000229692969178 -0.00914498681311
-0.479784220027 0.0054345812234 0.0070107536357 -0.0335950489227 -0.0208729803132 0.01471519591 -0.00231493372297 -0.578718533292 0.110902716845 -0.00689227436766 -0.0223256432501 0.00816146519386 0.00564411303374 -0.0710154360266 0.171292490309 0.08048486507 -0.0239213094109 0.0163404886247 -0.229111526996 0.0130170800708 -0.0292932967344 0.00412794533628 -0.539264679694 0.0556564251413 -0.00257972362302 -0.173638961088 -0.0263674282416 -0.00942344517292
-0.410233185348 -0.0231640480248 0.0431046853119 0.0542693320239 -0.0457285130395 -0.0250574976178 -0.000649223054988 -0.387518763088 0.0177820522954 0.036950851667 -0.0286491248425 -0.021275086013 0.0020869485575 -0.272185323797 0.135632935418 0.0702368261736 -0.0619338513798 0.00773938252177 -0.432595554046 -0.0398383156609 -0.016473348349 -0.00340027896406 -0.540661841802 0.037877739493 0.00155565929872 -0.292819890102 -0.0128341349352 -0.0232359062132
-0.284170612933 0.000754357061378 0.00441783528489 -0.0602741004007 0.0116378188143 -0.00450959362638 0.00280244697507 -0.283848781168 0.010633062104 0.0123960139837 0.00433351253759 -0.0443356905867 -0.00153233730508 -0.487089554411 0.0016717396776 0.0707281971305 -0.0387493618536 -0.00098353224392 -0.497232071771 -0.019941506707 -0.00279417297377 -0.00259351639752 -0.473603345457 -0.0111767446918 0.00213216590465 -0.341004124345 -0.00501357040058 -0.0212669883994