-0.000693411102907 -0.000390920449771 0.0160336951566 5.13685183747e-05 -0.0140756221133 0.0200091802061 -0.0030183627091 -0.00652178987982 0.0452191601761 0.0700158462111 -0.0403652022904 -0.0109847118559 -0.0119427208409 -0.514706176802 -0.478972390768 0.539451788001 -0.0821612457698 -0.00130795933032 -0.268484579564 -0.161150635979 -0.023063854155 0.00818879284325 -0.313896378899 0.0258262523742 0.00900652035601 -0.00583008912958 -0.0137599745761 -0.000483091117097
-0.49260866427 -0.067798205401 -0.0566341949986 -0.0826063101016 -0.143400654074 0.0154315762586 -0.00796570681879 -0.497105991738 -0.0349574467503 -0.0831029772831 -0.16220444808 0.0210969374451 -0.00277128162084 -0.349732906267 -0.317100348414 0.324498583833 -0.0356807435327 0.00342700970296 -0.174927032053 -0.0739661842999 -0.0255240987957 0.0122404566739 -0.263412375956 0.0476235820696 0.0157314800681 -0.0355549951864 -0.0148622338846 0.0113882867716
-0.539034839815 0.092786733917 0.130505866468 -0.0876126324539 0.0900037351895 -0.0224447073962 0.00121819084376 -0.49277629864 -0.0573425396757 -0.0021597792318 -0.160287599359 0.0358815501496 0.00108962113613 -0.286728887439 -0.268113300349 0.305381176708 -0.0539227052844 0.0012792051913 -0.219368706111 -0.115535648515 0.00784540132681 -0.00331226928035 -0.270807747205 0.0206944199921 0.013026662126 0.0896341122684 0.0137819471251 -0.0211776336754
-0.495665307073 0.0899379607392 -0.059749707675 0.000228930506743 -0.160178285747 0.00751396132697 -0.00834697725388 -0.486901526964 0.0978153272256 0.075265169142 0.137050291822 -0.0323138645712 -0.0109672472307 -0.325598134504 -0.289408871266 0.36105210089 -0.068298586818 -0.005087375547 -0.193313767796 -0.153339584052 -0.0217356329274 0.012132430451 -0.236816139309 0.0127793335239 -0.00479755029974 -0.0241524238909 -0.016092476739 -0.0344457631081
-0.440165952714 -0.029062664851 0.0380917710306 -0.0939526672022 0.0590716997095 0.000974615361659 0.00664049881844 -0.483029916116 0.0839374764341 0.0941229157541 0.165245688755 -0.0346024176671 -0.012253245249 -0.423356065223 -0.353905280038 0.289014526178 -0.0316071356976 -0.00546640372624 -0.213245105373 -0.105756639469 -0.0197401870999 0.00197930887347 -0.242472848534 0.00806684048563 -0.00191675542974 -0.0835526914223 -0.0234904183865 0.0351675465391
-0.635142676276 -0.0609889180476 -0.0605780236301 -0.0202401452822 -0.063146935176 0.0210745347959 -0.00233860918312 -0.600735011211 -0.0286587721339 0.000278086006433 -0.0575354855062 0.0221383410957 -0.00720567637362 -0.158515635454 -0.243696529763 0.228364911858 -0.0470016775387 0.00125425999899 -0.131221461147 -0.117437985367 -0.0270234417351 0.0070442279148 -0.205445486732 0.0216748479263 0.013558039776 0.0424039885368 0.00308497340503 -0.058865301152
-0.546769315662 0.0109958436426 -0.0166819785403 0.00902550496921 0.0200308012764 0.0126476193957 0.00208581229702 -0.670856385017 -0.0374926430963 -0.041848538923 -0.142387408678 -0.00898088873859 -0.0106064936391 -0.275816593797 -0.161837365666 0.176910689659 -0.0173230527604 0.00725764236414 -0.159090173597 -0.0589402497795 -9.02740958489e-05 -0.00836110427828 -0.238170550209 0.0378146183807 0.0116277924125 -0.0715732260448 0.00500453612299 0.0107949176883
-0.624489325907 0.0265668771467 0.0516146974797 -0.0162022530863 0.0413609364516 -0.0059382208228 -0.00271473748359 -0.616586971345 -0.0327054872927 -0.0341652893707 -0.0694073425596 7.32768637416e-05 -0.0173575590827 -0.207371502226 -0.197451906201 0.148238141634 -0.00764693633617 -0.000178643908632 -0.15816464684 -0.0919492171204 0.00552376187742 -0.00985641737116 -0.237116904414 0.0469523979083 0.0103168527026 0.143647083335 0.00988673499232 0.0142480557163
-0.467341330748 0.0376399299882 0.0359587331587 -0.00728796377251 0.0425691823739 -0.012556579479 -0.00509527228287 -0.486636129148 -0.0502286489148 0.0173690764721 -0.0373770095326 0.0281413418772 0.00852336353361 -0.261848338329 -0.154189073139 0.175856816849 -0.0659916312891 -0.00119313951342 -0.502902159547 -0.0523730068912 0.0124531354313 -0.000564658004494 -0.342686914357 -6.47575473872e-05 0.00646224522084 -0.0102362760188 0.0353493640191 -0.180754913641
-0.683723715085 -0.010335418102 -0.00695227281082 -0.0677451819867 -0.119048480963 0.011986978997 -0.00597483351495 -0.586910185935 -0.00880053636061 -0.0283119645077 -0.00319878746385 -0.000959478113774 0.00315091087747 -0.164049551652 -0.223525672193 0.221209852415 -0.0105753883678 0.00308656984641 -0.056117448734 -0.0929858405159 -0.0322176524895 0.0147316047176 -0.139987797414 0.0421209900932 0.00499726295374 0.0758262589575 -0.034832042889 0.0268592785429
-0.449020947876 -0.000325388634522 0.0169218142975 0.0447255081547 -0.0325385364048 0.0467695113114 -0.000113249750748 -0.423988182231 -0.00270896515689 -0.0130986296741 -0.00927099351714 0.00815714664351 -0.000327395303943 -0.541934577171 -0.105703464366 0.0495477247484 -0.00212003136147 -0.000968478146075 -0.295049511535 0.0154625082926 0.0329741788907 0.00487456866183 -0.352013549767 -0.0213604863756 0.00191598659122 -0.303249355913 -0.00443627662207 0.0257935318259
-0.599425267137 0.0105273118342 -0.00622229027084 -0.0519721583788 0.0228234901347 0.018788933818 -0.000522156143269 -0.577807335119 -0.00682433246608 0.0233257763015 -0.0179036713762 0.0206204039401 0.000264699255115 -0.410017817866 -0.189780022627 0.112457180624 0.0340991871743 -0.000360081474968 -0.0783964952864 -0.0994389713147 -0.000111907366381 0.00235977731382 -0.251203963242 0.0553048553854 0.00329807200183 -8.67308562072e-05 0.00401105898526 0.0399674875999
-0.67393133145 0.0141753619634 0.0563561461614 0.0450427650355 0.103789387594 -0.0101037538246 0.0069630659306 -0.562260536833 0.0190012720367 -0.0243761893331 -0.0288279152731 0.0151536903222 0.00199614746171 -0.217236799196 -0.183772482056 0.215752208164 -0.0212639410109 0.00788890947852 -0.229750190152 -0.0137650135289 0.0106418571149 -0.00210516613744 -0.162667027375 0.00491424013382 0.0147931453945 0.0530637340943 -0.00345047864608 0.0260776255169
-0.687139240627 -0.000831056960871 -0.0321992098671 -0.0334111986465 -0.10035013907 -0.0096202294459 0.00349345738314 -0.598372305461 -0.0106601005266 -0.000156728891659 0.0082981434458 -0.0192781054763 0.000495336967587 -0.149087723854 -0.18550084974 0.208182003586 -0.0445704310169 0.00656737944492 -0.160064154278 -0.0558448066653 -0.0148809296272 0.0013918210861 -0.112632507934 0.0339361644114 0.000461520960521 0.109028315241 -0.0143360128331 0.00261176252358
-0.470914497588 0.0348735904106 0.0273105390635 -0.0344005624625 -0.0452048997639 0.00575355832724 -0.00792264511664 -0.528487082058 -0.0300357975614 0.090374426414 0.019303151152 -0.0227990177472 0.0010228408474 -0.516376278034 -0.159237066263 0.0723440767954 0.00199760763184 -0.00243041890729 -0.105316818419 -0.0422105686152 -0.0236952066 0.00786048922104 -0.284803310668 -0.0147748034909 0.000684841525013 -0.300447970702 0.00189882195247 0.0367104261668
-0.531105077968 0.00650595148162 0.036153483005 -0.0208439597423 0.00849578952483 -0.0163964378956 -0.00261023935006 -0.528962143011 0.00908189129351 0.0377989870586 -0.0161472934518 -0.0191641223185 0.00284419656264 -0.53551061597 -0.199760524752 0.084792858835 0.0115734038673 0.000766520635923 -0.123325748256 -0.022324469113 0.0101223790658 -0.000263057901074 -0.233834530473 0.0516849555389 0.00131392038206 -0.157784323473 -0.0112616131417 0.0407754996507
-0.596865337997 0.0649913683823 0.0473353507344 -0.0860718736067 0.024079339251 0.0201842284378 -0.000594420769236 -0.584487351607 -0.0543205968131 0.087717067754 0.0221558095049 0.00551243367532 0.000498968062415 -0.363369859912 -0.160900035922 0.134056286893 -0.00989366100227 0.00456719489694 -0.214890255502 -0.0157729409648 -0.00780708371082 -0.00109888203347 -0.217706769538 0.0429316035435 0.00688927861197 -0.0455318098385 -0.00733295567716 0.0466959411898
-0.477375346847 0.0453924196627 -0.034103380364 0.036456669748 -0.0202938373548 0.00820680477102 0.0019414727463 -0.487671978472 0.0490129380342 -0.016355057833 0.0341927645844 -0.014797177449 -0.00493815432927 -0.277300721291 -0.186228413001 0.237880019013 -0.041934701669 -0.0137599815434 -0.328801458515 -0.192347205068 -0.00842070896297 0.0040922599137 -0.409363785498 -0.0229865899107 -3.01210928216e-05 -0.0867617461015 -0.0136027167652 -0.184511013888
-0.541179653842 0.0302599184327 -0.0200731811609 -0.062854854086 -0.0659984642847 0.00373726379155 0.000281696843844 -0.672224889759 0.0493037982575 -0.0432593838183 0.0705978857335 0.00344437142855 -0.00242634415267 -0.232358830374 -0.21027354972 0.251712994396 -0.0330700039093 -0.00580703186208 -0.126261268702 -0.149876073421 -0.0234663779163 0.0150287601686 -0.182004166444 0.0153713244631 -0.00545791944779 0.0267861502208 -0.0157052192695 -0.00810383688617
-0.532352019355 -0.023515046983 -0.00199058867693 0.010503764317 0.0368393673659 -0.00735856718766 -0.000204217767855 -0.638725445178 0.0534897504932 -0.00873771655743 0.081628945672 0.000462913026468 -0.0049308830289 -0.271690671536 -0.269773242388 0.200760825866 -0.0241176180738 -0.00600577543822 -0.202880705727 -0.170509356163 -0.0241566807392 0.010184121979 -0.192099467374 -0.00154687747712 -0.00161128437006 -0.0327614739375 -0.0190123397457 0.0121622110548
-0.479406863527 -0.0600053643551 0.0126301073839 -0.0394647373869 0.0152789175328 0.00150466415213 0.00117768944541 -0.59900783686 0.0593908440306 -0.037944097212 0.0527545491588 -0.0346901867632 -0.00716809100985 -0.231849390619 -0.267487240634 0.204180335512 -0.0226186892071 -0.00835363203386 -0.268818427161 -0.172310063239 -0.0267289283609 0.00665434126968 -0.351167315739 -0.0259913224475 0.00393523059093 -0.0390585645471 -0.0281303267622 -0.0136124279346