-0.0142022540331 0.00437944328014 0.0429786399698 0.0436887527029 0.0528978548962 -0.0166126891445 -0.00294238657338 -0.00749252705545 -0.0676085321937 0.000841831491206 0.0183854695928 0.0164462924959 -0.0102862024561 -0.0922006881692 0.155262768241 0.0956490232583 -0.113613160778 -0.00621841849712 -0.503878785965 0.668705133285 -0.0124902758336 -0.00708751944714 -0.480363718106 -0.0163467216339 -0.00253351061682 -0.0225685300892 -0.00981737340609 -0.000470641410294
-0.531510987304 -0.0819039421009 -0.194452702017 -0.0615446492811 -0.0413741436453 0.0344458184635 0.0141026385025 -0.412843655498 -0.0479576908124 -0.0672443274635 -0.0462250763372 0.0183148707183 -0.00222449414827 -0.187243915255 0.117538179914 0.124882204433 -0.0766212913766 0.0122566699298 -0.265767086623 0.519233921326 -0.0126677446058 -0.00557145284498 -0.273708664687 -0.0167554776245 0.00584460077251 0.0130648239549 0.00500338811134 0.00235153910206
-0.293057727614 0.0187520415536 0.0797530378268 0.0296473628322 0.0381583093009 -0.0469233667075 -0.0255248344421 -0.258017804643 -0.0488915739272 0.00532496865084 0.00859811059422 0.0241993259167 -0.00188418669437 -0.219081675594 0.0935601740431 0.0432866743992 -0.074508664205 0.00518321631823 -0.645435740906 0.228636720886 -0.0223528719782 6.07327052316e-05 -0.535556255712 -0.0161740235837 0.00196377052452 -0.0696270987956 0.0142309147824 -0.082831671402
-0.505432492041 0.0448270343357 -0.181627381421 -0.0507495802995 -0.0205509843765 0.0171458184008 -0.00923483866395 -0.408531980488 0.0174934097201 0.0704190554708 0.0508070072621 -0.00317716194312 0.00276239515898 0.00118691573984 0.0983184602433 0.0218885708314 -0.0708915898424 -0.0193055425429 -0.313352272316 0.57610864716 0.00032941310088 -0.00781340026681 -0.281311613365 -0.00704259414768 -0.0102133658489 -0.0581798916797 -0.0253944813917 0.0488193894109
-0.34549275696 -0.0074016033014 0.114986312083 0.0176162436399 0.0397556183951 -0.0354630496543 -0.00590402671158 -0.277612582236 0.0181690851882 -0.0125417944605 -0.00439982900328 -0.00220036330989 -0.0104943068135 -0.0892682515033 0.0934731914916 0.0573497801044 -0.0736858925291 -0.00588201527756 -0.611724220356 0.266611551171 -0.0109564146157 -0.0114582937841 -0.560343674348 -0.0054805877369 -0.00997063047835 0.0221065495074 -0.01674650684 0.0245323106821
-0.402896278731 -0.0133837417776 -0.0517734815537 -0.0186960668123 -0.0101258861695 0.0250933724507 0.0103983746303 -0.383927282182 -0.0380597684145 0.00786190163519 -0.00779598509487 0.00943434775167 -0.00294793849011 -0.349579868415 0.0326466422276 0.141312112919 -0.032728614137 0.0110647249145 -0.452836546076 0.250653335105 -0.0468803656322 0.0121496253978 -0.480009347522 -0.0236952634691 0.0198051150878 -0.0978940787558 0.0108629278034 -0.169776799607
-0.546175564954 -0.012908411324 -0.0060955766373 -0.0383486298529 -0.00903351749847 -0.00573931632028 0.0122795703799 -0.633315453574 -0.112907422637 0.0255865935965 -0.0356537037195 0.0156769948925 -0.00625355089647 -0.10065198096 0.0616467444073 0.0777553855753 -0.0159183670378 0.0195886125236 -0.247623865349 0.359179832923 -0.0249185068642 -0.00415964579553 -0.255194504734 -0.0213021024141 0.00678355284317 0.0427709487193 0.0213916531206 0.0649163301357
-0.45733297022 0.0209225819175 0.0613718864203 0.0294265290515 0.0189396241586 -0.0274866106939 -0.0192649091354 -0.418370351076 -0.041202081853 -0.000601563828466 -0.00524148787649 0.00637693747437 0.0098563917649 -0.334746217696 0.0472108557386 0.0967081207137 -0.0589255596395 0.0071037103566 -0.461753847425 0.302931855971 -0.0385754147917 0.000920668856195 -0.394533622623 -0.0216343190597 0.0124024549105 -0.125422748055 0.0386755407752 -0.0160130395565
-0.119978166656 1.62941859326e-28 -1.41420800288e-41 5.33289869839e-28 7.19968330112e-15 0 -2.84684841914e-54 -0.119978166656 6.44074759188e-17 3.0326254148e-19 -7.19268517346e-15 0 1.07437742236e-29 -0.540948713844 2.20367867026e-16 6.25349102071e-28 0 -7.65818201155e-14 -0.431119823756 -2.36911002362e-14 0 4.46134907228e-29 -0.437202690706 0 1.25818388127e-40 -0.524856974969 0 -0.161553794983
-0.613543509558 -0.0120675033429 -0.0484146063527 -0.0505022331189 -0.0436837149362 0.0397648968132 0.0134449086857 -0.479215601357 -0.00629825141695 -0.0129032654201 0.00787919290329 0.00610031494294 0.000172062370299 -0.236879013655 0.104796576873 0.126224478052 -0.0868634803273 0.0035832749184 -0.323837992475 0.338501376336 -0.0223736298992 -0.0106795053497 -0.2616840722 -0.0144026190671 -0.000168524318334 0.0673209379308 -0.010662689106 -0.0302578606662
-0.680268178204 0.000110329217573 -0.128821097592 -0.00782032464918 0.0792830978636 0.0204824106599 0.00268771377871 -0.538319755214 -0.00674572201092 -0.0154593116916 -0.00123253758783 0.00949392715747 -0.0107359881259 -0.25114402504 0.0350062458599 -0.0683341186636 -0.0175781661551 0.000233786604603 -0.122348755553 0.313976803309 0.0347488208394 0.000298616817194 -0.169132788079 0.0347201868775 0.00545284742952 -0.0621747262371 -0.00971590829973 0.0758302784307
-0.515977699993 0.00998347684301 0.0617406639937 0.0424404208605 0.0863498428574 -0.0238814779056 -0.0091632547092 -0.407051677998 -0.0147866034118 -0.00259698416684 0.0216084806925 0.00829731482152 -0.00618878319933 -0.0323254177688 0.120998463718 0.0470002630742 -0.042612861796 0.00723102861227 -0.591919520036 0.0249685088937 -0.00830523501295 0.00181017144112 -0.409833559237 -0.00560202348591 -0.0015703412732 0.10455607977 -0.000694249493956 0.0607959786047
-0.119978166653 1.29500956168e-26 -6.8558919503e-24 -5.95803189212e-14 8.15663610578e-15 -5.53424433178e-26 2.40720915845e-15 -0.119978166653 3.58816871914e-17 5.90662451543e-14 -6.39188709052e-14 -3.33144388649e-20 -2.42672565463e-18 -0.540948713834 1.95148133121e-15 2.67194873244e-10 -1.25902762355e-16 7.65337375441e-14 -0.431119823748 4.15835158718e-11 -2.898463004e-13 -6.05897900212e-15 -0.43720269074 1.91841103586e-22 -1.41792378646e-18 -0.524856974959 -6.44811680859e-27 -0.16155379498
-0.629512773174 -0.0222229241455 -0.0746534905782 -0.0678381073946 -0.034196148928 0.0274574670779 0.00446233082202 -0.467656616983 -0.0359885562124 -0.000704185055143 0.0164705121169 0.00111023905507 0.0108090807094 -0.0901453870831 0.0991023017127 0.0236963011729 -0.0694313537632 -0.00336846226601 -0.354552580744 0.384172645858 -0.0111838486293 -0.0139925698142 -0.269182753676 -0.00173705752463 -0.0150610439755 0.0325445170564 0.000788434308478 0.00258757415278
-0.642521336103 -0.0479243018451 -0.089971239115 0.0374758878892 0.0477690172429 0.0687457939057 -0.0064603175269 -0.474413317548 -0.0342524818932 0.0143529723627 -0.000800597080162 0.029806445533 0.00504737354038 -0.270941258765 0.01818763154 -0.124569539093 -0.0326686534039 0.00413430998597 -0.140392529197 0.342007036262 0.0142533807467 -0.00108016635005 -0.145310477708 0.0207482684409 -0.0066606073928 -0.292317500555 -0.00265775488259 0.0817760218602
-0.530392698245 -0.00388530657367 0.0849827002183 0.0404370879838 0.0623607013888 -0.00654621939056 0.00355781303342 -0.435372210486 -0.00173346992402 0.00586523814524 0.0315785600028 0.0239149040862 -0.00186975546679 -0.0453264746525 0.0671616219516 0.0498967987305 -0.0275990430582 0.00394044947961 -0.526281430603 0.064078284153 -0.00181953419793 -0.00433481358217 -0.450378237127 0.00440643132976 -0.00408474202565 0.100461114363 -0.0154343604058 0.102801896924
-0.22597666297 0.0024446710522 0.00365869005149 0.00335036825049 0.00219819553961 -0.00729715270477 -0.00629284155571 -0.228779239264 -0.00686544026591 -0.00254610551089 -0.00439031719739 0.0118908795423 0.0120407239419 -0.256011812059 0.0210230366828 0.0431837368781 -0.0386892435096 -0.00439247582245 -0.574357218756 0.00587123208885 -0.00979694398046 -0.00225914067573 -0.67963900461 -0.00995721882025 -0.00222390841649 -0.0704050457792 0.0285422124163 -0.170104398786
-0.568423222582 0.0639146576719 -0.0780902580635 -0.0360761041285 -0.0111775177113 0.0263135063623 0.00206219681917 -0.526400462531 0.0532397073883 0.0109239248843 0.0304783431934 -0.0194475722666 -0.00355412827301 -0.0389274599779 0.0585771282518 0.0775566087736 -0.0580957332518 -0.020147005281 -0.392621414989 0.252951842384 -0.0159462962964 -0.0145720775337 -0.372210959372 -0.0177575078213 -0.00659711293438 -0.0370761947407 -0.0264871532072 -0.0943196931704
-0.520913750813 -0.0237830490268 -0.019322059919 0.0478607547495 0.0140655854588 -0.0165459383215 -0.00148832769998 -0.667496551181 0.100760376621 0.0425130562267 0.0440480594338 -0.00887017500237 -0.00129399434093 0.0337684825137 0.0500404858616 -0.00837151737293 -0.0117362948489 -0.0268043067899 -0.261785506445 0.365018611643 0.00271300711632 -0.00927860614471 -0.225226757935 -0.018794056827 -0.00558287122073 -0.022748871834 -0.0406455954847 0.0754835684461
-0.461614559017 -0.0267060167474 0.0266022396036 -0.0083531683379 0.00757227185341 0.00652571865669 -0.00888079073925 -0.642497939622 0.0984177930588 0.0867173655206 0.0111448242854 -0.0346405914924 -0.0122509437014 -0.0454854819201 0.0579900569556 0.0372668456811 -0.0481126455672 -0.0166090551406 -0.387678547933 0.276535457528 -0.00810196398666 -0.0177339072962 -0.329656501685 -0.0104211970516 -0.0109693085524 -0.0115805435326 -0.0279766711427 0.085916481137
-0.319342217087 -0.0234872781014 0.0295593429737 0.00809196576196 0.0159693153817 -0.0145794905384 0.00870100019225 -0.333676535612 0.0415281814285 0.0026568890153 0.0119844214685 -0.0232792923409 -0.000173524333327 -0.0896355850686 0.0899019204105 0.0475273309483 -0.0417010854547 0.0063383150192 -0.585014986241 0.00355172916863 -0.00288044039712 0.00467081280906 -0.646401787561 0.000487964140809 -0.000466797217772 -0.0147712476062 -0.0105252173013 -0.0403020797797