-0.0543921639723 0.0283807346439 -0.0619104446026 0.342716837526 0.156840802874 0.134160337889 0.051863073988 -0.0276616238213 -0.103977805665 -0.267964515046 0.0646233715365 -0.102436128277 -0.0594867145368 -0.145729178194 -0.528375910798 0.385408648225 -0.266355182858 -0.037659384225 -0.170388068856 0.280392747045 0.148412829586 -0.0197945976865 -0.0880837371967 0.249289406702 -0.00961179522137 -0.0589031077053 -0.0565964745275 -0.00320112018847
-0.448600660805 -0.0832716030276 -0.203474984395 0.0685542398924 -0.0282819527851 0.0375366611164 0.012601450196 -0.353081649402 -0.114278163636 0.0757561221755 0.0116574141472 -0.0137441209833 -0.000808678839901 -0.102575038965 -0.0201841488162 0.0420224057655 -0.014140835399 0.00655545864774 -0.550703679765 0.347977006056 0.0136945669204 -0.00082933286501 -0.391599954869 0.0502751089801 -0.00806913487388 -0.0770565105387 -0.000757601177665 -0.0138978039207
-0.55807622229 0.116203157036 0.182270206447 0.0140950701669 -0.145025488961 -0.034666711131 0.0207700071676 -0.642581930681 -0.0665119881007 0.108163956501 0.246416386516 0.049337336601 0.0247670863697 -0.130709448441 -0.169228531964 0.0873614882686 -0.0666291502607 0.018226016204 0.222923267496 -0.028128594436 -0.00439351260611 -0.0120254538701 -0.0869860839744 0.0394114593981 -0.036594455332 0.0789061362551 0.0241808306523 0.0105323662215
-0.404782718527 0.0180864442164 -0.167193837721 -0.0303162644032 0.0589771596361 0.0317279119983 -0.00376472923643 -0.281983025092 0.0163694222552 -0.0585044174845 -0.0371407477009 -0.0122537117533 0.00331780301703 0.0151843123086 -0.0438906646202 0.0583845721032 -0.0221398103344 -0.02650775234 -0.755097266401 0.173093917413 0.0110044295611 -0.0036803748997 -0.326469747262 0.0421737394511 -0.0102513936866 -0.0180774846299 -0.0197093263038 -0.0387046818222
-0.623420008288 -0.122711032112 0.19305756517 0.0519949258524 -0.206010650796 0.00458815435066 -0.00663102595159 -0.593947204545 0.0514729420188 -0.106038310363 -0.186762394601 -0.0300763226006 -0.00940649713019 -0.179576314183 -0.153502705711 0.134058199071 -0.0669006784517 -0.00794122876832 -0.0739004384389 0.0336991577586 0.0543610725831 0.00577433889405 0.126644844347 0.0265797223569 0.0259219162443 -0.0441791724782 -0.0425101063907 0.0467603935446
-0.319503764585 -0.0223139659324 -0.0208697090826 0.00258845683927 0.0360384112919 0.0308637934148 0.00949242882922 -0.310453175628 -0.0149401474721 0.00960892175582 0.0317691187456 0.0246599487131 0.000243713447361 -0.439904338303 -0.0772992899972 -0.128676901812 -0.0166204372072 0.00166380601462 -0.535659322283 0.264770346983 0.0344973283002 -0.00444476290521 -0.418986349478 0.0673925731616 -0.00374973189275 -0.174457016034 0.00497595538948 -0.105756126486
-0.574124552733 -0.00825550653607 -0.0980501691222 0.016667417797 -0.0667763665467 0.00209756303334 0.00891642396301 -0.507983384497 -0.0185082855537 0.098362831197 -0.0025947065259 -0.0289891750723 -0.0116655432947 -0.0570514704935 -0.00693837719105 0.0388608521418 0.000594703287741 0.00574007100775 -0.464938372459 0.240277945091 0.00414327740761 0.00343436280479 -0.326847344198 0.02635896979 0.00915534081055 0.0168709355008 -0.0026914090855 0.0124021248615
-0.513297333797 0.0414248424443 0.0690630131892 0.00842731852101 -0.0511020272995 0.00727298509223 -0.00520579456927 -0.52024328385 -0.0633769350198 0.059753988671 -0.00532765804926 0.0223203339286 -0.0109242017506 0.0158474738125 -0.0114152342528 0.013355159961 0.00624746417205 0.0154710645788 -0.364876496796 0.00125386491589 0.0385563850041 -0.0167408229728 -0.551385381374 0.00229753870365 0.00117714261866 0.0906279537703 0.0197351132233 -0.00382733880992
-0.403720870175 0.0308267738757 0.0410670499747 -0.0128605623649 -0.00196055444486 -0.019798647722 -0.00336251271301 -0.412700258976 -0.0339578968934 0.030534834071 0.00747952946825 0.0239089955942 0.0123668126744 -0.176819825474 -0.107754062805 -0.00845313618014 -0.0565727092551 0.00932705015076 -0.0577783620598 0.0379210418912 0.0153864688009 -0.00989152246697 -0.771245492343 -0.00513209866583 -0.000960091453373 -0.00791957621811 0.0304022311333 -0.115899399424
-0.48184546858 -0.0419928802715 -0.058883816917 0.109220799486 0.000909730507842 0.0048828007052 -0.0151690787945 -0.398747076348 -0.0731992824464 0.0462230924658 -0.044750636685 0.00713426422959 0.0136458891812 -0.453666710365 -0.191892720254 -0.0657431293597 -0.0111244317683 6.73628893782e-05 -0.445104329284 0.25196152619 -0.0141511511077 -0.00939810002634 -0.260044380193 0.0226227553793 -0.0144972385338 -0.0651728223017 -0.00328775433416 0.0100001026575
-0.545004185401 -0.0837357800832 -0.0770138992247 -0.0419944831653 -0.0331401642075 -0.0090849711454 0.00487897556953 -0.524992681517 -0.0643127031416 -0.0548735217895 -0.0276254154682 0.00670406992832 -0.00181965638858 -0.124965443183 0.116978938215 0.130737072771 0.00908385118639 0.0180036702982 -0.463559087405 0.157886249864 0.000403349863044 0.00614335591956 -0.334577717436 0.0209136183698 -0.000768152400644 -0.0602350798031 -0.00393665643236 0.0284123538685
-0.608542059927 0.071897290463 0.057958354818 0.0544742458654 -0.0476260970236 -0.0173588198665 0.00649368291476 -0.660171443658 0.0185131026487 -0.0335239114489 0.0840150979155 -0.0212742169919 0.000141002537648 -0.267506838393 -0.0388339629743 0.213395451536 -0.0193955032437 0.00124120813376 0.102876257114 -0.16617539962 -0.0624855839931 -0.00193439002767 -0.0732116469196 -0.0403428006561 -0.0181981026382 -0.0123046129403 -0.000196027871504 0.0469628129112
-0.710685551741 -0.0264435086281 0.0791730770361 -0.0690038752756 -0.0344412644764 -0.00785019609236 0.00874476504873 -0.598625749727 -0.0519268875358 -0.0515902961421 0.0623625763203 0.00873337832147 0.00228888369333 -0.178980471145 -0.176209347933 0.0316288917611 -0.0547167084684 0.0166504508153 0.171314794276 -0.042269387908 -0.0396788626095 -0.0236765954155 -0.0700195633969 0.05621290044 -0.0282549517882 0.0328133680619 0.00453921596796 0.0600599412206
-0.304027161139 0.00440916244839 -0.00372562478903 0.0107003857294 -0.00313131252441 0.00339447947869 -0.00926511980338 -0.333999439385 0.0230159102651 -0.0279779579998 -0.0379758761458 -0.0294091130783 -0.00207492866917 -0.445916797429 -0.151552101719 -0.1628229512 -0.0387212162239 0.00152449775037 -0.464260355475 0.183523994153 0.00939473890393 8.08367239493e-05 -0.528625883396 0.0186258945053 -0.000893773298543 -0.0875799946804 -0.0261863593983 -0.0696719017838
-0.551194492154 -5.86025000649e-05 -0.0675706475457 0.0452953585584 0.0965904188993 -0.00356680822916 -0.00246227585006 -0.436588407853 0.013475601732 -0.0226836331655 0.0189433267116 -0.00375981439492 0.00508335176055 -0.0132395961197 -0.0331278820304 0.0668041011817 0.0162274001474 -0.00781612692208 -0.664878000173 0.138058263451 0.0036422790373 -0.00669662001 -0.120463876852 0.0376897966241 -0.0165042214228 0.0569924757543 -0.00730931215909 0.0420397828327
-0.339333117306 -0.0008536170774 0.0562769235691 -0.0466391161188 0.00744052235844 -0.0155221007029 -0.00607895253524 -0.320828651885 -0.0133121779121 -0.00979112695161 0.0177649250692 -0.0231919738045 0.0109198176275 -0.466665290497 -0.0939968067908 -0.00894337115319 -0.0477798646226 0.00314202237118 -0.547439766491 0.0212100222403 0.029184456793 0.00449444755675 -0.411638991839 -0.0176569609387 0.00520264613736 -0.269509247593 0.00572068921372 0.0504948877467
-0.759071997372 -0.0422322835703 0.0852479210172 -0.0581572215457 -0.114006010486 0.00065489119861 0.00477154934508 -0.571868552321 0.0376755179986 0.0152172868728 -0.0348309027171 -0.015111161164 -0.00117005342598 -0.114924968057 -0.145678493677 0.0673795630088 -0.0371063533558 -0.00771585454139 0.122975040504 -0.0294301219228 0.0186016778062 0.00157092204968 -0.00993573687824 0.0549876343826 -0.00810616611374 0.0311725636517 -0.0226804758836 0.0825255261606
-0.121283755887 -0.000119733711676 -0.0011050675483 4.25435825382e-08 7.75615391436e-08 0.0083926818455 0.0042970609689 -0.119796210556 -0.000298947139105 6.66941291712e-09 1.2863013211e-08 0.00257674397564 0.000527410474073 -0.474043849274 -4.59659022312e-07 -1.56030520429e-06 -0.0167165771045 -0.000319804369615 -0.554973094856 5.57567064816e-10 5.42567376756e-07 1.02538626509e-09 -0.574416919798 1.05049630939e-06 3.84815992573e-09 -0.310648092463 0.000716202764302 -0.106734121431
-0.409638983834 0.00636344033371 -0.019760508436 -0.0472868392078 -0.0233513110064 -0.0150064389854 -0.0107342019949 -0.400422475655 0.0274984815112 -0.0120117593361 0.00895637780305 0.00415723133055 -0.0092943974246 -0.0222988714027 -0.0172231234936 0.0344354210423 0.0348124705231 -0.025476363617 -0.68592806012 0.0881145198599 0.00147396101113 0.00675903363501 -0.42420342474 0.0291707385534 0.00199375516345 0.0501265346002 -0.0170039557189 0.0382815970601
-0.457342539903 0.00480108027717 0.0617605497495 0.0267361638476 0.00149975878653 -0.00112781777083 -0.00446582211774 -0.554304263551 0.0411139138712 -0.0186149147466 -0.102611240428 0.000810501465642 -0.0109319826016 -0.00769990213462 0.00622494904876 0.0891452734768 0.00480048749234 -0.00664153534255 -0.659443995817 0.139279104037 0.00274960781838 0.00378096304261 0.0245861311292 0.0103753462394 0.0233900882618 0.04369118636 -0.0255407389851 0.0101650513789
-0.451061596265 -0.0349194370017 0.0101486912244 -0.0203398285337 -0.0521857033051 -0.0169210486797 0.00724873130299 -0.457043678222 0.0254532416985 -0.0344864733782 -0.0396443080337 -0.0254307976534 0.00344471794452 -0.618470865096 -0.318124251736 -0.029410788399 -0.0584087793586 -0.000818220195365 -0.230626155864 -0.00186300673954 0.0321982266537 0.0037170844321 -0.116585046825 0.0341253608088 0.00445714160389 -0.0686774452443 -0.0466271446789 -0.122035575023