-0.00623397661059 -0.0060337013663 -0.100832293832 -0.0167151415877 0.0626306148004 0.000153634980921 0.0225299399584 -0.02014466017 -0.170066038458 0.0408338463886 -0.0516004344013 0.0826914368177 -0.0481690333281 -0.197996378775 -0.612380125246 0.0565533017629 -0.207663612979 -0.0287162079435 -0.301178504655 0.548834031853 0.102652558387 -0.00624394984756 -0.15354223052 0.223354835508 0.0375125476147 -0.0561213231493 -0.0185438793109 -0.00232823843706
-0.524320884407 -0.0875859157577 -0.170563911383 0.03532040454 0.0337797631208 0.0563186742645 0.0156418259179 -0.506763925471 -0.130721221459 0.0712505771678 -0.0258575199336 0.0523899697415 0.0135218926003 -0.163129758735 -0.137555636035 -0.0516908864693 -0.0758515408807 0.00103211401488 0.241475612147 0.105788754889 0.0623618400081 -0.0126026274943 -0.43686764472 0.100386332757 -0.00341120146342 -0.166302888179 0.0210389049032 -0.208322132999
-0.498903721599 0.0822596929177 0.0960082791158 -0.0726836112126 -0.0759543775059 -0.0454363891853 -0.00996267372411 -0.50642927509 -0.105327708216 0.0903267906132 0.0773390857443 0.0111553472729 -0.00476244697159 -0.105996576435 -0.205332625833 0.0797282469233 -0.0351250943477 0.0109284308462 -0.504055078592 0.300680185331 0.00835863231433 -0.000744566032251 0.165077235236 0.0511945398203 0.011737229142 0.0285693204727 0.0120361045902 0.0584459249908
-0.571129919122 0.00949726202907 -0.169985365162 0.129128342389 -0.00148131078531 0.0153227003866 0.0142083241229 -0.453193887178 0.0161999117472 0.00056387243031 0.0141536566638 -0.00988352898257 -0.0290584045247 -0.0945476046563 -0.238899489076 0.0401922316313 -0.0308600268964 -0.017844511847 -0.503641205543 0.129404743587 -0.00260057506189 0.00495114478733 -0.275195517603 0.0622867974733 0.00563434636961 0.0410324999249 -0.0087744564291 0.0137187720954
-0.524621630932 -0.0812877297967 0.17274256359 -0.0667370502693 -0.0223235630812 -0.0374937822398 -0.0155514326405 -0.471402383808 0.112146415075 -0.0354940320075 -0.0616900765305 -0.0372302638197 -0.0213921381246 -0.114146586943 -0.279359619586 0.0409843548055 -0.0427474398768 -0.00276946579109 -0.488290434994 0.256134124432 0.0128176319135 0.00412018981523 -0.172921306389 0.0676134292433 0.00543760814019 -0.0390768177696 -0.0408391845393 0.0593395341649
-0.127386024476 -1.56936437728e-05 -0.000254603546817 8.92337874149e-05 0.000465155928323 0.00214866019301 0.00035957242783 -0.126762349028 -0.000220702207456 8.59851654454e-05 0.000410406465123 0.00189654092729 0.000376575556715 -0.541669499729 -0.00362687384855 -0.0176562627207 -0.0149206910787 0.000735258292463 -0.497898848258 0.00376405724376 0.00441819671647 -0.000352850369272 -0.506237482537 0.0243777566195 -0.000493079800216 -0.372868086273 -0.00127815320532 -0.172918969756
-0.559154705068 -0.0509458814502 -0.0633210980841 0.00962206836995 0.0167206284936 0.00967902862001 0.00482083833138 -0.604660791931 -0.0682962015336 0.017243963055 0.031524330295 0.0433410836612 0.0187255244031 -0.214494294626 -0.159300282667 -0.0478726462752 -0.0489673558097 -0.00437703516067 -0.363861898622 0.176918363765 0.02433117305 0.00498263133772 -0.142593961356 0.119016287777 -0.0253307251041 -0.0459263990437 0.0351382335043 -0.166022777638
-0.49513887055 0.00943857568143 -0.0135241346189 -0.0464704952997 -0.0259192843184 0.0182740823685 0.00184847430473 -0.547333151241 -0.0605753430339 0.0888860784529 0.00431916474261 0.00390784956919 0.00778473178955 -0.0725232422571 -0.129426406849 -0.00168281445748 -0.0133228097983 0.00545678783497 -0.571385888458 0.1264610036 -0.00809591406838 -0.00431956508703 -0.26472959563 0.0288738237911 -0.0028422514224 0.0660835609009 0.00846567077725 0.00412778726219
-0.391502892724 0.0258976914634 0.0525310733291 0.0035925685283 0.00747372706537 -0.0290385372849 -0.0143295016631 -0.361496427576 -0.0350649930804 0.0186398127231 -0.0175241531784 0.00994548747589 0.00442586737902 -0.100527838228 -0.0879448188147 -0.0346808171978 -0.0452844127902 -0.00160532204861 -0.52200998927 0.0619477733095 -0.00336914715336 -0.00268786298108 -0.641123636413 0.004328611668 -0.00564584952702 -0.0199940424474 0.0166008532304 -0.016838153591
-0.346097681537 -0.0175705076115 -0.0380804960078 0.0147083772054 0.0036661081254 0.0284302952623 0.00933615374775 -0.329634487296 -0.0323940194594 0.0152219392151 0.014483506296 0.00700672984438 0.01184109071 -0.159646317787 -0.0738071065752 -0.0140488278192 -0.0508571769519 0.0050115436328 -0.479201185153 -0.0243147591429 0.00778445884739 0.00918397036467 -0.690646502381 0.00178773416807 0.00497730888144 -0.0575539959669 0.00937151783609 -0.149863686389
-0.55506939675 0.0148694123476 -0.0187571906611 -0.00791671352275 0.000221298460682 -0.00769427938979 0.002341481127 -0.617609478969 0.0551128266508 0.0477482323549 -0.0122546615811 -0.000428136763833 0.00666547358031 -0.184073133473 -0.0244399243634 -0.0253866960382 0.0479394933716 0.00369622834143 0.38293241021 0.0860799334433 0.0413903127444 -0.00969049817177 -0.320793861773 0.000916956290811 0.00382222111657 -0.0756222024741 -0.000921947270872 0.0480594652275
-0.600883875749 0.00302777849898 0.011830575649 -0.0469450845666 -0.00589078045341 -0.00163910160514 -0.00152595049631 -0.614547454648 0.051064941851 -0.00510593679623 0.0253785278256 0.00612174547372 0.00300768281678 -0.216826649268 -0.124249710101 0.130193520971 0.0439048216265 0.00735861626427 -0.149160356318 0.185498915349 0.0248817789597 -0.00146307961346 0.330709102809 0.0184532426286 0.0116757107846 0.0349383138943 0.0152563609851 0.0747689358615
-0.489181706696 0.0363229523542 0.0819624807065 -0.0251525187272 -0.000106322421158 -0.0087336757164 -0.00449749603403 -0.412539758822 -0.0177219210531 0.0413450283156 0.0366241196141 0.00153096679546 -0.00730501899565 -0.0518202306642 -0.178238994513 -0.0377263779303 -0.0271638363116 0.00552629194145 -0.436253552143 0.0199978677067 -0.0332433845832 -0.000606912195146 -0.586489326363 -0.00356518262033 -0.00385966803077 -0.042088476621 -0.0145418887694 0.0622602891263
-0.458625585233 -0.0130167884328 -0.0691147501694 0.022598775926 -0.019942147891 0.026380592471 0.00287411260875 -0.390729705639 -0.0115145952906 0.0109174605103 -0.0134982359683 0.00476762595619 -0.00147245292518 -0.072143781686 -0.0885944342892 -0.0190196261193 -0.0317681674704 -0.00856228399244 -0.494749865195 -0.0222249625526 -0.00307914477717 0.00368764288552 -0.60344703171 -0.00068928782857 2.95286710652e-05 0.0763541704569 0.00442042413153 -0.0135789786944
-0.570417073961 0.0321512866996 0.063110494801 0.0368898857358 0.0277110756143 -0.0125775919596 0.0147626031262 -0.603018034401 -0.103149761078 -0.00542141777615 0.0150507955113 -0.0154668333551 0.00237710730052 -0.15660955466 -0.102966536275 0.0251403890377 0.0533944090469 -0.00770535288825 -0.174746410144 0.0518018006642 0.0307876711148 -0.0083950563033 -0.426087503487 0.0408185038729 -0.00133650350491 -0.184066533224 0.0126941536394 0.0464989821716
-0.635379900444 0.0112542729021 -0.00181112937598 0.0155095536946 0.0307375281307 0.0361035361073 -0.0102426753768 -0.616741593236 -0.0201609734388 0.0151686643522 -0.0275920110157 -0.00778170462325 -0.0128055424585 -0.220609384796 -0.137411295974 0.0748391843397 0.0883202758263 -0.000702073390751 -0.219615376558 0.196488382766 0.0269228696979 -0.00200660183063 0.115576060026 0.0819064134916 -0.00872748505887 -0.111940437033 -0.018727890554 0.10016173485
-0.488834658919 -0.028765710606 0.0642080376521 -0.0209217168257 0.0251015687015 -0.03445194244 -0.00104006962521 -0.434776558955 0.0250344188811 -0.0424995410965 0.00208765992177 0.00859761409944 0.00759982350019 -0.040973095069 -0.164104013877 -0.0577344578611 -0.0267064300037 0.0134080539497 -0.358531205325 -0.0177862059913 -0.0256556767009 -0.0090073851962 -0.627223213976 0.00641378663269 -0.000153281960627 0.0558328443204 -0.021809832862 0.0525021287035
-0.601937463951 0.0258147743878 -0.0807563699322 0.0221034736125 0.0314836464852 0.0477518258344 0.00267003872621 -0.503941723954 0.01563491349 -0.0145350018698 -0.00460556118874 -0.0158068651815 0.00100321439509 -0.107003742276 -0.12857347131 -0.00837477012775 -0.0635730694048 0.000594159553596 -0.541085892757 0.0608994163088 0.00645729262808 0.00691161948722 -0.189656494371 0.036526518896 0.00735469689414 0.0291151267744 -0.0101192549161 -0.071119806802
-0.618886977828 0.0179169264691 -0.030947092374 0.00799896979685 -0.0303415868113 -0.0402117900672 -0.00433005096199 -0.638721169265 0.0853837147533 -0.0108509369534 -0.0262350139948 0.00869599772385 -0.0106004557034 -0.123207971201 -0.187293146387 0.0725251361595 0.0344904908093 -0.0102878311274 -0.341776595366 0.127228461393 -0.00286097562023 0.00740145347432 0.0235575485449 0.0601025679081 0.00891916230098 -0.00511614503886 -0.0217241407149 0.0470130951955
-0.535978074536 -0.0519522351995 0.0531374616236 -0.0124903921016 -0.0184430671046 0.00896909668897 -0.00467248984103 -0.600582915245 0.0980798171883 -0.0296652316753 -0.00828790491567 -0.00324217802353 -0.0069298288901 -0.108170859327 -0.188365956238 -0.00918740194215 -0.0138736083554 -0.0150739783858 -0.33109450149 0.0996701011774 0.00268393289515 0.00694644142143 -0.401184900287 0.0134062167326 -0.00494121310373 -0.0553004875617 -0.0280666793224 0.0545932734096
-0.35998358522 -0.0179153215779 0.0404289397893 -0.0133436922597 0.00850302421862 -0.0264955032869 -0.00488238703837 -0.348095230903 0.0289955342894 -0.0137272177596 0.00489866209275 -0.0198595821535 -0.00835629433378 -0.204279528695 -0.119596587707 0.000969983521901 -0.0507229544531 0.00305618141065 -0.460583308183 -0.0247712725502 0.0102178847358 -0.00101415068482 -0.676432054414 0.00139743816522 0.00305954684717 -0.0973874511814 -0.028509472892 -0.0738316655032