-0.00936667069902 -0.0052371745658 -0.00113882359997 0.0539503407352 0.149290547573 -0.0100396363534 0.060387958583 -0.095670093711 -0.368172983512 0.370385176419 0.0204939096592 0.0976425250669 -0.0451114983167 -0.212027368058 -0.111572758143 0.276649590205 -0.662320152217 0.0668129105886 -0.0597875556154 -0.015178484556 -0.180951541962 -0.0466407395363 -0.038079904967 0.184341500554 -0.000799715783384 -0.159129032835 -0.0221139861852 -0.00457817709917
-0.493135784466 -0.0696747502745 -0.0998088326554 -0.0769291962103 0.152245459444 0.10928772011 0.00968653507006 -0.398950902771 -0.048311090427 -0.0584071802648 0.111320355436 0.0231424432695 0.00589838962587 -0.229502426744 0.132368404087 -0.0043572307658 -0.128662335069 0.0145062263415 -0.575210363692 0.220601640249 -0.0719646350739 0.013556484233 -0.174737056315 0.0201728692232 -0.00399215086296 -0.113798398298 -0.0024078436917 -0.0849343405411
-0.461991436967 0.0738365230912 0.0752995109798 0.0844517112547 -0.139276083616 -0.0981026687612 -0.00746861174206 -0.399778121897 -0.0381553664118 -0.0608116606599 0.127819659298 0.0312374498218 0.00458373836587 -0.173830816279 0.0861698319473 -0.0414413091947 -0.119931899435 0.0143842797767 -0.653164645895 0.115091570925 -0.0471551891825 0.00976814664503 -0.217976822328 0.0379427423263 -0.0309467317455 -0.10206472418 0.00976344812785 -0.0189173042348
-0.68703294018 0.0195823594127 -0.171663428017 0.0636304238967 0.229541003828 0.0609762304164 0.00878144552148 -0.561984638388 0.0388805638951 0.146602956331 -0.0684845914146 -0.00795970080151 -0.0205893185641 -0.0228667041676 -0.0525878529922 0.169920623022 -0.109459351347 0.00770325273734 0.202654677989 0.000380735761591 -0.0342119548241 -0.0140293882447 0.0699557714777 0.00993467884672 0.0166453190823 0.0321439377384 -0.0176308612967 0.0184518097717
-0.686481434123 -0.043393964996 0.183436706532 -0.0565431417267 -0.208431091874 -0.0446370282462 0.0206324930125 -0.582844880735 0.0805539500116 0.139155536441 -0.0614937566058 -0.0219304992262 -0.031796540152 0.0367635842437 -0.0618991176518 0.107891596602 -0.123050847116 0.0140362974178 0.154417769783 -0.0809265986322 -0.0192817603115 -0.0183170814981 0.00552927560069 0.0426718490198 0.000568686934049 0.026760641769 -0.00654299684564 0.0862750568574
-0.236243923866 -0.00366027007132 -0.00614351775999 -0.011554949042 -0.0028400273396 0.016948726713 0.0117620738159 -0.234685647832 -0.00501599607043 -0.00981094412541 -0.00363381698866 0.0136361331033 0.00848317985038 -0.506131370171 0.0963376115385 0.110278242968 -0.0359155586552 9.51565913091e-05 -0.4707073969 0.174280122942 -0.0416294999034 0.000381879911028 -0.524709920087 -0.0246824163709 -0.00148955677311 -0.222035306519 0.00355002629377 -0.174020330369
-0.564379273613 -0.0531705817641 -0.0287906503988 -0.019720941581 0.0490501800568 0.0213159914968 0.00467102621869 -0.665418139105 -0.0487328207271 -0.11652564856 0.109125016297 0.0312064578352 0.00223311310089 -0.0578828319004 0.0895129109407 0.02469181938 -0.0827585074847 0.0211333331498 -0.357568625789 0.199482951966 -0.0343335073486 0.00608593734443 -0.109340324899 -0.00332671309045 -0.000292263471492 0.0518224153106 0.000471870713789 -0.0119324455145
-0.512696306767 0.0480655088486 0.0219194031574 0.0712876889836 -0.0270331019888 -0.00785349588487 0.000994353878263 -0.679738390728 -0.0531840473034 -0.0612135432086 0.144976210091 0.0495208561047 0.00562844015837 -0.0216306474697 0.0574192124361 0.00523981314684 -0.0770591576518 0.0172504858943 -0.435534533632 0.114226215239 -0.014566402018 -0.00668249641892 -0.149423232257 -0.000432004699476 -0.0132742256432 0.0179633425078 0.0187335903674 -0.0124185738338
-0.355973889314 0.0127989868805 0.022329822528 0.00728316024755 -0.00729354520665 -0.0256461190982 -0.0206315065716 -0.354519839432 -0.0204721778678 -0.00715365967419 0.00960584587545 0.0216035041189 0.0224942572659 -0.240532526919 0.0340802462355 0.0012583391027 -0.0821474848139 -0.00726303868422 -0.588698344951 0.00336477142829 -0.028498945506 -0.0120034986938 -0.510261497334 -0.0142910124354 -0.016389933507 -0.223486381244 0.0351097177866 -0.13725596935
-0.38178058833 -0.00419281330444 -0.00996765794892 -0.0464340855026 -0.0191839317258 0.0365852950179 0.0164111011992 -0.336749364708 -0.00991631495184 0.00189159682107 0.00432665377253 0.00618692151916 0.00780820296494 -0.429023631913 0.10541712436 0.161001193828 -0.0665024967864 0.00296529349476 -0.35700667528 0.242768719289 -0.0595349024775 0.00836256784479 -0.542091167939 -0.0276075129157 0.00716693647331 -0.125749031699 -0.00475448788264 -0.101643110479
-0.598611652527 -0.0191203252556 0.0419204578423 0.00359157330294 0.0814509919048 -0.000800542197409 -0.0041056804883 -0.551004901561 -0.0154482592862 -0.0362959387039 0.0475703918574 -0.0226369359513 -0.00784103049258 -0.170464480266 0.0545530285924 0.0971571689756 0.00807415143325 0.00554528618732 -0.454635933751 0.145348171504 -0.00123492827367 0.013887773679 -0.134167196091 -0.0478021197146 -0.00616169897825 -0.176754805053 -0.00569696047907 0.060784096555
-0.569417769814 0.000149470886317 -0.0253432354798 0.0619924798537 -0.00769099083934 -0.0432069711941 -0.00197085422614 -0.566688394027 0.0208194407528 -0.0486355836161 0.0569539711582 -0.0322728703572 -0.00363725524729 -0.337031145175 0.046079564825 -0.00230371182377 0.0191102945552 0.00453729156221 -0.378214971047 0.143614503042 -0.0380230407314 0.0210331024698 -0.208965258501 -0.0214063386761 -0.0259983206748 -0.112016535612 -0.000452446030233 0.0458502636962
-0.500512668614 -0.00188745086369 0.0576412967675 0.0214667766956 -0.0617376906566 -0.0527546812739 -0.0178396889775 -0.408909842603 -0.00010990029724 -0.000941765391705 -0.00203289575746 -0.000720669218053 -0.00737894145008 -0.0961684397114 0.116343338984 -0.0336191905536 -0.0860057283589 0.0149391793361 -0.640339597416 0.0826783413151 -0.0359343598535 -0.00162852120917 -0.329967220616 -0.0040072505138 -0.00470552753119 -0.111996264269 -0.00753231950025 0.0174525660076
-0.615403348043 -0.0495743131504 -0.0691196374104 -0.018540542435 -0.0573496816394 0.0407083306987 0.00975872590248 -0.490446173575 -0.0462816519268 0.0104441295809 -0.00239778043288 0.0116910823852 -0.0108779684935 -0.105803713005 0.0899313919811 0.176544539953 -0.0644221150476 0.00806271399699 -0.439500460898 0.222269926665 -0.0469467552396 0.00304498369273 -0.253809035697 -0.00900458575744 0.0029082807536 -0.0173466036032 0.00104419236287 -0.0368168885147
-0.614825481263 -0.041243676977 0.0178388973176 -0.0443474914254 0.0860938795504 -0.025245288194 0.00665778514301 -0.556305952083 0.0311649413244 -0.00216952537499 0.0332834829853 -0.0122952115267 0.00770056521755 -0.0230340713354 0.0719461061738 0.134705961338 -0.0409416874275 0.011123199949 -0.497040355738 -0.0581833620957 0.0278195842871 -0.0086484293313 -0.116294661624 -0.0387902678566 0.00791533631445 0.0468300302014 -0.0208793885191 0.0590164041915
-0.65295955044 -0.0233584461735 0.018089747035 0.0718409312625 0.0450236889395 0.00848705408054 -0.00972104834996 -0.639857397796 0.0377092165278 0.0415600366922 0.0128133009581 -0.0135113388074 -0.00011226388171 0.00358249798548 0.0406278003365 0.182496341896 -0.0295316676107 0.000647537664415 -0.258214174711 -0.110142337764 0.0396915201306 -0.00329230792867 -0.17126835259 -0.00365583575566 0.0158255414661 0.0367084929934 0.00221457620435 0.0729423885772
-0.645568923551 0.0259894883691 0.0763235909465 0.102343822408 -0.0252695978952 -0.0500174579033 0.00222349955907 -0.489528712671 -0.013549758622 -0.0146733756764 0.00831303943805 0.00707037356021 -0.00887332717213 -0.0585591946221 0.14606805492 0.106586785319 -0.0900257407335 0.0217993520207 -0.517969757214 0.044547755148 -0.0206390244697 0.0106000438781 -0.0559226302458 0.024787909805 0.00261681833092 -0.00751155373761 0.0119155740975 0.0584571924937
-0.590224527446 0.062411425039 -0.0629217220904 0.0318343145666 -0.0508111567984 0.0299389870262 0.000800995375633 -0.584190599458 0.0421090920021 0.0369872148482 0.0554591256241 -0.0197515087837 0.00326002103521 -0.150446922088 -0.0177926977548 0.259718026372 -0.0945860037609 0.00325907157095 -0.171943201977 0.168412900235 -0.00780311889034 -0.0146298673521 -0.350498689344 -0.0120751238752 0.00434309906263 -0.061264476402 -0.0175838793937 -0.0821698227308
-0.601287664789 0.0143217233955 0.0254620228804 0.014361773437 0.021232550807 0.00829078353344 0.00279130668236 -0.716956663506 0.0218574498606 0.0276763897749 -0.117568450021 -0.00905522401901 -0.0102520118622 -0.0379014858432 -0.0744634633684 0.102524020958 -0.00518857968615 -0.0056225972732 0.263296794387 -0.0820623456863 -0.0596375485634 -0.000214827135898 -0.0597926688861 0.0362319011818 0.00986689764494 0.0244222864169 0.00216919449646 0.0695161961066
-0.557336324783 0.019958615647 -0.00712672965879 -0.00868534847084 0.0112010905062 0.00230138735356 0.0102635358734 -0.749650418466 0.0556474280353 0.00478921947507 -0.162250970625 -0.00893735214017 -0.00144806775309 0.0243603128657 -0.0821426995648 0.0529715565558 -0.0346311580759 -0.00899334450251 0.233082177191 -0.120293264383 -0.0267104539785 -0.00830044984611 -0.109770635764 0.0303417906805 0.0122745043355 0.0264653911512 -0.0115235350659 0.0463857534124
-0.65002545671 -0.0390786465841 0.0686544264403 -0.0308692620628 -0.0281795229412 -0.0490031447205 -0.00784843216041 -0.638216304636 0.0681940555676 0.0478553169508 0.00230115644999 -0.0341916616498 -0.003135475602 -0.135188741786 -0.0498266960286 0.113559178682 -0.12043283373 -0.00207727295807 -0.0971104052472 0.0215428830617 -0.00205633926699 -0.000529500443969 -0.299737786221 0.0308995025527 -0.00630663669619 -0.0468967434838 -0.0193340204932 -0.00997098464902