-0.00482996655733 -0.00644527436085 -0.0169909430132 -0.0381650114371 -0.0288418796587 -0.0478645634044 0.00912371095831 -0.0274712439894 -0.0876485987016 -0.164248744928 -0.0100118679138 0.0236329248777 -0.0212658964593 -0.0267251020957 -0.0959661755083 -0.0244807969364 -0.111101812066 -0.0241675441729 -0.437133705933 0.751576006612 0.0958043974086 0.00023414580697 -0.402354972215 0.0834938801128 0.00198028556419 -0.031421793382 0.00485899856673 -0.000958875262202
-0.410320498487 -0.0288539698786 -0.0626888157194 0.0445754499065 -0.030172892599 0.0326099319052 0.0160457481197 -0.443884340724 -0.108316973602 0.0398267581199 0.0459224866987 0.0522014680203 0.0160541018077 -0.167629695915 -0.0707475673964 -0.0257765978505 -0.0945215326124 -0.0015210229567 -0.600449403765 0.0828631103379 0.0731351570092 -0.00424334334202 -0.416182945963 0.0458482164701 0.00287250731978 0.0950291153274 0.0115930909491 -0.0851512066776
-0.512763597452 0.0423425560567 0.129275213166 -0.0603122182684 -0.0313028790674 -0.0641964893526 -0.0124623387418 -0.468876912313 -0.116730717399 -0.0145146650337 0.00872144052032 0.0234948671822 0.00894127533119 -0.150502390328 -0.0686885560217 -0.0499540786841 -0.0610234430634 -0.0200170690728 -0.308192016354 0.454425016362 0.0915967615666 -0.00349538508406 -0.335945189127 0.089137556638 0.00611145147018 -0.101593951519 0.0151741819506 -0.0038759937982
-0.549068023384 0.0388244519615 -0.137143493812 0.00368640664122 0.0151998074305 0.0490327800485 -0.00409942918083 -0.565035904428 0.0854043569702 -0.110212741316 0.0338137269348 -0.0740446010309 -0.01847180541 -0.230924702885 -0.0541460846487 -0.0286845814759 -0.0858858713683 0.0118983607348 -0.0464474621061 0.502941295626 0.0751085969774 -0.00304950994125 0.0525438128558 0.0352156053842 -0.00710873395519 0.0103518754794 -0.00284224674367 0.0186018093776
-0.459606240069 -0.0633823821607 0.169436540046 0.00550669669637 0.0229958779042 -0.0133911284103 0.0093145229836 -0.385928281393 0.0899480086314 -0.0405834704441 -0.0164292259641 -0.00432565081367 -0.0322065830692 0.094793053276 -0.0618522856048 -0.0159886020735 -0.0142331073905 -0.0147177470542 -0.346173674032 0.360022082901 -0.0826964171193 0.00330611442488 -0.526890683109 0.0191983565723 0.00841124782812 -0.211896082262 -0.0118030757706 0.0482311792316
-0.120075320772 0 0 0 0 0 0 -0.12039167499 0 0 0 0 0 -0.543430837409 0 0 0 0 -0.430772385593 0 0 0 -0.441150609694 0 0 -0.517266659161 0 -0.167413206128
-0.455672061361 -0.0136240061038 -0.0442930464727 0.0239979792924 0.0193457250729 0.0356229221578 0.00750408338399 -0.438132002119 -0.0171869051838 0.013440861721 0.000538571907962 0.0197077598713 0.0024834969218 -0.532989351007 -0.100920043192 0.15098281132 -0.0900787616793 0.00653456055742 -0.347892712648 -0.0465261598637 0.0528517502195 -0.00986209135661 -0.334113569819 -0.0765605550821 -0.00716954711503 -0.0655941543833 0.000810724723226 -0.148194577692
-0.433320028225 0.00120721739564 0.0355047566212 0.00183115642444 -0.0096465434855 0.0113308581474 0.00340190098556 -0.459525314701 -0.00650342256788 0.0337557552045 0.00590224020645 0.0428825895449 -0.00301642417745 -0.607608566093 -0.102432414764 -0.0663385826812 -0.0509554316249 0.00573768755019 -0.292963685048 0.225280230295 0.0601782268201 -0.00583637817 -0.212004782266 0.0606635251218 0.00297761298253 -0.130231473119 0.00543202990164 0.0627485934711
-0.314795638836 0.00397370934817 0.0220581566422 -0.00438480455785 0.00193630838216 -0.0273129164865 -0.0099042360269 -0.310183127048 -0.00864466748425 0.00328538417926 0.0027701238772 0.0162697016106 -0.00212174949203 -0.639234703431 -0.0821279681961 -0.0144116050881 -0.0342149081863 -0.0037069520713 -0.227745087082 0.137488467152 0.0791790346602 -0.00375321200663 -0.491080711871 0.0491267987794 -0.00790625836733 -0.231211604808 -0.000407137748405 -0.1097757252
-0.608542747841 -0.0441724564287 -0.0642991657188 0.0101810423018 0.0305905222705 0.0360492729874 0.0110958486561 -0.562938152592 -0.0579171171324 0.0185515607279 -0.0157236701318 0.0134532385785 -0.00379179808565 -0.0678615283005 -0.031544852742 -0.109877970521 -0.0542669754338 0.00564450884567 -0.31720829077 0.113378807836 0.0399779473852 -0.00391347983024 -0.352499245043 0.078561136527 -0.00330907574399 0.170034949301 0.00467805899396 -0.070538105647
-0.551607011617 -0.0105764319836 -0.0243294136236 -0.0244918010362 -0.0235144349362 -0.00268380413427 -0.00115821215512 -0.559439463474 -0.0424073104024 0.00959038708522 -0.0157197776304 -0.00263677501342 0.00114924759112 0.0235491259487 -0.0284158572722 0.0213180271363 -0.0333160517483 0.00268016057771 -0.505110494761 0.165058092804 0.0140658858621 -0.00463485006247 -0.245175456641 0.0315912726652 0.00350473720398 0.136028016552 0.00781562931815 0.116303942627
-0.58803174479 0.00490586577973 0.052276635829 -0.0247258606021 -0.00168319886725 -0.0106432519082 0.00264984252046 -0.711767023651 -0.0625875704696 -0.0521025637235 -0.056836358946 -0.0107808542942 0.00830837484368 0.110514528867 -0.0148007327482 0.00064759873616 -0.00653156693083 -0.00449032822925 0.00900697455477 0.282969328184 0.0281820416662 -0.00421650917939 -0.0125097079517 0.035463885141 -0.00103512782711 0.143028574875 0.00574865213923 0.136753191882
-0.123612687391 -7.19584680653e-06 2.61927815834e-05 9.12524951284e-05 0.000110416070472 -0.000507879319868 -0.000714298884488 -0.123942540838 3.04345348009e-05 6.45486076601e-05 0.000136664156706 -0.000573222220705 -0.000970347794672 -0.558658485416 -0.000365272441473 0.00092672664959 -0.00261550274903 -4.91208444192e-05 -0.43776490541 -0.00175326573335 -0.000631651798502 7.42693017156e-05 -0.450823569647 -0.00488041975254 -0.000286271752916 -0.489412209961 0.000921000868834 -0.151050938914
-0.651894991093 0.00529074076467 -0.073312031584 0.0284009221445 0.0175234800147 0.0396475113833 0.00375046885837 -0.604726019121 0.0468900825599 0.00879517869513 0.0422465742303 -0.012970441254 -0.00573819450488 -0.1485625407 -0.0249245606378 -0.047731471991 -0.0585935183503 -0.00084510594318 -0.122527372796 0.37295432367 0.0195714367189 0.00686671969653 -0.0826369450661 0.0331456701562 -0.0133026159849 0.0765459037576 -0.00574509130461 -0.00599868916089
-0.634621955906 0.00323371490509 -0.0663495749647 -0.0164496168203 0.00586715856285 -0.00650408230405 0.00526813700636 -0.667494921417 0.0122447989432 -0.03615480515 0.077384710538 -0.00212885338177 0.00390662563515 0.0229552827121 -0.0254955940336 -0.0015328759247 -0.0186090094339 0.0124298858642 0.0687375846613 0.243167565589 0.0675942958239 -0.00833466031199 0.201434904111 -0.00331748249021 -0.00874903478578 0.121262017165 -0.00334994447731 0.117895097074
-0.60317171185 0.0112666773924 0.0974074113514 -0.0465466850974 0.054006762493 0.015120719765 -0.000583179887084 -0.477168542376 -0.015116904188 -0.0150340003823 0.0148531307151 0.00279670397814 -0.0119463276534 0.0291485173565 -0.0698322810005 -0.0172138559378 0.0432522666498 0.00833053514336 -0.453023137061 0.130089382413 -0.0076585528494 0.00157459913633 -0.380845461924 0.0466413080515 0.00253790973077 -0.0168447568546 -0.00437244947283 0.122621163688
-0.336611589058 0.0207795554135 0.0502760059613 0.021361295593 0.0140595264476 0.000763740819634 -0.0042621891591 -0.34663164036 -0.0519009414811 -0.0337406761217 -0.00756489001784 0.00707152059223 0.00912800823666 -0.693600156217 0.0696353519951 0.052027737694 0.00446213905066 0.0016262840996 -0.194472181627 0.215943789166 -0.0782678852227 -0.00256370991584 -0.337197250086 -0.00752945625104 0.00497103604402 -0.247513971443 0.0323742148373 -0.0595510533319
-0.372877088397 0.0120218137912 -0.0634429792308 -0.0309781423653 -0.0086966050914 0.00303437953469 -0.00181128494551 -0.353460067956 0.0319222960313 0.0161630545841 -0.00576048072893 -0.0111977945948 -0.00169326196568 -0.696911030666 0.0709717581193 0.0549002060052 0.00338108901451 -0.000116952488037 -0.17222015608 0.222357578109 -0.0727640702005 -0.00733820052902 -0.320359315686 -0.0159443040691 -0.000782291549208 -0.214921652065 -0.00471528231394 -0.0455255717846
-0.602299643575 0.0468652846773 -0.0633743574845 0.000865412936548 0.0207664754866 0.0297406418788 -0.0189143101855 -0.629459059144 0.0871419065573 0.00919919982311 -0.0461852797209 -0.0132435185019 -0.00533498540368 -0.186322868101 -0.0428726924956 0.00265684419369 -0.0646050570065 0.0130010056483 -0.142477190839 0.355346273024 -3.85837065425e-05 -0.0117382780288 -0.0320052351889 0.0571292421204 0.00927562862326 -0.172228097466 -0.0062973926714 -0.0377525984636
-0.529489205793 -0.0513703751259 0.0440669346215 -0.00532928048522 0.00139949590654 -0.00674937236434 0.0094860866386 -0.635589145032 0.112479900111 0.0119878651947 0.00267840880712 -0.00687550522269 0.0138590346584 0.0141257306298 -0.0560356808731 -0.0201650455755 -0.0225892522256 0.0274970566282 -0.262688107382 0.258332475537 -0.0520956669955 -0.0134912900561 -0.341454387959 0.00741702184946 0.0018480557274 -0.188001925543 -0.0429187579337 0.0198362020495
-0.365217822685 -0.0180010304901 0.0684196746262 0.0139391738149 0.0138728812349 0.0163892863238 0.00662815769497 -0.368901805421 0.0657261925719 0.0217535323377 0.0122132040242 0.0108013942414 -0.00843901652552 -0.709885328844 0.0684440579903 0.0589326910535 0.00603023900821 0.00236717040709 -0.166347811843 0.199931990008 -0.071224818451 0.00272794025217 -0.291336072366 -0.0186682667885 0.000383751325345 -0.221402140232 -0.0139579227148 -0.0197968295017