-0.06724419085 0.0296011365019 0.324776073626 0.174373349117 -0.144435612443 0.0151691480212 -0.00638450572391 -0.0312836614791 -0.159006380734 -0.122465965418 -0.113842339506 0.0115285421947 -0.0506005164928 -0.274656611245 0.160311928233 0.64510521079 -0.122676696448 -0.0598164947818 -0.114709182659 0.118355339367 0.367884805082 -0.047086834834 -0.2231156963 0.144679803219 -0.0480149506132 -0.0787535299858 0.0277326057029 -0.00585922868164
-0.59614118386 -0.0428401199683 -0.150782442777 -0.0338109129206 -0.0350879622948 -0.0340561203924 -0.0100148664423 -0.571689211143 -0.0774266449577 -0.0587459073752 -0.0665712026358 -0.0365346463615 -0.00486507206223 -0.134324992903 0.0835814049255 0.23816087968 -0.0379937985095 0.0122883664303 -0.402664268441 -0.0237388800783 0.134746393796 0.00338123208052 -0.0734302615159 0.0677268292048 -0.00374236036884 -0.00279893553537 0.00964184064468 -0.00615779883552
-0.628756167504 0.0737123475971 0.20270955888 -0.0315316990732 0.140863211019 0.0204544930699 -0.0123347319416 -0.49710419125 -0.0455434084894 -0.115073211991 -0.0648979895768 -0.0167355465902 0.0165741580364 -0.22758528445 0.0196200979393 0.346702795654 -0.0790022490408 -0.0180428912662 0.0510380377111 0.150827514248 0.0804372812598 -0.0321089402758 -0.16982948515 0.0809994037975 -0.0178246845467 -0.146246087573 0.00334138853902 -0.0247824256501
-0.564966819204 0.010678117659 -0.147540495738 -0.0749165497582 -0.143285753266 -0.0503107918689 0.00545826198409 -0.453161263322 0.0521208569864 -0.023219311725 -0.0358788604261 0.0379675164249 -0.0334052317038 -0.151366513076 0.101754854152 0.0945302580113 -0.0204688796492 -0.0406130282449 -0.571015629704 -0.0847809668934 0.117282276812 -0.00330390927702 -0.12585697709 0.0223689941794 -0.0152361943549 -0.0973570869058 0.0102750870842 -0.018193588096
-0.645324120291 -0.0281225770334 0.240188908858 0.0241418327309 0.0280002845104 0.0439507872996 0.016562382045 -0.539385872963 0.0670255517092 0.0265702516593 -0.0422757585313 0.0293919725391 -0.0642267325886 -0.2159341064 0.0670208254025 0.284207553774 0.00075383675684 -0.0290669868972 -0.00768149584889 -0.0261377405566 0.0404313706353 -0.00765596813883 -0.223329646616 0.0216039517464 -0.0248126424706 -0.174370456016 0.0217550841313 0.0397435584577
-0.648280208143 -0.0708216269048 -0.0965589294709 -0.00751605733245 0.0156510936312 -0.0360968914256 0.00361689664789 -0.70160981284 -0.0624236881156 -0.054819219877 -0.0703109310287 -0.0132739823151 -0.0145923299713 -0.0186719901416 0.0213433637066 0.138306630297 -0.0454864205458 0.0105887387557 -0.131636641934 0.0211388762125 0.0905814589186 0.000538303758346 0.0122757273394 0.0270885157373 -0.0033910172348 0.101345716514 -0.00213285359579 -0.00437012697676
-0.643370593829 0.0198674328714 0.00599924121707 -0.000596427313499 0.0233956470681 0.0096307085341 0.00377097410768 -0.713659647694 -0.0594985018402 0.00347287039412 -0.0697567911376 -0.0218842745977 0.00117234808363 -0.103884425367 0.0505798131997 0.127236086806 5.43484036512e-06 0.00146584681305 -0.159528667845 -0.00888945495158 0.0380075526355 -0.00318339539682 -0.030814816825 0.0854150502962 0.00704099246337 -0.0439302248612 -0.00553633750618 0.000629363051304
-0.554844085622 0.024928354021 0.0624490064873 -0.0169097826098 -0.0185506588637 0.0207350022107 0.00633034980541 -0.727717609271 -0.0675992377784 -0.0429598196059 -0.0833199430198 -0.00836505033136 0.00305069263942 -0.169387236136 0.0935161416916 0.209331475195 -0.0840121219976 0.00426706395196 0.0819246725065 0.0986804211983 0.103789714912 -0.0162855381136 -0.149032384192 0.0655523289534 0.00600885445826 -0.0312591975739 -0.00289803236821 0.0129392456546
-0.601258680088 0.00905834770769 0.0458857530494 0.00645277956182 0.0277665459751 0.0132691390439 -0.00385993237165 -0.609831761449 -0.0364593636918 -0.0326791316185 0.0070621076069 -0.0339601720111 -0.00335538516041 -0.40147330485 -0.0505757323756 -0.0266698430612 -0.105046060437 -0.0063417179366 0.133700372851 0.110732270377 0.0159501740442 -0.03161083977 -0.22748504194 0.0305906445343 -0.000484454451367 0.0063698981465 -0.00608839878009 -0.0105527416552
-0.744026025672 0.0122622101352 -0.124549967518 -0.041064215162 -0.0334443271519 -0.0427509919918 -0.00864610541136 -0.553972623478 -0.00128932799315 0.0223779098221 0.0132333172654 -0.00373207239742 0.00506382672189 -0.0358606461409 0.0598954825337 0.125305146326 -0.0264947275798 0.000937400845132 -0.289829154232 -0.0285446431939 0.0882344453508 0.00487903012831 -0.0418301234742 0.00942007165359 -0.0114911241464 0.0477887735648 0.0159837888222 -0.0063163957445
-0.457223033734 0.0114327301133 0.0631882517508 -0.00227965608348 0.0162024415368 0.0240241322521 0.000414230042172 -0.444470841489 -0.030382483526 0.0203550956508 0.00465451805996 -0.0288925360484 0.00460432751574 -0.348587287185 -0.0174810935791 -0.00162825037324 0.043074371464 0.00330895165299 -0.501827752431 -0.161772781297 -0.0131594704035 0.00398982048471 -0.206209512263 0.00416606378137 -0.00251001561644 -0.376347134094 0.0113183302839 -0.00442704166916
-0.482255357353 0.0197174142589 0.0212664975609 -0.0758502557828 -0.0612156275657 -0.0547903961701 0.00311958904783 -0.442733654042 -0.0223219376107 0.0308644461367 0.0368576189121 0.000284128356785 0.00413971314395 -0.458751906513 -0.0184688644343 0.0385891318269 0.0336214683162 -0.00566574187629 -0.270854129513 -0.0586114391162 -0.00111846173721 0.00321299846364 -0.264931590425 0.0102147656945 0.00193340486394 -0.441133319114 -0.000280816006477 0.00929201579094
-0.599168846738 0.0147777419835 0.110471908427 0.019764810759 0.0258450919691 0.00647813325384 -0.0110746354783 -0.5057557837 0.0104844645631 -0.0137534203256 -0.0345428820704 0.00367625339202 0.0129685526785 -0.277009586449 -0.0064944757114 0.277574712323 -0.0581782300306 -0.0241236996965 -0.277161057184 0.0672616170453 0.0368458514943 -0.0242310595281 -0.286470551813 0.0480588724256 -0.0202602040991 -0.177681378918 0.032411730072 -0.106786836097
-0.785217074554 -0.0348468642713 -0.116483695615 -0.0282873363782 -0.102059504979 -0.0306839412023 0.000767972650329 -0.536250326852 -0.0178734592612 0.0067371321687 -0.0157199498702 -0.00390694712059 0.00775064492674 -0.0346850645818 0.0826941621563 0.0691314673179 -0.0248917020688 -0.00748659462701 -0.188583972236 -0.00671422248356 0.0650892664738 -0.00901344858113 -0.0971086665709 0.0679320305796 -0.00701678743119 -0.0231034932375 0.00236558018341 0.013593151715
-0.295436883584 0.00806475870606 0.0563283807066 -0.00256230698815 0.0063549808442 -0.00238163496904 0.007563416516 -0.297872610758 -0.0546587413687 -0.0361599566627 -0.00684461697922 0.00240213637431 0.00385661610583 -0.483815115783 0.0285162397198 0.0166619780965 0.0125954787472 0.000931722025878 -0.456098429086 -0.162436992573 -0.00530258205635 -6.57202596224e-05 -0.176513654818 -0.00271349407182 0.00239862945593 -0.561491482922 -0.000158458261653 -0.00828472358004
-0.500176324622 0.00189039383298 0.0516885263378 0.00861025707592 -0.062180008405 -0.0103743629696 0.00139937867252 -0.473148135742 -0.00371117610925 0.0094089219681 0.00604011327662 0.0351692681615 0.000776009916028 -0.472073630029 0.0369428058073 0.0502973436673 0.0619534629313 -0.00309423740476 0.173654003677 -0.0116173265949 0.020922876876 -0.00876827790176 -0.148495990984 0.034743634883 -0.00422741466007 -0.482776584178 0.00188403545587 0.00993996464563
-0.723302888084 0.0915820077206 0.131156850848 0.0169187267611 0.047630849645 0.0197332682483 -0.00583022906702 -0.555074824175 -0.0587517189742 0.0167681387669 -0.0276765224927 0.0121788221567 -0.00517897970259 -0.138148053133 0.0128334283542 0.220858262386 -0.0121788427551 0.00206644740708 -0.144171870097 0.0420874834133 0.00361568773895 -0.00574206499834 -0.15134289216 0.057285367285 -0.00521171906021 -0.135108622689 0.0150608673769 -0.00223386977947
-0.637647539624 0.0606854346505 -0.0877770499777 -0.0696570085872 -0.0577382633801 -0.0363394206386 -0.00138671253537 -0.623879752427 0.0981194210323 -0.012087474985 -0.0525970724931 0.0198454604503 -0.0207033091072 -0.0246910537584 0.0307875939317 0.0115532605165 -0.0349157431761 -0.0439706321853 -0.374407784859 -0.0683008877832 0.0842679557978 0.00445581173897 -0.081347089983 -0.0296008552958 -0.00877583870993 0.0561832182041 0.0146393920421 -0.0465756811316
-0.539046280287 -0.0130731725128 0.0269933160082 -0.0387324517429 -0.0175757530946 0.00735970885587 0.00202652402962 -0.593000374154 0.0833856451639 0.00570589920187 -0.0301171602274 0.0458193278063 -0.02529091624 -0.209027577425 0.0449212572582 0.0504630014371 0.0168882720662 -0.0365865176024 -0.51181794192 -0.0953262663281 0.0506312144053 -0.00271325267612 -0.0854078040833 -0.018950936998 -0.0171289841241 -0.113064232491 0.00790456844287 -0.00956859357532
-0.60174047499 -0.00532604231456 0.0421342463064 -0.00629262279595 -0.0594782168323 0.000736229404485 -0.00394805068693 -0.667513064919 0.0906602858427 0.0115584184497 0.0348561568921 0.0355768074626 -0.0413808652164 -0.190341286899 0.0198940680578 0.131227472104 0.00765736294561 -0.0540182583814 -0.271790062063 -0.0733316564477 0.0463077180737 0.00256421555535 -0.155358379973 -0.0305892402691 -0.0269992889537 -0.0987610370119 0.0229109718638 -0.00953997511102
-0.655938786209 -0.0800682938011 0.0670551637693 0.0633433571776 0.0508100085186 0.0181726730344 0.0166524098055 -0.660876558603 0.105967286295 0.016419271664 0.00452409364909 0.0216161561145 -0.0221788760364 -0.0578700462012 0.0827326420992 0.114828771427 -0.0245941002846 -0.0132066152883 -0.240157566228 -0.0312226397112 0.0312597883642 0.00509292715761 -0.108913575995 -0.000179159556702 -0.026040827152 0.0485362994179 0.00602382912458 0.0604542385849