-0.00326637960087 -0.00841624659171 -0.0627612225997 -0.0195986411075 -0.017765421261 0.0271426387957 0.0157727642756 -0.0637821259776 -0.291558008221 0.113073104226 -0.00970293877041 -0.0514061470595 -0.0163874336723 -0.099561628771 -0.272681981002 0.054470298052 0.0701896796623 0.0153298099582 -0.355698088137 0.747448072234 0.0612938354179 -0.0302696204923 -0.303621858216 -0.10729078966 -0.0338079698002 -0.0127540888916 -0.0463199081896 -0.00331845696914
-0.413238426593 -0.0312724469499 -0.0981802344662 0.0335749166282 -0.00115606475509 0.0203564201864 0.0144020586186 -0.417387737617 -0.0961327661068 0.00953609363229 -0.0441440646237 0.0211801649057 -0.0227298282393 -0.0175623186264 -0.138835812152 0.101714368365 0.00616903407122 0.0169294474384 -0.525095986709 0.486372012442 0.00943821606484 -0.0340886178857 -0.282029176477 -0.0131981188279 -0.00768636049552 0.0387658353861 -0.0325817393482 -0.0654242135741
-0.410973983401 0.0159758231221 0.0611741799288 -0.0308614688995 0.0246389932063 -0.0189978320764 0.00762031042362 -0.417542314145 -0.0607559483052 -0.0147324565125 -0.0383835878276 0.0321730172091 0.00822443422915 0.0540629894773 -0.133426390247 0.104226795635 0.00170813668835 -0.00115236039993 -0.538771359331 0.536095609249 0.0290492160809 -0.032228845251 -0.174560064786 0.00930733013968 -0.0025265494202 0.0505848879139 0.00201846991841 0.00477246551773
-0.612411394328 -0.00767577757347 0.0417546054956 0.157781991378 0.106820680576 -0.00321800366106 -0.0045606248335 -0.533323995316 -0.0834592561081 -0.0245173387906 0.0625153092 -0.00977632224781 0.000974263126826 -0.340888419087 -0.120447653999 -0.136109894147 0.0567364956932 0.00637446353361 0.0902084987032 0.190734905273 0.0595879132116 0.00233837150526 -0.180717223205 -0.152182430623 -0.00634973792581 -0.182820919306 -0.0243889000649 0.0189397120952
-0.604254147525 0.029188675364 -0.00924475882845 -0.138867572025 -0.0873518205409 0.0498038762439 0.0139507874823 -0.563257808746 -0.061528928336 0.00172206021116 0.0824022450493 -0.047146831344 -0.00485249007403 -0.173226913502 -0.15588434937 -0.0641430149828 0.0675716773336 0.000736239876042 -0.196967358672 0.303849019662 0.0193488367522 -0.00282064142451 -0.264777552725 -0.0725277431603 -0.0184385454916 -0.0465625728792 -0.0215536999832 0.0378710647802
-0.552670452515 -0.0765929694522 -0.0442844732895 -0.0348886354839 -0.0349958008947 0.0216845453275 0.00480306102384 -0.592970251937 -0.0535833333454 -0.0221101527714 -0.0691546146133 -0.00295375937458 -0.00493075046192 0.0079037473535 -0.0230516647927 0.122755884221 -0.0549723917718 0.00192449755237 -0.411639425592 0.29362784077 0.00627899395261 -0.0308724554862 -0.191106801468 0.00693171774802 -7.08398244853e-06 0.0456551193543 -0.0195889319808 -0.0980818747306
-0.486285726556 -0.02365999024 -0.0290924400048 0.0231526360417 -0.0312689174277 -0.00728811640757 -0.000867485521314 -0.718428384459 0.00956135799464 -0.0236458255758 -0.154716608663 -0.0165273239472 -0.0142550241715 -0.0999687056567 -0.113856028397 0.0538336985085 0.0169315397557 0.0215454593763 -0.28912405272 0.27992113413 -0.00830619475823 -0.0378104503715 -0.156476753732 -0.00103443577024 -0.0162607517314 -0.00298335841136 -0.0388408014543 -0.0550259693751
-0.486899241125 -0.0205811094837 0.0118197026265 0.0179135167646 -0.0277653010353 0.000169372883474 -0.000438232869533 -0.693661830417 -0.0154200378777 -0.0657656971838 -0.0936003453024 0.00383784789897 0.00444836234517 -0.0691504539673 -0.104644762247 0.129105976818 0.0241965002012 0.0206494991305 -0.339453955408 0.326694958191 0.00398979008283 -0.0307483008338 -0.0876839059641 0.00119675601363 -0.00572611374931 -0.0296937877023 -0.0259924463837 -0.0337063821555
-0.558954507679 0.0679863057585 0.0338999800568 0.0299660095126 0.0533544236471 -0.0104665277303 -0.00692738632197 -0.564383261371 -0.0185956662501 -0.0382363500081 -0.0597447706131 -0.0209966293655 0.0247336928739 0.142353930999 -0.0356063314176 0.0834113845774 -0.0369131333553 -0.0102278974679 -0.450938444227 0.317593233486 0.00933778305021 0.00431285743071 -0.122803457715 0.0117955680868 0.0321409832283 0.026829677268 0.0160427861861 -0.0378691947078
-0.541897290316 0.000404470166713 0.0231914540762 -0.00934198327419 0.00364018550379 0.00673570439625 0.00102631226257 -0.550090526002 -0.00224702704906 -0.00910021697933 0.0448506045434 0.0142320340848 0.000416034759254 -0.145459875074 -0.182734765772 0.00520944379856 0.0310014375493 0.0114672969957 -0.383770451532 0.370720138948 0.0348734560515 -0.00716352611596 -0.236876575857 -0.0184099455928 0.00621016251571 0.0160348810198 -0.0354803082809 -0.033252026351
-0.456977594584 -0.0163877347094 -0.00540868142508 0.0121798138994 0.0399915342797 0.00113921085875 -0.000645352874411 -0.502870355432 0.0487693335596 0.033389780804 0.0607689342043 0.0248383497413 -0.00583738185432 -0.202041448 -0.0620694888473 0.0159858114463 0.105852771126 0.00321174907496 -0.527817345645 0.276884228043 0.0108197605002 -0.0077827669284 -0.341562775407 -0.00393233881593 -0.0045927917798 -0.00541691373204 0.00136257667157 -0.00989393408988
-0.489636001589 0.0382277802962 0.00427993500725 -0.0447673751528 -0.027113546849 0.00591005706124 0.00957411173323 -0.544818877424 0.0329572294436 0.0737518937192 0.0431974707876 0.0251904542032 -0.00853460749863 -0.174878309307 -0.101231623606 -0.0165572366439 0.0970987482615 0.00134082337275 -0.442459914986 0.35418475136 0.0298017238763 -0.0142378921729 -0.271202258335 0.0204045240141 0.00175019359821 0.0558061035894 0.00674346038221 0.00343304572816
-0.596727668054 -0.00597310213727 -0.0352728983701 0.0306188350597 0.0432046300917 -0.00946668221939 -0.0102231875222 -0.551111831067 -0.0215404458019 0.00320995487544 -0.00625121192972 0.00572921048827 0.00854233211081 -0.0736207966938 -0.17022796586 -0.0105291597895 -0.000663228017459 0.000976021567043 -0.366366836791 0.357783275848 0.0429220226371 -0.00224606603339 -0.184243913176 0.0128290063056 -0.00113586113812 0.0135123805293 -0.00443166148428 0.0488866122655
-0.564970097398 0.0255152914872 0.0407716902109 0.0491988258679 0.0522233517575 -0.0319696684495 -0.00066362299117 -0.522292813631 -0.00387535910328 -0.0218209669904 -0.0331426627325 -0.00435914354733 0.00472867628514 -0.174651680747 -0.224924289374 -0.0267330322918 -0.0218625879979 0.00700281770866 -0.365785897409 0.327287204403 -0.0148439457973 -0.00636287679658 -0.243157176325 -0.0618783352864 -0.00129301039749 -0.102860411063 -0.0154085286752 0.0248554266691
-0.588104875218 -0.0422842619468 0.0573791008414 0.0423334991303 -0.00738066079978 0.0430931895109 -0.00490342693774 -0.582877263034 0.00331732221925 0.0253427466073 -0.0549400647482 0.0379797773587 0.0132040617266 -0.406501895789 -0.0414663933344 -0.0395213857761 0.0451959661818 -0.00397399900634 0.205332512438 0.00310695114838 0.0408829697594 0.00158014060626 -0.193993093825 -0.171907973877 0.000141213547368 -0.132938937784 -0.024912706602 0.019558126387
-0.644035305821 0.0141507727322 -0.0402294979202 -0.0561697170611 0.0513156244669 0.0186568569282 -0.0116817307829 -0.658430426368 -0.0462165659646 0.011840104465 -0.0991866578294 0.00960014164256 -0.00799964983068 -0.190331076278 -0.0299926444925 -0.00416985585133 0.0563012486603 -0.000455874971412 0.0764093645279 0.0442759014539 0.0162129763233 0.00252627870523 -0.259707978542 -0.114408390804 -0.00123307348108 -0.0456849910363 -0.0169966931802 -0.00548887668502
-0.585705198398 0.0165371162462 -0.0595620838624 -0.0143512377468 0.00729576028651 -0.00155096568471 0.0113889720836 -0.570871258499 0.035436413712 0.00507973484395 0.0204319777761 0.00567624429806 -0.00322111010836 -0.00442076850217 -0.151533658191 0.0212298894995 0.0149276012136 0.00280526654488 -0.351337088254 0.343032362379 0.0360679089852 -0.00753327027099 -0.212030515762 0.00546525050886 -0.0113262161939 0.092013399807 -0.0104037542029 0.0726746825081
-0.555733310563 -0.0533517957392 -0.0355553029928 0.00412136177239 0.040722010992 -0.0415819596837 -0.00534330739813 -0.590788912938 -0.0196830722357 0.0395304353977 0.0623518037066 -0.0193673696724 0.00864995975272 -0.127359384309 -0.148668803127 -0.00528880223968 0.032835114083 -0.00207352200074 -0.384321806991 0.342906159048 0.0127795720567 -0.00191658037363 -0.148748019214 -0.0182760651015 -0.0067849886898 -0.0294547312025 0.0034963509409 -0.00487711759806
-0.521069908067 0.0106391108396 0.0217058331425 -0.00147104056804 -0.0163635176448 0.0211606626692 0.0026503142338 -0.572945701478 -0.0270093464855 -0.0116547624921 0.125297173112 0.0265319459056 -0.00828676187842 -0.24906875483 -0.0531477864294 -3.04358920437e-05 0.068949441209 0.00333357388842 -0.302741347671 0.0887969929128 -0.0129627090271 0.00899434310109 -0.375328765881 -0.115335456942 -0.00243676841099 -0.24000337456 -0.0186877104484 -0.00556870534762
-0.427226049517 0.0206752001705 -0.038087934889 0.0105565546456 -0.0491588911581 0.0093623919738 0.00213612237844 -0.457537770423 -0.011059170117 -0.0201551620151 0.119386747778 0.0221934293964 -0.0093589235759 -0.182685054947 -0.0459470320505 0.0572794764214 0.0421102603956 -0.0117701502145 -0.556360890088 0.0894773507151 -0.0681297380674 0.0023915328629 -0.402502635908 -0.0458830929031 -0.0100391252015 -0.246354773566 -0.00319418926653 -0.0221990152011
-0.536434043132 0.00924122857071 0.0361855347289 0.00897736087612 0.000980308821017 0.0259976669307 -0.00352877959769 -0.565084581793 -0.0129954797321 0.0343163742599 0.0439637378915 -0.0264080529127 -0.00139934414143 -0.117762522718 -0.130679673501 -0.0111997382329 0.021516308787 0.00734906822637 -0.444291288485 0.341074500896 -0.00381845719143 0.00894026278815 -0.189696712157 -0.0149584474492 -0.00516283357423 -0.0671658693806 -0.0109202358662 0.0223649345128