-0.0367603898571 0.0338306615678 -0.122546975132 0.251129365634 0.227640683606 0.0784259433738 -0.0158134718145 -0.0569577053167 -0.0134556637114 -0.434365900475 -0.0465939669618 -0.0473471666647 -0.0441373503995 -0.170061681027 0.262012130214 0.542403588219 -0.459565081896 0.0354791650114 -0.0964039765987 -0.154573710507 0.0356521138075 0.0141012874209 -0.106548844029 -0.074524025611 0.020124099987 -0.0684047494732 -0.043090449799 -0.00191740966579
-0.604140425734 -0.0759753036356 -0.173772581916 -0.0243851121085 -0.0152820992179 0.0802407719815 -0.00550445752624 -0.602464391875 -0.130967921594 -0.0655988852894 -0.103908067522 0.0604329864816 -0.00721378777365 -0.137369902397 0.0432413831136 0.138173320386 -0.123740157766 0.0122786205583 -0.290101817233 -0.0246649051187 -0.01321150746 0.0004582588699 -0.223818370754 -0.0143957992131 0.0139002716638 -0.0222989925955 -0.00578838547481 -0.0395638281238
-0.430673545329 0.0311835803393 0.112404715009 0.00230982345248 -0.00410823303617 -0.0709157598256 0.00336343533138 -0.41858870684 -0.0589117335939 -0.0721918293511 -0.0716131111585 0.0476414842991 -0.0081320458456 -0.0846217444772 -0.0302155954939 0.0956288962953 -0.0333075503878 0.00198726563553 -0.674407768153 0.133109848884 0.00860965487264 0.00158070246892 -0.333925453235 0.0162579843067 0.00642365756599 -0.0114571114745 0.00283222996959 0.0397948405925
-0.60418377835 0.0422252410014 -0.122142445839 -0.12318567521 0.0382437460177 0.0590833686804 -0.00164254600528 -0.636403756484 0.1622071197 -0.0173016937704 0.115564290649 -0.0747495563596 -0.000726098629469 -0.0480882126919 0.0886140157769 0.117620301707 -0.0830079059094 0.00722722027239 0.245344459158 -0.0894010517492 0.0086404285815 0.00481689393794 0.210035489768 -0.0216672428322 0.00500949811431 -0.0364522698264 -0.0288545450012 -0.0396089980493
-0.724851727643 -0.0641814700233 0.193270275917 0.117167308782 0.0869995169129 -0.12373028624 -0.00263656515382 -0.591239619985 0.070400379814 -0.0230626424087 0.0750150140924 -0.0665883665232 -0.0160197328142 -0.00792827817932 0.0276040776253 0.0967872247548 -0.0858887364329 0.00734910697845 -0.0947261381155 0.000734632011519 0.0231155983749 0.00479298493218 -0.0363288304363 -0.0256509723662 -0.00926801030871 -0.0389607962081 -0.00951173143119 0.0175314989017
-0.228540323614 -0.00118912035124 -0.010990615025 -0.000124875780507 0.0064696603238 0.0113596016149 0.00340271830691 -0.228464455148 -0.00493814218226 0.00254360642116 0.0207340797659 0.0110661396472 -0.000527640944984 -0.396018647107 -0.00359145405313 0.0335849944512 -0.0391994179791 -0.000241692851356 -0.627497893908 -0.0128955138392 -0.0011371515798 -9.1880866521e-07 -0.515744299078 -0.00118859425461 -0.000580189135996 -0.26731527375 0.00281082379491 -0.0616146520652
-0.457916866157 -0.0333133132224 -0.0390342625989 0.0112765025125 -0.0198723516221 0.00976926410397 0.00188594034892 -0.499309157475 -0.0465786574176 0.00879188268444 -0.0828155276053 0.0224403939983 -0.00253324427157 -0.0527052172779 -0.0501836446152 0.0730479720668 -0.0538756433698 0.00961514783466 -0.566355835926 -0.0169876801398 0.00897125687295 0.000708898960495 -0.435960071167 0.00745228987154 0.00439382744173 0.0530801166963 0.00100565467538 -0.0205525646498
-0.617319958588 0.015278499115 -0.0181737358203 0.0532391655782 0.0478365104201 -0.0071765043451 -0.00334299091229 -0.620132989525 -0.0421189900318 -0.0459103621773 -0.0230777499277 0.028390483629 -0.00859381859227 -0.0513883690954 -0.0348678756198 0.0846448735381 0.00661930548107 0.0037673150865 -0.371641252793 0.142634940858 -0.010598798504 0.00601548855228 -0.223592706823 0.0336455892292 0.00102005103278 0.0259782546668 0.00129289900678 0.0425994429682
-0.457761492243 0.0347919790186 0.0602147218389 -0.0253201146571 -0.023786212275 -0.041209103341 0.00567525398542 -0.439172428683 -0.0386572271484 0.0288548205668 0.00756380322016 0.038527626318 -0.000384586097391 -0.281508451352 -0.0839881437559 0.0666064163985 -0.069801373717 0.00658126439121 -0.639720388368 0.0974307153346 0.0279576000448 -0.000776065967126 -0.235152666659 0.0423389033902 0.00788775926112 -0.113370355302 0.0127406331146 -0.0245525415978
-0.676451642903 -0.0286207502434 -0.0942241890434 -0.0266097126125 -0.0158740570076 0.0477941093367 -0.0012030499347 -0.590058026459 -0.00466349117606 0.0094262568258 -0.051451573888 0.00774345433028 -0.00790661305558 -0.0499083866869 0.0489739165268 0.0802529928234 -0.0566393118432 0.00476811873134 -0.3814378077 0.087419128125 0.00782248874984 -0.00600987709992 0.0926321485403 -0.0107499702065 0.0150741044881 0.0153584355871 -0.00765559025207 -0.0375291182978
-0.648910980535 -0.00441965760473 0.00897322534525 -0.00084541584204 -0.0283583216702 0.0171860311414 -0.000589845167812 -0.663275388939 -0.0265870808372 0.0166325817214 -0.0496585550272 -0.00622663002692 0.000977536319738 -0.096414423693 -0.0030926560741 0.0472380176731 -0.0112581015124 -0.00241350237707 0.0558882293777 -0.149591351135 -0.00475969573579 -0.00139772556099 -0.301572971093 0.00658873794103 0.000149933930726 -0.0029557296833 -0.000701097791024 0.0780801852229
-0.589669149333 0.00656624858974 -0.00899933070624 0.0647956745659 0.0233402279107 -0.00587214532092 -0.00521074433582 -0.576484566428 -0.00637146493509 -0.0276179851001 -0.0131495070381 0.00128675338813 -0.00244227254695 -0.0244287305389 0.0259531321111 0.0477486081434 0.0374465452658 -0.00574049336059 -0.512995367581 0.0512663788835 -0.00843988754972 -0.000218906897761 -0.193229831281 0.000685297156377 0.0105455994828 0.0426707435877 0.00732204938137 0.062208540208
-0.45682586653 -0.00172470097146 0.0376511635678 -0.018171097617 -0.00250316585504 -0.0382563326992 0.00348708973228 -0.436782418709 -0.00668383459745 -0.0555987827149 -0.0168444115133 -0.00845595951155 -0.00518849964885 -0.092059031465 0.0119711461294 0.0898640847483 -0.0327841261257 -0.00159893282318 -0.681909021938 -0.0204110145245 0.00417805690903 0.00183920200464 -0.327818424049 -0.010004105734 -0.00667413030486 -0.0451328630544 -0.00611998809097 0.0297997268598
-0.663217460365 0.0186482396256 -0.0806877233044 -0.035960180364 0.00202845359106 0.0278238548676 -0.00764197681245 -0.611876324034 0.0125901851274 -0.0194764785494 0.042063778696 -0.00556847422286 -0.000127539344796 0.0558127747203 0.0458846194399 0.0680199030222 -0.0259859844583 0.00868922877688 -0.280284970338 0.103444308077 -0.00049941900585 0.0110921699942 0.270212483591 -0.0144780863809 -0.00119443219276 0.0246400545088 -0.0203778572171 -0.0139216900604
-0.698965456269 0.0260949319436 -0.0182258275404 -0.0035031737512 -0.0666657252066 -0.00915652990338 0.0105381978812 -0.677313207134 -0.0247964295077 0.00457974576649 0.0436127348201 0.0287136215227 0.00431248603252 -0.0159902532216 -0.012595486255 0.0314179565263 0.0251844074704 -0.00139108418733 0.124087472006 -0.0470723121706 0.0188120851838 -0.00308385296614 0.134878279692 0.0107937048827 0.00746466825765 0.0228947421335 -0.0115217666537 0.0679168916216
-0.69393039817 0.0132602631087 0.0168150176151 -0.00110785009483 0.0666912538392 0.00248555490233 -0.00550765410963 -0.657880741693 -0.0551125700933 -0.0172308414648 -0.00331973133513 0.0119915697777 -0.00601674367825 -0.0109435313132 -0.00140693393207 0.0273154531987 0.0488338993791 0.00453014235443 -0.0491701375355 0.104537658279 0.0370983891881 0.00523880850335 0.218830931981 0.00669764018005 -0.00704041531443 0.0850740174915 0.00760689068767 0.0623266470637
-0.50739926458 0.0101467019296 0.0719391679135 -0.00540292975123 0.0611520306429 -0.0357379065426 0.00137194367393 -0.40598407509 -0.0186897170922 0.0140492956683 0.00537801160527 -0.0128787374354 0.000100463852886 0.00825868182738 0.0187093035681 0.0310094647315 -0.0429250106307 0.00722838744105 -0.64627642294 -0.0415548311434 -0.0121650150243 0.00224037460856 -0.376229472126 -0.0145700389426 -0.00153188358733 -0.0440229394289 -0.00974163524248 -0.00561801359726
-0.239466123839 0.0014247054173 -0.0067079607811 -0.00103044957323 0.00243205237512 0.0176651551386 0.000277409102665 -0.236742052523 0.00311825644113 0.00537071487326 -0.00286952928888 -0.007591768783 0.000281812752084 -0.40555272053 0.0550810894091 0.00614825924973 -0.0470416489693 0.000716480371029 -0.348329183359 -0.0864463250383 -0.0136059268013 -0.000667944949286 -0.746211025471 -0.000167310265457 -0.000412107924737 -0.157250338631 -0.00197380978189 -0.0763278655113
-0.46693436331 0.0493117724887 -0.0181216592507 -0.0299302872406 -0.00668763871754 -0.023212362395 -0.00648326710092 -0.598778995653 0.0876758150063 0.0640142240782 0.0593062393002 -0.0259012625681 -0.00119712161458 -0.205036208647 0.104458247684 0.0661269534573 -0.039361519378 0.00194500198872 0.146565513945 -0.19709669019 0.0199804734037 -0.000267645360181 -0.530974378264 0.00512720920532 0.00213175264454 -0.030666602867 -0.0184271486819 -0.0181780132158
-0.593921363625 -0.0375635257627 0.0074501830797 0.0581430740324 -0.0418761318839 -0.00686034694482 -0.00582718497852 -0.696628418452 0.107121409373 0.0593101839199 0.0608224190063 -0.0313334976607 -0.00724183365381 -0.0150859124486 0.0142146130306 0.0627305441947 -0.033883788585 -0.00463532938954 0.11328603708 -0.132279228366 0.00438198027489 0.000151765550613 -0.308860436442 0.0194051851912 -0.00181233627629 -0.0531054675484 -0.0148632198416 0.0292808966303
-0.342537240659 -0.0271211520014 0.0601386876452 -0.013024845982 0.0227580005681 -0.0337403920266 0.000770487495493 -0.306829029361 0.0312515889986 0.00519049138441 0.0265112441367 -0.0150352799194 -0.00246642019807 -0.209524430165 -0.0116612764953 0.103541467494 -0.0654568520676 0.00315151290768 -0.650187114131 -0.0236648238996 0.00611622041775 0.000904931849339 -0.524849607348 -0.0174330416822 -0.000216717904716 -0.146059017127 -0.00366844445356 -0.0299275501193