-0.0250993438663 0.0155778558139 -0.124607517884 -0.0248304398313 -0.180622076776 -0.0872064081206 0.0437809476733 -0.119807182612 -0.319523872103 0.278391846276 0.271488697143 0.0785736274468 -0.170650728273 -0.131523520188 0.142991344884 0.261121862033 -0.320872162647 -0.0495337314085 -0.192148233364 0.546637891196 -0.191145196715 0.0014201310217 -0.209398841756 -0.0638272684245 -0.00484671431263 -0.070158841942 0.0346981977379 -0.0140979858256
-0.664532716411 -0.0357194899483 -0.21449718132 -0.0702992724539 -0.0832230425977 0.0931719679055 0.0168281872364 -0.50109514989 -0.0925942214367 0.0223160224677 0.0465333228914 0.0191048431005 0.0206397582628 -0.184839714638 0.0978883635633 0.0295448675529 -0.136910264844 0.00605757950874 -0.0631944311861 0.233978112688 -0.0811337239093 -0.0133932123733 -0.22441622939 -0.0647733339479 -0.00309531445522 0.00650905760162 0.0146206525781 -0.20839273419
-0.588315050548 0.0793502343113 0.106174000627 0.0904972268333 0.122386965625 -0.0579974678446 0.00827575612849 -0.538271867572 -0.22406283396 0.0457904097369 -0.0354541711925 0.00934959437597 0.0120839830473 -0.334651499824 0.0630686353501 0.232034534647 -0.0703559392749 0.033650194545 0.194287910605 0.132078879762 -0.0596704984062 0.00393327799542 0.0597184840049 -0.028758225564 0.0226942983959 -0.153410175371 0.0502132061398 -0.0237251981228
-0.471861164195 0.0154017005615 -0.122123851008 0.012958999531 0.0472208014971 -0.0156632383875 -0.0121534768924 -0.438273709542 0.0333271667675 0.0136832182287 -0.0493484764493 0.01433273511 -0.0443634809357 0.0370963911934 0.0209571579344 -0.0389075039245 -0.0670243099123 -0.0371194015133 -0.507983744975 -0.079047571339 -0.0183915023892 -0.000824997439053 -0.516426719422 -0.0158686370891 0.0114360479196 0.143040473577 0.00187056149901 0.00606711892054
-0.351830338983 -0.0887637619491 0.120133443094 0.00559841191685 0.0640053514819 -0.0155858587085 0.00258586998487 -0.415409359819 0.153254248596 0.00355982903785 0.104008144121 -0.00919729570509 -0.0389870685688 -0.0711963507281 -0.00791718281927 0.00276730062689 -0.0458005125908 -0.02005185063 -0.750739538625 -0.0934773080443 -0.00381529311498 0.00154166731355 -0.152316930749 0.0163814067187 -0.0190080049461 -0.179911553698 -0.00779013805442 0.0691173381907
-0.131274250089 0 0 0 0 0 0 -0.131276891917 0 0 0 0 0 -0.623231979549 -3.3873049164e-16 1.13271154382e-15 0 0 -0.260022122204 -2.27906509615e-17 0 0 -0.369506497902 0 0 -0.581501491608 0 -0.186614061127
-0.746154062005 -0.0442691813945 -0.0658552772016 -0.0391298197413 -0.0750439647692 0.0311261514506 0.00098910943525 -0.592703710987 -0.0560766310949 0.00106712163794 0.00210805906554 0.00898899914765 -0.00263526195051 -0.0623506249379 0.0787312416244 0.0302293557754 -0.0737368908343 0.0207767650871 0.0942038958566 0.177268181959 -0.0469275201446 -0.00150682934808 -0.0478460311572 -0.0254981315391 0.000364040810672 0.101809014366 0.00232655764053 -0.0400947218419
-0.558089272757 0.0564208071124 -0.00810226491395 0.011381213883 0.061751434759 -0.0162690678523 0.00513833796417 -0.63788889969 -0.0727133444627 -0.0688288169529 0.00525779500297 0.0185433041568 -0.00333737952251 -0.430665626861 0.184888816987 0.102237555468 -0.0315609498985 0.0136732073725 0.0854133588594 0.118813585067 -0.0339945326004 0.0164871117076 0.0880565959889 -0.0270803909975 0.00269599529635 0.00342356340088 0.0301557778765 0.014016835919
-0.294813466106 0.00345337343455 0.00803297440837 0.00918733649693 0.00501845933678 -0.0111215529528 -0.0149595516679 -0.294524475514 -0.008914745615 -0.00747965085778 -0.00393128210942 0.0104640429303 0.0150947175642 -0.472844358354 0.0690564684906 0.0473799156788 -0.0463314680524 -0.00537221909299 -0.279851330583 0.11144210956 -0.0173641103178 -0.0124533309289 -0.616677403365 -0.00823555400949 -0.00407295461594 -0.24330964009 0.04167231314 -0.245037549366
-0.131274249986 0 0 0 0 0 0 -0.131276891815 0 0 0 0 0 -0.623231980313 -3.38730492538e-16 2.26542309677e-15 0 0 -0.260022122002 6.15351932099e-17 0 0 -0.369506497614 0 0 -0.581501491155 0 -0.186614060981
-0.734939464563 0.000183497854399 -0.0955537301701 -0.0327838397468 -0.0570920959615 0.0273386059085 0.0193542005483 -0.623655186177 -0.0334368225691 -0.015044147489 0.0609732819217 0.00128600173186 0.0126631881065 -0.00966953735624 0.0275273263903 -0.00297780877005 -0.0369341749646 0.000809189170237 0.082912216483 0.0976436435742 -0.0404113785251 -0.0199437457287 0.0335688032503 -0.0404052433087 -0.00758630853565 0.156630343116 0.00989480071624 0.0547251523125
-0.590813365976 -0.036380531519 -0.0442210848164 0.0222107756577 -0.0290815337016 -0.052700295588 -0.00346342720064 -0.624811341788 -0.0404048524576 0.0644339220084 0.000167525470808 -0.0124314161372 0.00140355718691 -0.412347904605 -0.0684715454584 -0.00648032387467 -0.0279165604453 0.0134673894276 0.202890560462 -0.0202047535804 -0.00434025711402 -0.00939886910437 -0.0226874564035 0.0210763172921 0.00146354340359 -0.152252128523 0.00662289704906 0.0749308567882
-0.747070299995 0.0629531868534 0.10006082756 0.020214876095 0.0802880412155 -0.0213214503646 -0.0185734122529 -0.594543746798 -0.0805311190663 0.053811767301 0.00158514848067 -0.00448677381687 0.0121205411725 -0.12855987497 0.0186763891079 0.164917257623 -0.0474889445405 0.0201683124606 0.0102776057019 0.0418673794447 -0.025582512843 -0.00303964366205 0.016679964788 0.0132325967789 0.0282921922273 -0.0638424909346 0.0511889406393 -0.00390599346305
-0.36396879342 -0.0279997128508 -0.0470048074443 -0.000579503509714 -0.00063244473937 0.0199060913711 4.49632091217e-06 -0.347684541451 -0.0317740043509 -0.00442587120178 0.000547059970172 0.0174129649445 -0.00245069486556 -0.0687564291963 0.0328527487009 -0.00241363263237 -0.0494853749896 0.0181889850309 -0.0459402484352 -0.0353438989702 -0.0167665884601 -0.000516511651955 -0.844033135522 0.00120137888203 0.000148839969837 0.0569410133317 -0.00613529448966 -0.118348810065
-0.475151160631 0.0377733206499 -0.0406179245829 -0.00128773713824 0.032643061616 -0.0176073912225 0.0234775477174 -0.481651308749 0.0572672097547 -0.00334132409258 -0.029820685122 -0.0155367642722 -0.0171841167173 -0.0571094906125 0.00488587900831 -0.0283272864334 0.0110111277917 -0.0388341093379 -0.702551147899 -0.152214755026 0.00285582801144 -0.00293180147394 -0.0773589300044 -0.0144999877749 0.00985472944539 -0.0127107261298 -0.00347191639828 0.0597907546312
-0.496532515676 0.00149837515256 -0.00361897591627 0.0151809035434 -0.00504205291998 -0.0487387384713 -0.0242749578519 -0.59563658843 -0.0554517646997 0.0133286237766 0.0917387494376 -0.013035773452 -0.00907678319746 -0.389627154342 -0.0121850064218 -0.0702236941215 -0.010706515439 0.000544785413063 -0.413071023175 -0.0770524803406 -0.00574015253689 0.000625531357202 0.0480215715931 0.0260014703923 -0.0128109678789 -0.204418343556 0.0109325801847 0.069719817773
-0.478042770432 -0.0152215894549 0.0966480222207 -0.0006010128733 0.0290288899915 0.0173939764731 0.00796969166564 -0.387562939837 0.0148545866642 -0.000874370989762 0.0244780297139 0.0152747292013 -0.0171956206512 -0.0607564765903 -0.000665549330238 0.00382391833089 -0.00612784225081 0.0306182761317 -0.706162458722 -0.0712608286411 -0.000474727354003 0.000288636822746 -0.300469094471 0.00325152309125 -0.00247870197137 -0.0588248560721 0.00411669515753 0.0832937682127
-0.27274614089 0.00704643337285 -0.0188738612833 -4.26268726828e-06 -2.36821709233e-06 0.000463112925648 -0.0107594695151 -0.291611637596 0.0262462463296 5.54015824014e-06 1.83873389785e-06 -0.0177218455906 -0.0127172136199 0.000685728962619 0.000129120891683 2.91053190083e-05 -0.0210581544643 -0.0132188126717 -0.52519919258 8.78517048141e-09 -5.43681158881e-06 -2.86216127928e-06 -0.746338498182 -1.1544718292e-06 -1.39463129465e-07 0.0730911809618 0.00763077469802 0.00333424918513
-0.269516718838 0.00408327462908 -0.00575115445352 -1.89929754919e-06 -5.54245652375e-07 -0.0055043918027 0.00988590326807 -0.28661533644 0.0292251954593 8.00375773704e-06 2.23541040297e-06 -0.00719736583275 -0.00659291828248 0.0226328684704 0.000134871370053 3.02768136303e-05 -0.0193236272444 -0.0218972308957 -0.5278436651 1.00592862903e-08 -4.93578258316e-06 -4.51995985786e-06 -0.750096449339 -1.22114376568e-06 -1.15441159462e-07 0.0366059228595 0.00442359696502 0.00984332357603
-0.283218145201 -0.054054972354 0.0423786373947 1.25754276771e-05 4.76537224092e-06 0.00259626457257 -7.27400202051e-05 -0.359356796688 0.0803896431174 1.84271035407e-05 6.14223958721e-06 -0.000423404101923 -0.003090501249 -0.0313269438944 0.000116552890184 2.610623501e-05 -0.0298973409018 -0.0275317388378 -0.505233390656 7.54835516423e-09 -7.37886873416e-06 -6.06379852728e-06 -0.717965935239 -1.68749083595e-06 -6.05348481453e-07 -0.0740737630319 -0.0146148034233 0.0195881819944
-0.270829470604 -0.0270078958405 0.0395416810961 9.94291031152e-06 3.54752224445e-06 -0.00745869217077 0.00666198500973 -0.306061873241 0.0628625355544 1.79444783126e-05 8.22350261526e-06 -0.0136867613987 0.0286271381809 -0.154613702413 8.82374329943e-05 2.29414323146e-05 -0.0553842965099 -0.00691642451453 -0.505399413219 6.72134403816e-09 -1.368682825e-05 4.32974983899e-07 -0.7182018569 -2.51704399251e-06 1.38339021509e-06 -0.157250532758 -0.0268383210251 -0.0437588934516