-0.010838178474 -0.0156587939695 -0.0167439314517 0.124890827564 0.0443301075662 -0.000232996852543 -0.008688580338 -0.0541471178606 0.158449473056 0.277284006286 -0.0817533880981 -0.0954417159503 -0.000170888159993 -0.118903742802 -0.147688472334 0.464120006032 0.0190501836173 0.0207620349241 -0.261793034524 0.653149424075 0.0593856916844 -0.023718888495 -0.323593229872 0.0691478195652 0.000829485569428 -0.0102631363727 -0.00452468229761 -0.000619062829921
-0.596956756434 -0.0408073329332 -0.144629143598 0.115951907073 -0.00448927797432 0.0809305953019 -0.0140931247708 -0.619568037137 0.0405461958604 0.162363284312 -0.207194598824 0.0382261560454 -0.00834801135068 -0.156890749761 -0.0820617773507 0.162860442526 0.0455850362467 0.0173437884723 -0.056062625323 0.254824121745 0.0459216379252 -0.0253067929854 -0.101828146537 0.00057724939879 -0.0088871911475 0.0509977970228 0.0066725410278 -0.0185250995486
-0.616240811914 0.00737479916674 0.0451441000193 -0.0906080873993 -0.115135357239 -0.0518144890239 0.0117350471094 -0.610583635503 0.00515394929172 0.143137275652 -0.136990968816 0.0509807743392 0.0182384777237 -0.102184195147 -0.0492699015766 0.105488533983 0.045166422383 0.00361209663539 -0.0962534510401 0.316089180078 0.0701742483277 -0.00805940554127 -0.189616299876 0.0379055541149 -0.00014174090909 -0.00319390823554 -0.0112251335592 0.0331231115445
-0.661232637954 0.0341684524464 -0.230078349343 0.0679417829549 -0.105129786222 0.0296619832483 -0.00185553327131 -0.512600925152 -0.0108689597102 -0.0316959279499 0.105083099139 0.0306397820758 0.0049055946608 -0.175973941496 0.019199684942 0.302669826201 -0.0145054940269 -0.00516820308428 -0.0810390249094 0.261837289566 -0.0191410617406 -0.00590214575624 -0.103275294463 0.0583966368881 0.00521431505139 -0.0564709444072 -0.0010460791427 -0.0150443262755
-0.548307807423 -0.0979183408098 0.20713100426 0.0156607657881 0.023761487574 -0.0256181074466 0.0106027439497 -0.493613994531 0.143595271385 0.0451213512094 0.0438141863493 -0.0569685051864 -0.0102571645333 0.0013838584573 -0.119153246057 0.162292758945 -0.00306537425142 0.012173019558 -0.369915212299 0.223543313077 -0.00619865906374 0.0142590938353 -0.372245967877 0.056956645705 0.0122043251614 -0.0631854750309 -0.00251946389965 -0.00165352151913
-0.543663153794 -0.0227373721119 -0.0826196787632 0.00826843219278 -0.0579829025556 0.0416210403214 0.00980441921292 -0.516650600588 0.00876826574565 0.00250624899256 -0.063267580566 0.0340811719151 -0.0165956267484 -0.323157447247 0.0457527385794 0.0498622343915 0.0427815345989 0.00659007501003 -0.373663550544 0.128282406508 0.0362604698549 -0.00301968905662 -0.362697259727 -0.0452906444648 0.00228974432485 -0.1109028924 -0.00146503208273 -0.0719839494635
-0.675128499156 -0.0388395611605 -0.0279377273241 0.0716497409374 0.0109241728008 -0.029311260533 -0.0167043743338 -0.670830609485 -0.0141649452221 0.0864128558033 -0.0495631764503 0.00492235753896 -0.000179155952891 -0.119402195453 -0.0676871728408 -0.0266097507742 0.0679326393744 0.0110648735563 -0.0700871325212 0.113278147001 -0.00164395830034 -0.00966502123071 -0.175081882869 -0.018960542434 -0.00332505502782 0.0216329052574 0.0239113217856 0.0342192814678
-0.621690164021 0.0476648746505 -0.0895344830434 -0.0559328890181 0.00144315463838 -0.00693918066347 0.00665715727666 -0.700704133089 0.0322434763375 0.103808028191 -0.120804725691 0.00314420364569 0.00680856732036 -0.170911036589 -0.0455536805143 -0.0458615456878 0.0559557239375 -0.0011458966484 -0.0247896967139 0.143194374789 0.0490469071411 0.00518066797539 -0.0542287278435 0.00901875800983 0.00067309284724 -0.139193769804 0.00515281796187 0.0063971150379
-0.634033654646 -0.0065959652524 0.00366847921774 0.0429588545643 -0.00669285510059 -0.00184584296007 0.00259093563002 -0.686255054098 0.0515866302313 0.0350478489393 -0.092100500912 -0.01999836082 0.00966330782654 -0.212605498343 -0.00355340506831 0.025340437592 0.00408054550064 0.00229582552429 -0.167345798318 0.124655682087 0.0181788336661 0.0028576604164 -0.122602048137 0.0265082140086 -0.00079443143843 -0.074618890896 -0.0101249748585 0.0326724160518
-0.620556083415 0.0102104394169 -0.0407617631674 -0.0372684134736 0.0400167800882 0.0132184994869 -0.00688380869324 -0.614643113247 0.00751646954951 0.0381464356681 0.00331773894575 -0.0217417542619 -0.00217535770979 -0.0996839738016 0.0301369130396 0.218113765331 -0.0175024928121 0.0101713648219 -0.225122551678 0.0640807423006 -0.0113540781896 -0.00368343927787 -0.336970820441 -0.00734631567431 0.00601165814064 -0.0039206604271 -0.0207809154562 -0.0479744462342
-0.671576170826 0.0516692691644 -0.00268691480366 0.109260636299 -0.0272003383794 0.0145876348855 0.000585178627462 -0.65245590663 -0.0271057706059 -0.0258325408532 -0.0675454901536 0.00807934262192 0.00929689658228 -0.0794515529602 -0.093437179589 0.132149128094 0.0511568622859 0.0036591581247 0.0563826239239 0.221760346364 0.00933023415545 -0.0167099799471 0.0586057960545 0.0494550215663 -0.00958163002412 0.0831874329364 0.0132168150207 0.0259981456407
-0.711979895404 -0.00643056574394 0.0197089572254 -0.0739301039845 -0.0749026556041 -0.0169631024071 0.00496707050485 -0.578317595523 -0.034953936255 -0.0286585100613 0.0288976109153 0.00328368764242 0.00698780118005 -0.047727600968 -0.0528025245034 0.11218036831 0.0425095503511 0.00115094295867 -0.00518447945944 0.261286729515 0.0207536462231 -0.020239726025 -0.222711597441 0.0260082490648 -0.00549679231709 0.0692508336103 -0.0063525340533 0.0117198691057
-0.597282833272 -0.0034951652652 -0.010632744627 0.000450844488744 0.000635084863052 -0.00524241622368 0.00254468139483 -0.643567636555 -0.0532145713937 0.0827201936739 0.0111402145836 0.00687284996086 -0.00950242579684 -0.0128425523289 0.0183319064452 0.212483321335 0.0112440334331 -0.00274054994668 -0.296611033112 0.117044253841 0.000861769055944 0.0025303473602 -0.265574116835 0.00107797269378 0.018454233693 0.015646745743 -0.00996228415344 0.0171441514271
-0.516896417269 0.0103580807016 -0.0848295873972 -0.0222982847671 -0.0056364075671 0.0181898625378 0.00158239155046 -0.471823451872 -0.0142885424647 0.024768032963 0.0564577992801 -0.0234851340906 0.00351448889608 -0.15714979781 0.0939791458605 0.103868989058 -0.0507309585055 -0.00615951780255 -0.410629405284 0.128924004639 0.00685969475067 -0.000347956809606 -0.492744498977 -0.0242878550177 -0.00221610666598 -0.135444144332 -0.00401493065835 -0.0591545930398
-0.710006782172 0.0316797101832 -0.0846322832743 0.042090476523 -0.0649959910238 -0.0394418017471 -0.00398651631243 -0.58263329345 0.0040051940247 -0.00768388633817 0.0356508389618 -0.0103782789632 0.00341037147258 -0.190341045256 0.00718468783855 0.15601924498 0.0559796108757 0.00732305053972 0.0727345498652 0.194684779765 -0.0673855948349 -0.0136819887421 0.0695755924273 0.0800102693732 0.00464277054685 -0.1236368511 0.00990608044202 0.0291583343847
-0.678265433758 0.0263462537798 0.0575996081534 0.0234039310792 0.0735529784728 0.0350282092308 0.00597195242755 -0.623133716891 -0.0241937016057 0.0674954417996 -0.0391695600387 -0.0229173156216 -0.0130062658251 -0.166019546446 -0.0482683868761 0.088329400297 0.135688548922 0.00207589108579 -0.0867351673622 0.173865368497 -0.0192811988372 0.0177012119508 -0.0893417658799 0.0461728742795 0.018185312275 -0.166773329424 0.0141676774646 -0.00724604471865
-0.653668074692 0.0288147057219 0.101017127611 -0.00528098589065 -0.0926189533634 -0.0498572543102 0.00114389052907 -0.553745953454 -0.012266817756 0.0645275065029 0.0437679978604 -0.0121093003527 -0.00138072506758 -0.0694943313083 -0.0820525777738 0.0466608498613 -0.0423516148175 0.00776841279635 -0.213861204244 0.0800837765486 -0.0170893631693 0.0121597514481 -0.410287048046 0.0253545411923 0.0107438555968 0.0167092072872 0.00411738639054 -0.00197376857661
-0.589690064593 -0.0470513409656 -0.115274179529 -0.0055691819535 0.0372543215839 0.021533073102 0.00549823895749 -0.588298387413 -0.0432409697151 -0.0488651845853 -0.0764449650747 0.00095911265969 0.000377021006064 -0.147292114264 0.0985832107916 0.142344810031 -0.0317650688233 -0.0116666507303 -0.264353263016 0.1459326166 0.0374620433087 0.00265712569983 -0.359456768398 0.00820496522188 -0.00358814114639 -0.0564736356988 -0.000949148643188 -0.027633556828
-0.638587627503 0.0267661319364 -0.00720436890719 0.025410665401 -0.0342657049857 -0.0508232292804 0.000451486150495 -0.690830682848 0.0474461923824 -0.0316918443659 0.0931099209689 -0.0137715617289 0.0063772360443 -0.18073178367 -0.0317354562219 0.169477848859 0.0411346611033 -0.000515487498392 0.033763314299 0.137388391596 0.00237580697907 0.00868156680995 -0.0970508233218 0.0292295506396 0.00197661609707 0.0510777439805 -0.00345529450235 0.0234818797777
-0.551106743815 -0.0231277481452 0.0237325801629 0.0309374681173 0.040928827257 0.0208186534314 -0.00221447718533 -0.600939921333 0.100112662895 0.0201726467213 0.0185566878086 -0.00531900661158 0.0159633767791 -0.129540107285 -0.0896086336431 0.0752507176974 0.0241174198359 0.0222492700105 -0.397462666934 0.175571991627 0.000585038224935 0.00646436656826 -0.313132957117 0.0123577975512 0.00956134066075 -0.0152047130739 -0.00809242327604 0.0306576870436
-0.310264978775 -0.00204515930103 0.00126374468523 -0.0115744024596 -0.0430386840654 -0.00594226814094 -0.00361257657991 -0.313392274933 0.0194206057754 -0.00833462506112 -0.00203143539305 -0.0181329784816 0.00119239444185 -0.218951475375 -0.0647684058904 -0.00128340689309 -0.0459072626248 -0.00081398136957 -0.507247919102 0.0177293680454 0.0040088784539 -0.000395250701995 -0.693030705295 0.00144986395615 -0.000240941667863 -0.0995309526652 -0.00798483568676 -0.0236671088354