-0.0262992923202 0.020426236104 0.0225370697686 0.0732832618344 0.132453976485 -0.0584438206737 0.0113025987614 -0.056033281299 -0.238005461721 -0.00361250044913 -0.0841580546621 0.0442631003816 0.0198392293475 -0.0944188230576 0.0409195958754 0.228788781291 -0.000905553454491 -0.0259945792631 -0.353785386106 0.714059243679 0.0441876346534 -0.00133578133996 -0.431666464355 -0.121508412704 0.0176410805802 -0.0152772306967 0.0208367472886 -0.0015141938317
-0.506546284507 -0.0775427327258 -0.19591927114 0.0405519571384 0.0868395079857 0.0406481729844 0.00165116217911 -0.460079513012 -0.159542266593 -0.0341299469212 0.0317307178978 0.0288687531012 0.00914219196595 -0.104737855028 0.00917564169524 0.140649822709 0.00900374200958 -0.00716448886755 -0.36664121778 0.437288640921 0.00309107331592 0.00790444993962 -0.297865525848 -0.0468902220814 0.00945100769236 -0.0113823814882 0.00629458234821 0.00939544058866
-0.354665268033 0.0482934829047 0.136187799606 0.00989574523875 0.0166853097707 -0.0298127158647 -0.00768329295814 -0.312801575868 -0.0978906924874 0.0194160992338 0.0203561144522 0.0233861664103 0.0077203445071 -0.110989243372 0.0444823027151 0.127563611224 -0.0185774182955 -0.0197074496699 -0.587591514165 0.36325435691 -0.023220324183 -0.0114669058057 -0.463196873342 -0.0184588471705 -0.0152173494955 -0.0308494886926 0.0297360533581 -0.130509419479
-0.593530948332 0.0555443213517 -0.217961143532 -0.0199907229672 0.0241197146189 0.0185485094825 -0.00630865477371 -0.563327156038 0.14936788626 -0.00907121181605 -0.108103006764 -0.016374988307 0.00845470907791 -0.200247756548 0.0339749582275 0.162079874698 0.0375775577661 -0.000536128222925 -0.00492492359584 0.386752191037 0.060872840864 -0.00156671470521 -0.0987291666076 -0.0747879842333 0.0152282518913 0.0572146861679 0.000244828815951 0.0539979445947
-0.583049338884 -0.0171215591266 0.123166668064 0.068052415553 0.100932530134 -0.0282415911973 0.00824477508366 -0.570282397447 -0.112347531918 0.0819691322372 0.0777260625033 -0.0144493224856 -1.61722561771e-05 -0.233790229876 -0.0202081617169 0.0514325472039 0.0584401481828 -0.0142779043736 -0.0693679719754 0.373560462754 0.0456286670603 5.77847638678e-06 -0.222967507286 -0.0902962994261 0.0134275776809 -0.0718459367702 0.00230624013543 0.0842960396765
-0.59887373507 -0.0671117757448 -0.0986399678318 -0.00638464617346 -0.0217689740767 0.0202954805762 0.00511836585417 -0.575954638812 -0.0758768164347 -0.0236500436154 -0.0142792814886 0.0153539197006 0.00294165610872 -0.291252522734 0.0452911763364 0.219680910682 -0.0495163508641 0.0019902897523 -0.134249540663 0.224242680696 0.0332345755497 0.00723124385099 -0.218989725611 -0.0569477404408 0.0114673599867 -0.0596929820741 0.015369664637 -0.15964046254
-0.504329509023 -0.0340020838007 -0.0285048743038 0.00287667629841 0.0263690195539 0.00043662773522 0.00373153241122 -0.676053180624 -0.159450096959 0.00193104904737 0.0642728346215 -0.0127565343205 0.00297554064806 -0.102962583625 -0.0154492260935 0.100379845355 -0.00156688715392 0.00587887822614 -0.283687197451 0.252929879672 -0.00554201128937 0.0095377482718 -0.29694199262 -0.0277829960106 0.00844684396993 -0.0213398242739 0.0182933926039 0.0291933869385
-0.540740474893 0.0560377836012 0.0783443907649 0.0160485163732 0.0202234597855 -0.0137253165964 -0.00945328459466 -0.506571026021 -0.0794522463736 0.00433504237588 0.00831718834117 0.00626968801861 0.0103485007101 -0.163631017261 0.101641266152 0.167560949175 -0.0210818604808 -0.014630937552 -0.414347795187 0.322101094514 -0.0108250403163 -0.01619492952 -0.279664839574 -0.0135375407713 -0.0175147740892 -0.0255990400403 0.0341932202007 -0.109705469716
-0.109638703362 2.45786815427e-26 -4.28663755907e-22 7.71669040291e-16 -1.96234247287e-13 0 -9.45926982432e-35 -0.109900614759 6.50832340009e-17 3.34351496396e-14 4.96550662223e-14 0 4.4729729968e-30 -0.535876193755 -1.41761490218e-12 -8.62708909699e-10 0 -8.31890238487e-14 -0.43301858754 -1.33125973663e-10 0 -3.12354100165e-25 -0.504377857743 0 -1.90362332836e-22 -0.470616020596 0 -0.159236789687
-0.70591844261 -0.0812555942705 -0.184927169618 0.0255630600663 0.0131938910726 -0.00994097397548 -0.000741668741312 -0.47912048714 -0.0597785396154 0.0191943434825 0.0189259369201 0.00462481695481 0.00583066714364 -0.101171271703 0.0286997269335 0.0793801998729 0.00611924654065 -0.00252579761295 -0.263023107465 0.336148475694 -0.0192309650747 0.00415178213147 -0.14849212249 -0.0222395836412 0.0033736235781 -0.0573138429289 -0.00138017208863 0.0151245644471
-0.377734882277 0.00225126849608 0.0380371610983 -0.0228389700157 -0.00419282323856 0.00764790732026 0.00118464939749 -0.37309916979 -0.00479272578203 0.0376613624767 0.0459258601533 0.00118747455563 -0.00176881186861 -0.14884253354 0.0104044897109 0.056588374193 0.0610657190594 -0.00724199148955 -0.598581578334 0.00178466833145 -0.00100320787395 -0.000280485428104 -0.566913149424 0.00219388588145 0.00326170162235 0.0381052818658 -0.00528163850487 0.0455103223951
-0.536924665763 0.0226902586181 0.072693490091 -0.0386384565306 -0.0402388014379 -0.0050915120855 0.00782851249428 -0.498003596067 -0.0367159323154 0.0213535128806 -0.00266200343856 0.00111726422471 0.00175790525851 -0.0528061452213 0.0099972257262 0.0735908533151 0.0331749428221 -0.00730079403589 -0.458871500747 0.243094262816 -0.0198369281488 -0.00124351399082 -0.398280409703 -0.0125202187289 -0.00569761005317 0.110416151481 0.0157864453822 0.0460660449645
-0.408633369716 0.0155554270947 0.042104214475 0.00830502843988 0.0079978205215 -0.0115408974583 -0.0168049915381 -0.407239522169 -0.0383169532387 -0.00819948302773 -0.00977819939269 0.0102280755018 0.0147297958411 -0.272979904339 0.0327431680831 0.125676212177 -0.0240807935205 -0.0333909647154 -0.493684265598 0.24032295343 -0.0312001267764 -0.0110848540471 -0.458929409559 -0.0271991861208 -0.00150408652498 -0.0983507266902 0.035014761454 -0.211533919969
-0.734151669503 0.0521439761628 -0.16513057623 0.0225373998495 0.0231281446644 0.00609576041989 -0.00198501927895 -0.583525333018 0.0486366777454 -0.0147303643752 -0.0312252244537 0.00256197013908 -0.00170015714745 -0.0942255788335 0.0360253029275 0.0945293123234 0.0188180289238 -0.000657178061066 0.00320818547391 0.211305843453 0.0378801720058 -0.00689987435485 -0.0529798315561 -0.0391131585364 0.0112623974659 0.124943189095 0.0131247622649 -0.00502926169109
-0.519987895958 -0.0134913906068 0.0271273300246 -0.0117755166712 -0.0508516619114 0.019152350452 -0.00459949939256 -0.507927506849 0.0418455040434 -0.0163198436917 -0.000941043054728 0.0103595397127 -0.00444351702352 -0.213598681041 -0.0404991950958 0.0318407344124 0.0952736776812 -0.00559030220602 -0.454460271121 0.311986312817 -0.0208758763686 0.00123148264244 -0.314987987354 -0.00684750347672 0.00726608463395 -0.0460403592374 -0.00869793318191 0.0473321219008
-0.580125222985 1.02674150614e-05 -0.0872831470111 0.00446249340882 0.0307717523369 -0.029834072395 0.00457707166343 -0.54489826843 -0.0171164793765 0.0184970912552 -0.052279150399 -0.00574827359388 0.00656024467588 -0.257316358938 -0.0052814562687 0.0460766183878 0.075756004303 -0.00581705790506 -0.28084119293 0.410012055192 -0.00631158687065 0.00528335236571 -0.16685957906 0.00478214889131 0.00910174269853 -0.0247077279915 0.00591533174775 0.0618218594756
-0.588746395004 0.0716556345716 0.122456155257 0.0100021175392 -0.0274827656094 0.00235428523762 -0.00513242836816 -0.491821904408 -0.0624005096546 0.0113025117429 0.0436696638226 -0.000692473391916 -0.00193308238168 -0.0241279315127 -0.025181379479 0.0754809998104 0.00676663784765 -0.00874845875253 -0.412176353551 0.288682531206 -0.0247898400827 -0.00612187620077 -0.348910199911 -0.0283957286804 -0.00390722122645 -0.0038003392194 0.0294731692157 0.0134481465547
-0.625611809583 0.00774199165505 -0.0807266592595 -0.00366533204314 0.0101714062341 0.0247873249731 0.0193346905695 -0.600135483319 -0.018098158807 0.0226936312557 0.0401753805078 -0.0118019151871 0.00564799883288 -0.245313747441 0.0386395379307 0.30715850325 -0.0481224314009 -0.00417146075311 0.051670204494 0.187569425009 0.0333592941109 -0.00263570581189 -0.183184539915 0.00136488773858 0.00246530854829 0.0850810793638 0.00170323988665 -0.00285459147617
-0.617951593211 0.0435522524374 -0.107177091595 -0.0199416989197 0.0262584968568 -0.00815659268411 0.000119271943413 -0.618032986742 0.089124763365 -0.00866167634784 -0.0453554958524 0.00621655794526 0.00960104387538 -0.285829746101 0.0106192826182 0.0372452919255 0.0435198585533 0.00940624412492 0.0354192716764 0.231387051335 0.0923009248625 0.00214645112322 -0.0625331943797 -0.106402462604 0.0162362194057 -0.208478874048 -0.0101529265258 0.0621751276195
-0.390855447048 -0.0147071584651 -0.0558030722289 0.00880677892288 0.0356413308509 -0.0350331411333 0.00168480265921 -0.3799790687 -0.03875118315 -0.0180421526154 0.0485639244648 0.00996575098259 0.00129129134294 -0.566494278248 -0.0136541668177 -0.027063298199 0.0464430839568 -0.00201711359807 -0.301073448853 0.145836603264 0.00151901301824 -0.00367046295839 -0.300076823826 -0.0885963580372 -0.00162141818472 -0.397258359195 -0.00150856793667 0.031835735824
-0.675105221882 -0.0345001196414 0.121037374924 -0.00741382508925 -0.0186961341401 0.0187665119591 -0.00160239950786 -0.60851700928 0.0407555600776 0.0189438181667 -0.0494139497413 0.0211356380384 -0.00337858537358 -0.0999804057961 -0.00119349225443 0.0458130534578 0.0135669647568 -0.00884285631146 0.125917647715 0.0663213608842 0.0792523140176 -0.00312234888195 -0.33106701835 -0.0248786233744 -0.0083088849083 0.0234429411689 -0.0277403269458 0.0436481966973