-0.0203408099146 0.0144422961564 -0.0559693888315 0.0233337197484 -0.177715956332 0.0762161502064 0.0191988033669 -0.0574933178074 0.0541207324945 0.252947924769 0.202245241316 0.0920326622756 -0.0220143841149 -0.198442721061 -0.455428718171 0.190715984706 -0.460232952132 -0.0113966114532 -0.22100679271 0.481613327498 -0.047215984308 -0.00377237082063 -0.163095039006 -0.138450656768 -0.00157747067931 -0.113642391553 -0.0320635583979 -0.000911317446212
-0.609034288042 -0.0322488255503 -0.107059674381 0.0522033348314 0.0763084520891 -0.0363867043083 -0.0122567135427 -0.659371962898 0.0348684104773 0.131487399562 0.093874515285 -0.114267131441 0.00370035850074 -0.127319057089 -0.0865708906296 0.0241839722968 -0.209802472431 0.000113388011666 0.139208583072 0.0113155911298 -0.030556399281 -0.0223669577105 0.0298189929364 -0.0489171141229 0.00186894329658 -0.144044944599 -0.00104881491284 -0.134575657288
-0.522396993337 0.0147034273698 0.0661534970732 -0.00648613504979 -0.027865098344 0.0757151741661 0.0108939864736 -0.611123164714 -0.0210889678586 0.0808656525896 0.174653858914 0.0119615907472 0.00197659949188 -0.0375100970879 -0.14829421267 0.148317760198 -0.158925710542 0.0039519230286 -0.15994288997 0.417604718691 0.0214349094099 0.00135598028138 -0.17505327117 -0.0167817979864 -0.0133083779628 -0.0424931068259 -0.00882720162877 0.0253059905555
-0.538096490053 0.0134972373578 0.00223573235927 0.106342071883 0.00982410438773 -0.0315842457941 -0.00952890063678 -0.538172461125 2.59284807077e-05 -0.0492914106671 -0.0777538056404 0.0279626551141 -0.0111792823741 -0.137456502072 -0.307612475342 0.0598043918246 -0.182957665967 -0.00459768765012 -0.464502472309 0.123006856997 -0.0505299626685 0.0128355476813 -0.0992935871416 -0.0536208714301 -0.00330124239293 -0.0378257369003 -0.0194881152657 0.0012700870096
-0.543407908744 -0.0125116725775 -0.0133717057679 -0.0547797386846 -0.106820263019 0.0331069747625 -4.64845775779e-05 -0.516964668874 0.0174819335526 0.0013693792241 -0.0573608814881 0.0119616970114 -0.00642026028926 -0.111382319028 -0.300721281111 0.0927896267253 -0.142609359536 -0.00770155790936 -0.306109033001 0.223284707965 -0.0343607107436 0.013025026276 -0.354992533895 -0.10206450219 0.0149075285783 -0.00588628455129 -0.0118367222019 0.065127351739
-0.708211903733 -0.0464688198316 -0.0232911891366 0.0234587500625 0.114608383218 0.0315431869848 0.00587393244486 -0.588145124088 -0.0111402931479 0.056090245028 0.0223872119242 0.0135548112493 -0.00564027111122 -0.00202919736631 -0.155365003619 0.0117279824527 -0.112642649576 0.00414330307749 -0.300281386752 0.0401859349175 0.0242353301175 -0.0149738668969 0.0204009408046 0.00885005482728 -0.00622390174215 0.013665500696 -0.00138365836083 -0.0285441450879
-0.629770763563 0.0174800136805 -0.00594527235489 0.00973001116568 -0.059545518305 -0.0291516411594 -0.00157366090883 -0.672894478713 0.00542162522563 0.057474397566 0.0516939026091 -0.0351079875517 -0.00255504393341 0.000130282848633 -0.0189288346213 0.036350150135 -0.0602395938497 0.00281857981932 0.313972372934 -0.0349848012567 -0.00620827645624 -0.0119774592034 0.173579385821 -0.0218210816244 0.00733212481484 -0.0222724121904 0.00452440943956 0.045243409175
-0.646438755638 0.0303408050121 -0.00104178366251 -0.049403721163 0.00485001645291 0.00566414107926 -0.000924793288863 -0.682286629119 -0.0220055310913 0.0430220454316 0.0368478226616 -0.0617800065459 0.00861201993421 -0.0747214288113 -0.0396802506332 0.119564531672 -0.0845335522754 0.00929952330136 0.0865883662837 0.239075753136 0.000320166279554 -0.00142251082343 -0.0238040917991 0.0486460096274 -0.0144937109911 -0.086417925173 0.00661934645928 0.0400177954751
-0.619950680267 0.0195921402692 0.0543628846942 0.0344011234112 0.0317150181356 -0.0161732759265 0.00165280112623 -0.626327275737 -0.0590138819003 -0.00107030774212 0.0461677929296 0.0295164983445 0.00632132411122 -0.00124569958822 -0.102951842076 0.0598204073059 -0.109860423525 0.0024016751531 -0.246823599047 0.27294605031 0.0416546500931 -0.00641422496727 -0.215361651122 0.0123386449589 -0.00551775301264 -0.0320682844823 0.00265927877433 0.002333746564
-0.680313180365 -0.00384807497084 -0.00270872945849 0.0432106417143 0.157570794735 -0.0245649476694 -0.0107914917552 -0.492680352187 0.000453694144933 0.000902506893313 0.00372078792031 -0.00290185150181 0.0132764187007 -0.139702288252 -0.115103834118 -0.0149701922333 -0.102822473789 -0.00867110817609 -0.309042784079 0.189394750161 -0.014676705308 -0.00347047770532 -0.265539032084 -0.0512202623177 0.000872883527236 -0.123267702953 -0.0112813973399 -0.055701462921
-0.109100800419 -3.04652958795e-05 -2.77456929202e-15 1.10195363755e-15 -8.23377993379e-16 -8.60031074643e-05 0.00181714988913 -0.108386413473 -1.30748676469e-14 -3.55987104487e-15 1.19497730543e-14 -0.000503673803319 0.00178399993945 -0.516768407738 5.61855170683e-11 3.23496436806e-11 -8.37321324242e-12 -2.94374349037e-14 -0.491062531843 8.16353357705e-12 -3.14422260831e-12 -1.56823547912e-15 -0.497213425684 6.60031959702e-12 1.33342959047e-13 -0.44584750507 -0.00232949875431 -0.148808741624
-0.420476313672 -0.00257811827123 -0.0310363631867 -0.00533542846438 -0.0432881349559 0.063614444866 0.0125258298835 -0.371540836201 -0.00076706537459 -7.20859238915e-05 -0.00576518242505 0.0015813163803 0.00278837099018 -0.421724458231 -0.266012901282 0.0478394741846 -0.0332468451516 -0.0143781253306 -0.409611747489 0.0391050431056 -0.0308969093972 0.0148499987074 -0.446099930967 -0.0995849733081 -0.000157906298612 -0.207089980474 -0.00517479838971 -0.0591646436468
-0.654005287306 0.0183342784018 0.0177610264157 -0.0397546697973 -0.0754544527773 -0.0288809345789 0.00716351721117 -0.608193541564 0.0174294657548 0.0409122169852 0.0278666237361 -0.00833258669922 0.00375585039147 0.0660487325536 -0.165727732878 0.0209589608529 -0.0835763988977 0.00135674663102 -0.185029278892 0.153057573704 -0.00267751423763 0.00120501215128 -0.289326747334 -0.0383875496803 -0.00571324004617 0.0541794574483 -0.0101535826142 0.0744925391709
-0.65611603876 0.00771977247637 0.0034396890749 0.104727320658 0.0339825430412 -0.0198901387728 -0.00786123843391 -0.656460573102 -0.0400383770383 -0.0486613126337 0.0531591833388 0.0538888799599 -0.0129540154518 -0.0452604024558 -0.157764266447 0.0467587672535 -0.0924368619638 0.00730461743434 -0.245726767853 0.0176328783702 -0.0247217097555 -0.00553992245602 0.123049386679 0.000488884453108 -0.0138133117264 0.00913777393214 -0.0222520047315 0.0329155546381
-0.509631396051 0.0105530181302 -1.15835654178e-05 0.0030877082166 0.0109491242177 -0.00814462286429 0.00203923339023 -0.59286737284 -0.0271220968807 -0.0102820358424 -0.0738153235676 0.0674996106044 0.00223892766209 -0.131138243322 -0.140792852545 0.0650078040386 -0.0853540337485 -0.000228604610562 -0.32953573193 0.115132573885 -0.0258649861543 0.0087131733454 -0.414589073924 -0.12983141285 0.00596381315323 -0.0941049291213 0.0013167817535 -0.0941424291672
-0.601212752148 -0.0477293456109 -0.0364803943163 -0.0357488192551 0.00105766364678 0.0628277073729 0.00194239514002 -0.610030915674 -0.0354108103816 -0.0204366961282 0.0243528530888 0.0772217193936 -0.000333229657114 -0.1553513833 -0.203723250445 0.0636219663313 -0.0696372982825 -0.00773025264432 -0.327525657445 0.0439985342415 -0.0236284321329 0.0051640392481 -0.245653725372 -0.047081162735 0.00192004950072 -0.0447441181978 -0.000988688408956 -0.0195292595029
-0.665607784374 -0.00703302165294 0.00110224853721 -0.021725885407 -0.0311927408607 0.00418913143397 0.00497970945586 -0.66697362515 -0.0104269525808 0.00499734919106 -0.0256993882723 0.0345294668549 -0.00963680997262 0.00892750547693 -0.133745088398 0.0761917268985 -0.079919263161 -0.000328435596539 -0.0631234727708 0.17475373265 -0.0301406804079 0.000110663956539 -0.169540594968 -0.0982067021999 0.00552520219052 0.015192540894 -0.00373582818657 0.0651116311484
-0.61861885064 0.0348107514931 0.00604205220536 0.0618544933305 0.0183516179806 0.0125320159612 -0.00295953646705 -0.667794723162 0.0126241653729 -0.0434158139528 -0.0819740260957 -0.0410391851562 -0.00505281330166 -0.0632604768173 -0.196394311878 0.0146878830979 -0.10531164635 -0.00964213140738 -0.265277547881 0.120073894221 -0.014799491424 0.0152669545965 -0.123180472296 -0.0206063006488 0.00393526876132 -0.0132286899873 -0.00454553822351 0.0169467589462
-0.599742986563 -0.00312662959539 0.00481052251707 0.00559296461922 0.021476013369 -0.0241521317717 -0.00618979902203 -0.616469403197 0.0167857494772 -0.026531948919 -0.0431037968628 -0.041354043851 -0.00375452335106 -0.0761713565606 -0.191158536567 0.0449230392686 -0.103149769689 -0.0070785188161 -0.282879666686 0.164334139997 -0.0100787975993 0.00642236265824 -0.285384611165 -0.09005954556 0.0114836368896 -0.0383916924684 -0.0111280621949 0.0324496313217
-0.615779766142 0.0144458706517 -0.0115469531549 -0.0200720719271 0.0643844526724 -0.0114324581165 0.00282729427252 -0.626522354191 0.00385251029294 -0.0353024133579 -0.0680302155297 -0.0302171844254 0.000256985131223 -0.115317812637 -0.199300835592 0.0546209799769 -0.0842597127608 -0.00490325783395 -0.264771507046 0.0949646951464 -0.026985705912 0.0101225701144 -0.26101669395 -0.048996515373 0.00991977596717 -0.0418486307661 -0.0107278899889 0.0296544039254
-0.601138278325 -0.0266478343738 0.00214203137157 -0.0334502757182 -0.0259548930006 -0.0247465480952 0.00319452311262 -0.641466275385 -0.00733683383255 -0.0430620040148 -0.0961713124693 -0.0174949122178 -0.00843903533641 -0.0701916115099 -0.226308919917 0.0155438338534 -0.0825785167189 -0.00244112377454 -0.205937035391 0.129059905457 0.00295608720665 0.0159623917526 -0.290058359385 -0.0369181715265 0.0152317348342 -0.0021532926354 -0.0146368506709 0.0632647650438