-0.00289801253131 0.00559451326888 0.02968611844 -0.0307085083342 0.0238869401407 -0.00539258952616 0.0357472130799 -0.0303456437735 -0.096190342998 -0.0245794712319 -0.117395756894 -0.00356953023014 -0.0517454294195 -0.150460326268 0.344190982287 -0.0298808587661 -0.182113554857 -0.00671664162621 -0.47966204369 0.653644980772 -0.0410902605685 0.00608105569633 -0.361293867287 0.0468130908992 -0.0160181157793 -0.0387014824705 -0.0157111916617 -0.00457889254937
-0.535792800901 -0.0886690986003 -0.0654630275458 -0.137762284152 -0.12962685646 0.0294679394485 0.0106097130853 -0.441385572388 -0.103047559019 -0.0132423929412 -0.105219110333 -0.00759643872452 0.00917398679297 -0.138704862342 0.212719773437 -0.0371150767148 -0.129171367162 -0.00357069073279 -0.342827889258 0.382117824247 -0.0405139372017 0.038003328052 -0.296360385881 0.0347497334572 -0.00185055269961 -0.0206767055061 0.00283023290337 -0.0922864017731
-0.537957360189 0.0853259617618 0.10550686083 0.113598080017 0.140987822675 -0.0244517799972 -0.0206174716595 -0.42015759469 -0.104460905459 -0.0199594452515 -0.0787561732257 -0.00625045756168 0.00773422158032 -0.255350749086 0.253396567442 -0.0753877097431 -0.132096941846 0.0249764210669 -0.310725148444 0.358324213365 -0.0442403981521 0.0543904173197 -0.275212615029 0.0482580074095 0.0446403648308 -0.0207618526106 0.0220096325786 -0.015126480464
-0.51707334255 0.0255810562185 -0.0408867717011 -0.0592799074604 -0.128344999596 -0.0518895181241 -0.00113208885046 -0.483429401787 0.0952160043391 0.029211617806 0.0164410213713 -0.0239375754279 -0.0449143548764 -0.0410546433947 0.17941979909 -0.0332227249121 -0.0925068819709 -0.00601797588271 -0.366332041354 0.45984004787 0.0024158009122 -0.0409776641568 -0.253937480578 -0.00483653247099 -0.0393681305269 -0.0407802628189 -0.0478252987504 -0.0150144084798
-0.528677963022 -0.0134930992594 0.0431796571641 0.0399086256604 0.158237571375 0.0458412466529 0.0203416791169 -0.489937739056 0.0682018308734 0.0560996763724 -0.0156959413073 -0.0197215782453 -0.0860521144515 -0.090180469303 0.208910293322 -0.0414366574697 -0.108786040167 -0.0190025266043 -0.325646011432 0.439349035268 0.00323897546384 -0.0311788908024 -0.243757589604 0.0239040452264 -0.0376644990959 -0.0397045828933 -0.018457679153 0.0660239027338
-0.322609821576 -0.0171366871344 -0.0356435957006 -0.00336042678051 1.20137671228e-05 0.032229029359 0.0231171253387 -0.317948911509 -0.0326012614205 -0.00333049613498 -0.00115898788727 0.0273386167308 0.0138419074629 -0.383361580464 0.182234339507 -0.0180745858976 -0.0920481507781 0.0044549064845 -0.474043057196 0.122294910747 -0.0480554427058 0.0337397824509 -0.4913230668 -0.0168515639445 0.0137692978192 -0.222323604391 0.0101249156156 -0.257198246425
-0.522144711283 -0.0618993169887 -0.0250179534992 -0.0114119522997 -0.044645814487 -0.0021052644338 0.0177169683047 -0.730919846725 0.0068665907571 -0.0788535389626 -0.116951189433 0.00255830289986 -0.0179126872278 -0.108953306972 0.134540222611 -0.0550080964121 -0.0676111915583 0.00723687682357 -0.183339464422 0.230040873769 -0.0152683397139 0.0569281204003 -0.174614245439 0.0420242483713 0.0321905693121 0.0553129892723 -0.0183683272082 -0.040434831492
-0.512932551962 0.0530480897385 0.0539182733658 -0.018224827166 0.0485943207212 -0.00275069922506 0.0104417800903 -0.735004695735 0.0183909656047 -0.109868615336 -0.0935400610991 0.000928425524971 -0.00747568592397 -0.159034519061 0.166152515686 -0.0436166937783 -0.0746032346808 0.0201100135454 -0.164766794454 0.205784553535 -0.0225746474997 0.0565938377063 -0.153389882596 0.0542170324928 0.0563860658811 0.0565478184594 -0.000119056036762 -0.00985233639772
-0.412347241781 0.0372832132202 0.0316466065226 0.0187033730457 0.0298048865083 -0.0221027754085 -0.0482797021555 -0.405272017261 -0.0255165665503 -0.0190579439278 -0.0273333509755 0.0215512946329 0.0418835769125 -0.45661706482 0.195319645627 -0.0207497180454 -0.0992933177819 -0.0155834749796 -0.366562137806 0.146141217149 -0.0705752044868 0.0234252602797 -0.443965661703 0.0103661057295 0.0213527496196 -0.155779972924 0.0365176774002 -0.116572353518
-0.67039945243 -0.0340222876096 -0.0885584464215 -0.0302455927769 -0.0721528080068 0.0261833458685 0.0081803081416 -0.522762452171 -0.065229894044 0.0461358154078 0.00565984575815 -0.0134306202958 0.0103975342484 -0.0347670454776 0.216234100534 -0.00529741309044 -0.0565480362423 -0.00541446134923 -0.322992368916 0.173542871406 -0.040876313841 0.00789035596365 -0.244855446568 -0.00222331041743 -0.0152692794056 0.0245355224326 -0.00374367905392 -0.0806410557439
-0.517789017424 0.0323469524078 0.0389395937738 -0.0336650205724 0.0222071611847 -0.0119971256199 -0.00950834792769 -0.616510749016 -0.0739910235628 0.0689563980586 0.0617214929173 0.0262982068215 0.008019619767 -0.178853108398 -0.0230310687556 -0.0861471210535 -0.0813653056291 0.000150779631812 -0.365539684458 0.178149115295 0.0276814727719 -0.006493534886 -0.335497034364 0.00549040235576 -0.0216760030971 -0.068415565383 0.0276991147962 0.0368641161264
-0.458409246668 -0.0111118646083 -0.00178209071808 0.00298254771809 0.00657300123284 0.0116471104912 -0.00676561071626 -0.610852255828 -0.0640180218277 0.133219179191 0.0391617420659 0.0298430883185 0.00223922435876 -0.213967765178 -0.0029310054622 -0.12084074589 -0.0657365073006 -0.00763332501317 -0.426527165192 0.191766270411 0.0241599259359 0.00694427757943 -0.325338026385 0.00614931974855 0.000905979174652 -0.0441883824177 0.0111308737266 0.00457384080966
-0.681895866248 0.0147351166446 0.0947196923726 0.0598797255696 0.0612489963274 -0.032064302762 -0.0129375551647 -0.520343476752 -0.0612968174925 0.0347134855554 0.0381840996378 -0.00683481833702 -0.000202536324258 -0.134064997569 0.226653563703 -0.0685266057025 -0.0822882446449 0.0316906497333 -0.291753881108 0.153854071419 -0.0363158253205 0.0341572761338 -0.21208179157 -0.00076777888963 0.0143889129878 -0.00657361959916 0.00867990103822 0.040908206498
-0.710289697675 -0.0033132652299 -0.120969506486 -0.0212176377483 0.0178143691318 -0.00975040846497 0.00319205891609 -0.597769764687 -0.00107977887117 -0.0073264190279 -0.0495875023704 -0.00554973524881 -0.00200518408307 -0.00390473357042 0.132732495561 -0.00167721974797 -0.0172662648746 0.00517053669955 -0.215106694368 0.193621152697 -0.0303430305893 -0.00294779935767 -0.121298470582 -0.0500812166776 -0.00335248870878 -0.0130079506379 -0.00633733079032 -0.00124638113284
-0.521391757015 -0.0669397325733 0.0549527944844 -0.00564648872287 -0.0485422073763 -0.0157347146967 0.010913925255 -0.571300600892 0.0205302984649 -0.0794731745652 -0.0755032350931 -0.0151115336622 0.0041380961498 -0.117217639123 0.0149406117608 -0.137879888828 -0.0414211484785 0.0232149244215 -0.455394561511 0.242477218719 0.0217304021434 0.00473719517791 -0.265171528789 0.0113588010886 -0.00027040533997 -0.0503505521181 -0.0595092079198 0.0200642719899
-0.475987722521 0.0223753784602 -0.0132132724527 -0.0646467148244 0.0675937867439 0.00562379541756 -0.011107231937 -0.598485459515 0.0255072879936 -0.105722755318 -0.0756728336698 -0.0266399239457 0.0128107601634 -0.203579539451 0.00835629004024 -0.119664006085 -0.0470946550371 0.00509531154473 -0.446585304245 0.227822071753 0.0280108100324 0.000356015535675 -0.266417350172 0.0240500730671 -0.002752221016 -0.0633800309738 -0.0287393832875 -0.0251664416965
-0.702798644076 0.00771078482671 0.0995209061792 0.0415347591409 -0.0206372994124 -0.00447639319734 0.0326111420855 -0.601449450788 -0.0244699923757 0.0344794573137 -0.0836117600105 0.00147715271672 0.00440659469087 -0.0150745932825 0.166066095153 -0.00597518200924 -0.0204010619397 0.0550394742129 -0.190199549187 0.155369145184 -0.0558335715794 0.0425873284494 -0.13379032456 -0.0542425986539 0.00894735970535 -0.0231487042392 0.00232259855037 0.0658611127481
-0.587260619995 0.0928119088875 -0.0603097909421 -0.0333705925033 -0.0184853148955 0.00564336239121 -0.022444278297 -0.64733798327 0.0975756271898 0.0260669880473 0.00944218838311 -0.0249372497941 -0.00644368630664 -0.0938507102039 0.164895611845 0.0756363741152 -0.0640506984808 -0.0115654634447 -0.201066065103 0.245620210172 -0.042477070525 -0.0187742894074 -0.212363180579 -0.0505402751484 -0.00986252897177 -0.0714374654744 -0.0214049291466 -0.0932887957409
-0.494972334924 -0.000742337615858 -0.0278243494098 0.0409620579707 -0.029221504955 -0.0112643127245 0.00518267448815 -0.666017478693 -0.00603622698062 0.0358227766049 0.124495948228 0.0122795199509 -0.000463861018247 -0.0613856352353 0.052754073616 -0.0124944839614 -0.0362210912709 -0.0209296486839 -0.264167120658 0.354925252358 0.0306813008761 -0.0509276223893 -0.280166421149 0.0360033639706 -0.0520529491724 -0.0210883421858 -0.0119127896683 -0.0126009904895
-0.496746696663 0.00489685284611 0.0289995583473 -0.0473143327563 0.0330890862476 0.00767583204683 -0.0103870158768 -0.661492292235 -0.0152362281573 0.0506217453297 0.109358849169 0.0208469883528 -0.000352548056256 -0.0722478442689 0.0460331879092 0.00447933429402 -0.0430833582509 -0.036508995397 -0.258450158127 0.345437790943 0.0374735153602 -0.0617876767329 -0.293002776527 0.0364728026006 -0.070143904399 -0.0258661781905 -0.00720907183763 -0.0374274381749
-0.564421469627 -0.0773885172699 0.0294867027977 0.0576216437409 0.00543157796984 -0.00610864498258 -0.00421845932708 -0.630120981917 0.0730796326487 0.0405218356787 0.029209010304 -0.0193924879385 0.0111954797469 -0.121714407158 0.168799554347 0.0647307346206 -0.0892299290959 -0.0354847299432 -0.202208047946 0.294259878553 -0.0305403430224 -0.0371654731476 -0.274936760283 -0.016783514241 -0.0246000399757 -0.0454040759355 -0.0265076546118 0.00492943939495