-0.013234545337 0.0197290745546 0.100747644928 0.0095803455161 0.0626694972911 -0.0314008688559 -0.00212881233349 -0.0437655867396 -0.214161839079 0.0534113692156 -0.00241257794927 0.0841908138735 -0.0045674836607 -0.278512633855 -0.20064283995 0.572013072178 -0.210339250512 0.0129418529489 -0.156848099035 0.476078259408 0.040838956593 -0.00160818193919 -0.370457912301 0.207576303159 -0.0079809719816 -0.0598178506674 -0.0141543320083 -0.000360111216962
-0.528412686547 -0.0505341561458 -0.0955182472507 -0.0319906126808 -0.0274559566289 0.0649683685872 0.00246788875502 -0.564172047379 -0.171688838459 -0.0271636969172 -0.0171507595254 0.0344592261698 -0.000533556187833 -0.189346649086 -0.102872694659 0.344461473323 -0.137212681193 0.018744569939 -0.109999208743 0.244458332784 0.029366766155 -0.0038009588209 -0.280232644479 0.0889811406188 0.000872021820431 -0.0980563635241 -0.00657306735243 0.000782559091867
-0.500955985191 0.0846639006244 0.129999286431 0.0342001787289 0.0382135398674 -0.087830318455 0.00398666899155 -0.50756707897 -0.142518799436 -0.066354637497 -0.0480274267284 0.0534670159835 0.00479085301768 -0.197167289101 -0.0883528721481 0.338597914068 -0.157394374423 0.00593696595012 -0.216744326786 0.224081074795 0.0205155216058 0.00594182677146 -0.336497622956 0.0850512333533 0.00100100077444 -0.122881579663 0.0194361563942 -0.0857936072451
-0.576253588941 0.00666575694763 -0.0688991339137 -0.0240354894246 -0.0247898607723 0.0377405650289 -0.00483504525438 -0.568514650697 0.00480955161087 0.00815289185779 0.0549751627786 -0.0126025136616 -0.00198912453414 -0.242670132448 -0.146752594022 0.318133279447 -0.0184917071949 0.00055280639796 -0.0388696863361 0.314257845383 0.028513724067 -0.000492478035214 -0.142583050391 0.157319250664 -0.00161017903415 -0.0330769647079 -0.0186621020981 0.0665902016648
-0.630504683985 -0.00828463772306 0.146451581694 -0.0236286304725 0.075992665806 -0.0590592285537 0.00773570020787 -0.565856658668 -0.000248176729685 0.00108843603719 0.00764359756161 -0.0526432347829 -0.000447758684661 -0.156887785637 -0.119772485211 0.277830307055 -0.0854469044148 0.0040974242563 -0.0216335765401 0.282759006132 0.0130316560442 -0.0029331032397 -0.134759323999 0.147507705989 -0.0155849059277 0.0536888564599 -0.0198209218774 0.0232025824362
-0.558553074423 -0.0629819362434 -0.0608549974293 -0.0162027223095 -0.00880594503871 0.0287270194327 0.00230968726623 -0.606897926692 -0.085271514559 0.000197469158843 -0.0255154596687 0.0363144330152 0.000711797667508 -0.162075088484 -0.0353839737148 0.253217093434 -0.111796370133 0.0262756254831 -0.218057154953 0.10827449338 -0.00313710229955 0.00574978439834 -0.328860613482 0.022514858015 0.00485720312482 -0.156466873891 -0.00437840135679 -0.0654748894018
-0.57683695069 -0.00416684364621 0.0180324969766 -0.0284217377585 0.00190989336941 0.022796109717 -9.07257658211e-05 -0.696616729151 -0.101511980234 -0.0470208419712 -0.0175667121604 0.0405132984184 0.00428751788611 -0.120021303234 0.0205207105168 0.204277960357 -0.0733407063717 0.00891633009064 -0.194944220748 0.113872535152 0.00828982735082 -0.00471796168276 -0.225430300681 0.0386252549821 -0.000309890385408 0.0185697572729 0.00878430008375 -0.00431369430474
-0.537437103277 0.0049627445647 -0.00494431526477 0.0134772203826 -0.00221404673904 -0.020886271175 -0.00191795065433 -0.709136825812 -0.121102162966 0.000929759699451 -0.0265729904041 0.0473466996217 0.00321369470315 -0.119477503466 -0.0837472279284 0.220354070374 -0.0972979071116 0.00450844007303 -0.104468663431 0.180287353663 -0.00224001737284 0.00490750121583 -0.240799567815 0.0463079599417 -0.000547940700998 -0.0509993072559 0.0123049106244 -0.0657769384287
-0.398713671083 0.0111129728037 0.0200661612849 -0.00538115033005 0.0155419448972 -0.0280430185912 -0.0137293836678 -0.399112309547 -0.0306336571257 0.00508021242744 -0.0139989214819 0.0216157293266 0.005640507104 -0.319007297891 -0.0734272484039 0.125612175156 -0.0884658668416 0.000993374784085 -0.471590496488 0.113077492598 0.023545699724 -0.00445093086703 -0.507589180792 0.01619330858 -0.00206582408463 -0.177624624959 0.0160556097653 -0.148536992481
-0.676787472769 0.0154830060035 -0.090258166731 -0.0118676876303 0.00966249321256 0.0384356341017 -0.0137537868033 -0.624126812971 0.00957413088844 -0.0164484622385 0.0108099675455 -0.0256886974734 0.00444438646973 -0.144431432206 -0.0711616564593 0.209222290499 -0.0769627022501 0.00509228966934 -0.0482841370555 0.167604463377 0.0462627288962 -6.03081273348e-05 -0.127288979131 0.0664710802435 -0.00234357708219 -0.10365378646 -0.0183394892592 0.032580907892
-0.61156553254 0.00184735452919 0.0031107012993 0.0101465615031 0.0138963559359 -0.00266542331822 0.00274976364444 -0.652408677866 0.0482822021749 -0.0492282864298 0.0307885226601 -0.0189457163051 0.00450661063423 -0.311883944148 -0.131128333411 0.138367333976 0.0204141257807 -0.000224689613104 0.0488476292609 0.159222165225 0.0381622472962 -0.00414802076425 -0.113236415432 0.0965932600843 -8.47657842947e-05 -0.086913191279 -0.00343440035845 0.0314098834442
-0.623043311357 0.010301688709 -0.0226530420362 0.00871240105454 0.0179714842533 -0.0104998413297 0.00261399165658 -0.666730724698 0.0397931748483 -0.0660295323539 -0.0054705016922 -0.0130891293828 4.51674409308e-05 -0.273436229136 -0.100072790845 0.160847424909 0.0224247006516 -0.0031615657358 -0.0227926427308 0.128286626621 0.0420609436691 0.000454800886484 -0.101373301022 0.126661545243 0.00272597938977 -0.0445679923255 0.00528875225507 0.0418675618488
-0.660514967433 0.0356848523824 0.114391142174 0.0178430331147 0.0238342545446 -0.0453054512166 -0.00559996696073 -0.521391534534 -0.00909710550072 -0.0366563317428 -0.0342721923038 -0.00318218589286 0.00043603485352 -0.162939828541 -0.0366620134683 0.259917970697 -0.102041681248 0.00786477813738 -0.191178053785 0.148304683919 0.0225151599253 0.00950826031455 -0.284407838632 0.0268742038445 0.000598688612021 -0.146120792845 0.026838710437 -0.0564136463955
-0.651996075658 -0.00570429676387 -0.0578215817554 0.00241587342427 -0.0113265838433 0.0238872619857 0.00231258789554 -0.628008787536 -0.00460688425747 0.0209763067392 -0.00843503670119 0.00896153930796 0.00335632689836 -0.118678202835 -0.128075763982 0.213923368808 -0.0287792269 0.0112646577191 -0.0676465694406 0.261571487162 0.00172487497419 -0.00646452219191 -0.128262763413 0.0851717762923 -0.00841754172389 -0.00991530742587 -0.0102070486396 0.0396298851591
-0.628246980217 0.00459429355629 -0.00234385668136 -0.0238368253052 -0.00838315799171 0.0212602554307 -0.00618939985898 -0.643352911913 0.0484383133675 0.0300821470655 0.00577482249689 0.0156161355716 0.00204219991602 -0.308818966218 -0.07865116881 0.181649344589 0.0356470661702 -0.000827005461482 -0.00837589995075 0.168776968098 0.0219306616491 0.000583591867752 -0.0771818004321 0.112977583059 -0.00684915938219 -0.0426367286032 -0.00510756591372 0.0352531354192
-0.639571926775 -0.00382068351388 -0.0270943894162 -0.0282278151972 0.0156621500981 -0.00873529866384 0.0060613067296 -0.657266400789 0.0153251625937 -0.0175327778731 -0.0438616494043 -0.0159482026624 -0.00215033986036 -0.246730079545 -0.0679752160217 0.166812507042 0.0364610018089 -0.00463410017848 -0.00157551458362 0.176830831583 0.000159363585353 0.00443301353082 -0.085858932506 0.134671700724 -0.00477052623428 0.0417491877599 -0.00143085375848 0.0328438116258
-0.738991193315 0.0102265393797 0.109372792254 -0.0479856993435 0.0285963761095 -0.0448408304195 -0.00117915926601 -0.609622191701 -0.0255868111787 -0.036108769785 -0.0084418713593 -0.00152143119087 -0.00034880367352 -0.0645818590304 -0.0500280574879 0.0956003364062 -0.0783172213627 0.00496284496802 -0.0520458269713 0.135258304196 0.00310584333801 -0.0072144139776 -0.112026110781 0.0554816046146 -0.0101890066512 0.063321596943 -0.00266582984612 -0.0153612831321
-0.65385016775 0.018374615707 -0.0328606946368 0.0508690709141 0.0128582089025 0.0126915489233 0.00450598622678 -0.663423674749 0.0554423171663 -0.00303863782959 0.0113060841946 -0.0381018536223 -0.00845443624552 -0.05710080668 -0.0722197158872 0.197186625854 -0.0363505889099 -0.0029740373747 -0.0979303265681 0.168524011641 0.0115380355945 0.00466660784778 -0.172112142876 0.0719413773111 0.00876110846637 0.0139630198009 -0.00810497137591 0.0359568327162
-0.665338957346 -0.00243593914497 -0.0234286466799 -0.0494360217424 0.0134951542611 -0.00154441445463 -0.0022947123502 -0.661477126428 -0.0479388084149 -0.00208805691203 0.0316107224798 0.000251757762942 -0.00240454308846 -0.218021920041 -0.0743462928148 0.157827566867 0.0300993170552 -0.00785915654353 0.0320732332268 0.132212881863 0.0302221137119 0.00118131731026 -0.0138193242438 0.0945661823895 0.00390230296 -0.0627361780753 -0.0183140808266 0.038650639055
-0.676226203387 0.00486729672078 0.026495655304 0.0386288794051 0.0161429671474 0.00765621271332 -0.00252275366722 -0.657001476559 0.00141630778332 -0.00329248850653 -0.010289329982 -0.013423399218 -0.00154705848797 -0.166968244463 -0.0812523530858 0.162454880287 -0.00615599151932 -0.00613957408255 0.0963964092481 0.148594349252 0.00851407137663 -0.00134725685134 -0.0344161562195 0.0909650672577 -0.0181017580208 -0.0695867136158 -0.0161618692621 0.0306223644322
-0.641129037821 -0.0517165809092 0.048574316688 -0.0324138291005 0.0620294056252 -0.00946110397177 0.00363266678727 -0.655008021028 0.0751356807031 0.00208258928408 0.0123318152319 -0.041675752541 -0.000570639388211 -0.0503203513773 -0.0530578111761 0.178069375171 -0.0742747133122 0.00733828543135 -0.201856810447 0.156403038751 0.0251500613101 -0.00265228479713 -0.172723486278 0.0570976089685 -0.00186530270861 0.0147029077852 -0.0234978127687 0.00211030560738