-0.0587207206959 0.0391588356133 -0.0235308753085 -0.114692782383 -0.307480852943 -0.0646219168143 0.018841869874 -0.048218109732 -0.161130721175 -0.00509925557943 0.296854064392 -0.0467398830944 -0.0400543768097 -0.094816891832 -0.211874306227 0.413784178934 -0.081761216318 -0.00673911673642 -0.193030076657 0.606359774036 0.129253138464 0.0128499692184 -0.321682941248 0.0447759199798 -0.0104919566324 -0.0174242288924 -0.0497286098992 -0.0022621907364
-0.514741563367 -0.0803013964894 -0.194088939527 0.0691390817517 -0.0539626326544 0.0385840770717 0.00132910169489 -0.470566957302 -0.119639435818 0.0767611209227 0.0759185701644 0.0536592183608 -0.0129141035855 -0.174867248386 -0.154848209236 0.0915872881413 -0.0604953133298 0.0100605732485 -0.368722373395 0.234954558691 0.0341653345805 0.000616851000489 -0.402738186399 0.0293758825107 0.00158120074694 -0.0127466104774 0.000104557940831 -0.095035064325
-0.630716065922 0.0617475620574 0.278366581809 -0.103065194246 -0.0865999061493 -0.019746538027 0.00749095123039 -0.491722313121 -0.131513836874 -0.0237329693465 0.0199515075627 -0.0115284647415 -0.0133857970826 -0.243227589538 -0.0135996545977 0.311763738892 -0.0100941444068 0.020530551002 -0.176894577202 0.212259721165 0.0136198855118 -0.00194811036442 0.0530590799018 -0.000953577192322 -0.00344602601629 0.00552070796748 -0.00464452340002 0.0740842383192
-0.607567594238 0.0511664208325 -0.243591043929 0.000410788689709 -0.0234560899436 -0.0185602613544 -0.015002509167 -0.51925596248 0.103136016335 -0.0249321344387 0.0576403365114 -0.0752540328819 -0.0144564833344 -0.107079803641 -0.0491124180406 -0.0820783333182 0.00887986516324 -0.0150691603301 0.23577167032 0.196452267769 0.0505818100909 0.0148630265871 -0.395098399869 0.0465891858124 0.0173984676947 0.0150169141939 -0.00733628744113 -0.0311399635803
-0.658532104915 -0.0209970280305 0.275736383768 -0.0599023548136 -0.129129484642 -0.00283902951979 -0.000460124437176 -0.492275097166 0.0628175140439 0.00401886400904 0.117846434488 -0.00200244206523 -0.0102506272169 -0.0316313019184 -0.0256233267303 0.163042038282 -0.00485599086618 -0.0156331784159 -0.346241812709 0.144646549509 0.0157464653785 -0.00724709708528 -0.179583021139 -0.0129056291369 -0.0241789030611 -0.0538448613014 -0.0491799483487 0.0369564897154
-0.325489900094 -0.0121021467478 -0.0300052032424 0.00393122197335 -0.00788539649588 0.023779567903 0.00703578008937 -0.325502808914 -0.027601307098 0.00540725238575 -0.00711361076887 0.0223484724138 0.00336493785162 -0.273807656724 -0.0538229907323 0.0547349367124 -0.0599290330892 0.00877718128997 -0.684958971842 0.0455102868733 0.000758258492079 -0.00314104814639 -0.408581621415 -0.0187511336579 0.00224049234325 -0.121925085034 0.00553072112877 -0.216882748962
-0.505717207227 -0.0507047017611 -0.0337466550224 0.0329213383008 -0.0485034454731 0.00364950967375 0.00514762300424 -0.619517229536 -0.115727858736 0.0623107043912 0.0222767590188 0.0371181718129 -0.00447603322795 -0.0791499186117 -0.0517241707497 0.143687745553 -0.0267257517846 0.0130104484814 -0.506016189655 0.0466146581855 0.0155434656098 -0.000165130803683 -0.205653200443 0.025856446015 -0.000262174219306 0.00580448820942 0.0119466454019 -0.0449206023334
-0.633068353973 -0.0209890083314 0.0342136708017 -0.00947233646054 0.0780199031763 -0.0253300275005 0.00268083720571 -0.683307408191 -0.11745766057 -0.00345766499124 0.09105716677 -0.0520862136135 -0.00543298829663 -0.206593530535 -0.0156032563366 0.17205524314 0.0185182542272 0.0181339347877 0.0189614106212 0.00303097956949 0.00252335164083 0.00205271009512 -0.146112864367 -0.0117601477435 0.0249002802268 0.012081808181 0.0208288405954 0.0526404733747
-0.586858357859 0.0469438694839 0.0697560994841 -0.0456138716166 -0.00195293337661 -0.0378744571874 -0.00356557671284 -0.590452265534 -0.053828853414 0.0241317752589 -0.0310636140158 0.031593303186 0.00280156662001 -0.23011360583 -0.0349689905468 0.238639117091 -0.0497854858126 -0.0173213426357 -0.380036529608 0.15565284603 0.0152252759689 -0.0030175323284 -0.00423527418832 0.0068646206405 0.000793705932681 -0.00100991355338 0.0385425122934 -0.0809952138698
-0.685417288415 -0.0536221244442 -0.126992912903 0.0511013396432 0.0331199291946 0.0481228893432 0.00251033109624 -0.518427698849 -0.0133751796034 0.0652011162634 -0.00879623020793 0.0144243117699 -0.000374899558485 -0.127817627194 -0.0785579264311 -0.00115030712554 -0.0536370879656 0.00369342364717 -0.277318591323 0.144638227731 0.0177558232253 0.00535543046211 -0.32107116472 -0.00415569002514 0.0114678924902 0.019720637558 -0.0134615337104 -0.0656607029871
-0.591138851422 -0.024791303928 -0.0225543191338 0.000328796123909 -0.120250677213 -0.0278367038297 -0.0114877142543 -0.534234049863 0.024994267006 -0.00365539602711 -0.0491101880103 -0.00724773207753 0.00293453478644 -0.364733284661 -0.039884021999 -0.00210822354655 0.092499190891 -0.00208571813574 -0.124682425187 0.185649581845 0.00499920537003 0.00636790339719 -0.386506927262 0.0394187561574 0.0100342970844 -0.00731341222055 0.000322546675912 0.0344758739192
-0.474600262717 -0.000630917681943 0.0721607260649 0.0175937998302 0.0225577010256 -0.0227616426686 0.00325595947739 -0.46122727144 -0.0375944111391 0.0231509234347 0.0217251635673 -0.0179822519904 0.00915523627177 -0.497406979055 0.0552250879355 0.0526403890641 -0.0510286372745 0.00199800443725 -0.212412334549 0.0473592540989 -0.0149553119049 0.00568174032088 -0.230478066135 0.00148799575992 -0.0131133243978 -0.435328567112 -0.0175036924925 0.0779034055884
-0.656787531973 0.0276106775738 0.0834569334019 -0.0287420251523 0.0191064837956 -0.0426070222295 -0.000354720514302 -0.576835294001 -0.0268606073334 0.00179309149792 -0.00631344345624 0.00803929039781 0.00561729764711 -0.157374532797 0.0500883499326 0.286305887446 -0.0254481396526 0.0148705799991 -0.215399720791 0.211435963939 0.0321439506095 -0.00788403988591 0.0748837581901 0.0390582776269 -0.00150602258591 0.100063657255 -0.0405778045925 0.0564685685952
-0.651923782279 -0.0573098244748 -0.0777140329764 0.0913242829593 0.0331384571981 0.0305859491096 -0.0010069955339 -0.551532990132 0.0032276563895 0.0670021674034 0.0196863820661 0.00334551947532 4.8913701353e-06 -0.130184193921 -0.0492545245609 -0.0381246053568 0.000869142749589 -0.00056641049041 -0.124809115949 0.134266829242 0.0117934433536 0.00635210319652 -0.43013802275 0.0143342983306 0.00790404462204 0.0783366412084 -0.00304383955647 -0.0128148609039
-0.623324757163 -0.0239991765827 -0.052368259893 -0.0708975087111 -0.103211427522 -0.0362029201256 -0.00199308798673 -0.50200185991 -0.044761597999 -0.0109942543195 0.0009467128888 -0.00981862861557 0.00639810924294 -0.386869537661 0.00661932811707 0.0536224710466 0.0909734921843 0.00685556300022 -0.204336223355 0.110730975454 0.0306117953185 0.0111081165022 -0.334435730847 0.0342898135503 0.0146458389696 -0.0786843773778 0.00266602549481 0.038264763129
-0.436000230648 0.00626111231656 0.0674235798071 -0.0342928455701 0.045965073094 0.0321317197626 0.00571069270025 -0.411361210871 -0.0444260334314 -0.0443956018852 -0.00443136653573 0.0119411730582 0.00177733466691 -0.275597067248 0.00633571126406 -0.00303417986136 0.0635787392684 -0.00100221926962 -0.3812892192 -0.0467056397673 -0.0312667965557 -0.00741174419661 -0.602108786315 -0.00510637637927 0.00302275573215 -0.180415193002 -0.0176427905563 0.0596979082817
-0.729254139088 -0.0749161905843 0.094179043937 -0.0189557430546 0.0447985728358 -0.0523464597511 -0.00915671076479 -0.565045157411 -0.00208618653465 0.0286642527162 0.0548983417113 -0.0134110026176 -0.00551141915085 -0.00373712910915 0.0154531615089 0.231206752228 -0.0242159874106 0.0012397623334 -0.216228571625 0.131667958871 0.0185692692697 -0.0209098209495 -0.0146648573686 0.0214739851279 -0.0360724171009 0.0351191466075 -0.0526914537477 0.00567849552683
-0.639006276398 0.0718640663348 -0.0777186713639 0.013333395063 0.018861450428 0.0314489452252 -0.00332217062025 -0.662796144787 0.0979961580112 0.000992363107755 0.000811640119726 -0.0396746047485 0.00104973617946 -0.0846246601641 -0.049541842766 -0.0597819467093 -0.0585639756771 -0.0277371559338 0.172448553722 0.0818305100121 0.0104057788451 -0.000476755997309 -0.202936879578 0.021415645701 0.00354511706795 -0.033875978531 -0.0125094254744 -0.177660789871
-0.657716428571 0.0593182451693 -0.0931778869866 -0.0299744963622 -0.0324735518159 -0.0011463412907 -0.000165009445137 -0.631652308122 0.0883275747679 -0.00723663391064 0.0261767266659 0.00232106597183 -0.0151640069178 -0.051745966427 -0.00385411840752 -0.051647169005 0.0418919592107 -0.0190468652627 0.31215896068 0.136188836192 0.0444656892481 0.014507237839 -0.13004955655 0.0187059000319 0.00841936587156 -0.043078203976 -0.0199622314944 0.0158376885942
-0.572055378301 -0.0412366953111 0.100429288903 0.0914516278692 -0.00857487991803 -0.0103573874466 -0.00421000334442 -0.551470794985 0.0731713578296 0.0248284644018 0.0776470812585 0.0349186793186 -0.0159769058121 -0.170839956405 -0.0355717599722 -0.062713726108 0.043361065317 -0.0173743817152 -0.373524430711 -0.0373658871175 -0.0142670250461 -0.000199984656341 -0.382658291385 -0.03397865903 -0.0125689110515 -0.0769911872957 -0.0345522661445 0.0475565741203
-0.464522769745 -0.0235850382782 0.0643842295586 -0.0130419949483 0.0171742766704 -0.0190143525361 0.00489705690903 -0.434834938549 0.0309833655059 -0.015091524593 0.00683136327916 -0.00818432267093 -0.012716790647 -0.104422737735 -0.0445769374326 0.0115015228449 -0.0483783571527 -0.000628204178346 -0.086652398599 -0.104484240759 0.0134779612792 0.00928206590791 -0.741092573957 -0.00246463752268 0.00108628159536 0.013901259879 0.00212696956833 -0.0681243913784