-0.00311504989622 -0.0066334820656 -0.042773553374 0.00344221679149 -0.0107897652085 0.0115444797792 0.00816021355661 -0.0224317256663 -0.106888721524 0.0152205220257 0.0310705773996 -0.00619065394659 -0.00915189306124 -0.227546786458 -0.306713044129 -0.13784292831 -0.112736910899 -0.000203839096748 -0.538825856041 0.575152505533 -0.0233222114283 0.00707756537678 -0.428252142619 -0.0381455541589 0.00924313422386 -0.0174154002234 -0.00293616757054 -0.000510931496981
-0.435797372227 -0.0843473483849 -0.0922178154904 0.0688315793461 0.0611455261118 0.0525568672373 -9.07169677414e-05 -0.382757671354 -0.0276228900164 0.0662747597915 0.0814306438709 0.0078843519352 -0.00379888699651 -0.198271889821 -0.272170033517 -0.140301981943 -0.102644818231 0.00716254919415 -0.423779517587 0.433863090187 -0.0113491020025 -0.00517940253849 -0.331325558386 -0.014982998273 -0.00122397936193 0.00447651300271 0.0105295046828 -0.055509633776
-0.360496824807 0.0739532317235 0.0326735033299 -0.0621420606425 -0.0427354323416 -0.0265932712928 0.00292354639962 -0.441430910791 -0.0918247968243 0.0795796507092 0.0663135451648 0.0302216440813 0.00219553352608 -0.176206948222 -0.267987060969 -0.123227903189 -0.108463160068 0.0148093902687 -0.437503629139 0.451426497947 -0.0110675420389 -0.0118940302226 -0.329260973715 -0.0371468597581 -0.00505051510149 0.0766753162516 0.0224146429545 -0.0215977693138
-0.37319141322 0.0436148732619 -0.0675134467067 0.0627641137401 0.0485572165443 -0.0315379542409 -0.00409264333706 -0.376074798531 -0.0105869533458 -0.115889854005 -0.0437394312157 0.0107748648672 -0.00855768658322 -0.27620200507 -0.194130797577 -0.0973708939962 -0.0669351108286 -0.0102937961658 -0.431401962566 0.415849029831 -0.0337039739389 0.0188866663697 -0.362245636962 -0.022216581069 0.0166005479356 -0.261831179339 -0.0227787079903 0.0156252943984
-0.371479858028 -0.0385287929949 -0.0013683692169 -0.0484543942281 -0.0678121382866 -0.00239418582608 -0.00142316809395 -0.41966761454 0.00836279619281 -0.134427269383 -0.0669869989609 -0.0154555574038 -0.01163480284 -0.178896879666 -0.166645104788 -0.0224505568088 -0.0470102874362 -0.0174500484722 -0.510482404165 0.419850742437 -0.0514590009334 0.0228226501601 -0.38019606543 -0.0579633989077 0.0256647150005 -0.0242852147025 -0.0239365607786 0.0433594252338
-0.38669531286 -0.0315666713798 -0.0281344025242 0.0176305856823 0.0291767214643 0.0208039460187 0.00802727977804 -0.376894864931 -0.0269689041161 0.0156274441586 0.0220236374942 0.0199078950866 0.00753157131237 -0.35399517335 -0.180627987576 -0.149189491825 -0.0836955904494 0.00309547563578 -0.452380345809 0.30732510293 0.0130968274964 -0.0082378808974 -0.396095289475 0.00635902022438 -0.00435392446261 -0.151671451399 0.0165438466013 -0.190483677289
-0.557679287788 -0.0205007034872 -0.0243930197626 0.00140922739894 0.0111003236963 0.0173135405819 -0.00634698291998 -0.609375590851 -0.0276271185175 0.0138221876807 0.0737822972654 0.013530625425 -0.00207345528221 -0.0625457007382 -0.192565603181 -0.0597273649398 -0.0524539913082 0.0130574123135 -0.29825989813 0.314565996469 -0.0390872921159 0.000783976635092 -0.226181403468 -0.0400700713084 0.00917317989924 0.139567982036 0.0184418180801 -0.00034510339425
-0.482891980757 0.0269257917056 0.032170770701 0.0153405526639 0.000817860363339 -0.0158603432492 -0.00494310659029 -0.634121894224 -0.0564638692986 0.0691797012244 0.0155299936493 0.0398629458794 -0.00376456916184 -0.14905692058 -0.224187449884 -0.0889916958855 -0.0822742237436 0.00902869463139 -0.319727587491 0.329761773289 -0.0129614666356 -0.0195549795746 -0.21364435319 -0.0415365274055 -0.00558556303691 0.0657553285052 0.0236594466838 -0.0395406747772
-0.446555139346 0.0462381807771 0.0174003401627 -0.0311229589193 -0.0415096116219 -0.0139672667962 -0.0107482305761 -0.435439620739 -0.0238409703713 0.0281784916348 0.028033096457 0.0162263736897 0.00980901403247 -0.298857409752 -0.213718236343 -0.152400702538 -0.0730533408865 -0.00563576186538 -0.419761509204 0.311041907909 0.0069135241758 -0.00854202277748 -0.376680288107 0.0035756946532 -0.00890288125631 -0.0704221176705 0.0435515452757 -0.132440950072
-0.595633574595 -0.0659473848152 -0.0702734996655 0.0434389916171 0.0448268386783 0.0124327600034 0.0043462969416 -0.434362061806 -0.0431749514304 0.0334463121956 -0.0226053336333 0.0110697346209 -5.0258781495e-05 -0.281420657133 -0.209610276261 -0.162219568738 -0.0864227474274 0.00137394983181 -0.30183066119 0.294032083926 -0.0137317898198 -0.00282118699001 -0.276110899701 -0.00835667780256 -0.00501445862116 -0.161934185412 0.00188434847386 -0.0484261850445
-0.496783057506 0.00202299779445 0.013347695619 -0.0188743970219 -0.026956050522 0.00479080704531 0.00301962587122 -0.490393713566 -0.00453948786751 0.00420905005183 0.00148319263826 -0.0126954992924 -0.00471549659267 -0.279722276672 -0.0393593784812 0.0338690654972 -0.0368458764683 0.00110885600951 -0.49136225389 0.172552621724 -0.0491902806036 -0.00447151443037 -0.388860205071 -0.0556922724687 -0.00189639109777 0.0126478426984 -0.00310930470092 0.027599369193
-0.516703051598 -0.00603408636604 0.0161390501884 0.00851749842724 0.0166898804964 -0.0145431547464 -0.000320275928368 -0.521814300509 -0.0239402613229 0.011318626769 0.0126563070804 -0.0288736788856 0.000316203937496 -0.224909273524 -0.0507972856114 0.0302443517516 -0.043493252616 0.00582171106741 -0.48276041611 0.218535792756 -0.0653608494851 0.000227470005869 -0.32736399932 -0.0791957121619 0.00574676142861 0.0493767197312 0.00126123046386 0.0341867955046
-0.617442536727 0.0230513645286 -0.00747361386319 -0.0723232131526 -0.0799250368346 -0.00649593293631 0.00577205565263 -0.499652920107 -0.0207579185559 0.00457396310114 0.0125631942745 -0.00507552314245 -0.00828547038246 -0.110494059216 -0.156563297939 -0.0539909334005 -0.049660867961 0.0220939306884 -0.34101144556 0.324710937123 -0.0382399205515 -0.00963141084389 -0.270940365597 -0.0483966186416 -0.0116588479431 0.112540735093 0.0130809610391 0.0391334959681
-0.621038096522 -0.00864170916859 -0.059444873261 0.0604113790318 0.0529508074081 0.0625017275442 -0.00606872461735 -0.475726865397 -0.000493282179175 0.000807061355311 0.00758182939843 0.00696434462119 -0.00101045502563 -0.25123451824 -0.193757727841 -0.0501411221753 -0.0738857842299 0.00628446913087 -0.322793194882 0.262077051554 -0.0325348534583 -0.00391895822146 -0.258704799275 -0.0424329657697 -0.00429290154375 -0.147618836686 -0.0135028307005 0.0231226161234
-0.336038531959 -0.0075830334856 0.0138644230042 -0.00946535211985 -0.0700399327434 -0.0153571947287 0.00262031813722 -0.32810704223 -0.0401234731359 0.0013507440488 -0.0371546531111 -0.0257580112349 -0.00135206389323 -0.387601334424 -0.088254987711 -0.0216056990156 -0.0121023376625 0.000855067025837 -0.565409298661 0.00378198319409 -0.0110215831256 -0.000394130909755 -0.4130478117 0.00450485105096 0.000230651554167 -0.347349653204 -0.00531716524743 0.0225503849652
-0.454648415656 -0.00167656972518 0.0452154046347 0.0577844892265 0.0569084851188 -0.0475938358378 -0.00104112317934 -0.388937919029 -0.000737931906846 -0.01491006725 0.00781243909901 -0.00565466428346 0.0054071848632 -0.359018647815 -0.0154564420184 0.0400512361987 -0.0573489651645 -0.00402593354533 -0.542654192674 0.0928670848527 -0.0476935837692 0.00370732762617 -0.383000143105 -0.0764321792419 0.00746974578771 -0.192218047448 -0.00185579287113 0.0426507481774
-0.54066830928 -0.00661495486885 0.00142608473475 -0.0613741866238 -0.0715050684675 -0.0310556413578 -0.00273117907307 -0.49516584861 -0.030593812448 -0.0359554185938 0.0165410913985 0.00100749604315 -0.00558514706872 -0.282845278784 -0.0190270996404 0.090795723216 -0.0182993823197 -0.00224938241868 -0.436665748431 0.202668452864 -0.0488630113429 0.0020228943479 -0.343026931137 -0.0562120243239 0.00332085519765 -0.0758524869261 0.000297308294936 0.0193412179756
-0.582790009245 0.0810966446453 -0.0540060908669 0.0282879147685 0.0517051967059 0.0275566609164 -0.0152254655467 -0.540723180165 -0.00345795954501 -0.0581100532547 -0.04283108336 -0.0081817699739 -0.0116667347743 -0.137288432083 -0.14318807321 -0.093176007336 -0.0714345285504 -0.000645448247164 -0.294828921477 0.341144873963 -0.00857757581105 0.0204807436823 -0.233100397591 0.0110579692246 0.0197184171112 -0.189503237416 -0.0167060609282 -0.0248874812347
-0.463620251457 0.00828904456962 0.00355734553132 0.00603303879759 0.00208305551011 -0.00222923688177 0.00192803830387 -0.635284205919 -0.0185154516918 -0.120315520493 -0.0508276719316 0.0411757859796 0.00443603938452 -0.178436841418 -0.079327619416 -0.0393571749689 0.00615700369371 -0.0354737968106 -0.328600021727 0.317595445861 -0.0310121358605 0.0334374894719 -0.273294971326 -0.00905473244383 0.0218683422305 -0.186140915161 -0.0205157599767 0.000130603629673
-0.49489495594 0.000832911485287 0.015354252934 -0.0194979253746 0.0207150416455 -0.00667774365768 0.00630256082337 -0.62953539841 -0.0153251869131 -0.112221425436 -0.0580563860883 4.69350944099e-05 -0.00454125570592 -0.158945065369 -0.0952378141844 -0.0146115210207 -0.0188607758168 -0.0375301066514 -0.355070802338 0.305318549917 -0.0225442300456 0.0274014614338 -0.24373478238 -0.0435033942985 0.0302435413599 -0.146528985997 -0.0223382118436 0.0191195820268
-0.569967465621 -0.0832459561548 0.0037944970396 -0.0523798503564 -0.057360077529 -0.00763973044357 0.0106475761419 -0.599522806504 0.0288369961639 -0.0761776543367 -0.0339348948961 -0.0164393343585 -0.00475121069208 -0.0174012715222 -0.14649445675 -0.0536693055453 -0.0440708976361 -0.0117026155548 -0.308978327228 0.320918469394 -0.0253635301368 0.0211665460379 -0.25389653546 -0.0122430717931 0.0158953119969 0.0354283106533 -0.0444757501167 0.0105236733851