-0.00216492224779 0.00319351197077 0.0261808788774 0.00775470434405 -0.0101102990006 0.0389163460608 0.000102730057405 -0.0183705550432 -0.0971763653761 -0.0102225876557 -0.0797130595832 -0.0383047054685 -0.0352929458116 -0.0598806232019 -0.197734872892 0.0534432099139 -0.128295346941 -0.0185980206129 -0.46210165517 0.721546028899 0.0965167665013 0.0176408420303 -0.413669549011 0.00296209958108 0.0162183858955 -0.0311157721185 -0.0127161829542 -0.00256271807723
-0.62087509975 -0.0703019051745 -0.159021196386 0.0663747885183 0.17772848324 0.0686972905431 0.00684911930299 -0.422453191317 -0.113755447106 0.0153769514392 0.0161435211258 -0.00355761941343 0.0133258719053 -0.113304824939 -0.119496974193 0.0427582529202 -0.0668172850974 0.0112215998788 -0.282480502873 0.415919050821 0.0776236282348 -0.0104093829768 -0.225340198156 0.0274207032648 -0.00737659898957 -0.0670107301057 -0.0194606405121 -0.0502281011503
-0.559918571316 0.0987403960934 0.103606194458 -0.0998905024211 -0.154106620403 -0.0475228965202 -0.00821713878409 -0.435067310537 -0.0495914072716 0.0581924222766 0.0932576572188 0.00466500667318 -0.0057986160699 -0.199065707105 -0.151377798649 0.0416338529903 -0.0965092899963 0.00564196669898 -0.334503565276 0.422230664609 0.00240100931893 0.000147456009139 -0.230363931163 -0.0121272689345 0.00400076961029 0.0932999858932 0.00755562221857 -0.0167741582805
-0.505718900667 0.0749249626448 -0.137804253581 0.0894377430641 0.0622459086127 0.0325915522665 -0.0204265080895 -0.46486703087 0.076114456018 -0.0611396504767 -0.0920850168471 -0.0133019631644 -0.0402405331502 0.0420764246155 -0.0511390201133 0.0481588785854 -0.0331287725327 -0.0424882643815 -0.316332512803 0.443432718294 0.0748387792882 0.0223270627483 -0.380993630543 0.00385974386866 0.0124978770394 -0.111341896874 -0.0062885456652 0.0145996391223
-0.529454515504 -0.102015555353 0.0973473883937 -0.115604033532 -0.109378310404 -0.0524563454863 0.0347501500053 -0.479472705717 0.0583458295053 -0.053347143763 -0.147483118041 0.00446707470003 -0.0407241655238 -0.0771984323835 -0.143483613509 0.0696020414526 -0.121026499887 -0.00111515666058 -0.26903384308 0.412127423787 0.0645943260094 0.0382660089869 -0.326395914072 -0.0387400879036 0.032172196792 -0.0854864818612 -0.00900394668072 0.0238503263541
-0.234354618104 -0.0039614658924 -0.00299546762596 -0.00204842815741 0.0124037651438 0.023642484854 0.00798873359574 -0.230079137108 -0.00290307976106 0.000762658209498 0.00780582894066 0.013977374649 0.00262289969936 -0.612682337315 -0.106023797498 -0.069250222499 -0.0221238658933 -0.000251250091362 -0.451708442412 0.135901049662 0.0424647555499 0.00114426241966 -0.4689121686 0.0511575626091 0.00259535316154 -0.159509928554 0.00100332248238 -0.164002881657
-0.602605987297 -0.054903331233 -0.0521587881171 -0.0311253721018 0.067146189533 0.0305616300581 -0.00343517485723 -0.659712244786 -0.102213203564 0.0115281531782 0.0648953940295 0.0142618606049 -0.0118489535795 -0.192540922336 -0.133512326729 0.0744114719985 -0.0486064162919 0.0133952392617 -0.184025740672 0.250355945528 0.00648270641553 -0.0122126724179 -0.115001158821 -0.0090927388684 -0.0173132256681 0.0194109489384 -0.000300576273249 0.0256135830919
-0.648003145628 0.0648351924969 0.0499857934885 -0.0185845098477 -0.0905583819443 0.0031949167351 0.00869105948507 -0.630454341119 -0.0638568568004 0.0302006647012 0.0303377456099 0.0244386281392 -0.0182492785263 -0.0796399971578 -0.160827026927 0.0632076219378 -0.0372263347029 0.0117167239556 -0.214266945495 0.21110948302 0.031954280186 -0.0136531540275 -0.137711897415 0.0408983676168 -0.0164204790542 0.0882501512516 0.0157069091146 0.045736617709
-0.286132663989 0.00760236661846 0.0185716539264 -0.000945929044466 -0.0038207993785 -0.0182280922418 -0.0106853502803 -0.285364950386 -0.0183629089864 -0.00142447719086 0.00123937369832 0.0174454732129 0.0095015989624 -0.232572894971 -0.0213375768208 -0.0141620457763 -0.0534665510438 0.00346431447241 -0.556293017451 0.093890218038 0.00822106128632 -0.000408184233447 -0.651489859417 0.00877786609711 0.000681374082672 -0.110749561238 0.0307033309527 -0.146316376417
-0.544500287339 -0.0378515917416 -0.0875336189412 0.00509393302107 0.0289364484639 0.0342363459137 0.00930988370469 -0.457279727841 -0.0394415740801 0.00584120947828 -0.0131248865736 0.00705958877306 0.000659907260504 -0.0511718676042 -0.10925214214 -0.0607439722308 -0.0261417383943 0.00267723904659 -0.375048104394 0.150356285154 0.0449285700741 -0.00563414803334 -0.52732270956 0.0349241131382 0.000212592048487 -0.0578540290829 4.05345454756e-05 -0.120399285804
-0.593344261774 0.000410902721689 0.00116552919174 -0.0155528477449 -0.0160810187314 0.000181066610313 0.0108625455879 -0.592299516928 -0.00797070452575 0.00509593099643 0.0104323548015 -0.0167793422652 0.0114688071793 -0.246106755848 0.0733833796231 0.285126123979 0.00477117171522 0.00616262004549 -0.157609026507 0.222917275858 0.0450337553478 0.00119656119085 -0.243367587667 -0.0471237314386 0.00979007166304 -0.0165801573067 -0.0339966260947 0.0950997939317
-0.56799074876 0.036848258238 0.0602616838792 -0.0235385333154 -0.0319042116392 -0.00142820951637 -0.000861330061037 -0.648362896367 -0.00581526742312 0.00904853789719 0.0948440105885 -0.038723774305 0.00777019012173 -0.254123320425 -0.0440657348586 0.0727481170714 -0.0266465333984 0.00422831879061 -0.218781930303 0.290754895806 -0.0454689237078 0.00781426135029 -0.148194304375 -0.0898551435631 0.00541357054739 -0.0312105324164 -0.0287629430591 0.0289447111034
-0.633179293927 0.0263434515642 0.0595961067737 -0.057527484249 -0.0599848608099 -0.039398181322 0.00151868452331 -0.525097582564 -0.0223809136635 0.01994400434 0.0278163348881 -0.0252397387281 -0.00299043095037 -0.0791996809139 -0.0609056382682 -0.00360412482032 -0.0551537178656 -0.000446526325412 -0.30599577027 0.310609567011 0.00117804627565 -0.00411911245376 -0.294228805798 -0.0159913116418 0.00294727751697 0.134722166014 0.00857852579101 0.0102169357969
-0.575845086632 -0.0587248203287 -0.0948905445526 0.0241006805774 0.0398111651171 0.00724953195946 0.00941700244561 -0.47425014554 -0.0537233723691 -0.0311139314636 -0.0240354801357 0.00489996632317 0.0102682690336 0.04968272309 -0.0412543735097 -0.0433656330173 -0.00341282156188 -0.0137012491293 -0.347505755266 0.136119522029 0.0295191769414 -0.0038194807147 -0.526011318291 0.0208773230818 0.000550568448448 -0.0171516525306 -0.00230981740027 -0.0178718198367
-0.596091582467 -0.0193076163133 -0.00188217655683 -0.0444853803131 -0.045910619506 0.00369240104467 0.00292312971075 -0.561579530916 0.0060752775661 0.000234622436189 -0.0414503781265 0.00444519810831 -0.0140284055246 -0.268958854453 0.0851873646186 0.269959655592 0.0108663078628 -0.00541985627732 -0.169187519259 0.255778024663 0.0512888949958 0.00217261933002 -0.241642724889 -0.0366238957713 -0.00727822824195 -0.0416047566029 0.00791902173275 0.109378709101
-0.463728082335 -0.00937526545536 -0.0117118994304 -0.0183217983791 -0.00993832956634 -0.024748296636 0.00677522881881 -0.682806136959 -0.0426974092785 -0.0168340848177 -0.11046320239 0.0463210279733 -0.00292044411484 -0.236170604171 -0.0476290094866 0.215564103724 -0.0474639863565 0.010554569206 -0.242937318229 0.202009264328 -0.0271445445992 0.0129918264741 -0.24981292496 -0.134926557491 0.0195479537593 -0.103924973242 0.00183623350948 0.0393032533111
-0.688725326846 -0.0169306389777 0.10761735846 -0.0618476992496 -0.0598668646734 -0.0256777499788 -0.00807584350764 -0.481938240707 -0.0129599546405 -0.00578856522481 -0.0484005379678 -0.0124390031155 0.00148402993053 0.0219850640261 -0.0360265870192 -0.00464811019055 -0.0361745700512 0.0031033605814 -0.256739936241 0.237132867698 0.0213799196005 -0.000473101032839 -0.379643914546 0.0174040692115 0.00417594550701 -0.00226085771915 -0.016682046221 -0.0151987919362
-0.404163150892 0.0473294570626 -0.0587253815409 0.00886588906047 0.00309800297266 0.0127557037041 -0.0152070891017 -0.418990540431 0.0648388766835 -0.000727183032002 -0.011150481102 -0.0280313391841 -0.00152042784471 -0.0473295298305 -0.0609394459477 -0.0317317612234 -0.0375854844616 -0.0304357382963 -0.537829614433 0.0230005465656 -0.0182844655351 0.018002730469 -0.561016495461 -0.0163526413152 0.00916953272587 -0.148337199084 -0.0269854203522 -0.110635751934
-0.519234188243 -0.0114001094511 -0.0124756073686 -0.00668569669844 -0.0341651115387 0.021855247706 -0.0120958243979 -0.720909293333 0.106986998308 -0.0551910830637 -0.0779821219134 -0.014451241145 -0.0133888503941 0.0162618307708 -0.0427189937044 0.0476829865175 -0.017950944078 -0.0416693412237 -0.192504321784 0.250471767376 0.0596068899197 0.0301315696892 -0.260098971887 0.0145374324164 0.0201447355489 -0.0924488651719 -0.00869984111237 0.00591050374939
-0.490637316414 -0.0312087804651 0.00910635819945 -0.0136250589547 0.00802728646162 -0.0156449497758 -0.00117906395934 -0.716302758268 0.124668856301 -0.0255830614165 -0.0426481008202 -0.0484671425092 -0.0136458807265 -0.0951483521427 -0.13854277892 0.0542172561166 -0.0705001584123 -0.0247062283087 -0.179564468616 0.215271922335 0.0756290465408 0.0459854707863 -0.296442129757 0.0392595220461 0.0213983178709 -0.102104240843 0.0183252029099 -0.0159922817133
-0.505270243229 -0.0428018701809 0.0614169674376 -0.0160194976978 -0.0247099133541 -0.026734910516 0.0286843515329 -0.496336590603 0.0689454918603 -0.00198585109402 -0.011146493854 -0.0255613150583 -0.0184068061057 -0.136362550893 -0.10941824633 -0.0167889307846 -0.0671292419534 0.00439891854542 -0.383170932615 0.196684546759 0.0530534378468 0.00398111365174 -0.494700475427 0.0327782330122 0.00121876052907 -0.121242460181 -0.0115718253056 0.0110123587676