-0.0107711482115 0.0268497492523 0.00155968656516 -0.0510592950971 0.106812421753 0.0881252734201 0.0200123500865 -0.133020980045 0.197750107591 0.293650121309 -0.394917726465 0.00829237927983 0.0316724193673 -0.128754696571 -0.464668557169 0.121238743291 0.0921381820499 -0.0103205552729 -0.242810274776 -0.277649220202 -0.347321995032 -0.0115974923601 -0.181032464463 -0.343418053523 0.0256343243721 -0.113745623999 -0.00296876010045 -0.0010046297779
-0.642664510156 -0.0879334294263 -0.020071422879 0.0168653459317 -0.237738067526 0.0642202519894 -0.00462693949102 -0.596519476646 0.0751443640744 0.159862012039 -0.124939661691 0.0349970893289 -0.00130253424051 -0.0501061151818 -0.0886780911729 0.0342646215141 0.0708923057368 0.00156184484266 -0.167200980461 -0.101724949603 -0.0985665133536 -0.0267496160901 -0.0521220978858 -0.139701267393 0.0101555502208 -0.161920680037 -0.0108716257962 0.00622814405515
-0.615940150044 0.158412996548 0.0033090974872 -0.0107296278997 0.23477127003 -0.0698642567325 0.00782213844041 -0.612353355919 0.0590853550877 -0.0342934717034 -0.228274545787 0.0629855845569 0.00574771796433 -0.0183654872597 -0.177981810678 0.056646968988 0.0324210308902 -0.00856348745241 -0.162881719747 -0.0350861473132 -0.0751110897228 -0.00223533502796 -0.0472458131817 -0.147576663467 0.0132372235197 -0.0732308745435 0.0120735808327 -0.0115271784066
-0.579372869334 0.0300032581587 0.053290771504 0.1396287218 -0.204775082121 -0.00698389273537 0.00222390934379 -0.467029795884 0.0201790160932 -0.00603930120207 0.0750491215496 -0.0328440484996 0.00141362471294 -0.251306599482 -0.190033024316 0.10951829898 -0.0126476356284 -0.00271830958667 -0.185605222288 -0.15831844059 -0.113745535809 -0.0011252048763 -0.406462112759 -0.0728223313305 0.000296436486253 -0.138766887312 -0.00380780178378 0.0127577690559
-0.654585349746 -0.0715855952612 -0.118769172935 0.0449815645298 0.257339585027 -0.0209963075507 0.00256089444298 -0.555803593317 -0.0190479250941 0.0810117109083 0.101347538817 -0.0724740920412 0.010003478882 0.0317596195923 -0.19787484631 0.0684378690369 0.015878575265 -0.00626377595438 -0.00998882355468 -0.0470313775842 -0.151123322503 0.00258556929434 -0.258414223379 -0.0546994376852 0.00737101871826 0.108640496257 -0.00213816559307 -0.0141156625935
-0.426712903819 -0.0265066054343 0.0446611008459 0.057486323629 -0.0300063111889 0.0261531273011 -0.00278618559006 -0.422481140067 0.0460105858312 0.0509205467957 -0.0334987699338 0.00711507021487 -0.000591967671889 -0.414221353018 -0.0761453332213 0.0128288824231 -0.00322717427492 -0.00351985379493 -0.352985642046 -0.0974304321284 -0.0121763875355 -0.00813319694711 -0.23649415733 -0.0765037120404 -0.00154522667213 -0.502262913574 -0.00242016634315 0.00440132823314
-0.613826922115 0.0305612320635 -0.0386098381793 -0.0468715427987 -0.00668324820943 -0.0012208322253 -0.00155058658098 -0.74060624828 -0.023713914707 0.13415622747 0.0613355599834 0.0182047816599 -2.00466970656e-05 0.165548984848 -0.0398224049805 0.0127705351826 0.0533772087671 -0.0015116220772 -0.0788013516778 0.00156456180514 -0.0261142938198 -0.0190575412346 -0.0498053879444 -0.0129985394273 0.0110556324905 -0.0695246920549 -0.00987309745359 -0.020688489975
-0.61109978971 0.0854463672522 0.0109253288894 0.00639124813663 0.0746396142832 -0.0388822477168 0.0090159833285 -0.705953593297 -0.0272832815567 0.0325127569824 -0.112934633666 0.0469650362598 0.000294924496988 -0.0454410019772 -0.087628396383 0.054772077344 0.0305942271099 -0.00961098896509 -0.132395038718 -0.147797959832 -0.0328523014445 -0.00479339578689 -0.14145894633 -0.084549160203 0.017542366479 -0.122195396586 0.0110449356652 -0.0056615350815
-0.352316915705 -0.00276422989798 0.0250473607992 0.00911907482463 0.00551109627688 0.0175021057796 -0.00264400563915 -0.358927594067 0.0326379484707 -0.0112022800832 -0.0364503126431 -0.00149014512093 0.00395525350589 -0.255274584863 -0.0429614694398 0.0186272514494 -0.0241876168301 -0.00202662444693 -0.66146941582 0.0619048962956 -0.012464874859 -0.00116902500405 -0.356176172989 -0.023177593162 -0.00261786673861 -0.326255357607 0.00718640658509 -0.00820426712299
-0.687235194504 -0.0789963018657 0.0153744012669 0.0599431687169 -0.121627680202 0.0405505947024 -0.00387206193503 -0.530272009954 0.0159157150085 0.0424894235835 -0.0478551828396 -0.000629446175875 0.00664070782022 -0.197949194853 -0.0589052440417 0.057047787667 0.0245092171904 0.00115181244871 -0.231339835793 -0.207904169981 -0.0750399660304 -0.00909573359194 -0.208664839479 -0.126766955165 0.0030122968574 -0.0807032863663 -0.00678374845979 0.0214086041631
-0.65117872049 -0.0597048737359 0.0210691099219 -0.0387921878231 -0.0828372050523 -0.0249089269042 0.00990662556819 -0.670385605116 0.0393172119879 0.0121007894486 -0.113475385258 -0.014579824422 -0.000497039329505 -0.153016672018 -0.147476679589 0.0840737284533 0.0264147348999 0.0139928826753 -0.0830908541822 0.0546265479054 -0.151993063085 -0.0111159082687 -0.100331747787 -0.0244140034551 -0.00852296630252 -0.0411738323648 0.00103688195154 -0.00177124235675
-0.636026942595 0.0675725985503 -0.000154294931075 0.0780330800813 0.0225114010925 -0.00609738660866 -0.00060438294021 -0.696925874411 0.0501254097134 -0.0517530890529 -0.0930419403879 0.00378429147815 -0.000737160854849 0.129264339908 -0.0895922796721 0.0712188776462 0.0137008073042 -0.000542630000508 -0.0434668550601 0.117059100066 -0.0627381008939 0.00429588530438 -0.143583347092 0.00172582930175 0.00355589994653 0.120471072483 0.00171206950798 -0.00331412322474
-0.673026699805 0.0563406502995 0.030149156701 -0.0382614818613 0.11554432876 -0.0356154013583 7.40467396298e-05 -0.530375745927 0.0161364100976 0.0628981887857 -0.0155670570738 0.0229234436375 0.00263765514579 -0.0666945276882 -0.111910293951 0.0559179538791 -0.0249516964721 -0.00900132408229 -0.304363984275 -0.226801861997 -0.024164860044 -0.00429790208455 -0.194761464598 -0.0649180714938 0.000298301430545 -0.180144583538 0.0209219593992 -0.00783876534933
-0.751375102471 0.0375807846193 0.00272267589202 0.126626876648 -0.0647573746966 0.0317992446934 0.00723864219269 -0.600859786927 0.0178317660174 -0.0311875386166 0.000670211550214 -0.0181083140452 0.00477068780822 -0.0576738291457 -0.0432611976031 0.100370986713 -0.0018122901878 -0.00753859902073 -0.0776331473233 -0.0754356352339 -0.00439120696959 0.000303508864143 -0.13970685813 -0.0428899218172 0.000193683603353 -0.032018370092 0.00488127450293 0.0239657453804
-0.52089146744 0.0409098304031 0.0514463975427 -0.0311447618908 -0.0686581880394 0.00893462203511 -0.00557323497954 -0.506328724977 -0.0497078485041 0.0429915666597 0.0245376842611 -0.000284455077795 0.00452346681979 -0.276248977374 -0.130824863476 0.0129754296572 0.0168654162903 -0.00855070830034 -0.256651456282 0.132479678934 -0.168726354334 0.000655477562126 -0.480360802918 -0.0232093080448 0.00285130777604 -0.14096868407 0.0139909798637 0.00638038621666
-0.673150925456 -0.0026126510202 -0.00969886557662 0.0973490312377 -0.0356566471866 -0.0123839418859 -0.0018880638923 -0.612903415766 -0.0131510830256 0.00198669188082 0.0592216943285 -0.00907748555558 0.00345426837455 0.0778164039564 -0.0866735199739 0.137197425754 -0.00160336487984 0.000840110909387 -0.058276505192 0.103128858242 -0.056046796626 -0.00129281669091 -0.276405120873 0.0107956957702 -0.00394315289963 0.173533727994 0.00422114704722 0.0141546900095
-0.734643860703 0.0383309366271 -0.00731923719259 -0.0532440345676 0.131014930599 -0.00315763036405 -0.00190383561737 -0.603018864245 -0.00378807822921 -0.00487178300218 -0.0466629075095 -0.00198593317334 -0.00296557835025 0.0155224304135 -0.0697703121529 0.029665320423 -0.00530676774839 -0.00685109830474 -0.124222318515 -0.135201843707 -0.0798602047973 -0.00713032551206 -0.14818759277 -0.0644867608161 0.00969401870035 -0.0103698447413 0.0194324707244 0.00130702114206
-0.639222640269 0.034252264266 -0.0182319016771 0.0904021441421 -0.0720659710409 0.0279484917288 -0.00280401015698 -0.470117464036 -0.0335526120209 -0.0583828670109 -0.0159931444488 -0.00906182098017 -9.05501301778e-05 -0.194162924133 -0.164952701518 0.0492919531501 -0.0125403076732 0.00551172911409 -0.238991340566 -0.284565972228 -0.0203693768358 0.00188699315513 -0.35387376959 -0.0606801093814 0.00419154191646 -0.121323328632 -0.00820478899558 0.00995176588898
-0.496226578462 -0.0138389106711 0.0215239121186 -0.0174908863124 -0.0504990567605 -0.00578449046617 0.000621845852469 -0.523936542662 0.0408896155734 -0.0679692558316 -0.0189665699215 -0.0214528499081 0.00825349144764 -0.176951674141 -0.12629551825 0.0086750216723 -0.0299084145511 0.00324258267122 -0.320784949735 -0.0891325028469 -0.126885703027 -0.00296985645591 -0.5285137155 0.0265185622398 0.00315736317774 -0.113107033263 -0.01896041648 -0.0115466343838
-0.57876795376 -0.0218110229996 -0.0223239257749 0.00440866437054 0.0587122090119 -0.0011311895126 -0.000364587480973 -0.627449475075 -0.00866014711449 0.00506323979442 0.122669129513 -0.0370745202466 0.0123213418198 -0.0874741428363 -0.0945813559363 0.114419373855 0.00229200558059 0.00374210525515 -0.0986169566091 -0.0292523024263 -0.138400664766 0.00313557422403 -0.434788849467 0.0029141035729 0.00585607739155 0.0291639904996 -0.0114039672779 -0.0264456476167
-0.621235259504 -0.0600555534101 -0.0173536065848 -0.0404544822302 0.0785594087615 -0.00412304338001 0.00308968303805 -0.66146470976 -0.000765393056875 -0.0663721436407 0.0612973711029 -0.065717652616 0.00955014469623 -0.128963955956 -0.136563597942 0.03284673354 -0.00693869136376 -0.00479826276679 -0.160880313395 -0.179638114761 -0.0473794160129 0.00267767262736 -0.224814890142 -0.0275536803072 -7.28087476628e-05 -0.0557890400063 -0.0159208947168 -0.0267004244161