-0.000518271267178 0.000269227316526 -0.0138443855843 -0.00785463638622 -0.00691084309649 0.00339552144355 0.00493898103556 -0.00902182729015 -0.043732441893 0.0330945899375 0.0520624131614 0.0225120214582 -0.0253077831864 -0.0444624839161 0.141056447254 -0.00301058129624 -0.119826754441 -0.00218278793502 -0.492275993531 0.707346915216 -0.104207371178 0.000543054706229 -0.447912264009 -0.0291401583274 0.00429991117857 -0.0374611573285 0.00613262765173 -0.000891056919662
-0.490268483963 -0.0765228808812 -0.110468014151 -0.115173013493 -0.0384594503098 0.0486794963383 0.0143960741564 -0.44478571262 -0.145152082595 -0.0582307869449 0.0552198935053 0.0490837533435 0.0136477971808 -0.162457237858 0.119676482461 0.0127012263203 -0.0749349912612 0.00113224842669 -0.309516556523 0.5331156807 -0.0498368772848 -0.00668425414902 -0.249004058335 -0.0104164895276 0.00656188943479 -0.00304773773543 0.0291557943686 -0.0653465233892
-0.482803721773 0.0860945594112 0.149471708913 0.0703621784683 0.036691561874 -0.0398745999208 0.00245333778987 -0.469413648587 -0.173006105873 -0.0245816154765 0.037022944012 0.0441419240461 -0.00252670724597 -0.103042346275 0.0828119380327 0.0094733038755 -0.0666635673863 0.0202697457259 -0.328677122155 0.524268026842 -0.0759867294854 0.00532941990729 -0.226828993173 -0.0295313137762 0.0167947800677 -0.0927149706674 0.0506572365742 0.0129344983849
-0.426070390956 0.0627315428794 -0.10326166918 -0.0729527292223 -0.0334644010293 0.0301784633517 -0.00237028696979 -0.438533189153 0.127158568634 0.0469720267059 -0.0169223998206 -0.0485951390638 -0.0172143333207 -0.0082913199283 0.0709425919779 -0.0109555001857 -0.0736841909448 -0.016534239188 -0.469614838556 0.377119308316 -0.0725784412158 0.00195245352864 -0.448317552554 -0.0344827034083 -0.00169123579454 -0.0353123218777 -0.014038702956 -0.0172857147931
-0.422281916668 -0.0626350822882 0.0961899413193 0.0529377899169 0.00994724310672 -0.0284758530439 0.0016047184365 -0.474847583576 0.151304853278 0.0602454366725 -0.00832009644418 -0.0491571562061 -0.00710912165406 -0.0455516932648 0.0637705008363 -0.00135605967376 -0.0660304439409 -0.00795803555324 -0.353432431747 0.425254655027 -0.0758851304263 0.0047835109574 -0.472102337936 -0.0369080352189 -0.0105707586894 -0.00818236794504 -0.038426097992 0.0473929220675
-0.218775906813 -0.00280425913907 -0.00741550423256 -0.000683976540483 0.00609308055077 0.0142064581709 0.00734690912052 -0.220492961515 -0.00766252323802 -0.000503801742094 0.0062321245192 0.0134082269593 0.00827509322773 -0.307737817107 0.0388020648358 -0.0271958761584 -0.037576453541 -0.00579544617304 -0.667005899979 0.0184265655137 0.00524901881673 0.000461770034433 -0.534265037634 0.0456557992392 -0.000174177803329 -0.175139297512 0.013699071518 -0.201928357385
-0.477435154593 -0.0401661562847 -0.0172822056392 -0.0221616954081 0.00432639835926 -0.000428119936617 0.0030628204547 -0.673285465929 -0.0868099730744 -0.0647950625367 -0.0133867263993 0.0273403620578 0.011504254185 -0.214338515789 0.0995459595211 0.0871362682166 -0.0733183842728 0.00703535105774 -0.208538760785 0.409696271738 -0.0283872716304 0.00603288019267 -0.135680298838 0.00806425410489 0.0173740138085 -0.0218989294651 0.0281417725305 -0.0491942318149
-0.516403921984 0.0317167912571 0.0578108915006 -0.0142439207233 -0.00922012949375 0.00589838779501 -0.000389382257256 -0.729205096681 -0.111762470096 -0.0487882290691 -0.0251966824342 0.0269579767748 0.0101976395726 -0.12620926392 0.0730194703042 0.0593324407629 -0.0692500110805 0.00810350100274 -0.117551940165 0.355769768854 -0.0453829274849 -0.00538514218466 -0.0687531272049 0.00808103735521 0.0184723806929 -0.0390367836683 0.0407432371307 -0.0118527436327
-0.322880017668 0.013981299535 0.0282728539738 0.00107881620798 -0.00755215912485 -0.0171237878612 -0.0186540787422 -0.326514008551 -0.0312980660131 0.000679393773674 0.00892768239668 0.016439977377 0.0183517475099 -0.221175083689 0.036823400718 -0.0485616227451 -0.0390926627645 -0.00494352351173 -0.679641416649 0.0297299762197 -0.0126707459785 0.000474086001444 -0.483057008538 0.0210200210065 0.00705159709669 -0.139488558175 0.044735475099 -0.115497740689
-0.477758374289 -0.0275301714958 -0.0906657770458 -0.0323968039465 0.0161757952684 0.0280621575023 0.0041238198449 -0.368028823362 -0.0201058316378 -0.0142332629166 -0.0337758154611 0.00839250668244 0.00488510188527 -0.0417179632696 0.0782828740859 -0.00922740321292 -0.036721377295 0.00517626348407 -0.57848847986 0.0673253607595 0.0014373258922 0.00405869528364 -0.517434126242 0.0384939580522 0.00489936936609 -0.052045462974 0.00166364548771 -0.0536784152969
-0.613484243968 0.0735380023319 0.0081379105771 -0.0322418606443 -0.0655492850894 -0.00852788790667 0.00197585374496 -0.58119797559 0.0125252328032 0.00327294392152 0.0703382659271 0.00716021823277 0.00361685875271 -0.325135132163 -0.0548069814561 -0.0387411537393 0.0459190412239 -0.00398929730313 -0.117677525489 0.340866822935 0.0107573874591 -0.00698170779179 -0.0817985640741 -0.0108312644036 -0.00506617092165 0.112560761066 0.0178241971011 0.0861008773839
-0.53847266357 -0.0236605937226 0.0625638152293 0.00219048768672 0.0234090814309 -0.0489267320386 -0.00343126376747 -0.545064934538 0.0587590497749 0.00760127084597 0.0516985551369 0.015089932311 -0.00303859452311 -0.467111092215 -0.111025259312 0.00190866743203 -0.00201850833898 -0.0033761156814 -0.174462284734 0.335110013076 -0.064991908791 0.00165598660276 -0.0597478857509 -0.0580942209234 0.0035279891122 -0.0868697076691 -0.00117657671664 0.084219737554
-0.476384093158 0.0257496130984 0.0995535783935 0.0242222191331 -0.0142810250051 -0.00731991556703 -0.0031688254433 -0.351826689142 -0.0155804191668 -0.0269610195699 -0.0214657235994 0.0179557036177 -0.00409198251117 -0.0157634166854 0.0390848176236 -0.0274031092936 -0.0199476862818 0.014810182216 -0.643663694362 0.0748201344696 0.00367890646784 0.00152767657353 -0.458633759468 0.0229305660504 0.00640424731463 -0.0132157839954 0.0372630187625 0.023286377216
-0.638113566743 -0.0340858769577 -0.1249001956 -0.00135502141046 -0.00960817779449 0.0236324759526 0.00663737617955 -0.459714518611 -0.0237357147116 -0.0120203360329 -0.0112801894814 -0.00577250349478 -0.00565850808366 0.00270386634755 0.0734141116011 0.00396664807965 -0.0429077313365 -0.0066388098956 -0.418516030898 0.167682832072 -0.0287311493152 0.0023455375486 -0.388165642588 -0.00174350003156 -0.000642610211967 0.0286665790926 0.00809514924709 -0.0122166201163
-0.592866544077 -0.0314161478593 0.0403536697897 -0.0469615079828 -0.026288699787 0.0292929846711 0.00221449959591 -0.576227437805 -0.0162748470736 -0.00589185881436 -0.045426880491 0.0328996955827 -0.00794804865932 -0.329761002629 -0.055321408593 -0.00799142996764 0.038048641387 0.000157872806278 -0.248514553343 0.293767353572 -0.0554232653706 0.00846439971879 -0.159577133047 -0.0572585811355 0.0111337555508 -0.0585053953916 -0.0114513337858 0.098233025149
-0.580448594536 0.016519798276 -0.027747748434 0.00287786644519 0.00699641116388 -0.0179247762942 -0.00606302207493 -0.6165118921 0.0322089576096 -0.0246681650883 -0.025172587784 0.0368228397664 0.00963811240544 -0.290353700309 -0.056500716827 -0.0344935892016 0.0335121225937 0.00222907679698 -0.115809157217 0.327343551789 -0.0172793094109 0.0140392634766 -0.233314559237 -0.0455027923309 0.00494863096856 0.0544818042062 -0.00699509536485 0.0859152048925
-0.62480929748 -0.0119517641246 0.127374822484 0.0101536623419 -0.00704834454351 -0.00796050665249 0.00040671838712 -0.491011272438 0.0170029196768 -0.0324096593946 -0.0194400126572 0.00210869518724 -0.000753874164231 -0.0310992451054 0.0536419741376 0.00722867554414 -0.0186401334574 0.0100022675158 -0.327380824463 0.301941336443 -0.0585575214749 0.00236309121658 -0.367134520175 -0.00216215788972 0.000646260829586 -0.00858665425502 -0.0237665979889 0.0930494805021
-0.410333312011 0.0336267648701 -0.0478785418553 0.00147525128753 0.00103383103552 0.0145773528873 -0.00771760425957 -0.436876643928 0.0598719178942 0.0140324191702 -0.00614835330135 -0.0297195599706 0.0044586685705 -0.0958932444835 0.0879194451538 -0.00466044077391 -0.0497902193111 0.00328451448252 -0.552552489998 0.0974142245887 -0.0121339397615 -0.0100509453543 -0.508489289338 0.0167281505351 -0.0107621414177 -0.101775516011 -0.0268728493973 -0.166787552327
-0.472630339291 0.0289853517842 0.0012319096697 -0.0208708289152 -0.0297809610721 0.0137453109574 -0.000655829360507 -0.678060845656 0.112674123215 0.0672571621717 0.0131559963767 -0.0292638793947 0.00287879086013 0.0183540246155 0.0297260312736 1.85250873973e-05 -0.0404209639373 -0.0179616384348 -0.270396092724 0.279313722512 -0.0436814417488 -0.00282985379229 -0.37177747938 -0.00906584214218 -0.0222452191204 -0.0161271983044 -0.0238871322063 -0.0198575023955
-0.498041192926 -0.0366873591619 0.0246694492083 0.00177486089474 0.0113564414908 -0.00148552779443 -0.000938274947402 -0.695787909376 0.111044426302 0.0807475116615 0.00630993125109 -0.0235476483674 -0.0041785143341 0.0173208606775 0.0423626231538 0.00405748824871 -0.0441888934693 -0.0194974510092 -0.312661345843 0.24189977462 -0.04296737616 -0.0149136948058 -0.28457169611 -0.0170373723403 -0.0206644074692 -0.0241146944094 -0.0347356611223 0.00317495377753
-0.405633322839 -0.0325245604138 0.0466145712621 0.00634464814185 -0.00983170048193 -0.0152915371771 0.00643689815829 -0.433477432604 0.0550088249287 0.0213921312013 0.00885850533833 -0.0330901902054 -0.00152770560322 -0.135852713513 0.120702206138 0.00662621025928 -0.0634604597842 -0.00467813762472 -0.563350568176 0.188019204569 -0.0305902812936 -0.00691087031104 -0.476440222998 0.0129238704874 -0.0206372980582 -0.100040087004 -0.0544451523975 -0.0887665283893