-0.00346264401347 0.00154676415566 0.015861368849 -0.0229055986987 0.00693193901662 0.0112419755872 0.0733804314518 -0.00415828121415 0.0326372148403 0.00736480308386 -0.000504200329037 0.0539496725931 -0.0506898658214 -0.354371990165 0.35807211624 0.218869048856 0.68471695474 -0.0231538884241 -0.142261274153 0.257715803345 0.17401714798 -0.0383609835327 -0.0728117419396 -0.0996105423111 -0.0999811077712 -0.267947910165 -0.0196584455081 -0.012215447316
-0.625388415043 -0.123989839314 0.164127402072 0.0757522626704 0.133255848608 0.0454746912738 -0.0330999581478 -0.574235126865 0.123004043619 0.0684261758511 0.118235994185 0.0319777208216 -0.0284571648693 -0.169728418113 0.134771788074 0.0444381724841 0.242257744312 -0.00736304746428 -0.123404175331 0.0882097573729 0.0789663974082 -0.027409099828 -0.0616629792098 -0.0595593087762 -0.0403366808984 -0.155781934839 -0.0193452815234 -0.0569589810323
-0.618238492679 0.124079326237 -0.152077511183 -0.071810780103 -0.126774607063 -0.046533075673 0.0735656623181 -0.561776960166 0.129828151211 0.0511946101046 0.120158344088 0.0334732936521 -0.00421593522173 -0.171946745545 0.136968153504 0.0748292280895 0.242211084898 0.0170957089442 -0.115556641852 0.0816601664257 0.0769122433765 -0.016158226635 -0.0690195525031 -0.052479986492 -0.126864727654 -0.18118203824 0.0260857713143 -0.0600349063359
-0.609466004299 0.125054723839 0.16117917456 0.00149274400942 0.144454147035 0.0624724255442 -0.0319419622074 -0.618992118842 -0.138848209451 -0.113753599863 -0.110555726562 -0.0531555082484 -0.0318783231915 -0.174247357242 0.110480998087 0.0581678176926 0.253208036673 -0.0148183506371 0.0114596215853 0.0865810926014 0.0297743177915 -0.0199334589214 -0.0541777421009 -0.0238670634913 0.0502508898381 -0.0595589692491 -0.0231970987621 0.0198687865264
-0.614074749003 -0.126592841174 -0.156815518469 -0.0402129148521 -0.127988372942 -0.0569639295717 0.0605512196965 -0.614729968962 -0.152481406323 -0.0898293800812 -0.117104029886 -0.0425095475186 -0.0497793840313 -0.159996169286 0.111750979806 0.0452182079188 0.255202079928 -0.00938241327163 -0.0434865650797 0.0957901951755 0.0683925829835 -0.00139940199063 -0.0484057997856 -0.0421028111623 -0.0313993382843 -0.0547631293925 -0.0087974014559 0.0300395012411
-0.354323440785 -0.018089591255 -0.00101385826429 0.00969190276515 0.0307220701498 -0.01479947458 -0.0135769460126 -0.350851434602 0.00207487104095 -0.000563483921228 0.0268774975407 -0.0133222841583 -0.0159771802122 -0.553568833444 0.0128370077329 -0.191101603099 0.0356132432489 0.00311419584976 -0.606544066132 -0.0752767195333 -0.00819021954389 0.000664034836376 -0.051285726154 -0.0668886658675 -0.0111027933349 -0.117973965886 0.0109652161787 -0.0955637851508
-0.615092950658 -0.0579004840546 0.0557059809137 0.04635479689 0.0191293784398 0.0204026232745 -0.00711120239436 -0.681834270701 0.0755584178521 0.0163435867536 0.0978857517605 0.00349860963388 -0.0306561256566 -0.201279101999 0.0829692499419 -0.0095096808479 0.165932736463 -0.00378641616535 -0.124888979733 0.0470637665083 0.0588336299566 -0.0272713848888 -0.0816763062799 -0.0350203512152 -0.0644359739541 -0.13873363497 0.00271762526495 -0.0495867070612
-0.600797738421 0.0529530807193 -0.048442570787 -0.0425844993078 -0.0212309746489 -0.0208850804964 0.00259450816398 -0.674141983095 0.0634044658421 0.0226715946713 0.0998860172226 0.00399661611446 -0.0309417154834 -0.238562746043 0.115734801631 0.00204860148612 0.145656360098 0.0115191044279 -0.127615209575 0.0476049882418 0.0735295540873 -0.0160271255892 -0.0701955828445 -0.0348471589577 -0.0651798175304 -0.155684879674 0.012927983596 -0.102773226624
-0.352923881242 0.0127045712159 0.0100595128624 -0.0208222529239 -0.0212136551088 0.00890340882409 0.0328763839688 -0.339213523772 0.00462243045074 -0.00479924211887 0.0285445438442 -0.0152914974629 0.00593101753568 -0.532789793285 0.00746855040989 -0.181584600925 0.0334308676158 0.0108948108199 -0.627651636385 -0.0801043221092 -0.00233618646868 -0.0120731658651 -0.062131886684 -0.0685779689974 -0.0566206406039 -0.145842822428 0.037442833228 -0.0621174709288
-0.570438468081 -0.0166207423506 0.0409575083242 0.0319230114926 0.090565168281 -0.0209764476206 -0.043870652389 -0.498537674509 0.026916554861 0.032777102333 0.012877324144 0.00959292181178 -0.0022308057426 -0.532127712031 0.12315022182 -0.134390100863 0.0982488736209 -0.00850938609323 -0.143480041852 0.0276867865777 0.0326856970621 -0.0125352088358 -0.0949401868707 -0.0666964645665 0.00802538498411 -0.198891193196 -0.0202250667349 -0.0909687589212
-0.651864869312 -0.0463923242818 0.0949234091824 0.0314539872811 -0.0524591427528 0.0213839519388 0.00959972866073 -0.628174512748 0.049792563059 0.0493519874403 -0.0125441097519 0.0313093431817 -0.00868514273524 -0.0976418771788 -0.0386011459999 0.117176436998 0.0749572210253 0.00983456833108 0.0539235664585 0.113905576928 0.00730277435528 -0.00578831968123 -0.323541735372 -0.0268724069834 0.00264283224843 0.0109655109264 -0.0158674901016 0.0816608375518
-0.643689793244 0.0372665496322 -0.079034625059 -0.0384626519972 -0.01037990719 -0.0134545337455 0.00985929803869 -0.620707294488 0.0659257974275 -0.000141355210223 -0.0122762465034 0.0259278387035 0.00288544573669 -0.112805479815 -0.0361419376243 0.152794827981 0.0764498263828 0.00498663113404 0.016533012407 0.0986963973593 -0.00181688551129 -0.0126067885593 -0.357262320237 -0.0206015650875 0.0054401174904 0.015594648519 -0.00769566480284 0.0623811072684
-0.561580508684 0.02163091068 -0.016291333947 -0.0440306979541 -0.0518971447225 0.00858099447646 0.0660373100713 -0.478991363152 0.0224092502199 0.0334024266166 0.0112445157529 0.0104495497737 0.0003413338597 -0.518926244752 0.15816451482 -0.112569540291 0.0850736704058 0.0241862426385 -0.0622835089965 0.065461202091 0.0601116230432 -0.00109868465773 -0.112732072172 -0.0776065416327 -0.0994876249315 -0.282335819003 0.0518311119849 -0.0770592912456
-0.697081642856 0.0305120330681 0.0554247828052 0.0469901163323 0.0992618788074 -0.0116830589614 -0.0168429099332 -0.556583739489 -0.00828260737617 -0.0256092106055 -0.000588471041833 0.000801954986042 0.0122122815595 -0.311129570049 0.131346594723 -0.0325225264498 0.128963021224 -0.019752264365 0.120202057014 0.0814404397479 0.0284828093781 -0.0299852492315 -0.0509581804733 -0.038960969339 0.0107415456867 -0.154614063278 -0.0226354809206 0.0579726142557
-0.60122012664 -0.00726303123258 0.0410654490181 -0.032504059837 -0.000746636158196 0.0125347211916 -0.00396867803842 -0.610498797826 -0.045310614943 -0.0599582060367 0.0332549904374 -0.0135649710002 0.0107831995471 -0.264130569181 -0.12688859499 0.0452939191608 -0.00565240102846 -0.00577793874454 0.00446905502035 0.0481301904016 -0.053496678025 -0.01133205791 -0.390404357649 -0.0428165082641 0.0039110594561 0.0378875017219 -0.00882505307167 0.081948118448
-0.601759939208 -0.00704180318487 -0.0332988010242 -0.0210576538122 -0.00794896749503 -0.00449399879528 -0.00106552576014 -0.609283361751 -0.0313303315301 -0.0160210199001 -0.0371966097153 0.0118160292627 0.00168834037129 -0.328102018334 -0.149452983049 0.0740061337847 -0.0175537319749 0.000422775675518 -0.0421640379461 0.0991686552118 -0.0269677559675 0.00184895183464 -0.324893329017 -0.0466057739202 0.00642810727436 0.0428015622612 -0.00968451898496 0.0663173332304
-0.726106370191 -0.0343421903519 -0.0822079986964 -0.0354560446182 -0.0818606990944 -0.0234467129218 0.0466916015471 -0.564336943517 -0.0135469913777 -0.0177661414523 -0.0100436203306 -0.00881661191142 0.00498095036906 -0.228485939475 0.0962073921047 -0.012563792301 0.171773444394 -0.00713744914913 0.0924315641638 0.0689763417731 0.034295768549 -0.00346556510803 -0.0536978658379 -0.0415273724028 -0.0902348961912 -0.127530919383 0.0131923315964 0.0105096059832
-0.362880444985 0.00805275992038 0.000623720129845 0.0162140450501 0.0370582303324 -0.0181730105172 -0.0355706924024 -0.349628675989 -0.00127360837329 0.00397352015297 -0.0233202370983 0.0121058964527 -0.0241725006812 -0.548976391884 0.0108310102551 -0.189701751348 0.0352840986233 -0.00463106669938 -0.605562534389 -0.0773248485192 -0.00719823542919 0.00866616077404 -0.0541910922537 -0.0647211481872 0.032011238599 -0.11740405455 -0.017348161536 -0.0877268842265
-0.560881956486 0.0400722586269 0.0345839663593 -0.00984100989215 0.0159725389588 0.0255516287623 -0.0039127648136 -0.704925187943 -0.0836306245753 -0.00751307591273 -0.0997733900934 -0.028379822966 -0.0414597342175 -0.177448419729 0.102467636915 0.00752844965208 0.170198371538 0.00186399076083 -0.268394018787 0.0316715859649 0.0104562001548 0.0316803841808 -0.070492160538 -0.0291398170543 0.0659749076157 -0.0909324391485 -0.00190102187689 -0.0391207336098
-0.568774536923 -0.043199376897 -0.0310316045049 -0.0151145042543 -0.011762814222 -0.0111105204004 -0.000302148992566 -0.736744748761 -0.0893311478118 -0.0299366697858 -0.10175452714 -0.0241611329776 -0.0311979909441 -0.149107320665 0.0806860710147 0.0105327709947 0.176930181433 -0.00247729277675 -0.177174318303 0.0495154563995 0.0376460615946 0.00451629189638 -0.059030126061 -0.0187688280867 0.0615152109764 -0.067159636571 -0.0152864076697 -0.0422624065729
-0.380420343033 -0.00147785451104 0.00611193650653 -0.0106921666135 -0.0277949258605 0.014641736246 0.0373605277286 -0.372401645075 0.0113734592448 -0.00239479395957 -0.0235429922367 0.0195396497006 -0.0320873769073 -0.520454349169 -0.00131904753652 -0.176965870053 0.0342802961748 0.00418628569936 -0.605882049687 -0.07818613595 -0.00466996676831 -0.0179447418483 -0.0467360210029 -0.0835785639964 -0.0139068046341 -0.159372825544 0.00536311410494 -0.0153137377822