-0.0169748350756 0.00141731265844 -0.0983336493851 0.00550512142063 0.0598356957 -0.0392585429355 -0.00669980006665 -0.0112177067102 0.0206272987166 0.0628119992858 0.0387051543366 0.024214620213 0.0184115210203 -0.182541662244 0.24788240813 0.22211228059 0.102740731945 0.00826026129998 -0.466684230662 0.563206618394 -0.0905907037287 0.0152199566588 -0.486860307444 -0.191370882169 0.0197765279921 -0.0697275813211 -0.0290540391611 -0.00338580437365
-0.43751081868 -0.031432176491 -0.06348662773 0.0556494394444 0.127527949105 -0.0842056582223 -0.0008606475694 -0.464987456722 0.156612251858 0.155161962094 -0.0291769952341 0.0266425482135 0.0140178402379 -0.215014379831 0.0849648213992 0.146084488706 0.0204181159517 0.00620012818989 -0.331521918003 0.41131344309 -0.0641322825191 -0.00283519265508 -0.343791141423 -0.136646537968 0.00941171124179 -0.120609999004 -0.0200787499757 -0.0135909467415
-0.44703565631 0.108225762248 -0.104113455198 -0.106049600954 -0.0280139901783 -0.0103340640668 -0.00364646096188 -0.463775069269 0.0974779735363 0.0981728551569 0.0726172727359 0.000780416717266 0.016083879432 -0.105699399231 0.203598656163 0.158859918087 0.110675034047 0.00287302605668 -0.364221346759 0.348477386979 -0.0422087613953 0.00737173090937 -0.409332631104 -0.100957322306 0.00590000038829 -0.0375070346381 -0.0162694928962 0.0139864306776
-0.44437472713 0.099441493665 0.0587279585669 0.111901486945 0.0655877624769 -0.028009635944 -0.00387281429478 -0.443725712703 -0.101513665532 -0.126581163017 -0.0181587496705 0.00647404363605 0.00907442294599 -0.15406576874 0.128675242255 0.14657869576 0.064675345386 0.00936613132276 -0.386827387252 0.427069339421 -0.0849319548564 0.025532848124 -0.341471027763 -0.151100614725 0.0315376257631 -0.0315209446785 -0.0208158493661 -0.0101035268788
-0.501364390521 -0.062853919265 -0.138454484563 -0.0937356448815 -0.0464287370634 0.0415185704186 -0.0155237258382 -0.407758541823 -0.0574119937258 -0.0710666709305 -0.0215581481478 -0.00407439460112 -0.0071973798293 -0.16855401245 0.188346040059 0.17868505081 0.0734619494391 0.00355804577099 -0.382734993905 0.360847890745 -0.0608317394966 0.00550760353934 -0.371062573243 -0.127535931855 0.00305148526726 -0.0359220716829 -0.0231111371139 -0.00477267066978
-0.498888111124 0.0168370435057 -0.0446486592305 0.0338546834132 0.0544457381228 -0.0103117771647 -0.00183150222949 -0.520733919442 0.0541366334333 0.0816448664227 -0.0823737024917 0.0179915950953 -0.000761736652182 -0.165925718572 -0.00173802171535 0.0357365904775 0.0507798393797 0.00205821966864 -0.386753767909 0.161256688277 0.0141987313328 -0.00883125459307 -0.488936904002 -0.00967451407082 -0.00139087345009 -0.10106504569 -0.00698546687715 0.00833452096537
-0.466533955312 0.0339795889664 -0.0217087447073 -0.0144235689634 -0.000719201675688 -0.0191134746396 -0.0062976458724 -0.653111430064 0.064018601179 0.0883031714954 0.0368441763389 -0.00134282126525 0.000985900769363 -0.171275286224 0.115504718245 0.155521978869 0.0203963627508 -0.00702305236207 -0.232335209305 0.267786251743 -0.0341284442328 -0.0182422185377 -0.311377570372 -0.0719226288457 -0.0133834410547 -0.207419912172 -0.00891662831921 -0.0192319088977
-0.582174866334 0.00503495620653 -0.0168296910821 0.0137454944103 -0.00605462174811 0.000556914318359 0.00830211208645 -0.640545104546 0.0420582667855 0.0534113579906 0.0415688159217 0.00477751044883 -0.00701425134349 -0.0544978110314 0.0869020864303 0.100049525449 0.107666908101 -0.00418071872749 -0.259886410415 0.230113288891 0.00315035345154 -0.0148213628312 -0.288592071613 -0.0461605457507 -0.00880525766551 0.0715437239844 -0.015980512694 0.00418503405494
-0.27235420307 0.00761597852247 -0.0168161353348 -0.00290363708164 0.00718755478017 -0.0259019244119 0.00206540284973 -0.267197413334 0.0143016203104 0.0013921974824 -0.00306241276141 0.0173750003829 -0.000755043649598 -0.121398457464 -0.000186242876768 -0.00704337596671 0.0635005081581 -0.00461848948653 -0.82201680013 -0.0268555132584 0.0011274648529 -0.000160183868615 -0.352890799314 -0.0121607943951 0.00113560996853 -0.181249224 -0.0040733704723 0.0032233249147
-0.681271682039 0.0102767365677 -0.0285412521656 0.0327315899111 0.124407487242 -0.0183437584953 0.00283395398069 -0.495861084019 0.0299509837248 0.0423213305837 -0.0380137059392 0.00542257024213 0.00325999083988 -0.215292923101 -0.0689444548725 0.0974065416812 -0.0173566178486 0.00903199439106 -0.243365806736 0.309585699629 -0.0437552833016 0.000125902000085 -0.207461051327 -0.0754600775226 0.0111197974208 0.0104172212654 -0.0219178430314 0.0244387827379
-0.23642472731 0.000247533028694 0.000413583395938 0.00700888779235 -0.00205396720675 -0.0120747197196 0.000102087845415 -0.251637641584 0.00339661553967 0.0324127569952 -0.0615203868885 0.0275171117674 0.00300559822579 -0.561508501759 -0.0121826337952 -0.0460922125452 -0.0412164934461 -0.00311626432345 -0.413316462923 0.0190167584092 -0.00553841935196 0.00202937602712 -0.494415754433 -0.0119441197992 -0.000283943094733 -0.371813430339 0.000805062105008 -0.0404184764873
-0.427178787036 0.0112349702621 -0.0253439801453 -0.0389793075191 -0.0232907957267 0.029839121871 -0.0270242235195 -0.407694791251 0.0389853739031 0.0288565497971 -0.0348883622813 -0.00123445677645 0.0236336192515 -0.428076994755 -0.00111164656948 -0.036413334104 0.00901840260152 0.0030123621962 -0.460139994034 0.17511236017 -0.089949545504 0.0129970280019 -0.41281225745 -0.0987756742874 0.0016168436827 -0.162922283426 -0.0242543984787 0.00983380862751
-0.675384955897 0.0633923548252 -0.0826519796624 -0.107071395697 0.0284622300767 -0.0231148084704 0.00261422901219 -0.549611863664 0.00695627508132 0.0518155006364 0.0384873231279 0.0063047440317 0.00726030944662 -0.079891570662 0.116417744156 0.0845584861581 0.10251066741 0.00681274227072 -0.237337376023 0.221851326281 -0.013213257335 0.00701529567703 -0.253413813364 -0.0719226774744 0.00997901621384 0.0273705371069 0.00784926335865 0.00980711428782
-0.69991679594 -0.0361751214618 0.0307086744858 0.0723804820699 0.0741685168784 -0.0243801707329 0.0144308272234 -0.5298488041 -0.0621839979061 -0.0346581147955 0.0739543687616 -0.0198457965103 0.00109027453782 -0.0956598938991 0.0362214878757 0.0997606266278 0.0233932327496 0.0170414984102 -0.223964242169 0.285528400813 -0.0543208186007 0.0195981224647 -0.190667564161 -0.0987552528999 0.0282365005841 0.0168613064542 -0.0272696413951 0.0210783088722
-0.308054192595 -0.00141472577597 0.00564613459269 0.00317793867388 -0.0461799940728 0.0243190848305 -0.016799488915 -0.297211927233 -0.0292476456414 -0.00454777426427 -0.00413009831467 0.0209340945201 0.0153590015386 -0.541886308843 -0.0546274076798 -0.0424282965613 0.00100071279355 -0.00649596831117 -0.495030898284 0.08807851504 -0.0592493641001 0.00619054664092 -0.453445104639 -0.0801415932158 0.00890196410801 -0.205197638404 -0.00993531556176 -0.0547768072632
-0.37407747304 -0.0149698888497 -0.034465359022 -0.0215961999557 0.0345366132808 -0.0305193571825 0.00608785047234 -0.370560083571 -0.0257025272575 -0.000416479357551 0.0375869945083 -0.0219866261104 -0.0090094446594 -0.518064923829 -0.0510034376755 -0.090587780401 -0.00224210266542 0.003387210797 -0.460892176187 0.112608329424 -0.0588301853262 0.00491783327656 -0.414806159899 -0.087660058694 0.00327151569617 -0.167248609956 -0.0209604156843 0.0100119300251
-0.61918448666 0.0273744151358 -0.0292261061604 -0.0268709877528 -0.0424964399288 0.0273823771813 -0.0139189093444 -0.599672969984 0.0177949799527 0.0531285353745 0.0135975586392 0.0060768042283 -0.0111630291018 -0.0815820814823 0.0964995024015 0.132342791753 0.0574521088234 0.00430737504156 -0.229784521483 0.245806263654 -0.0344459749194 0.0021947409547 -0.288381917252 -0.0773443663828 0.00499232999042 0.0883459332621 -0.0129474455714 0.00914201436767
-0.541151909791 0.0395992360128 0.0124538664221 0.0611928375254 0.0180202370261 -0.00555696785308 0.000809936470394 -0.58775654178 -0.0335232150646 -0.0936619927463 -0.0186662878637 -0.0276470722792 0.000379232384304 -0.0701062700384 0.0607970583654 0.0509566311925 0.104155369608 -0.00307163704065 -0.390259368628 0.261639405239 -0.00825752386753 0.00224790163842 -0.311654897886 -0.0691078042815 0.00184322591528 0.00107345193342 -0.00589166894625 0.00482472565629
-0.507773038756 0.0721677050912 0.0462112206127 0.0518657218351 -0.02182470848 0.0111938723542 -0.00357233670417 -0.696628963113 -0.0599185632388 -0.09805445384 -0.0454710267043 0.0169933559765 -0.00652342775365 -0.1021639211 0.0848440859186 0.10232235059 0.0589037638261 0.00837187367923 -0.247064824637 0.268514642392 -0.0501245944051 0.0287617633636 -0.229563194982 -0.0923779009045 0.0278000667286 -0.0195447589629 -0.00983309252807 0.00343098298583
-0.505809259942 -0.0252560940369 -0.0597312962952 -0.0230875691312 0.022525288346 0.00738333066784 -0.0203496494757 -0.56474731751 -0.0414877694726 -0.0524259095224 -0.0316814738699 0.0481476534075 0.0064967048411 -0.243462088849 0.1028407895 0.0745691452971 0.0109157735048 -0.00229134399698 -0.372649343723 0.256294952057 -0.0810535842153 0.00171064384302 -0.308154869663 -0.111120098205 0.0023388982906 -0.125277878131 -0.00122066751937 -0.0446995954825
-0.601179380766 -0.0666064558709 -0.0360869995419 -0.066494536565 -0.00833724582983 -0.00948557627575 -0.00962420623543 -0.642952408067 -0.0116442750627 -0.0882524698279 -0.0485475031209 -0.0108110442071 0.00437027509137 -0.0835595165456 0.112415880584 0.105843280222 0.10661827369 -0.0050404813216 -0.249416534123 0.227419609663 -0.012039207787 0.00286456673649 -0.205108160995 -0.0738624941906 -0.00192090261085 -0.0134499361148 -0.0186661254601 0.00341180997124