-0.0272245167286 0.01859036014 -0.0577666260075 0.103489439846 0.0400266996123 0.0307109022037 0.00912855461822 -0.0139880388636 0.0317376923617 -0.0697510968653 -0.0201112419483 -0.0516673461894 -0.0141855239762 -0.300186783699 -0.337948369095 -0.267430161142 -0.162061873088 0.0177135080274 -0.470688594472 0.522784492669 -0.00547236072401 -0.00424874823056 -0.412289112618 0.0590866134534 0.00116389474388 -0.0436113468167 0.0141164596237 -0.000877997536769
-0.369014045523 -0.0189151484511 -0.0656072692196 0.0169727489081 0.0337844774862 0.0586192163111 0.0191035970685 -0.33982675159 -0.0431044479222 -0.0147528419202 0.0210759927056 0.0235781058041 0.0118332253701 -0.225533052301 -0.141000471959 -0.176964932331 -0.0981746994671 0.016705590984 -0.552366046908 0.189170139182 0.0639026317682 0.0102299565382 -0.507278176305 0.0645818981758 -0.000392480541412 -0.00269967822307 0.003049342569 -0.129062679507
-0.53314076161 0.0417672454455 0.0905919992111 -0.0851627936237 -0.0999884737229 0.0168477097925 0.0137776780275 -0.466764653184 -0.0803659029947 0.00696974541556 0.0427698353191 -0.030521384341 -0.00939129194374 -0.184080511509 -0.239425610195 -0.0803778076174 -0.116813693629 0.0325046359572 -0.294288601803 0.375356846666 -0.0492709085688 -0.0203225283407 -0.311875659558 0.00714831698975 -0.0161803683347 -0.00804796941954 0.0179116302848 0.142066902783
-0.420150687825 0.0305325732054 -0.106202391575 0.0176661721815 -0.0450851135916 0.00572462014496 -0.0110130622249 -0.534963483968 0.0911576343287 -0.071243281159 -0.123059239917 -0.0754373587675 -0.0149991472124 -0.25144040847 -0.24244890491 -0.214968960021 -0.0808582104952 0.00435694730218 -0.400005522251 0.271915853559 0.00529946825655 0.000577067593444 -0.270754955254 0.0600348758928 0.00197116064562 -0.0286937104818 0.0141086829455 -0.0380866555074
-0.345950079209 -0.056270912515 0.0160506044293 -0.0395674697481 -0.0528248711992 0.0263821639501 0.0136839711649 -0.495404133652 0.0794898687902 -0.0955128724705 -0.112960275291 -0.0487224504402 -0.0140299948774 -0.282899779144 -0.230712701028 -0.178865773166 -0.109591001917 -0.00412062537001 -0.374380883743 0.392374529852 -0.0143135055618 0.0106955235126 -0.325159094595 0.0144981018463 0.00704415100843 -0.132711596858 -0.00515226289613 -0.010574351793
-0.144991287616 -0.000114096119965 -0.000377422281506 -0.000212321243224 0.0026953302204 0.00530496180995 0.000997665940375 -0.144057042326 -0.000396818196506 -9.87599232231e-05 0.00238920825913 0.00501023545865 0.000678724108747 -0.633522773526 -0.00139014642155 0.00412628757032 -0.0121605970169 -0.00027943453997 -0.441061647591 0.00580581060644 -0.00364870500795 0.000251967869247 -0.407587130468 0.0321066140282 -0.00173027921575 -0.415226537076 0.000733973600446 -0.149939512329
-0.485590744248 -0.010417379228 -0.0466913261639 0.00762028099025 -0.0104831025483 0.00526268059267 0.00492698407488 -0.487971066968 -0.0216770528747 -0.0156883688756 0.0311251821932 0.0263288534969 0.00871523575065 -0.305857936639 -0.179003387221 -0.184875521156 -0.0551477211547 0.00428415123064 -0.357064245437 0.144070042171 0.0587429832263 0.00710715170366 -0.445054257495 0.0482994669102 0.00485071299271 0.0575815571449 -0.0137365064483 -0.051060814436
-0.58248562021 -0.0185319394333 0.0056827405217 0.0192958746319 0.0211103872564 0.017776293853 0.00106361146086 -0.678760096228 -0.0424021877268 0.0416984267265 0.0768086268603 -0.0354708085695 0.00137224083636 -0.140507037914 -0.181510643235 -0.0506535024518 -0.0631578275049 0.0149407719412 -0.168845161016 0.221452614982 -0.0418604391214 -0.0100978689545 -0.206708270182 -0.00279991951397 -0.0014598598553 0.0386168534396 0.0174439353916 0.0662100368436
-0.648284531179 0.0453277627676 0.0405245334549 -0.0729824729968 -0.0146661279392 -0.0219820386013 0.00671310204975 -0.594210111312 -0.047299285531 0.0107003203688 0.0192757523032 0.0165531378424 -0.0136666731335 -0.179682338538 -0.164956371898 -0.0741208872036 -0.0779033847853 0.0246915449289 -0.186033445071 0.236525881789 -0.0280341852486 -0.0136035062795 -0.202573990328 0.0415133563577 -0.00843827731712 0.0369739752824 0.0306340292651 0.0732237858806
-0.189018089674 -0.000317995543098 -0.000930243672125 -0.00442713536518 0.00328463522162 0.010441400713 0.00675367370691 -0.186957089389 -0.000110644259534 0.00507204319655 0.00652096572249 -0.00189417430708 0.00548834556633 -0.668870401573 -0.00343088831076 0.00371047448537 -0.0255170197255 -0.000595434248298 -0.452139746108 -0.0118537163348 0.00156705651373 -0.00707753788868 -0.469934568231 0.0208484879993 0.00141695381634 -0.208893613062 0.00286500702416 -0.106879835274
-0.611223430108 -0.00620875228048 -0.031348861169 -0.0433020294582 -0.0219750682612 0.00224547415862 -0.00977098068488 -0.59489508813 -0.0154495405165 -0.0102474692227 -0.011604397138 0.00410736990142 -0.00633011453294 0.0228096034635 -0.0953337280419 -0.130762894077 -0.0693443531276 0.0289616647492 -0.359642048732 0.1624928289 0.0370288663664 0.00787302518416 -0.223351556253 0.0348504770228 -0.0107241831699 0.158214202857 0.00505091948378 0.0518010285221
-0.598510817743 0.00222079746336 0.0821946318444 0.0221383763943 -0.026624539583 0.0115107274821 -0.00278079216939 -0.567224723144 -0.0067225096161 -0.0228155640611 -0.0190265319528 -0.00173908191401 0.0071509099153 -0.209954794208 -0.0465302976154 0.0440630165843 -0.0793943458657 0.00587627590385 -0.295292691642 0.1871275603 -0.0516396269228 -0.0060035856566 -0.308570998484 -0.0615625903848 -0.00415360475101 -0.14099332088 -0.0147087238322 0.111343447965
-0.696942951146 0.0282758469401 0.0294546867862 -0.0953133909523 -0.0500297782756 -0.00493717034243 0.0104170625837 -0.571475941681 0.00798450004073 0.0122936068907 0.036178956753 0.00528969423859 0.00443701738565 -0.0496977262043 -0.143146656559 -0.0492191064139 -0.0845217183396 0.0217648348805 -0.19666629081 0.212099237647 -0.0160754507515 -0.0136148116613 -0.205969913213 0.0174136601913 -0.0233899431107 -0.0204640463737 0.0033119057581 0.109153710074
-0.568694532265 0.00614768159315 -0.0492254033439 0.0458411808133 0.0109764055569 0.0121351964898 0.00356067267684 -0.529565649983 0.0180989706281 -0.0344265642032 0.0394883779724 0.006487980199 0.00576284347411 -0.413326941413 -0.206794004527 -0.235795078442 -0.0319010452885 0.00356173927421 -0.252932252898 0.145872405809 -0.00900118123529 -0.00722609015854 -0.158480227158 0.00598565647035 -0.0183054099996 0.0693116555141 0.0154996779093 0.044788563034
-0.695837910186 0.0109873101206 -0.104672424681 -0.0402629964229 -0.0466892913753 0.021258621477 -0.00179290957494 -0.618648415041 0.0241447733628 -0.0197421055136 -0.0313349133027 -0.00969476784587 -0.00958249389843 0.00696226394745 -0.135735058938 -0.0749829382797 -0.0266783810217 0.00426869354314 -0.126066855773 0.167346855472 -0.0253037745555 0.00134760271707 -0.176936599409 -0.0126754612939 0.0128350144014 0.0869139997462 0.00516259142381 0.0838611533637
-0.535486251199 0.011154479732 0.134320991941 0.0202543843239 0.03744290708 -0.0231236694753 0.00276049115006 -0.462570511542 -0.0126302857944 -0.0621034498408 0.0227677873304 0.013131410994 0.00658148294171 -0.310678201548 -0.0611785957929 -0.0348785225944 -0.0233044533233 0.00472632668225 -0.353294242398 0.10575317069 -0.0798465306335 0.00769265654803 -0.434293019699 -0.0909280292834 0.0093179301967 -0.152307863125 -0.017700923598 0.0951543325219
-0.719299276595 -0.0129266847653 0.0360072449883 -0.060518561839 -0.102352573675 0.00203553209997 0.00618162169008 -0.533627899169 0.0116440880641 0.00380798495465 -0.0102228849781 -0.000791950219078 -0.00852420794588 -0.0790963803759 -0.138321096574 -0.0697160219696 -0.0726754389196 0.014494889559 -0.194410994645 0.235180907943 -0.0248131919033 -0.0115596020522 -0.202625821191 -0.0148951947423 -0.0210451058565 0.0250927613078 0.0108727191924 0.0990527163198
-0.31557563129 -0.00534424104092 -0.0124817178564 0.0070736048149 -0.0246981167561 0.00077164647135 -0.000551527304502 -0.331649680009 0.000592449935753 -0.0045210449002 -0.0419276874937 -0.0270777044518 -0.000745233290554 -0.543369488739 -0.0730030690046 -0.163781837222 -0.0304292816004 0.00259201138566 -0.570204488719 0.154801981257 0.0102027669883 0.000900668144991 -0.284892339537 0.0400963412834 -0.00409814046646 -0.152074807115 -0.00891482657509 -0.0594108398173
-0.156998998636 1.83463449747e-05 -0.000198732111443 -0.000449027354724 -0.000269138960323 0.00104073892695 -0.00167749435976 -0.156380438283 0.000879407116585 0.000605142475266 -0.00262339442233 -0.0104979777245 -0.00092038563859 -0.635355313349 -0.00206785553376 0.00613599559897 -0.0174513293451 2.60906448601e-05 -0.439790461428 -0.00349562642223 -0.00170983016409 0.000807778204815 -0.427271128131 0.0277761696928 0.00141590719571 -0.392953943463 -0.000471629158662 -0.124786731861
-0.248816522784 0.00233180221205 -0.00328246489 0.00680537636607 0.00579822294318 0.00845399253392 -0.00225248304944 -0.252771613914 0.0028777854426 0.00312234962593 -0.0125388787061 -0.0168359029858 0.019457757872 -0.489538851881 -0.0961239264391 -0.107302764247 -0.0196232351957 0.00179918466351 -0.531553605303 0.10635969465 0.0277246392448 -0.000662290841965 -0.502839231301 0.0582424812915 -0.00824946660876 -0.181827243829 -0.0239114033483 -0.166809525169
-0.305303805341 -0.00485108311974 0.0042990215457 -0.0110977409109 -0.00752114923276 -0.00887441306513 0.00525708262441 -0.310390180822 0.0068504623912 -0.0130365654972 -0.0172993864197 -0.0194906290303 0.0127842958423 -0.459733662837 -0.100195270984 -0.155408841871 -0.0374008437099 0.00181696433999 -0.488799697544 0.159890087383 0.0113734792807 0.00675269621698 -0.483466888401 0.0546235116823 -0.000913207604506 -0.142242046949 -0.0373737014369 -0.197718038478