-0.00339569521961 0.0133145497352 0.0700731688276 -0.0313084235565 -0.0494984042412 -0.00218455911639 0.0248320976126 -0.219590910538 -0.610606780413 0.0801144060164 -0.258760912072 0.193781817518 -0.000253539723003 -0.299391821988 -0.137961868154 0.501247560003 -0.16576766729 0.00379725085041 -0.0161455493709 -0.021870040702 -0.0900576015628 -0.0114615671263 -0.158299951128 0.179906362322 -0.0307084821958 -0.0428814118991 -0.0475317635759 -0.00174780829812
-0.435392472064 -0.0348170339147 -0.0887173286611 -0.0443474440265 0.0259311859447 0.0537184091695 0.00515336292491 -0.4683455814 -0.146328894942 -0.0618685729006 -0.0537155390492 0.0401874121535 0.000203235950799 -0.243747280315 -0.0815726277832 0.103126975243 -0.0938477108212 0.00794508075436 -0.542688588362 -0.0514111661446 -0.0453874734022 -0.00537465727768 -0.260946199634 0.0698496405773 -0.00946084291969 -0.195000132243 -0.0156980940116 -0.224861863166
-0.539455728593 0.0340910525924 0.175859353015 0.0577613847795 -0.0121628321972 -0.0552322929537 -0.00631889125707 -0.482683960116 -0.051898647132 -0.0810555307865 -0.0691876765082 0.0347481637412 0.00964713588167 -0.156949282204 0.0121117686653 0.093965328393 -0.0882266336996 0.00340481729103 -0.561302746214 -0.047707570173 -0.0453190132378 -0.0060665236677 -0.191986952953 0.0399073047315 -0.0138644902129 -0.109675117873 -0.00154267861331 -0.102382818795
-0.615744043919 -0.0155857400389 -0.0952682447819 -0.0266898342117 -0.0419501048183 -0.0186535906164 0.00281043817746 -0.630801929464 -0.0826845862364 0.120591180784 -0.0120524576336 -0.00991133438578 0.00953119630803 -0.115312845116 -0.114377119105 0.121887633924 0.0246773423595 -0.00136704122203 -0.28354879183 -0.123126449322 -0.0811327097544 -0.00218938742609 0.0660147772941 0.0731844013246 -0.00840203428018 0.126916733107 -0.0273319438386 0.135847563301
-0.604164400338 0.000966448526328 0.110434048258 -0.0415740577561 0.0705429302663 0.0143539945385 0.00610374090025 -0.57052811444 -0.0577146667673 0.00851767303198 0.0706946720896 0.0134805058241 -0.0264719191952 -0.130049309199 -0.0387065811614 0.205076683959 -0.00604357397012 0.00450609247216 0.433572178978 0.0658264362282 0.00182487844114 -0.0046964394502 0.031288073378 0.0614041080412 -0.00599824541273 0.0521553325672 -0.0147049456732 0.143056764984
-0.12076510383 0 0 0 0 0 0 -0.119767016313 0 0 0 0 0 -0.587776765311 0 0 0 0 -0.371545778909 0 0 0 -0.347092857735 0 0 -0.580424842719 0 -0.1737164641
-0.420327426254 -0.0120310493816 -0.0079795928329 0.00937491502472 0.0324977203959 0.0406544161459 0.00531893118336 -0.398649733215 -0.00711477830131 -0.000694181067207 0.0110059028795 0.0227343039068 -0.000714503515605 -0.434383223702 0.0452267021976 -0.0809815836199 -0.0725103614588 -0.0013600273479 -0.571374302872 -0.0658085525401 -0.0312356739093 -0.00384875593081 -0.214578230164 0.0784584144081 0.00351186528429 -0.155300933794 -0.00240771506223 -0.223612213457
-0.718338912119 -0.00795612085556 0.12637195471 0.0199804997047 0.00208854156082 -0.0449589134782 -0.00449121226735 -0.57027799521 -0.0010184248676 0.0257289331242 -0.0107661265921 -0.0143045186236 -0.0072165444708 -0.0259187520845 0.00624571271986 0.0162828358916 -0.02894748252 0.0076815682233 -0.341460838603 -0.0563969920816 -0.0275851236631 0.000912818640264 -0.121440428307 0.0346203802622 -0.011129487904 -0.00510551354785 -0.0167975846388 0.0216597350941
-0.12076510383 1.86606722515e-31 0 1.04391176724e-27 -1.39546566913e-15 0 0 -0.119767016313 6.52563298188e-17 -2.07762654855e-19 3.84049934086e-17 0 0 -0.587776765311 -3.56870553697e-17 7.24490798674e-33 0 0 -0.371545778909 8.00424501166e-14 0 0 -0.347092857735 0 0 -0.580424842719 0 -0.1737164641
-0.550241640966 -0.0522259825532 -0.0635946215047 0.00830508203765 -0.0364372404116 0.0227295510632 0.00304658858709 -0.544665837419 -0.0719099833945 0.00713073144426 -0.0218104077763 0.0230970826572 0.00228260805048 -0.137116808009 -0.0343342720037 0.123435437072 -0.0619449961192 0.00957253609131 -0.519094959601 -0.035906143191 -0.00802031471447 9.44508895779e-05 -0.12662152475 0.0383590270751 -0.00434536432487 -0.158147245178 0.00166562916053 -0.182065425916
-0.666348554704 -0.00683689748434 -0.0103247157403 -0.0220629879923 0.0272860484002 0.0115251460133 0.00153558730859 -0.695636102294 -0.0452109278563 -0.0846463530512 -0.0249371909193 0.00188986560209 -0.00534616610451 -0.0626174335702 -0.106640453509 0.0605555419788 -0.0347269072991 0.00792941819537 -0.163292861656 -0.0336404550782 -0.0321240890424 -0.00486310340368 -0.0777897638335 0.0385496065549 -0.0145761129893 0.0338718892123 -0.0207511312244 0.0477352483886
-0.661589870492 -0.00359453378929 0.0276740875022 0.0179846548304 -0.0504500405838 0.000431531594028 0.00476641395903 -0.684987691382 -0.045972769533 -0.0786542862824 -0.0389104074054 0.0107941316162 -0.00468197722359 -0.0612657504372 -0.0383907809219 0.0737908117877 -0.0406903875567 0.00832317928725 -0.233537972487 -0.0199052140516 -0.00498158867884 -0.0014576689643 0.0715176854206 0.0323828593119 -0.0072356357026 0.040863820262 -0.00727934333517 0.0645658290854
-0.572647475887 0.0505888359795 0.0646774062605 0.00691077168398 0.0353151834599 -0.0154376305525 -0.00928002835616 -0.584531242195 -0.0691916548907 -0.0192396378843 -0.037576624298 0.0330623306439 0.00980805967166 -0.141018198192 0.0632212735603 0.10826034578 -0.0597152821212 -0.0053511597282 -0.414041604442 -0.0813163546129 -0.0482356394435 -0.00841515105812 -0.269634511974 0.0125530905262 -0.00200286072034 -0.0775983140842 0.0266733698118 -0.122645165337
-0.692181993216 -0.014773351916 -0.06276431316 -0.0521720658396 -0.00876013559063 0.0201013767579 -0.0023213287846 -0.66177862187 -0.0393370056454 0.0259102622135 -0.00273013770822 0.0187673281238 0.00169073300663 -0.0156841791881 -0.0403008636096 0.0794111150482 -0.00275597476948 0.00558399437711 -0.193018997725 -0.0409758783827 -0.0336721622611 -0.00321320948199 0.0541545342396 0.0488038443557 -0.00727452195707 0.122433564886 -0.0319760091066 0.0575474383568
-0.663905069945 0.00547799471305 0.00878570221445 -0.00507562936064 -0.0202360546317 -0.0136787663937 0.00263157531256 -0.698214606185 -0.0662304156237 0.0227856125214 -0.0162452705177 0.0348360653513 0.00392261022593 -0.0701542590297 -0.0985457485571 0.0411440955417 0.00869463269621 0.00717172142757 -0.137771908363 -0.0696276970604 -0.0336736775235 -0.00442585728997 -0.0275292422028 0.0416118286904 -0.00718767140101 0.115239640318 -0.0162439682876 0.084088961243
-0.573189725538 -0.015151473069 -0.0179712821524 -0.000485064128929 -0.0321682709023 0.00787665868719 -0.000165925385006 -0.654271146652 -0.0962286954774 0.0320187068554 -0.00258207408633 0.0261118165755 -0.00667841436464 -0.130881390126 -0.0348840123898 0.10912219656 0.00874890327412 -0.00158853456702 0.426623033842 0.0810978261799 0.0175510389435 -0.00666825396471 0.0594304378235 0.024235723188 -0.00371569806007 -0.0323209116432 -0.00248648734049 0.079125270513
-0.764483552359 0.0310456746273 0.1030920887 0.00153168723249 0.0900254241466 0.000359551677806 0.0014179883589 -0.543075041168 -0.0305892495277 0.00703951100636 0.00257008885208 -0.00521864048778 0.00349592592414 -0.0951500777358 0.0241904917488 0.153752757284 -0.010585515129 0.00737112447228 -0.224057897449 -0.0728464102493 -0.070901479977 0.00339979968118 -0.00306913352825 0.0312695122595 0.0095873226682 0.0168651594609 0.0272960466723 0.0616558522333
-0.72180010718 0.0377946666423 -0.0950311725077 0.0301603086922 -0.0292371840668 -0.0334551678475 -0.00416604898041 -0.641689930425 0.034208455185 0.0120513333958 0.0412573716353 -0.00964356862259 -0.00424437224987 -0.0181439693781 -0.0215420178252 0.0630526677467 -0.000841677488088 -0.00741581081859 -0.158754210562 -0.0648441502851 -0.0356098266234 0.00216946192415 0.0898431441489 0.0196910130329 -0.00218411362723 0.0602210991209 0.00752942175348 0.0556504854405
-0.63082661916 0.00533069342105 0.0160460556887 -0.0357210378514 -0.04250556699 0.00828564386113 0.000802424795316 -0.614141422574 -0.00705252712214 0.022999936346 0.00100770762542 -0.0199302087889 -0.00167445690567 -0.376032932219 -0.021809660809 0.0278668654724 0.0929194279415 -0.0100474066291 -0.201841792832 -0.0630308897274 -0.0682871331481 0.000879645751636 -0.0217874594014 0.046551019094 -0.000142129867179 -0.0965895630583 -0.0140046183987 0.0868226087
-0.690252973307 -0.0121630328852 0.0769885423545 -0.0181725147311 0.0239141996951 0.013112828402 -0.00362081289946 -0.658764851616 -0.0140842991607 -0.0231280761226 0.0446735817346 0.0063334454866 -0.0067967017783 -0.141464524153 -0.00260939780915 0.0861603211557 0.0336549108607 -0.00771298529682 0.19715710359 -0.0130159789025 0.00911356301352 0.00679849675267 -0.00411732144159 0.0276307230042 -0.00666508258511 0.0219509894427 -0.0322439780575 0.097217782814
-0.635165553324 -0.0351450387862 0.0274127112227 0.028624445008 0.0480522407041 -0.00354732580864 0.00271998810492 -0.661113052032 0.0488291018913 0.027879784378 0.071470158896 -0.0124010461963 -0.00331345918047 -0.00896545330599 0.00494508847186 0.0662377874493 -0.0158049512856 0.00423997932699 -0.317371945945 0.00927732655907 -0.00275669467344 -0.00165883316193 -0.172164585062 0.0289404070481 -0.0048080863993 0.0730655901228 -0.0244727432611 0.0624877804232