-0.0183037324946 -0.0199488103672 0.11697332705 -0.0578691408528 0.0648125621987 -0.0388634073226 -0.00605552219137 -0.047529879759 0.221200499783 0.0126641834815 -0.0206867757362 0.0323714323964 0.0650223866994 -0.287462097029 -0.420202476846 -0.223637349238 0.00950792057893 -0.002256383946 -0.440614346531 0.553624838173 0.0501785562394 0.0134599024448 -0.326218890563 -0.0120642217276 -0.0112323408806 -0.00439449909876 -0.00728822204223 -0.00420288847227
-0.568625736469 -0.0901400258643 0.0674335515946 0.0591805101238 0.222859690865 0.0333706570806 -0.0123399241266 -0.538624875651 0.0572773715337 0.151776319088 0.0781040214987 0.0913176441198 0.0253239635071 -0.133415892901 -0.233227757119 -0.0476588496017 0.0329890508152 -0.0145965055766 -0.21336185802 0.290875607761 0.0351064309442 -0.00174686434694 -0.261759960446 -0.0345670675197 -0.0130225899642 -0.0167418437446 0.0132591561924 0.0238686298138
-0.401344084865 0.0599720413065 -0.0582213322265 -0.108317269387 -0.106970289359 -0.0445985652 0.00327571840379 -0.348142329491 0.117441149987 0.0735208671815 0.0568515970243 0.00656317528399 0.0220507189438 -0.335225427416 -0.159610256934 -0.0801985150517 0.0273388584129 0.0014827715845 -0.490698863536 0.431838214414 0.00931653546758 0.00685161767016 -0.292214698493 0.00492279936079 0.00496244361146 -0.0635205070353 0.0105675349818 -0.0240451777608
-0.517231459376 0.0759315610601 0.13426880364 0.0878116338597 0.132978710556 0.0503531634877 0.00269625765792 -0.636636754187 0.0273254323566 -0.164990425466 -0.162291400415 -0.0534287852143 0.00842445574977 -0.070856801223 -0.291863361058 -0.2000699129 -0.0186407742618 -0.0107705715184 -0.108780891817 0.177024116963 0.0097081133548 0.00980731804198 -0.182429203073 -0.0524224259939 -0.0164965711213 0.0861911685169 -0.0179501450222 0.0096224145302
-0.370743775772 -0.0689022308835 -0.0366141439039 -0.112320623451 -0.0995658763706 -0.0456354190229 -0.00935911218575 -0.345512438824 0.0378588216994 -0.0987039315825 -0.0455113262039 -0.00453360457194 0.00798064938215 -0.245485987472 -0.231558485774 -0.207842439916 -0.0307230546761 0.00384194986415 -0.545020414294 0.361998621155 -0.00903832560293 0.00209551908585 -0.33321050324 0.00841541133696 -0.00367189105463 -0.0338460108097 -0.0194120271023 -0.0141151104694
-0.346509148186 -0.0233184668767 0.040135963596 0.0525073192381 0.0180107970481 0.0445964668385 -0.00289317333011 -0.363933436893 0.0723619243593 0.0879880679914 -0.00348164383723 0.0254543785193 0.0045410682459 -0.256922366435 -0.123851497744 -0.0831310548245 -0.0137166914819 -0.00512221105033 -0.527499336492 0.0774928418711 0.00811537868684 0.00096968225854 -0.466507230321 0.0308153810272 0.00216398445979 -0.367691556836 -0.000220273146527 0.00323092234489
-0.519391009041 -0.0828496086641 0.0573933105814 0.0286773232235 0.0624904457888 0.0199521880792 -0.00465068261487 -0.620951855537 0.0377948004586 0.0867614266346 0.0756946551325 0.0372654220493 0.00670975869391 -0.160426029921 -0.175684409576 -0.053929845579 0.0377278303309 -0.00864731191078 -0.311892085966 0.313522132871 0.00821365275468 -0.023859311076 -0.23446456346 -0.00712436953235 -0.0212890070449 0.0179311845322 0.00661561881722 -0.012907452706
-0.492648856434 0.00262722691613 -0.0260929181816 -0.0137937481919 0.010438986203 -0.00319717253045 0.0121052853276 -0.640571708546 0.0681005288645 0.0689134592284 0.0981550665874 0.0165191891975 0.0119364631938 -0.212451981024 -0.130278269259 -0.0206501928267 0.0228575121961 -0.000765439660393 -0.352360774717 0.305515918505 -0.0106394855243 0.00298778557808 -0.197253000234 -0.027279645722 -0.00603370845432 0.0690610489401 0.0153787244044 -0.0318038573915
-0.489677594582 0.0727715542918 -0.0346948869494 -0.0632022428052 -0.0561527881446 -0.02780697059 -0.0068989870796 -0.491966006978 0.103698405847 0.0826688386209 0.0368447541023 0.0158919600221 0.0105775892546 -0.332166563958 -0.120165422115 -0.0862466234912 0.0184189483104 0.000699863428739 -0.385539188783 0.310174754089 0.0133994714117 0.00860431014292 -0.261651027052 0.041622423912 0.00768150252211 -0.186965495965 0.0199399692019 -0.033860229286
-0.661667737176 -0.0356823300719 0.0273344723703 0.0382059831529 0.102052010324 0.0203311242395 0.00667598640663 -0.661863070718 0.0145001025776 0.0786787464164 -0.00620264980576 0.050363259506 0.013862624042 -0.0748989958993 -0.203217444657 -0.0939174888563 0.0340025054225 -0.00534332040293 0.0119824955617 0.07650947792 0.00286600754679 0.00190341684355 -0.155713642397 -0.0447292870288 -0.00425938300202 0.103575949947 0.00702894036114 0.0254607202616
-0.603527558303 0.00721354030648 0.0428853286018 0.0763371726466 0.0505155503774 0.0428607417182 0.00419510090049 -0.548027032128 0.0359071718781 -0.0310066892149 -0.0100370411362 -0.0109176874032 0.00229612388974 0.0183490738381 -0.0955917422354 0.0606683000588 0.0123380896993 -0.021561977845 -0.332906150689 0.257294423921 -0.0201279125764 0.0159765909391 -0.343843620852 -0.0433359016582 0.0167162248794 -0.0894625750925 0.0123179758571 0.0286211850894
-0.445961305138 -0.00492188201906 -0.0755591708799 -0.0157847966276 -0.0409141199444 -0.0181818911865 0.003949940829 -0.419222715483 -0.0063967220458 -0.00626382478184 -0.0020519104239 -0.0178088867114 0.00472386926362 -0.340749619275 -0.082909826846 -0.0465941078451 0.0432878844216 -0.00064343343385 -0.537216862439 0.172004046838 -0.0693386263227 -0.00126814427443 -0.386497825448 -0.0653218042647 0.00231601211963 -0.114851881012 -0.0059375450764 -0.0062274672407
-0.596923936461 0.0105388200634 -0.00629078719972 -0.0667791115223 -0.0856349967655 -0.0401219963335 -0.00463285317989 -0.424457772353 0.0446562493589 0.0054472544054 0.0250174844867 0.00151123386655 -0.00441959463224 -0.277421490812 -0.156776818216 -0.133948900782 0.0115683288545 -0.00531062916895 -0.383179238595 0.323521580319 0.0144015055128 0.0007665017925 -0.25501444251 0.0122720594401 0.00179615091048 -0.103278863246 0.000432299568422 -0.00847101802246
-0.728416691132 0.0487176047289 0.0440574353854 0.0517351258267 0.136026896193 0.02746315613 -0.00398212260507 -0.623726442687 -0.0119227005931 -0.0888061363683 0.00295516429043 -0.0401812857109 -0.00381644754572 -0.00290476495467 -0.15459337035 -0.0519173175105 0.0369783399953 -0.0134982847403 -0.0262809035062 0.0848091838157 -0.0154768067448 0.00909155621388 -0.0486508038344 -0.0748860379239 -0.00162408906756 0.00176616812036 -0.00017909003345 0.010242684057
-0.595256922299 0.00251455819537 0.0280121705957 -0.000444261006128 0.0143771085009 0.00969447234489 0.00857754567382 -0.642776100532 -0.0220171242345 0.0327160005342 -0.0732900652772 0.0324319249646 0.0135730299646 -0.235856435652 -0.207328203019 -0.138904075369 0.0305945007338 -0.00707376763078 -0.104509901371 -0.0329120097387 -0.0420666013787 0.0132679334959 -0.256681192532 -0.133018246774 -0.00792415141854 0.0802434915378 -0.00778674887293 0.0139177861463
-0.442469300668 -0.000365538110871 -0.070175517145 -0.0238480913475 -0.0472841589608 0.00760749593861 -0.00845251730345 -0.425675788087 -0.0242379027718 -0.0309434523178 0.0385412880414 0.00246899145962 0.00845561132246 -0.351621744892 -0.107318122254 -0.072662445705 0.0380467252396 -0.000542370926262 -0.537986250972 0.155519757774 -0.0544335312494 0.00235777823257 -0.374104105203 -0.0529951500811 0.00190565947787 -0.103194214314 -0.0101755444754 -0.0083065883498
-0.582274471197 -0.020045755476 0.00496913261577 -0.0738096797353 -0.0727669110777 -0.0414013523952 0.00170232254138 -0.40924888414 0.0181689422723 -0.0217410601744 0.0144135786259 -0.000102755125126 0.001010211832 -0.259787758864 -0.192453714122 -0.175754056346 -0.0398358862327 -0.0014273600646 -0.415010041988 0.286233658801 0.00327843213507 0.000405220720073 -0.270895015198 0.00628445336061 0.000234621818306 -0.120047848981 -0.0216582447343 -0.00944053301209
-0.497127657674 0.0463239888348 0.0416127340566 0.0791491498804 0.064222925506 0.0293065659361 0.00363291350903 -0.478249411 0.00062810953152 -0.0598860075235 -0.0402420714227 -0.0207044384867 0.00136005359145 -0.132499980054 -0.166735906946 -0.143473511224 -0.0482272937039 -0.00417953831097 -0.514769356598 0.226735368723 -0.00168885107284 0.00783822423867 -0.33808339541 0.0124358395495 -0.00461171348279 -0.0632289310679 -0.00770305882531 0.00931669866751
-0.5278134956 0.0195180683018 0.0254770978732 0.0166680747178 0.0271079292881 0.00208615085724 0.00173119813438 -0.742093822452 0.00807947105933 -0.0873914462367 -0.0934842090943 -0.0527511091082 -0.00127857355924 -0.0578432058497 -0.188898786348 -0.163424665059 -0.0505707449329 -0.000548060691387 -0.145089746657 0.105459473551 0.0154877622299 0.000446380533526 -0.199155029554 -0.00296472477175 -0.0162714769319 0.0902995691184 -0.0208173995782 -0.0142512991047
-0.43720809129 -0.00949206611684 -0.00453904546894 -0.0189173971273 0.00660961750621 -0.00698726470199 -0.00671241325966 -0.655146900732 0.0216178655895 -0.117444236304 -0.0577803775405 -0.0283694617394 -0.00239300326208 -0.0887105742259 -0.191518457326 -0.153142109245 -0.0211070615141 0.00345850165439 -0.426972217615 0.220695117448 -0.0167714939175 -0.00242499951271 -0.228845500973 0.00502030355803 -0.0130997574421 0.0886547462429 -0.0147280888729 -0.0146491522746
-0.427610596924 -0.0232566355538 -0.0411360412316 -0.0695719346556 -0.0565871439859 -0.0352676931317 0.00307596848176 -0.399440825036 0.0186185648425 -0.0346148834739 -0.0128099782493 -0.0194025892554 0.00195042194544 -0.281354980632 -0.166042998813 -0.175825841061 -0.0350173074383 0.000962360046729 -0.540573954617 0.198943575227 0.00598611178052 -0.000940227083138 -0.400754211937 0.0160405410248 -0.00809767231392 -0.109482284357 -0.0143553525495 -0.0122817069581