-0.00234514588714 0.00200351344021 0.00665313144421 0.0196623111286 0.0434349540443 0.0112227474021 -0.00269827555529 -0.00341980289899 -0.00899317208184 -0.0347986552294 -0.0319235247296 0.00435985630184 -0.0357251412604 -0.250711795367 -0.442902328151 -0.208857668888 -0.155591067945 -0.00995599131847 -0.46240919268 0.583546853185 0.0199472291391 0.0106825724497 -0.333698689529 0.0141752129454 0.000324883221739 -0.0229719228139 -0.0051958443096 -0.00141299871501
-0.418944441826 -0.0665901006739 -0.0917315864842 0.0661086354799 0.0781318820335 0.0395896175891 0.00883949043214 -0.371800543005 -0.0810425774281 0.0360343122784 0.0386054726323 0.0396154107746 0.0101210228138 -0.306360055804 -0.308901532962 -0.102431299754 -0.0855011403428 0.00143112182605 -0.500136885059 0.299471628183 0.00933298711353 0.000745452993211 -0.290175000816 0.028324765746 0.00121513271712 -0.0806840338495 0.0124678139079 -0.107667143784
-0.48888744379 0.0522571127117 0.121896471358 -0.0282478246992 -0.058551905856 -0.000525267585118 -0.00686551933765 -0.48717423734 -0.0476848351356 0.026143770499 0.120120555443 0.02180239883 -0.0113833971913 -0.258739968379 -0.350304577086 -0.0861653324938 -0.0559114952942 0.00069978217618 -0.3513047102 0.35249821647 -0.0322952202934 -0.00198067753109 -0.164066686216 -0.0104425883532 -0.0103299140844 -0.0280049597506 -0.00901901035738 0.0828795318632
-0.545012149588 0.0522177807579 -0.0386150743908 0.0675388644733 0.0866361557836 0.0369032196553 -0.0109693339008 -0.620355919035 0.213565069564 -0.0289842443856 -0.0308503808787 -0.0491164367364 -0.0167745650905 -0.167732621783 -0.183872202444 -0.149236669792 -0.0466813211301 -0.010080277447 -0.0376857272074 0.270538363973 0.0171315809655 0.0125297488767 -0.274842014995 -0.0111051731089 0.0173159986562 0.0977613566165 0.00675706382248 0.0559980645828
-0.499897285887 -0.0980481836915 0.165326779642 -0.0574060381994 -0.0480272270148 -0.0480308608695 0.00913614178757 -0.459784255439 0.0962698515445 -0.0499872934744 -0.0695498105745 -0.0749815119674 -0.0093860845861 -0.110962884543 -0.178388161727 -0.0142903374647 -0.0893891211269 -0.016214983071 -0.486788740581 0.384070806685 0.00223420624227 0.0127712324548 -0.165300650404 0.00324810513669 -0.00417418864687 -0.070285254106 -0.0201923055409 -0.038906289056
-0.10623475861 0 0 0 0 0 0 -0.106620890528 0 0 0 0 0 -0.527241086058 5.41729426405e-15 1.42246514082e-15 0 0 -0.483188643414 1.69593933286e-17 0 0 -0.438769800037 0 0 -0.499488751014 0 -0.154543793143
-0.552684865352 -0.0717536221565 -0.0625358059093 0.0275258866154 0.0105292406845 0.0101605470298 0.00335355383143 -0.605250393642 -0.0788539139757 0.0293111136551 0.0343127225038 0.0233308617614 0.00451160642507 -0.178703534573 -0.20950923373 -0.0542768709025 -0.0592175849936 0.0111749629553 -0.34373100853 0.240753091536 0.00033937456403 0.00155719839685 -0.216169023944 0.0330612590735 -0.0031344725723 -0.00777693039067 0.00378554617165 -0.0540459150966
-0.538923858089 -0.0158779902369 -0.0246975049532 -0.00690202011318 -0.00261692116154 -0.00917923927288 0.00509715449358 -0.727376442529 -0.0956196515502 0.0450839902778 0.0629306585043 0.000505048078596 -0.00610656832708 -0.110415485651 -0.189813544938 -0.0282032541024 -0.0210627029954 0.00857928132311 -0.206564915681 0.233012968839 -0.0299793156 -0.00192950880304 -0.117969532237 -0.0176497867917 -0.000669770218025 0.00932329451687 0.00354720705831 0.0505567876381
-0.567435352251 0.0861601600298 0.0741842652196 -0.0233500410493 -0.0104650489746 0.00102983706518 -0.00499609361409 -0.638939212836 -0.0533817466706 0.0362639128835 0.0679651862603 0.0350908852855 0.00460948588169 -0.151544754978 -0.233318784325 -0.0593220193628 -0.0598204129046 -0.000512142027639 -0.274505116947 0.223096088185 -0.0128689523482 -0.00159875251274 -0.189457076295 0.00599409990884 -0.010377604852 -0.0046677125236 0.0159301409839 -0.00469330014512
-0.439427044603 -0.0256765452446 -0.0191477905322 0.0142691356081 0.0196373056583 0.00973728354498 0.00707501648424 -0.49695076078 -0.0635951185677 0.0304810803386 0.0222782509401 0.0293432252689 0.00940932211745 -0.246854918247 -0.239087618392 -0.0702489552523 -0.06767474188 0.00207266337308 -0.480625096684 0.153682407368 0.00102730516803 -0.000916089126227 -0.38405618992 -0.00527937565478 -0.00333392273447 -0.0523734979412 0.0179273655082 -0.137557159228
-0.647762368534 0.00330986994362 -0.0639266268106 0.0540630842287 0.0437743754127 -0.00955644434252 -0.00246585881615 -0.553789364081 -0.0179797529519 -0.0183643714375 -0.00184054883916 0.0246040804776 0.00528112861998 -0.227572207978 -0.232082644236 -0.0652284398573 -0.0324547815805 -0.000962709478775 -0.302465686834 0.214023068863 -0.012550538558 -0.00383537683855 -0.108688919674 0.000447989491323 -0.000450181654891 -0.00458526208642 0.00566639833326 0.0556708543096
-0.542187377543 0.000751295950606 -0.0192271297232 -0.00194251859628 0.00970555839313 0.0248303312043 0.00442922864975 -0.55371088668 0.0134536167159 -0.0426232477199 0.0364903781001 -0.00351960759152 -0.000942125390918 -0.441024971083 -0.166463332677 0.0322631088182 0.0201698269942 0.000215659178116 -0.290166332672 0.129084063194 -0.0232705210282 0.00130710445774 -0.162255259142 -0.0595501184823 -0.00106285389675 -0.184872430335 -0.000693715575555 0.0766451521907
-0.712842278825 -0.0567882923738 0.115393280617 -0.0368995336706 -0.0405137773892 -0.00425760272604 -0.00362193323043 -0.53276493548 0.0366990212476 -0.0199839104735 0.00556637147018 -0.00996018412998 -0.00265789396387 -0.189934522849 -0.225932684161 -0.0566737519729 -0.0292730090655 -0.00236495917413 -0.187496629994 0.22044171269 -0.0286248421314 0.00010720831057 -0.0694504110764 0.00972681188262 -0.00942241955974 0.0201502494685 -0.0303214615018 0.0668060797207
-0.645790931816 -0.001246886619 -0.11121827568 -0.0322455547749 0.0258727590796 0.00499367900491 -0.00402514484176 -0.58122093393 -0.00174420314963 -0.0304553442207 0.022078102755 0.00273093831547 -0.00263606009546 -0.139447198822 -0.171135764019 -0.00168411992048 -0.00726968629313 0.011364326018 -0.310535382261 0.201279896256 -0.0288575482569 -0.00632336154738 -0.183271520589 -0.0130287084085 -0.00300858003383 0.0576033350053 -0.00747664309066 0.0755304229179
-0.634640740348 -0.00224291905823 0.075766314036 0.0367025594413 0.023356040496 0.0165171360398 0.0070950682543 -0.630229626578 -0.0352837589223 0.0433914126238 0.0270713137188 -0.0027392350849 -0.00543354342088 -0.322720024074 -0.072597454981 -0.00324212607317 0.0446897861566 0.00177147465456 -0.126763930785 0.129143012967 -0.0174873916364 -0.00877448921367 -0.174139685278 -0.0511832814449 0.00207628612439 0.0165762029142 -0.00332067249206 0.101926905258
-0.608797773942 0.0123743851261 0.0260332495894 -0.00594028326102 0.0227825002854 0.0125975958978 -0.0152105612071 -0.642931841423 0.0165596623275 -0.0297875782546 -0.0504808202546 -0.0168402869816 0.00333441397344 -0.195339032449 -0.0583144980013 0.0820195098766 0.0650221365647 -0.0102858890143 -0.24752815119 0.288845974348 -0.0190775760594 -0.0004602320988 0.0335826590082 -0.0501683846195 -0.0147174044261 -0.03667611457 -0.000582730960221 0.0856284899673
-0.582548827388 -0.0575466214598 0.0671982866288 -0.0183513397435 -0.0324245313781 -0.0446243467482 0.00643864021798 -0.543633547591 0.0511383183825 -0.0327486304028 -0.0126415324675 -0.0241310980216 -0.00233446228546 -0.1876316897 -0.136056202804 0.0062075537056 -0.0901715127718 0.00555701452211 -0.426120289744 0.249145352798 -0.00946076952265 -0.00105232329668 -0.194431141971 0.0247288379554 -0.00700190325995 0.0430592938121 -0.0319599674271 -0.0491609135171
-0.506876498593 0.0515801040696 -0.0329050964905 0.00803852556209 0.0294318933508 0.0266533588716 -0.0167541655381 -0.572000004116 0.0605274862736 -0.0240893399049 -0.0408864868513 -0.049048197728 0.0041643069155 -0.177563573091 -0.171511597208 -0.0792733079522 -0.0573152688656 -0.00433626796867 -0.432008890793 0.211205613673 0.00695941761566 0.0189943895244 -0.303435746549 0.010197036113 0.0107421112257 0.00688323516409 0.0076065902291 -0.0854905079888
-0.585032464264 0.0308426437538 -0.0141494547795 0.0271505296751 -0.0101686116724 -0.000812838874156 -0.00702807754881 -0.724783177297 0.0677332210337 -0.0457984302483 -0.0398282744738 -0.0434429143136 -0.00275668421959 -0.111469179763 -0.0771238325484 -0.140993055225 -0.0255684536499 -0.0188759748696 0.184467815504 0.145405967382 0.0176058660382 0.0187213258552 -0.116471582553 -0.00388697086825 0.0248862345789 0.102859984436 0.0165806089847 0.00826936136206
-0.552588911906 -0.0815440375068 0.0238677888154 -0.044824568632 -0.0424484273801 -0.0130090943901 0.0134076118212 -0.682688124865 0.0986709122275 -0.05476133134 -0.0289345386318 -0.0416982708592 0.000791358564554 -0.0287479387626 -0.11595018496 -0.0206587451788 -0.0561741769865 -0.0206050353802 -0.302415767059 0.232473014236 -0.00679804195074 0.0251979897698 -0.169071317908 -0.0158914476554 0.0166445789036 -0.0897179492422 -0.00914883984923 0.0136470543843
-0.127972944457 -9.72431297731e-05 0.000678752183837 -7.87634815533e-05 0.000146032919534 -0.00449135759302 -0.00266985056767 -0.128321672641 0.000295202050737 -8.17620092338e-05 0.000132784445522 -0.00230618307612 -0.00163057340832 -0.536782811671 0.00163925513556 -0.000895139736934 -0.0143925315989 5.97445449799e-05 -0.531987881974 -0.0142725778861 -0.00633192593699 0.000113913582223 -0.51745469235 -0.000270670624972 -5.64300241832e-05 -0.342312761301 0.00224464877038 -0.102843297109