-0.000948359435936 -0.00289449027484 0.0142173244658 -0.0183810191663 0.00792830092541 -0.0072223431353 0.00371829516729 -0.0182357365332 -0.0420245325931 -0.110988225404 0.0518471241511 -0.0353230883233 -0.0228390591142 -0.421989838981 -0.191630774584 0.640284901207 -0.0634178912867 -0.00713302325464 -0.173006684672 -0.299506063378 0.00814414626586 -0.00375617032083 -0.480810466888 -0.00871404149998 -0.0117068916413 -0.00663721548181 -0.0214282557249 -0.00128030412236
-0.596503850552 -0.0533991881931 -0.167025359056 0.0881330005973 -0.107140892514 0.0534607614931 0.00220097811261 -0.383826385713 -0.0845398897798 0.00163622515787 0.0058837856101 0.0117681345822 -0.00820639952556 -0.337189767392 -0.175620934061 0.320134335133 -0.0447181079259 -0.00453818677979 -0.185098649656 -0.265604867687 -0.0203880563923 0.000341026215283 -0.284390098246 -0.0111266936013 -0.00196803357072 0.0321509092921 0.00116814302758 0.0173855525744
-0.582918414407 0.0756871726843 0.169857950045 -0.127520197021 0.06323331461 -0.0383524985851 -0.0136633486551 -0.420703231597 -0.147136449315 -0.0201228027083 -0.00498609421387 0.0111104008486 -0.0179189964936 -0.350535142159 -0.0619655163309 0.391765087177 -0.0267734952387 -0.00438403720683 0.00989430532496 -0.198491214127 0.00513025341457 -0.0137631800469 -0.284456506725 -0.0139800353673 -0.0123462440897 0.00113063877144 0.00507523785023 0.0475434867117
-0.613946984975 0.0525078513465 -0.225692626784 0.0469636801501 -0.104988048051 0.0312080212268 0.000163800313939 -0.364311421599 0.0320337872441 -0.0765968441319 0.00827294335905 0.000281861285106 -0.0101010576129 -0.265536981167 -0.10452177924 0.387253018485 -0.0180385844111 -0.00684559814132 -0.277781239147 -0.0777554273542 -0.000919703350984 -0.00773243944268 -0.306511439903 0.0119175592663 -0.00617481465839 -0.0206681051073 -0.0117452730837 -0.0751722636687
-0.558269831971 -0.0898902180748 0.173277350778 -0.104693033754 0.0814886450428 -0.0522319745495 -0.00394801630951 -0.419443319345 0.103533843096 -0.0371064136421 0.0274517361861 -0.0231889406552 -0.00646245707647 -0.303207625762 -0.13128136329 0.372701652077 -0.0382572650066 -0.000102423275298 -0.177954807073 -0.0840121072169 -0.00797148896432 0.0105200498781 -0.381200931307 0.0186055409579 -0.000819462459026 -0.0579978065644 -0.0543496415326 -0.0102071686334
-0.382104670032 -0.0167597846453 -0.0346263033552 0.0134011194692 -0.023190110264 0.0227934969843 0.00928071905289 -0.368648356479 -0.0268468156912 0.00884422751651 -0.0122619400841 0.0153272400009 0.00334924151254 -0.344244274276 -0.0870140062464 0.185041407656 -0.0390500688398 0.00144421422532 -0.439437269985 -0.215454066195 0.0251080655241 0.0116754301902 -0.526174797123 -0.0133033854639 -0.00953213027062 -0.0481637227815 0.00302790607485 -0.180289155144
-0.57942520533 -0.0321822984816 0.00722717592964 0.0576154481008 -0.0100151680576 0.00995597642036 -0.00038079229887 -0.660739025714 -0.110273710015 0.0462537258672 -0.0108807762955 -0.0141267841773 0.0013613488268 -0.304172229653 -0.0847084048807 0.198367931329 -0.000968972075608 -0.00233201856777 -0.0842206441647 -0.144145086511 -0.057179916749 0.00142209834842 -0.156292169523 0.021397457314 0.0100910988196 0.0455174143426 0.0139631024357 0.104953001484
-0.573532311564 0.0723220417387 0.0143830453548 -0.0822697524496 -0.017349879752 -0.0130676464154 0.00871237479678 -0.639632677771 -0.111813294375 0.0296792612574 -0.0249620300985 0.0052932296563 -0.00846849913882 -0.295409827167 -0.0791366142118 0.240896780993 -0.0167224954771 -0.00133853989082 0.0253899247644 -0.182677500339 -0.0141606647364 -0.00715788591756 -0.194049763344 3.2230963414e-05 -0.00311731392134 0.0692363023798 0.0241430489371 0.0769424901038
-0.302365305893 0.00763888646096 0.0165340259034 -0.00386321247814 0.0179376508742 -0.0120438180098 -0.0143882594087 -0.299458779919 -0.0154213469295 0.00424641798835 -0.0143470966559 0.0103104205775 0.0100943100741 -0.406687895931 -0.0688436085916 0.195563640475 -0.0305317767192 -0.00794812819349 -0.695501700024 -0.00274384091889 0.0051466880556 0.00254743204474 -0.299323983226 -0.00946443714674 -0.00591228316778 -0.10941743639 0.0351402497734 -0.145412474988
-0.546859950492 0.0110727400786 -0.0702041565533 0.0369270197547 -0.0405818835181 0.032401850603 0.005400632407 -0.431066609396 -0.000297171168848 0.000266110667289 0.0156535619748 -0.00238099066935 -0.00634401456137 -0.310805491459 -0.174277688023 0.229703800056 -0.0458737456916 -0.00253941969163 -0.375813443526 -0.178264381285 0.00153523316231 0.00425354083173 -0.373456442348 -0.0141770941087 -0.00290029223318 0.0288247316861 0.00208656980991 -0.101477704799
-0.559926486502 -0.0132862418293 -0.0112635698082 -0.036617550472 -0.0107236210229 -0.003693170854 -0.0024028515714 -0.576322057613 -0.0206947575684 -0.0531548002315 0.00228482052622 0.0175224882808 -0.00135621582394 -0.500698724188 0.027408887001 0.0768795543761 0.106144256409 -0.00333214423855 -0.0817405921826 -0.11084211788 -0.0649962384596 -0.00490307429502 -0.204350856021 0.0397255489896 -0.00841858259505 -0.00417250777186 -0.0168088611849 0.115870064673
-0.528774840429 -0.0205145279613 0.0409291946176 -0.0381780451481 -0.00405072228625 0.0086235299019 -0.00807923832776 -0.559987078308 -0.027963306871 -0.0505463920617 0.0485758066274 0.00639787738817 -0.0050249819994 -0.510491460656 0.0917567768595 0.0760722602 0.107812678287 -0.00688344600727 0.0875728047652 -0.0455551354545 -0.00551811239069 -0.0213567500203 -0.235125341643 0.071626575384 -0.00867345690079 -0.162547153133 -0.0301249434408 0.113186080631
-0.493354977742 -0.000418835435783 0.0739090407583 -0.00292031340605 0.0371222089231 -0.0318997687723 -0.00572370169442 -0.384662609192 -0.0190938831964 0.0101208696753 0.020598901865 -0.00200770024462 -0.00862015295517 -0.224440963614 -0.0635877947811 0.233147868366 -0.0255606740327 0.00167838117647 -0.674250320378 -0.0335473875255 0.00451425968967 -0.00286869084624 -0.177016804829 -0.017148347317 -0.000370025500613 0.0530066028434 -0.0096949311529 0.00588192682331
-0.396389807614 0.0124535775544 -0.0349614543537 0.00679553309608 -0.0260144183384 0.0241116615788 0.00909773521615 -0.380858251934 0.0231908022698 -0.0138394902803 0.0120446238672 -0.00943032105642 -0.00173148937056 -0.332329410271 -0.0652668605391 0.168016817289 -0.0440209666601 -0.0016859613029 -0.634387930381 -0.0763138370328 -0.000305938687773 -0.000159312724021 -0.296949326064 0.00613743216408 0.00118963236742 -0.0410537318475 -0.00781925286713 -0.22579162849
-0.604341772685 0.0182661068493 -0.0989219938372 -0.00249629568692 0.00506055516464 -0.0364470516507 -0.000666927636242 -0.579402964543 0.0421457116574 -0.0436038689083 8.72253587467e-05 0.0110192917803 0.00859130591924 -0.452056321785 0.0163744424987 0.0890737472214 0.102970339686 -0.00120399693353 -0.00679442823588 0.00156932510935 -0.0208221003633 -0.0125767079755 -0.221303358842 0.0202069031198 0.003666852546 -0.0495654257987 0.00364490611635 0.0896755739143
-0.684579567166 0.0343403206646 0.0422601961306 -0.116290530819 -0.0156504133223 -0.00615688283598 0.00433418262358 -0.577018298104 0.0550306134079 0.0395933159302 0.0106853602958 -0.00106557271331 0.00676319360583 -0.313076048819 -0.00576677931241 0.127984001305 0.0709633113725 0.00249385348286 0.0493779440465 -0.019027529651 -0.0443333671013 0.0104161124286 -0.156371965804 0.0686053801448 0.00524425814567 0.0015621042576 -0.0193128183387 0.151477980683
-0.3289168753 -0.0121992249599 0.0324595811015 -0.00516447286885 0.0178699514075 -0.0216736145582 -0.00863968248347 -0.318701487246 0.0202407479601 -0.00814253625942 0.0177292914448 -0.0106853800117 -0.00446296105981 -0.283643092727 -0.0203238708213 0.193841047772 -0.0303181090099 0.00379477689032 -0.703192977467 -0.0742556882346 0.00923012259897 -0.000239889576082 -0.391837356298 -0.00639179929425 0.00348863260267 -0.0633900885082 -0.0420724864333 -0.0916184102828
-0.119063432239 3.41869664726e-06 -8.23066282621e-05 2.54854906911e-08 1.08556928946e-07 0.00111239646206 0.000398646197387 -0.119061103331 5.82088654241e-05 -1.76675618046e-08 -7.55375217418e-08 -0.00080925037162 -0.000275221236347 -0.583761855597 -4.50590646666e-07 -6.62474403244e-07 -0.0067585328137 1.90836994726e-05 -0.486694683582 1.27419346757e-10 9.83106079867e-07 -1.50444591143e-09 -0.410396328605 2.03894088352e-06 -4.3117692425e-09 -0.451672749835 0.000329721035676 -0.14668807116
-0.472493108603 0.0332625010216 -0.0525622529857 0.0483878682128 -0.0400043891546 0.00101328435078 -0.00396518120622 -0.424135702633 0.0178289304524 0.0333578531144 0.0406584068687 0.00561618993557 -0.0195727701619 -0.170103803 -0.0513674843346 0.21764909521 0.0115759770718 -0.00184596455514 -0.664631430436 -0.110534552357 -0.0144758029525 0.000655927168029 -0.204787292979 0.0460557653226 -0.0063048618499 0.0868542877147 -0.0148285350596 0.0206300723261
-0.644906991824 -0.0829049358076 0.0898207574079 0.00136623092242 0.0613117596578 -0.016919764865 -0.000580655159221 -0.571812783354 0.0524091890181 -0.0599931596202 0.0165086817598 -0.00657812384313 -0.00987523394515 -0.193691047637 -0.0970586837902 0.283926693091 -0.0167373838817 0.00521814508206 -0.188367318684 -0.0511234233654 0.00574908389204 -0.00189795899489 -0.240772559723 0.0100723460916 -0.0103211779986 0.0580931522198 -0.0516279973478 0.0341577312693
-0.114043021422 9.13321752316e-18 2.91920159232e-14 -7.04137746401e-14 -4.42316075826e-13 0 -9.46588923393e-15 -0.114043021422 7.44142838694e-17 -4.39428786542e-15 -5.60502234726e-13 0 4.73699469685e-15 -0.564520731434 -5.77709996811e-10 -3.2209583939e-10 0 -2.43313825772e-13 -0.46619149276 -7.55834809633e-12 0 3.80751620114e-14 -0.393107390732 0 1.76823383635e-13 -0.508024126456 0 -0.159211433886