-0.0229511309727 0.0225500099911 0.126868138766 0.156162505905 -0.033710526486 -0.112063623522 0.0418753258338 -0.0616310077612 -0.233887471189 -0.0903822061995 0.283600883815 0.0728310265823 -0.0014218492908 -0.0548941715086 0.0372643641714 0.0110652120216 0.218670452721 0.0310048262202 -0.268061500463 0.722534747312 0.242349705461 0.0314827927185 -0.266575183185 0.0825709696603 0.0190363813431 -0.062164889397 -0.0396592893319 -0.00269884467289
-0.583635288641 0.0150888389562 0.0418983628205 0.0922678551453 -0.122621189042 0.100607548068 0.0260693794538 -0.601790636586 0.0390829124027 0.0529527164366 0.167779502682 0.0605737430931 0.0014639148158 -0.0154038539369 -0.0548391119531 -0.0373910538328 0.0886703649705 -0.016876982662 -0.157484274279 0.204174389146 0.025950105597 0.00972446148209 -0.124554413446 -0.0194436984544 -0.00743337256145 -0.357986350428 -0.0241188959436 0.00130562777203
-0.502733708982 0.0143017542786 0.0666430983502 -0.0542229029724 0.0444742575751 -0.114800480053 -0.00449627628451 -0.616642578846 0.0864372324582 0.168153902645 0.14249899276 0.0696370350401 0.046162047091 -0.456137336689 0.0604511196536 0.0637153992088 0.0621983860476 0.016439940208 -0.155445784094 0.0687550576283 0.0311001284117 -0.0228807403305 -0.0944062128177 0.0255650056557 0.00807286675881 -0.141513981528 -0.0236313441005 -0.0265070442582
-0.507753179375 0.0195320067478 0.0245827173362 -0.0438201899531 0.0888981159817 0.014708065056 -0.0105156995803 -0.619706289309 -0.0794130845504 -0.173207138232 -0.0660699055894 -0.0572955846763 -0.00127049706114 -0.0185695548824 -0.0466958809206 0.00897448593533 0.0527223221954 0.0254801102665 -0.258925616799 0.447687942919 0.0998455565585 0.0196641549544 -0.106584873624 0.0448223649328 0.0056000508709 -0.0728529077369 -0.02066131 0.00809494304061
-0.527409333512 0.0190784086993 0.045994412447 0.0646069579146 0.114496236719 -0.0820401504493 0.0121215011061 -0.614500249648 0.0261455636807 -0.182068730186 -0.0269384464244 -0.117585123954 -0.0214179519276 0.0743329522916 0.0749954561629 0.0211393592905 0.116832010729 0.00695746400703 -0.034947077434 0.236538214599 0.0737913607795 0.0165738925647 -0.389625653562 0.0110420925737 0.00527893240294 0.169029679472 -0.000305644538009 0.00546448252157
-0.495939376822 -0.0139821223216 -0.023934881868 0.0124794351354 -0.0234327258461 0.0182047215543 0.00783027974566 -0.632960584358 -0.105712654682 -0.0303037880425 0.0466811711118 -0.00915651795833 0.00317759103897 -0.0102551640403 -0.0804484281436 -0.0999761263713 0.0394280465926 0.0033291945899 -0.308385645743 0.0448558352213 0.00941732311933 -0.0216727144695 -0.149719139048 0.00860166676392 0.0279478216015 -0.444585861192 0.0114647998239 -0.0174207451977
-0.625129764908 0.0190644784132 0.0019966505728 0.0511449897924 -0.0260418689435 0.0132612321226 0.00277141113451 -0.656815752877 -0.0414187962518 -0.0528635880335 0.0406432945853 0.0610773156803 0.0202068072575 -0.0820614940797 -0.0662401753761 -0.0425440459529 0.051726828345 -0.00991479893316 0.012112695003 0.0368016623091 -0.0198534410193 0.0149915589192 -0.276013262405 -0.0437876206353 0.0218571387903 -0.259181394272 -0.00488076475464 0.00755902869643
-0.551309156906 -0.0182706538169 0.0537482381558 -0.02880213097 0.0392334472488 -0.0683510881783 -0.00666380935989 -0.636735068609 -0.0326208436039 -0.0126913464227 0.160975870043 0.00147754007901 0.0280312898397 -0.15111629006 0.0202894173655 0.0152999591153 -0.0344875774386 0.00125943815275 -0.0315870187751 0.0979006907333 0.00961635860831 -0.0158251695858 -0.252812853594 -0.0313874824907 -0.0146014552403 -0.389278129244 -0.00553404153297 -0.0106609390565
-0.497241068532 -0.0140948705642 0.0154837998237 -0.0333484789104 0.022434591091 -0.00692391763869 -0.00647684979268 -0.568043359721 0.0324271613622 0.0361584770997 0.0617697861847 -0.0536618313534 0.00656883213806 -0.351367201578 0.0540269021855 0.0185159478129 -0.021626665933 0.0237049789905 -0.104837516182 0.00454130879417 -0.0278808706571 -0.0667260600628 0.126368447623 -0.0120076976836 0.00751538500562 -0.505104706983 -0.0227132957159 -0.0550388787253
-0.634615099485 -0.00715242593393 -0.00676269486372 0.058243171407 -0.0687794790443 0.0470194654776 0.0057509071672 -0.614299234247 0.0328174249412 0.0573363238331 -0.00764820602765 -0.0313934173069 0.0122442766839 -0.0582542803872 -0.050573860836 0.075829828818 0.0147106710043 -0.0207412098247 -0.205096068295 0.0543720808435 -0.0339568428857 0.0247334613793 -0.171137042527 -0.0569229768958 -0.0528889329485 -0.329853034936 -0.02434710156 -0.00482867645629
-0.589589306244 -0.0232923393285 -0.0497639280479 0.0037936515395 0.0275607885528 0.00966104242136 0.00494568310907 -0.743300707769 0.0382992676929 0.0805639423643 0.072228555451 0.0196844574897 0.0142202230779 -0.0559592692049 0.00547640936909 -0.0187362322586 0.0414943761426 -0.00224396693519 -0.106132286652 0.244243635777 0.0402289559357 0.00236989357011 -0.0281043740185 0.00781995119646 0.00830356875702 -0.0503741783001 -0.0311379818426 -0.00207766441372
-0.558867645677 -0.0269500300118 0.0565619115536 0.0174162339292 0.0310347012529 -0.0163760643417 0.016064794502 -0.688109026268 0.0773925790066 0.0726956718248 0.0472886652311 0.0667382824145 -0.00146841684142 -0.25862808301 -0.0192998069315 0.0373145884961 0.0572063690573 0.0104158036089 -0.125997665319 0.0312473982177 0.0335583578963 0.00461257740496 -0.296087621694 0.0258658711378 0.00299061446752 0.107241038314 -0.0234628586688 0.00757136413512
-0.328343103561 0.0175900957902 0.0132926885284 0.00428644387707 -0.039799340722 -0.031934363549 -0.00449162429657 -0.344743579424 -0.0412918602725 0.0251965559944 0.062346045615 0.0338623465553 0.00390504415224 -0.375722582126 -0.0406351223746 0.0123338889447 0.0320445737952 0.000626979563761 -0.612767472764 0.0165551079458 -0.0300279397906 0.00032423558672 -0.453326850679 0.0402913463237 0.00596290840478 -0.186562504105 -0.00252750868468 -0.013834383799
-0.679025830839 -0.0367957858109 0.00979043102731 0.08992666122 0.0576065100075 0.0304449213907 -0.00891157532018 -0.600738930618 -0.0825328078373 -0.00331879340092 0.0258047185813 0.0494968494374 0.00763485172942 -0.0723780552824 -0.0599004430731 0.0237784424914 0.0287032924591 -0.00259564501008 -0.254253972925 0.277222169697 0.0159332367957 -0.00359100095568 -0.0178911557004 -0.00788804046818 -0.0078065572377 -0.0260287348431 -0.0270332625743 -0.0184460664755
-0.638484724863 -0.000246880633526 0.0184582788635 -0.0365536583516 -0.0607664230928 0.0142164174287 0.0173881725395 -0.672731446833 -0.0787621476213 -0.0756634771536 0.00473328470212 -0.0196826867724 0.00838779717709 -0.0502022955001 -0.0663712174832 -0.0282208540982 0.00477448502529 0.0117148580242 -0.211188677025 0.0670372180787 0.0232475423867 -8.17150053803e-05 -0.248134706823 -0.00784070651303 0.0113663354868 0.0426137087644 -0.012803476349 0.0151254496337
-0.542995760528 -0.0115030776482 -0.0335041905884 0.0241733854657 -0.0298777197661 0.00986249035752 -0.000549416060926 -0.728856297123 -0.0787322931984 -0.0631981470629 0.0246366495483 -0.0288161979212 -0.0112886114072 0.0878406421591 0.0692236288998 0.0167048054464 0.132014551436 0.00527199375164 0.0606048909337 0.0414383599759 0.00685772348468 0.00254399172892 -0.270243816602 -0.0302187873164 0.0014084085803 0.221840331357 -0.00415204306181 -0.0217642282342
-0.628260458268 0.0615131139498 0.0691446430078 0.0107650780416 0.0176254612975 -0.0618716172337 0.0076227230262 -0.64713380929 -0.0816374675883 -0.0307417083438 0.0682395925574 0.0074581446812 -0.0119321524939 0.103087957854 0.0911770038507 0.063091592369 0.0633461211921 0.00254808941554 -0.240372083136 0.052334800958 0.0156801990988 0.00976403043975 -0.265819632928 0.0446743377472 -0.00335240700816 0.0184295968905 0.000994830877996 0.0189180940133
-0.616781297226 0.00762090042765 -0.0481672266362 -0.0374270619159 -0.00128253878019 0.0165817676108 -0.00259397649617 -0.694898628154 0.0534454022661 -0.0679793259517 -0.0376359134032 -0.0485940578442 0.0042624116696 0.0141034095872 -0.0411403665689 -0.0468263376223 0.0470493208995 0.0131522787224 -0.215485992066 0.227855054991 0.0134451364578 -0.00539095156352 -0.096288781627 0.00800915534158 -0.00449676078871 -0.0785736688736 -0.0203863459653 0.0195648911448
-0.475440829058 -0.0300471208175 -0.0173874564159 0.00882738776403 -0.0458522515002 9.42691119194e-05 0.00137455396928 -0.721843741156 0.0588788696103 -0.0964903353116 -0.0569024629846 -0.0394589013957 0.0181719835254 -0.0500519692152 -0.0471958268291 -0.0158528411888 0.000633145096404 0.0213322730258 -0.217426371338 0.281429692721 0.0785842586076 0.0262392124302 -0.189510091317 0.0638360632441 0.00739582654105 -0.229675740834 0.00127388451366 -0.00559602429793
-0.494697332868 0.0227095220888 -0.00702398739299 0.00782495281278 0.0162409042009 -0.000776873677203 0.00660262651592 -0.751314027009 0.0892226800248 -0.110490381297 -0.0403580360372 -0.0570226128832 0.0114974190909 -0.10618576941 -0.0839726358697 -0.0244765248675 0.0254472831703 0.00738878336261 -0.207851528717 0.170493928945 0.0580982541794 0.00674245145402 -0.261201328192 0.0276484088843 0.00252406366767 0.0152892649231 0.00825792505438 -0.00823997084538
-0.615115411689 -0.0288239361282 0.0813867962194 0.0718634796317 0.0410827690662 -0.0483170297122 -0.00124372195733 -0.483748945255 0.0519371139047 -0.0112990278965 -0.0146176508313 -0.0263925474237 0.0022385689472 -0.218832794422 0.137620185519 0.0557890730742 -0.0441859339113 0.00264852236085 -0.226276544193 0.205266569926 -0.0105779289104 -0.00640900041157 -0.32091713705 0.0465088881045 0.00280747831011 -0.309619392876 -0.026588843746 0.0109310663481