-0.0125164816598 -0.00415123089446 0.0952466803575 0.0491453579913 0.0880206197417 0.0275309755452 -0.00585792132302 -0.00883357599223 0.0987609459563 0.00167379203696 -0.0177910155163 -0.00534501615072 -0.0607963872329 -0.143645863993 -0.370839397966 -0.00111202020534 -0.261305405765 0.00848653433323 -0.377831093797 0.67254185904 0.140622130057 -0.0124098298744 -0.292600789973 0.174857433127 -0.00730028131489 -0.0901684912569 -0.00591004449688 -0.0026450133976
-0.574627133079 -0.0534172066494 -0.170699358121 0.00668755345282 -0.125465555049 -0.0187405544095 0.0041081231504 -0.506762040168 -0.0601577734921 0.0436688144055 -0.105815413628 -0.0317771199251 -0.027239954878 -0.0276928921006 -0.177568870095 0.0261013175816 -0.0178634981287 0.0101632485442 -0.281119284179 0.397716365476 0.0103384281555 -0.00220806607091 -0.234204295709 0.0764792348151 0.00401466337138 -0.00596309880433 0.0228488549312 0.11992214119
-0.396985694792 0.0510612616883 0.0928695587301 -0.0362910482181 0.00633894922194 -0.0449004330086 -0.00868484840695 -0.462431923284 -0.0787137610408 0.0843006842278 0.0586059886566 0.0855874313514 0.0124703559196 -0.373737126176 -0.181541483468 -0.0381321264362 -0.120562350024 0.0113506999691 -0.415874309628 0.390599645602 0.0426543152305 -0.0237827382441 -0.227526500835 0.0814905228254 -0.00857982889819 -0.0920785244165 0.0284400802852 -0.0723266626605
-0.19478886618 0.0170973333196 -0.0349366566685 0.00329548977835 0.00435940323351 0.0253768510227 -0.00135598423311 -0.217365213276 0.0633560001646 -0.0281947459383 0.00822943217093 -0.0399732032031 0.00568580183896 -0.190234668566 -0.0859975774907 0.0105555092838 -0.0826240976376 -0.00090843219594 -0.4729673775 -0.0668624504308 0.00116698651642 0.00468002326918 -0.773304510561 -0.000470975523751 0.000383343727934 -0.116222526228 -0.0158069185588 -0.125062746731
-0.622894651814 -0.0379586432485 0.178366852431 0.011768830612 -0.0175956137005 -0.0567743923996 -0.0076266391555 -0.622146490681 0.0606426656341 -0.0364997043589 -0.123128070442 -0.060156166525 -0.0151003198435 -0.136586348887 -0.0916730642691 0.0148993093171 -0.0866473599411 -0.00475001065824 0.162234153623 0.242520111687 0.0694035865793 -0.000990544941805 0.128959206217 0.0473176827027 -0.00716930958368 0.0485377307971 -0.0438225077854 0.126375250103
-0.664287456257 -0.0560964421844 -0.0311653868772 0.0448544649273 0.0462334781536 0.0398006775571 0.00420983625366 -0.577702399992 -0.0225764406239 0.0187196359211 0.021611202648 0.0174662904665 -0.00736198427552 -0.175370500094 -0.190990616805 -0.119773548213 -0.0516360639272 0.00360588475416 -0.104325575465 0.291772724095 -0.0229804316043 -0.0120699773856 -0.159313573763 0.0240351989538 -0.000545580407057 0.0693749484524 0.00652547567178 0.0408153623649
-0.57199555251 0.0499257815633 0.0452718995341 -0.00386023441899 -0.0363569397435 -0.0162842732173 0.00903207541516 -0.657252159465 -0.100125046798 0.0402845777973 0.0301654788121 -0.00366267504157 -0.00525737193775 0.0368727447253 -0.055846610993 0.0240225410179 0.000312920857041 0.0145772461298 -0.282256994907 0.086670322299 0.0173895654702 0.00773644322162 -0.347139760209 0.0166404005784 -0.00542878025168 -0.0126984391701 0.0346554543868 0.0838476387625
-0.477625790351 0.0257398793636 0.0413441299658 -0.0160458928322 -0.0107983314212 -0.0340661602941 -0.0228620631303 -0.468613475224 -0.031246359574 0.0197053797711 0.0140991112632 0.0231433034781 0.0211971031826 -0.411685663338 -0.142062296997 -0.0483434539253 -0.0841400378105 -0.0118645604473 -0.422308261029 0.170480085234 0.0429164646877 0.0023313618972 -0.286170666519 0.0647662367505 -0.00295493721709 -0.171450006339 0.0564436549428 -0.134686024149
-0.112103845255 -4.81389845855e-28 -7.89010017239e-25 1.37767373851e-14 -3.15950347589e-15 0 0 -0.112103845255 8.78701136206e-18 1.37200897198e-14 9.49332016898e-15 0 0 -0.516668821784 -1.39503620874e-17 -8.55551542106e-11 0 0 -0.445528867306 -4.30889927934e-11 0 0 -0.454699474377 0 0 -0.525663728751 0 -0.162323273217
-0.713845859154 0.028817759216 -0.117310217796 0.0449906493466 -0.02204412296 0.0249922578073 -0.00857408120433 -0.580374833752 0.0120870967811 -0.0109083443523 -0.0575784590924 -0.0193938127582 -0.00468057835 -0.0154042890758 -0.15062031054 0.0265738121288 -0.0318699479183 -0.00518433648906 -0.217578964656 0.200650148375 0.0159027355586 0.0145934750177 -0.119972163345 0.0421649946649 0.0146641936243 0.0425150534965 -0.00262692839931 0.0294995963931
-0.465259451958 -0.00949935883852 0.00932712270037 0.0259737964923 -0.0102891351369 -0.0182425385309 -0.00264591843234 -0.50468161339 0.0968383641065 0.0370299994421 -0.0240905598166 -0.0180540572907 -0.00146204232399 -0.351700983545 -0.00951136241056 -0.00541398103516 -0.0047001583073 -0.00177709811991 -0.333417340916 0.00928540807312 -0.00869030415974 -0.00193847265687 -0.401248463717 0.0233177760251 0.000526058240915 -0.333664110165 0.00379299793429 0.0883944098959
-0.682276376214 -0.00261766447318 0.127937259289 0.0243374596128 0.0458122147118 -0.0123783738543 0.00403879514637 -0.618419939702 -0.00998472151093 0.0646568210409 0.0136721453805 0.032885162292 -0.0181897801976 -0.119861819274 -0.109992375251 0.0134460109775 -0.0461602932801 0.0160721490364 -0.146334428968 0.249922694276 0.0027489959516 -0.0221309641954 -0.0219994713445 0.0332190505539 -0.00857634529087 0.0445409072585 -0.00472189070716 0.0993285209202
-0.523466522107 0.0701237150419 -0.00298293497071 -0.0308612271088 -0.0458704601901 -0.0226007581746 -0.00932397878185 -0.555342438607 -0.0297780383955 0.0335032000647 0.0398973582263 0.0382095527792 0.0110678817829 -0.302626367832 -0.109404563524 -0.0776979863422 -0.0985024562236 0.0100589460001 -0.338141924268 0.364011278267 0.0228769916895 -0.0199493750836 -0.180956165073 0.046162361419 -0.0133082282024 -0.014249012731 0.028724385477 -0.0239546889106
-0.349102025529 0.0253598534837 -0.0342462116732 0.0131447403502 -0.00738267349784 0.0252623374368 -0.00570323292644 -0.352548126904 0.0367638221061 -0.0149950446669 0.00449648692395 -0.0272283387035 4.21619756318e-05 -0.179339809619 -0.08559305389 0.036532539269 -0.0819966515747 -0.00829438421161 -0.410246108766 -0.0442144443901 0.0121772543191 0.00140431121397 -0.716805530782 0.00107927017442 -0.00125303381455 -0.0734530053486 -0.00458143558362 -0.10739432675
-0.396778408274 0.0112134186345 -0.0183144822128 -0.0247405754028 0.0326915505145 0.0208767172467 0.00361856041958 -0.494275673329 0.0784719133783 -0.066801787618 0.0401357604114 -0.0191517448141 0.00688953131613 -0.0768218679687 -0.0760565262158 -0.000507939622446 -0.0649491994338 -0.00199376026485 -0.356311877038 -0.0622893597955 -0.00948187009855 0.00763100231401 -0.65981203819 0.000872236068078 0.000958097008288 -0.0175740722881 -0.0215168395957 -0.00125067511953
-0.650191751319 0.0751616171131 0.0319074436021 0.0212778239967 0.0766135176307 0.00586184761676 0.000414480371627 -0.635045693007 -0.0501436553403 0.000959215060904 -0.0578173408328 -0.0429308355046 0.00886142890129 -0.190709429943 -0.018245486441 0.0867736149062 0.0149138247144 0.000415309487918 -0.204128362918 0.234747716929 -0.0352475090227 0.00503100746094 0.0220431057142 0.0296115402831 -0.00311050857502 0.0178949594169 -0.00177388224434 0.0947103387833
-0.73963005916 -0.0637840294084 0.0483149647236 -0.0635113738309 -0.0603036035315 -0.0253258665186 0.0012877203941 -0.60138111872 -0.0147700406303 0.00711386349006 -0.0607381120688 -0.0103656625894 -0.00810982860217 -0.0804832507343 -0.0625366709011 -0.01729712174 -0.0506636047892 0.0109791534704 0.020136739467 0.192256473448 0.0157406156155 -0.004013713456 0.104880718608 0.0275477752494 -0.00470051930852 0.0292378659046 -0.0265129247117 0.089974708576
-0.112103845241 -7.90764864388e-30 -4.42405561618e-26 -1.65371307774e-15 3.79227772559e-16 0 1.28497309276e-38 -0.112103845241 2.01329339576e-17 -1.60068711694e-15 -1.34628766077e-16 0 6.64562094431e-30 -0.516668821962 -6.64354880708e-12 1.02665501457e-11 0 1.03199879917e-13 -0.445528867264 2.64555402679e-11 0 1.92907608337e-24 -0.454699474305 0 -2.98203490468e-24 -0.525663728687 0 -0.162323273197
-0.208314312727 0.00274693835172 -0.00889853812515 -0.000980521083329 0.000202455373154 0.0169281694732 0.00378995704096 -0.206710789153 0.00844941696376 -0.000452144028405 -0.000577307875839 -0.0118853310429 -0.00287165279299 -0.258551970144 0.00712341181253 -0.0264073671667 -0.041602965443 0.00103814893847 -0.58872301854 -0.0205630340494 -0.0034731567122 0.0011968490036 -0.676156845417 0.000762426576107 0.000159349707288 -0.141744494968 -0.00320279355923 -0.140053668786
-0.614394771817 -0.0372502777114 0.0119805479337 0.0493707543381 0.0279853945035 0.00614503832444 -0.00729223642561 -0.688043871457 0.099232941493 1.68241965721e-05 0.0606730980238 -0.000829767273806 -0.0161375889065 -0.0418245286571 0.00284311114298 0.0156979454807 -0.015403085697 -0.0167433006424 -0.214733408627 0.265923166771 0.00566754271127 0.00338532352381 -0.069276374407 0.021629713493 -0.00625219237732 0.0124991577802 -0.0263748720448 0.0702418631584
-0.588062172561 -0.0677306846486 0.0788528661588 -0.0237137125606 -0.0192176202051 -0.0353116903475 0.00350523492709 -0.548274458663 0.0323911832696 -0.0317399531186 -0.021451847191 -0.0320634456376 -0.00294486914163 -0.169312209626 -0.0844652871693 -0.0265121002229 -0.0815871732779 -0.00300398266833 0.20604509503 -0.0309253840489 0.0686452480816 0.00300678571833 -0.493119377319 0.024333823508 -0.00559140844762 -0.0112246460395 -0.0380224896326 -0.0191050696402