-0.027081490868 0.0150873793911 -0.0776567578528 -0.0777080069754 -0.15954886979 0.0242312154634 -0.0402818781391 -0.0187994582534 -0.0209519789036 0.140926469128 0.0701502037219 0.00339785657853 -0.0322512745515 -0.0334353827821 -0.23394516989 0.0983227939403 -0.0128535326731 0.0142939378058 -0.375883046572 0.772396894851 -0.0653078790877 -0.0469642472846 -0.347408190266 -0.0409583589537 -0.00476734203446 -0.00488646604331 0.00327186631224 -0.00324245246998
-0.647749404005 -0.00918339870582 0.123227431721 0.0033930006381 0.155237797151 0.0148037653018 -0.021644888633 -0.579506667239 -0.034868990898 -0.054887236801 0.0530941299527 0.00300180214842 -0.00276531116891 -0.211107607272 -0.230972307151 0.0390092750081 -0.0641079080275 0.0105714362729 -0.229431291419 0.198917562189 -0.0285030592787 -0.00745281551476 -0.0100645923669 0.0153328219259 0.0144893694795 -0.00624368236833 -0.00164402683923 0.0118543359601
-0.631943578112 0.0503466299229 -0.193011736311 0.018759080562 -0.103870161233 -0.00917816390189 -0.0189487219844 -0.540016416129 0.100004787555 -0.0349497508743 -0.0226229193331 0.0727000413497 -0.0132654010152 0.119524924096 -0.0525747253401 0.118496840237 -0.0347486318169 8.25148048641e-05 -0.181169496815 0.280482090738 0.0424583432418 -0.0244263564248 -0.304448272069 0.00868631525533 0.0111942592532 -0.0318625500493 -0.0180225338522 0.00638582578711
-0.499105251756 -0.0307904312455 0.0120600881387 0.0977257638744 0.0866100535713 0.0778509004028 -0.00819692559782 -0.489105586712 0.0352593790307 0.0554299092813 0.100821098561 -0.0616856589673 0.00443209079865 -0.0640957094653 -0.102230481629 -0.0352467967933 0.0224047690212 0.00433390378576 -0.292959905368 0.442303778307 -0.0622608520395 -0.0266738635861 -0.401919436361 -0.0536876794831 -0.0317281299317 -0.0314072690598 -0.000892524431759 -0.0175294614088
-0.41073592717 -0.0206931680315 0.00294794920812 0.0458350432242 -0.00764113235925 -0.00144982680106 0.00679971283474 -0.532194611479 0.0141701513963 0.150993872877 0.107737715356 -0.0256676825961 -0.00677642092874 -0.105866202024 -0.0410127066164 -0.067457962797 -0.00250399530806 -0.000926141831816 -0.240492846721 0.45463508091 -0.0498882063794 -0.0111652306545 -0.464024804553 -0.093430082257 -0.0290052557431 -0.0203374513881 0.0117590080602 -0.00872699175798
-0.740943265598 -0.0490974804531 -0.00574493142353 -0.0267589223232 0.139642323804 0.0146590535887 -0.0142578312377 -0.624082295632 0.0114102152452 -0.00253824509692 0.0536018165956 -0.0207240385933 0.0118277222089 -0.0673186330585 -0.109307186835 0.053069035785 -0.0138202327611 0.0135666099413 0.0315014832262 0.106410402303 -0.0114269017654 -0.0111096567091 -0.0352413587534 0.0234870347029 -0.00222815778525 -0.0241999223885 -0.00615368399487 0.0143046450951
-0.555640896903 0.00338289768927 0.0309211356758 0.0370004046299 -0.00103749154934 0.00390481580252 0.0111719476571 -0.612265549072 0.0296740933578 -0.0935597041049 0.0921351681371 -0.0131865153373 -0.00126266242939 -0.180861742791 -0.206797455052 -0.0390574842117 -0.0556828265097 0.00267840449218 -0.347748364068 0.196085182057 -0.0166014499159 0.00676690520793 -0.233706742358 -0.019420073461 0.00637925771618 0.0253144590865 -0.00596160252923 0.00979133524457
-0.547133840582 0.0209984931254 0.00144862318185 -0.0309248201133 -0.0499193887759 -0.0278626716046 0.0109002170489 -0.583616247427 0.0581563727886 -0.0593164906852 0.0837220296762 -0.0274838961252 -0.0057907545797 -0.0278548705618 -0.0260202057082 0.128704711191 -0.0261610612066 -0.0155936328822 -0.353600002199 0.370568402721 0.0282465498744 -0.00495558813278 -0.239423083108 0.0136864673546 -0.00759854161118 -0.0142300866098 -0.0173052088401 0.0189501654056
-0.657318421533 0.0338799350115 -0.0808700682266 -0.0067886443718 -0.052362816941 0.00433978903343 -0.0103769599391 -0.649091149367 0.0698198925034 0.043655344628 -0.0865056698114 0.021912999588 -0.00257995078261 0.0693201586249 -0.0141161045584 0.0580593923628 0.00802751581172 0.00035110448969 -0.0598227685209 0.0844332105962 0.0242495528177 -0.0316260238056 -0.277434104443 -0.0156073502818 0.0158264974678 -0.149821445577 -0.0189004693541 -0.0160246720258
-0.747463852208 0.0458169938186 0.0620698326233 0.034111573078 0.099980739308 0.0247934981191 -0.0099820054064 -0.608218274843 -0.0323323960079 -0.00285570895522 -0.0240849681318 -0.0264296060771 -0.00911856819292 -0.141635906783 -0.0773776772651 0.0270280289249 -0.0114067443264 0.0098553608813 -0.0561428774455 0.0859362339347 -0.0237154485347 -0.00525449026857 0.111552806131 0.021688019767 0.00793563442829 -0.00131392273729 -0.00067603199847 -0.00382324503921
-0.585819498182 -0.0205764652116 0.0110850519177 -0.030108288724 -0.0996762211221 -0.00480929642662 -0.00114960649905 -0.541238052195 -0.0556956673744 0.0097294391912 -0.0492323748779 0.009046209545 0.0025707814449 -0.149238715051 -0.179880216092 -0.0123010759207 -0.0497590701156 0.00516815708559 -0.501168740998 0.126185855369 -0.00773384042912 -0.000518212400713 -0.142262435287 -0.0207712002295 0.0253881442498 -0.0299006668687 0.0105158251595 -1.07924043033e-05
-0.565432978457 -0.00344775658814 0.00876223178525 -0.019664496608 -0.0518278528619 -0.00924283618076 0.000712519424519 -0.560135962908 -0.0197934114376 -0.00820310184408 -0.0377170372296 0.0258626990439 0.00552207302473 -0.193685141285 -0.0949451536596 -0.0789391083054 -0.0612129535212 -0.00116777813985 -0.349939770734 0.117625715195 0.0756537970392 -0.00529777214264 -0.402329563815 -0.000185354343524 0.00600671276263 0.014216225532 0.00253212751763 0.00613212372252
-0.697676781267 -0.0494610736061 -0.0813403975909 -0.00205459692048 -0.0644525550661 0.0383367932928 -0.00130832046751 -0.664541339631 -0.0066098210217 -0.0813805482336 -0.0476227122976 0.0212743095766 -0.00396992638588 0.0517936443856 -0.00491443621746 0.0808565734746 -0.0185774206132 0.00511606963167 -0.0218867954002 0.113666161969 -0.00887476624229 -0.00820707615929 -0.155642702897 0.00592768922563 0.0070367806854 -0.00176347407708 -0.00563432765293 -0.00562156009425
-0.679048062182 -0.0288035396926 0.0685070675344 0.0942313388065 0.0567632460296 0.000952470390177 -0.00167089100884 -0.621285080208 -0.03157100717 0.0486874604593 0.0256780647481 -0.00429330221708 0.00577889432557 -0.0231500169967 -0.101164815322 -0.0792571835159 0.000434830601337 -0.00612964816153 -0.122576744109 0.146914862403 -0.022881005415 -0.0115029715936 -0.271799568719 -0.00782166903292 -0.0125286778427 -0.0468899427448 -0.0233010355815 -0.00163121701818
-0.584686542045 0.00648645215897 -0.0550156002207 -0.0347752664255 0.00684795809513 0.00656054863725 -0.00509132512732 -0.568964296755 0.0160061687156 0.0425177650995 -0.0107954833917 0.015488361807 -0.00293566923434 -0.0177478687982 -0.183158595582 -0.10678521506 0.0338281512097 -0.00813237604065 -0.310427057795 0.223304788898 -0.0533412609678 -0.0315021627698 -0.357102855367 -0.0247792788434 -0.0263051727445 0.0395328273523 -0.000939312789988 -0.0257462376104
-0.548531935058 0.0166006210028 0.0176209439431 -0.0674249921712 -0.00632840949882 -0.011351553989 0.00102592916523 -0.530530599548 -0.00933534599555 0.0464592863521 -0.0176779496577 0.0116914086286 0.00128813620514 -0.0667216902104 -0.000867287577118 -0.119003631383 0.0137819856405 -0.00393395357382 -0.261988769719 0.162611957757 0.0253767530592 0.0171551048302 -0.542353459775 -0.0235701564539 -0.00727177893391 0.000909727456092 0.00730608076291 -0.00160817266166
-0.611995578222 0.009017506399 -0.0316981852848 0.0373402111612 -0.0685876014917 0.0183799993068 0.00744049915019 -0.640255789074 0.0103608390521 0.0645713081979 0.03360464482 -0.00518540522442 -0.00968335983703 -0.067389605864 -0.0382079672077 -0.0154211984966 -0.000641855612788 -0.00250469343694 -0.102052558502 0.314747555515 -0.00778650632918 -0.011075643253 -0.290520610068 -0.0358502281741 -0.00580147958956 0.0197054158194 0.00704376092185 -0.0189891627873
-0.654067987553 -0.00445610693458 0.0603609644003 0.0726583619532 0.0763275186494 0.0258661715054 0.00044019038361 -0.477020719054 -0.0300000800983 0.0110732166312 0.0133591859528 -0.0333053270149 0.000176869644926 -0.167496320452 0.0289912022427 0.0369390560059 0.00805910606246 0.00400839161102 -0.259602932934 0.361790210099 -0.00154212256049 -0.00596488070281 -0.304168900351 -0.0222641743529 -0.00495834206573 -0.0718486668007 0.00527859766017 0.00208467147888
-0.453662982572 0.0386087293846 -0.0338625819877 0.00500275002379 -0.0540868719589 -0.0247877225261 -0.00447966962962 -0.648931512199 0.0895816113846 0.113645482743 0.0438063278147 -0.0392701780006 0.00299373997337 -0.114169536614 -0.0487614099229 -0.019563635666 0.00503322845106 0.00873223889655 -0.322399461662 0.302237227929 -0.0875745271803 -0.0277922418371 -0.324035608903 -0.0809233675929 -0.0341090107946 -0.0964715323747 0.0132294693749 -0.025005875444
-0.493559546842 -0.0422928620516 0.00342632743763 0.018468500502 0.0434446526337 -0.00243934597338 0.00578672644996 -0.603802123332 0.0550776343646 0.11397393578 0.0477096922636 -0.000929500197276 -0.00336489371221 -0.0483780861235 -0.0787117311606 -0.0501692269102 -0.0148123841204 -0.00426068467451 -0.33631100972 0.32435002174 -0.0548687919517 -0.0183860051061 -0.362237419793 -0.0494971461612 -0.0265630855421 -0.0454917184405 0.00718100268042 -0.00136140282707
-0.543333339878 0.0195987586709 -0.000604661823445 -0.0259374497864 -0.0077664751469 0.00945613897794 -0.0115066386049 -0.601573153033 0.040114518344 0.0255505456643 0.0659442901988 -0.0295495540119 -0.00621596044356 -0.148321639057 -0.000680187759797 -0.0162761550275 -0.00661764723967 0.0094759630359 -0.266655916116 0.33508042635 -0.0971578693575 -0.0216895524701 -0.325509841356 -0.078814785363 -0.0251911386959 -0.0741419883341 -0.000428966669565 -0.00662708230357