-0.0219033676411 -0.00687905984162 0.0888033146363 -0.0132849123609 0.12843971349 0.0428587866828 0.00333814708043 -0.00888533903668 0.0830632277843 -0.0321970881319 0.0137317476205 -0.00596842506509 -0.0260451048298 -0.294734704285 -0.573301440765 -0.010679232494 -0.137469536168 0.00798891569443 -0.477547758141 0.471122645054 0.0943415209639 -0.0118821148793 -0.217573383108 0.139894122302 0.000808616743805 -0.0587548065093 -0.0108149880851 -0.000979651270032
-0.523033893088 -0.0268137295868 -0.133948391834 0.0109346316471 -0.0342435740678 -0.0255274443564 0.000941680182185 -0.507559827765 -0.0648164893009 0.00350520149913 -0.078700872188 -0.0568162560182 -0.0145792702435 -0.169775003903 -0.345348330774 0.00291847370241 0.0138390127482 0.0168449991419 -0.238440151662 0.321748234161 0.00196707119313 -0.017522711837 -0.315798990579 0.064422067508 -0.0154284131262 -0.0276425295651 0.0141022364937 0.141510351208
-0.406966277686 0.00876794262717 0.0625225083252 -0.0117361418215 0.0457307248339 -0.0377499296184 0.00445083505977 -0.50476188043 -0.0326210162034 0.0658247516284 0.123303129372 0.0913151902714 0.00430013836124 -0.392329712034 -0.290035216279 -0.000532654447826 -0.137594036234 0.000944596453564 -0.41863957886 0.278346586515 0.0613488867016 -0.01282627431 -0.111864266289 0.0759233713164 -0.00801512667752 -0.0283634153387 0.00968686422102 -0.100476002289
-0.218585714485 0.0139756699922 -0.0159420639969 0.0113455687701 0.0117175118533 0.0199263027307 -0.00677445544142 -0.258627982512 0.0594011260471 -0.0481501929971 -0.0218448958594 -0.0503888344683 0.00804696144079 -0.334053202998 -0.242017093574 -0.0893590697305 -0.0833220194956 -0.000611380758739 -0.403794753396 0.0948260260225 0.0346934967907 0.00726875162986 -0.681258928709 0.0320781382693 0.00222622824321 -0.165253737898 -0.0174556233343 -0.155221959357
-0.556360928326 -0.00535165842252 0.0898904483857 -0.0204767812087 0.0268359590403 -0.0254940558882 -0.0027378124745 -0.612817162645 0.0317110204899 -0.0245964355448 -0.150308454982 -0.0568526888711 -0.00788017644569 -0.192670917918 -0.286659887822 0.0291524460562 -0.0690397079631 -0.000220781300134 -0.196554748521 0.291333322393 0.0554995737905 0.000688690822245 0.0691440603538 0.0474263205844 0.0133557449584 0.0178731546436 -0.04112719719 0.129587501501
-0.67847780515 -0.0405607677592 -0.0356567311791 0.0344573218404 0.0490941816757 0.0277238341564 0.000632577849216 -0.623150602343 -0.0339671418689 0.0332243823752 -0.00774499285061 0.0132738464256 -0.00580488121723 -0.142824073845 -0.232430569277 -0.0366656584008 -0.0518074747038 0.00973791502548 -0.0221210979488 0.226116161743 -0.0288654336059 -0.0168772357035 -0.0300402009803 0.00533328812368 -0.0152757847283 0.078263680754 0.00189041146492 0.0544587787287
-0.611885143964 0.0350989913732 0.0651830520303 0.0179813920877 0.0159249868824 0.0193285411317 0.00606555429546 -0.648091229995 -0.0632338814067 0.0293648916639 0.0322429614744 -0.0276958966364 -0.014379359277 -0.0767853793467 -0.2226888305 -0.0213541375264 0.0435334117578 0.0180811711302 -0.161297638684 0.12448286472 0.0221657900185 -0.0149896650964 -0.272564805501 0.0691059033567 -0.00666422341709 -0.0356955167164 0.0223854891361 0.104650709628
-0.484764264519 0.0268764031834 0.02225860115 -0.0333691768154 -0.0166179247604 -0.0374182216357 -0.0226869470431 -0.467669479236 -0.0221911028994 0.0211058237014 0.001547154162 0.0303171102719 0.0082252933902 -0.223197134398 -0.140846752494 -0.0188028537293 -0.0937583051708 -0.00552808885994 -0.370828196458 0.12831180434 0.0204681396365 0.00311780023815 -0.535387143719 0.0211335838095 0.00471202065301 -0.034638146463 0.0319677154071 -0.131430330865
-0.106886512317 8.36791464234e-28 -5.33992031364e-25 1.01854344877e-14 -2.22332207121e-15 0 0 -0.106886512317 -3.27326568264e-17 -3.05525347454e-14 -1.11485951923e-14 0 0 -0.504679769725 -2.63905311827e-18 -8.57189850963e-11 0 0 -0.450371543337 4.83801043749e-11 0 0 -0.46378504199 0 0 -0.529438197807 0 -0.155605203899
-0.627115437876 0.0238470486806 -0.113807623502 -0.0035700113578 0.0148034241724 -0.0122254058802 -0.00845586836013 -0.523199817167 0.0144008679935 -0.0106230827764 -0.0260366520495 -0.0146372151931 -1.85955362593e-05 -0.0919731976798 -0.208798154639 -0.0721740557799 -0.0122339143382 0.0116615389519 -0.159343597393 0.142912512147 0.0127231280686 0.000458617774051 -0.458115543569 0.0165726145022 0.000139751791002 -0.0163990974273 0.00550646396506 0.0618979767604
-0.431615716122 0.00850288247047 -0.0195741213927 0.0428726897279 0.0417379871212 0.0205202502141 -0.00981608518323 -0.416098070038 0.030831373008 -0.00781262799945 -0.0120269215843 0.0190354787855 0.00734271495968 -0.343555701345 -0.142185426021 -0.0824685200531 0.0268351778795 0.00213004382753 -0.332020563568 0.0672450001526 0.00454181973578 -0.00234234686585 -0.557455539623 0.0246312139708 0.000506761463599 -0.239268410779 -0.00134598546638 0.0726039056195
-0.652113870053 -0.0370199486904 0.0705769234071 0.0048196920434 0.0807848914883 -0.0139881114733 -0.00148033276071 -0.627386467328 0.00799466148605 0.0119194137609 0.0683545498272 0.0355147037659 -0.0060559700271 -0.16125064466 -0.227190144162 0.0181242647844 -0.0864259224072 0.00421969286999 -0.195254149404 0.169120175727 0.0306540940153 -0.00536858890164 -0.0473742566566 0.0179249619625 -0.0167846346776 0.0528809886281 -0.0251034974928 0.0495726072916
-0.568101626275 0.0684335669282 -0.0198394687568 0.0209049375986 -0.0589761958461 -0.0269755095176 0.00284782041677 -0.662666301356 -0.00578485800044 0.0226612231469 0.0762861332816 0.0467023416434 0.00412912069972 -0.291432563057 -0.184132784102 -0.0288305709636 -0.079243201287 -0.00196818480968 -0.205960526203 0.206885156429 0.0387364132658 -0.0168452471113 0.0484404000085 0.0521752813928 -0.0120808648157 0.0370859894959 0.0167208922997 -0.00373294865882
-0.404437031917 0.0325846784132 -0.0241210180465 0.0283552673805 0.010946400962 0.0131443939819 -0.0095122457685 -0.436610454952 0.0377755724101 -0.0341027088102 -0.022800544215 -0.0331495993053 0.00141001387053 -0.260899131002 -0.227688753729 -0.0916643498832 -0.0773049419937 -0.00692391643417 -0.328012981594 0.0903003009078 0.0297846034422 0.0023366036544 -0.611397327423 0.0239089152837 0.00060229394151 -0.0846399861661 -0.00431508522686 -0.0788873815441
-0.441817271935 0.002544441179 -0.00214809312646 -0.020531100641 0.020653605479 0.0228758657989 0.00498260148099 -0.551466839755 0.0739523109254 -0.0554427956577 -0.00522070419316 -0.0272610180622 0.00739670626206 -0.206766242534 -0.227143209724 -0.0836577724888 -0.0707234437154 -0.000544162594315 -0.271626934537 0.0926496956493 0.0239318677021 0.0136561577385 -0.542902173399 0.0255338362152 0.0050935567904 -0.0540223724808 -0.0249741368721 -0.0383704078454
-0.649040310606 0.0391399824322 0.0567456115434 0.00509518373585 0.0606752877677 0.0258624730062 0.00523446086702 -0.634029188283 -0.0545614011349 0.0280995493448 -0.0211438688086 -0.0400281944277 0.00560887886397 -0.191131859014 -0.202900185013 0.0691217024428 0.000296618245009 0.00511723762212 -0.228530980359 0.129488092098 -0.00631896029023 -0.000426965121108 0.00712258500684 0.0189357207589 0.00564761673335 0.013934910187 -0.00549526516627 0.0977109063905
-0.68262926551 -0.0314011292438 -0.0283175980541 0.00523158515749 -0.0858970837484 -0.0309697539534 -0.00476481316662 -0.609874259748 -0.00668027372263 0.00775199165084 -0.0294375498616 -0.025166619144 -0.0101994073435 -0.140883219169 -0.194770790362 0.048983669991 -0.0410743604564 0.00909430595292 -0.173742081291 0.211289648015 0.00760151861517 0.00178787142909 0.075698189201 0.0064373139729 0.00389565135478 -0.00159436580221 -0.0397741040231 0.0772765372867
-0.106886512313 -7.91501293209e-29 4.26869580242e-27 -2.85232729816e-15 -4.44703062102e-16 0 3.21938151554e-39 -0.106886512313 -6.56036478639e-18 -9.42348838846e-15 -7.86586672417e-16 0 -4.13429506876e-30 -0.504679769706 -1.43295979181e-17 3.42887281006e-12 0 -2.63677995133e-13 -0.450371543356 -4.09586468888e-11 0 -8.44889932896e-30 -0.463785042019 0 2.58571619832e-24 -0.529438197787 0 -0.155605203893
-0.22683710259 0.00133406623194 -0.00407007148325 -0.00524291783701 0.0015306021025 0.0196514050672 -0.00277878291298 -0.225456114253 0.00230036364675 0.000738818586044 -0.00252713476339 -0.0119775749504 -0.00242150608304 -0.555644608009 -0.0609227852254 -0.0895140209096 -0.0272612813024 0.000518521408967 -0.461601877183 0.0271434961326 0.038314578928 0.00930680949727 -0.498670404984 0.0520085679994 -0.00339518661305 -0.264456482663 -0.00379911032062 -0.197975199975
-0.652923015432 0.0365335681783 -0.0221454634956 -0.00856332877361 0.0723549617671 0.00828475471998 0.00477115565829 -0.700102179937 0.049592593044 -0.0646896577197 -0.0475052223408 0.0129192893342 -0.0046458230888 -0.0356734738885 -0.117915243445 0.00404952963038 -0.0172445156375 -0.0122166978447 -0.0997302131774 0.141813049217 0.0406488617175 0.00355574029995 -0.109418151913 0.02005718179 0.0152706421817 -0.0258070495101 -0.00350484595682 0.0811554669202
-0.69148279505 -0.0850467149764 0.00835088311932 -0.0616409391855 -0.0659951684262 -0.0453728937333 0.00413103606943 -0.61746700538 -0.00174006287414 -0.0594791410902 -0.0177017684501 -0.0359430819124 -0.0097831834375 -0.228099444264 -0.145408842899 -0.0484217512794 -0.095921323956 -0.00124064288976 -0.0446676296752 0.141868315704 0.054722413895 0.000399816745276 -0.0688770708978 0.0252136925047 0.00993099310411 0.00944222771426 -0.0443043945625 0.021064432422