-0.0850754912073 0.00993366436904 0.131516235746 -0.283995521623 -0.189189170908 0.00992747406714 0.0186877510166 -0.026947323544 -0.14096199037 0.116336619393 -0.137789668521 -0.00397023488403 -0.069237448333 -0.0459344599813 0.207478447619 0.0609898805949 0.00055768986794 -0.0150586314281 -0.362335893834 0.715888518249 0.0774927763433 0.00945589538228 -0.316490730904 -0.0116903347041 -0.0152827292294 -0.00368118171407 -0.0316321699731 -0.0037227970375
-0.456904925125 -0.0176361420465 -0.100292771366 0.0245109317937 0.0196684402555 -0.00171346746359 0.00721690655931 -0.54011984384 -0.0317248166542 0.0874566727025 0.146465436109 -0.00453367410167 -0.0154136873065 -0.129959795831 0.181618958853 0.0223155603539 -0.0194191987499 0.0133223431446 -0.423416609086 0.456996490689 0.0228133952864 -0.00507649309931 -0.116985203671 -0.0177384186238 -0.00643333669438 -0.0587216755425 -0.0216846152058 -0.0130184677104
-0.571438514405 -0.0159701445308 0.106414081229 -0.0449096250262 0.0660862107706 0.00539985699282 0.0026183997061 -0.564463370705 0.0511647680563 0.0123033543454 0.105104983669 0.0188653618975 -0.00230883339982 -0.187947817507 0.0731131523988 -0.0553846444207 -0.0355075343472 0.008947152923 0.0761830232878 0.0632754006608 0.0557765832247 0.0122150020511 -0.511464048712 0.00945445867564 -0.0106926292293 -0.0460594888196 -0.0125545538394 0.0209283027843
-0.497515121673 0.0244587081374 -0.0770335851993 0.0143953246212 0.0322621784996 0.00866517675602 -0.0163022167571 -0.606349398982 0.0581590570459 -0.0940591222698 -0.166841645162 -0.0408079941987 -0.0331876583144 0.000361523300911 0.131295866097 0.0672517536182 0.0448017739454 -0.0411135311803 -0.299940853578 0.440120837189 0.0331911493307 0.00306040716613 -0.147852259169 -0.00681549068154 0.00868368928093 -0.0371539505343 0.00319211915902 -0.015863522696
-0.403635543309 0.00307763608122 0.0369967757897 0.0114458627104 -0.00800765464838 -0.019248716858 0.0153985340921 -0.425071253596 -0.0346858394371 0.0158841196045 -0.115548423899 -0.00525678351797 -0.0246645298772 0.0372330177431 0.0994131284632 0.010504910861 0.00652689823185 -0.011778625217 -0.648276799968 0.0395296899243 0.0233051116228 -0.00450154622836 -0.444143722292 0.00344139297179 -0.0190097239431 0.0838150466989 -0.0121202500857 -0.00323816079759
-0.61415345751 -0.0807663363629 -0.0438300106554 0.0462141584204 0.0698678433598 0.00862208749766 0.00378481755534 -0.613423124474 -0.0416675478516 0.03794637667 0.0736778524447 0.00498158965575 -0.00999566878263 -0.0616487563225 0.116170305923 -0.0366334376852 -0.0348318149802 0.0112550160499 -0.352063779559 0.255081451079 0.0150147477201 -0.0026930216607 -0.110146528672 6.80027846675e-05 -0.0025468545124 0.00503481719613 -0.0133279609384 -0.0260807448404
-0.570997761005 0.0282338876592 -0.0198589341324 -0.0325964395215 -0.0437381274337 0.00317920743509 -7.01300225706e-05 -0.66788372897 -0.0908214048689 0.0479849056894 0.0822250445787 0.0137594329165 -0.0109476427387 -0.0508922531977 0.123246209564 -0.0184538435212 0.0255405978926 0.0180963821159 -0.298514613957 0.249901648725 0.0108384819634 0.000780760058475 -0.184481384603 0.00827884924111 -0.00234229355311 -0.0251440289015 -0.0119930041768 -0.0207636899156
-0.590932021336 -0.0171717432602 0.0383493565638 -0.0275037690297 0.0315240534185 -0.000844162812014 0.00109824082024 -0.629036185861 -0.00612674194141 -0.0729088803208 0.0440093115059 0.024373230531 -0.0315240850031 -0.0147497595805 0.00144519112648 -0.0207355526361 0.0384057419496 -0.00116531838895 -0.075061365194 -0.0501267294304 0.02911796295 0.014044485998 -0.470966105209 0.0203152274016 0.00031663460239 -0.0948331971462 -0.0133587951682 -0.00236956671369
-0.630133850783 0.0357792902953 0.0616248020789 0.0334317048599 -0.0323203168805 -0.014149622093 0.000127427043661 -0.643100961598 -0.0420542308562 -0.0601819154563 0.0237012433236 0.0124395109694 0.000589019651243 -0.21074549387 0.0261401153294 -0.0215941863535 -0.0496397008248 0.00329220252924 0.105546086957 0.107832882048 0.0298430375535 -0.00835195001493 -0.320632655591 -0.0019156565095 -0.0176510890419 -0.0240079291164 0.00368939097249 0.0181089252831
-0.706601726487 -0.0312842317323 0.00686849846424 0.0347865564278 0.117529707461 0.00345065772955 0.000111217714927 -0.518776429608 -0.00084998632587 0.0100302147928 0.0161479260071 -0.00759299103155 0.000859913940027 -0.163058308921 0.107381771708 -0.0288591808714 -0.0428642964733 0.00877626501671 -0.278550325952 0.297721648714 0.00996060310219 -0.00080116592654 -0.0773268450197 -0.0180004342235 0.00250454112372 -0.0349107200191 -0.0191207349231 0.00386194557013
-0.672219582957 0.0316367203232 -0.0803404044661 -0.0472058339322 -0.0559065033077 0.0182490727873 0.0084752636086 -0.575758206658 -0.0556790888168 0.0343560802279 0.0540879075181 -0.0134980903856 -0.00623189295385 -0.166765785702 0.077050918931 0.120119830957 0.014460771668 -0.00092636406673 -0.222320589538 0.24564940473 0.0321932950071 -0.00332641492527 -0.141615801912 -0.0454567531879 0.00116997526248 -0.120583148353 -0.00974830547234 0.00447457106483
-0.623226808791 -0.0096788205626 0.0715137930261 0.0264184962646 0.0247378878631 0.0337679625449 -0.00150654236008 -0.60424111557 -0.00960544337788 0.00346364636578 0.0678225683192 0.02568834516 0.00642689109082 -0.0958181661025 0.0625329635023 -0.0438962887282 -0.0326133741239 0.00425380529295 -0.327004406988 0.113298112206 0.0170424336856 0.00923134470577 -0.310762950133 0.0143978173338 0.0163849620411 0.0078439445238 -0.00776497872454 7.54926858669e-05
-0.632996084588 -0.000722997948282 0.00024003551475 0.0263254627381 -0.0330962146494 -0.0294727622495 0.00711625027494 -0.66625923073 -0.0028288665969 0.0428655149704 0.0774359591832 -0.0128962206227 -0.0097819656384 -0.243512671911 0.0590782445948 -0.0258129758521 -0.0434600009814 0.00946321619837 0.124056579199 0.0271015281794 0.0589317571816 0.00983534340302 -0.241558537292 -0.0138927767058 -0.0104532875173 -0.0175777086791 -0.00973470983817 0.0204573255891
-0.766789293607 0.0428077193718 -0.0406242916616 0.0942289444379 0.0849047941018 0.0118379360622 -0.00321062716116 -0.573594980503 -0.015174865214 -0.0352115967316 -0.000131317777912 -0.0177247041491 0.00366845490101 -0.0382527641011 0.062873762411 0.0603852439451 0.0162316893865 -0.00830439012197 -0.074688612398 0.207052536108 0.0355736842903 0.00328628825014 -0.0169270230315 -0.0238537877178 -0.0064622286142 -0.0368820667537 0.00502526443462 0.0100279302767
-0.717496881013 -0.0557678554379 -0.0345333997031 -0.0891764770171 -0.0567871603888 -0.00209445758106 -0.00143513699666 -0.547808062612 -0.033911700679 0.0187212539328 -0.0445253953662 0.017044352192 0.00106354198113 -0.165317929258 0.0667401890925 0.156977495291 0.0537240628171 -0.00518331764254 -0.137374123726 0.251967966697 0.0178645737675 -0.00956020752128 -0.101013935043 -0.0455079091026 -0.00243074756665 -0.106752395543 -0.00332887629125 0.00681090519403
-0.549289014101 0.0618424083208 0.050782500083 0.0521285646281 0.0410782128846 -0.0162524118357 0.00398977482395 -0.591249657085 -0.0560688859236 -0.0549143195418 -0.0833240589367 -0.00525007344525 0.012864981917 0.0104742413013 0.0451549127854 0.0350310454996 0.0146255587857 -0.00456664336952 -0.536567558015 -0.00948638385007 -0.00588090804172 -0.000361258277532 -0.178161827757 -0.0208491971381 -0.0197115118947 -0.0062688790836 -0.00534744720156 -0.0070079711434
-0.61520848845 -0.030223957774 0.00161241186269 0.0351463497143 -0.0712083740403 -0.0298270730425 0.00560849375978 -0.654486540813 -0.0544094992476 -0.000547054627256 -0.104272758508 -0.0121575894938 0.00660131653737 -0.0162492955447 0.0596371486552 -0.00595181370786 -0.00308073084007 -0.00110207564049 -0.277731716813 0.0648799810343 0.0195075750861 -0.0012712483812 -0.291085575954 0.00566515152988 -0.0157138251442 0.0171583768302 -0.0096038106944 0.00286186638683
-0.560730340804 0.0450622525843 -0.0477529424481 0.0458769815574 0.0424379694966 0.00704405928658 -0.00979477882779 -0.594106589967 0.056854598769 -0.0445501777219 -0.0380236307759 -0.0439610538456 -0.0237926339873 0.0432048617989 0.0807098596732 -0.037075526658 0.0166478269135 -0.0283204466409 -0.412736484642 0.152526299291 0.0116553206229 0.0123682190304 -0.328076232172 0.0242041519283 0.0124072935374 0.0314034258545 0.00105774874802 -0.031542262731
-0.547546410892 -0.0161091000532 -0.0114990681463 -0.0347344470714 -0.0354256066757 -0.00253821665499 0.0010101031072 -0.652565091815 0.0875715891951 -0.0580098494018 -0.0554480998191 -0.0459345755322 -0.0260531859858 0.016384598828 0.0796157447801 -0.00634541753767 0.055101659744 -0.0443468453109 -0.324638292826 0.210308009356 0.0126365635455 -0.00511731397624 -0.301963726621 0.0320503515665 0.0019053840289 -0.00792070357624 0.00492595532967 -0.0289548930097
-0.480084497431 0.00018684615043 0.0150531538717 -0.0179263227989 0.0133747661054 0.0140239206215 0.0063771935373 -0.527056167631 0.0529654557733 -0.0237028061388 0.0122900378419 -0.0444870848369 -0.0160882022883 0.0242659666533 0.0707083148001 -0.0250748076132 0.0295762331236 -0.0223033039217 -0.538503185834 0.0203271404776 0.020315068562 -0.00324672912811 -0.423518452041 0.0199969247522 -0.00355601617168 0.0813283593468 0.000750917339761 -0.0142653420906
-0.499530699086 -0.0177731105001 0.0314635795187 -0.0177138089398 -0.0399437915204 -0.0274950170662 0.00564804633332 -0.505385723238 0.0386478246956 -0.00516011383879 0.0218457253687 -0.0306863785274 -0.0213488436435 0.0170697844432 0.105676115832 -0.0163622387845 0.00736600552354 -0.00452073099083 -0.544023354336 0.0316718960568 0.0184883764282 -0.00639318805817 -0.41435107585 0.018972026917 -0.00917504213565 0.0788289551975 -0.0124484644527 0.0028381051183