-0.00452145491618 0.0025425480961 -0.0591262624658 0.0041378401629 -0.0168929900331 0.00299951706589 0.00873537515027 -0.00496961173127 0.0229929893331 -0.00713712267225 -0.0256954388689 -0.0253774929963 -0.0342157024953 -0.220034004668 -0.277105762111 -0.228400987634 -0.0835689212424 -0.00212524843912 -0.497472402709 0.586110775484 -0.0261640967817 0.0013295188782 -0.46542213355 -0.0134798706506 -0.00833190736705 -0.00925826894578 -0.00178461777507 -0.00186239416846
-0.390115430861 -0.0624263431485 -0.0339515085173 0.0491856795677 0.0735642520876 0.0292148996702 -0.00553861805085 -0.419139945227 -0.0153356815475 0.0958570016442 0.0895155783451 0.0177672235519 0.0127797600008 -0.260969614518 -0.271827742624 -0.183326694889 -0.0533583025641 0.0111202132601 -0.460554563503 0.398221161367 -0.00902543257041 -0.0123649300843 -0.299623114102 -0.0154703313235 -0.0185762904553 0.0188688331601 0.0149416798472 -0.00366625792638
-0.467987737862 0.0949279190643 0.114485098814 -0.074449314163 -0.0729158260457 -0.0219748040429 0.00571880952659 -0.446950132809 -0.0893161328585 0.10545330214 0.044806187816 -0.0052535782575 -0.00513429710244 -0.165859154331 -0.207429038566 -0.164031142275 -0.0202791124361 -0.00142712917732 -0.382334660389 0.352038867711 -0.0209095514274 0.00403693966156 -0.391057725265 -0.0109175734094 0.00515670687168 0.0135552634907 0.0270591861503 0.0645172081524
-0.426435799526 0.106642849104 -0.0957596856382 0.0683216319822 0.07238443278 0.0373864942992 -0.000749801031793 -0.401517645066 0.0633087688697 -0.0666373861547 -0.0847895464945 -0.0204590873347 -0.00751329860032 -0.235187617409 -0.197290713766 -0.125753000931 -0.101927134811 -0.0165869612174 -0.375930099381 0.458496139434 -0.0237708944594 -0.000890439837483 -0.350394510436 -0.0191789351519 0.00581468534567 -0.0484857606458 -0.0109339307807 -0.102487460482
-0.435400913754 -0.0834656850499 0.0815361089902 -0.0569852026903 -0.0824837386118 -0.0132236492639 0.00495818161208 -0.454845281805 0.101252508482 -0.081807227719 -0.0694182723526 0.014832492568 -0.00785368392362 -0.129581610147 -0.12423610003 -0.149419234158 -0.0633487078602 -0.00355551049824 -0.345110518553 0.444449094706 -0.0375020923767 -0.000839929950495 -0.420434594499 -0.0217636976805 -0.00720805317375 -0.0368219187254 -0.0485452595652 0.002684299643
-0.466562934572 -0.0508143830576 -0.0540191259686 0.0253663296405 0.0259752592816 0.0160519958308 0.00221851668642 -0.465688267433 -0.0392113903544 0.0232578300079 0.0337631851058 0.0322852504754 0.00540216504158 -0.226505735416 -0.185246520583 -0.0754607340946 -0.0628259158623 0.00622206434249 -0.46723132035 0.265062188346 0.0158459570871 -0.00220454771501 -0.389072878518 0.00610055088891 -0.0157373541932 -0.0240069808926 0.0216061547723 -0.1313643267
-0.549986502035 0.0200967794108 0.0222554835637 -0.0440129392651 0.0107275282778 0.0143486632936 0.00653154163028 -0.566940768032 0.00454868181621 0.0447123965041 0.0430815946529 -0.00593502916891 0.00138762192003 -0.138096139195 -0.205676201866 -0.118785371132 -0.0307179346214 0.0265470282346 -0.390960746779 0.302937419862 -0.00144239855528 -0.0226239346817 -0.202352804464 -0.0145376016004 -0.017542602608 0.0651043880438 0.0144736763978 0.0282725204932
-0.540611779249 0.0204854888412 -0.00750067263729 -0.0797605194975 0.0236476697853 -0.0122439312312 -0.00328733570778 -0.632146820288 -0.100939577258 0.0313936316738 0.0237035219011 -0.012977874778 0.00350098249878 -0.0962378241386 -0.105158531049 -0.0794641276742 0.00835807687218 0.00797471828386 -0.296942335069 0.293258114686 -0.0381093638502 0.011518730227 -0.278522545225 -0.0403279115433 0.00724744735683 0.0750129835292 0.0163034281184 0.0313094013613
-0.479171302933 0.0587745320122 0.0549277045333 -0.0230894544448 -0.021555703975 -0.0192202343369 -0.0110201059522 -0.482203386588 -0.0624063576272 0.0105483478098 0.0259602891756 0.0206303101954 0.0163382177728 -0.229813620128 -0.177479030618 -0.133248456074 -0.0480776754246 -0.00242879496533 -0.424842986477 0.247382420781 0.0343678691316 -0.00387815938832 -0.413240281751 0.0237706942086 0.000637411401392 -0.0351890795848 0.0451399895005 -0.0515947103621
-0.658787741173 0.00505155496472 -0.115921901152 0.0133181521358 0.0492478953039 -0.0110738258139 -0.00968573783088 -0.46982860823 0.0204163247233 0.0318621530638 -0.0105900638708 -0.0135740991952 0.00742104169002 -0.190217216072 -0.169618375148 -0.122861242374 -0.0305027910561 -0.00383511702301 -0.312030177983 0.303999024348 -0.0146472757391 -0.00240738249585 -0.228009559487 -0.0305100912931 -0.0113474344505 0.0560663592358 -0.000947149197964 0.00313335547864
-0.521344041824 -0.0114130919591 0.110273279143 0.00471517776112 0.0399670020396 0.0318084728706 0.00203907208138 -0.471858978426 0.0218025054669 0.00792886864946 0.0311913054825 0.00776535828103 -0.00122959016398 -0.423725887445 -0.155128508186 -0.0881923809229 0.0529604361175 0.00472608386059 -0.395310238649 0.131863318159 -0.0501552819361 -0.00409360403553 -0.274605683236 -0.0301846166121 -0.0120499161483 -0.142172965231 0.00828187501047 0.0435923995635
-0.506658154686 0.00670401951351 -0.0374301576161 0.0182477259877 -0.0434347919195 -0.051797814276 0.0132932775147 -0.483410064015 0.0363605652596 0.0259168774846 0.00205219744153 0.00367783881066 -0.0070923589996 -0.49318321091 0.027700004352 0.0345036699138 0.0641768361071 -0.00521278843232 -0.290796703738 0.128040759202 -0.0489735348143 -0.00840736079383 -0.24795475823 -0.0233942409158 0.00605414541111 -0.279762416327 -0.00849165243128 0.0886621576167
-0.701552802721 0.0335173304529 0.156228360029 -0.0203376563067 0.00362700264325 0.0256340769466 -0.00459880468003 -0.476461514685 -0.0122021543585 0.0310416361792 -0.00630449900773 -0.000502983627853 -0.00645814437251 -0.138035656181 -0.143951961321 -0.125217213267 0.011454062547 0.00049768880845 -0.250739357432 0.203011002044 -0.00937120399467 0.0124607887733 -0.293146935177 0.000581314004108 -0.000163370644248 0.0440975101704 0.0155473217332 0.0703048970229
-0.575524163549 0.0644709536545 -0.0774298194446 0.0411040630999 0.0168925854834 0.0312197282462 0.00379352339815 -0.483621811949 0.02073720109 -0.0444918811449 -0.0158891054392 -0.00191294676409 -0.00625619405292 -0.192488634491 -0.16711573421 -0.106970172878 -0.061074564574 -0.0258617785247 -0.331204089273 0.336500864372 -0.00714542180818 0.00265982360515 -0.310140822887 0.00855962257457 0.00585954542023 0.0327497183355 -0.0122758908582 -0.133172187671
-0.483828291316 -0.0063161615618 0.0650733330033 0.00577565830206 0.0356943253803 -0.0112682436999 0.0109479588237 -0.463998125104 0.0132373236224 0.0158352684602 -0.00584037906174 -0.0247614655314 0.00333485727238 -0.48570990865 -0.025957843868 -0.015284919487 -0.0126357504401 -0.000324903112516 -0.292472072352 0.222040153184 -0.0870411280125 0.00286780946439 -0.274676841616 -0.0688035075592 0.00833962562866 -0.286383473689 -0.00274504106192 0.0449617455473
-0.506292464719 0.0146872996118 -0.152760567419 0.0172609972404 -0.0156674330907 -0.0137314629562 0.00187962644848 -0.430800490726 0.0264862407408 -0.00748195284403 0.00733289513676 0.0254531174386 -0.000821447155646 -0.439298329216 0.088985289468 0.0429616344423 0.00412335320035 -0.00312357578272 -0.189539015098 0.186982561558 -0.0522240189037 0.00931878298713 -0.263540010493 -0.020695302934 0.0101906603007 -0.431005398904 -0.0101742261269 -0.00135836227095
-0.648881613559 -0.0340412809745 0.132689992779 -0.0318894152726 -0.00202922665866 0.0150683397061 -0.00216628708223 -0.47446231911 0.0251759966394 -0.0385676775221 0.0399934164225 0.00121297460326 -0.0113821572521 -0.176571272323 -0.183375045006 -0.127933527443 -0.0163510018241 -0.000477771422515 -0.326193498115 0.260011541545 -0.0153208435353 -0.00681932190206 -0.262355312744 -0.0108814442894 -0.013985492274 -0.000312783654135 -0.0364789809721 0.0613610127798
-0.151384838302 0.000489093044474 -0.000285432623775 5.14079525356e-08 1.29042986082e-07 0.00753450548748 0.000401094825018 -0.150626980515 0.000244496126263 -4.53094778632e-08 -1.08050421996e-07 -0.00676506593727 0.000387066694882 -0.411136780404 2.36378630954e-06 1.12222877243e-06 -0.0311936742166 0.000690664364544 -0.605398859878 4.21385797303e-10 -2.9162358622e-07 4.57214344512e-08 -0.602396357559 -2.36351741711e-08 7.06557816471e-08 -0.147093751018 -0.00272682418965 -0.182347976641
-0.518233416507 0.0963681654848 -0.0285064080817 0.0337554214153 0.0514848845633 0.00300697477283 -0.00332071161454 -0.634118720433 0.0781130567441 -0.0742662440621 -0.0332216247093 -0.0244816106065 -0.00657780073472 -0.083304941256 -0.101413451793 -0.0378853816815 -0.0682782995802 -0.0187245949628 -0.28468703114 0.314524073763 -0.0185525596322 -0.0112077730867 -0.300327683168 -0.0151762687349 -0.00633948509614 0.0645858584944 -0.0108516424883 -0.0564274750719
-0.470653756918 0.0128633506398 -0.0409648846908 0.0178376697505 -0.0377621668631 0.00202681848981 -0.00259819544328 -0.71294482906 0.0587071471278 -0.108694817038 -0.0534239674813 0.00809606202214 -0.0110834800811 -0.103722127869 -0.0440568290161 -0.0757069561205 -0.0325625248741 -0.0211574381051 -0.207040671848 0.3092232076 -0.0490227420177 -0.000230157194193 -0.293162382042 -0.0226225657185 0.000177948352064 0.0228753195089 -0.0217255759641 -0.00378519232382
-0.452605577158 -0.0484763499168 0.0522993307071 -0.0284306799724 -0.02292846996 -0.0237433155895 0.00125164216516 -0.441663648717 0.0489619367175 -0.026234279804 -0.015575889939 -0.0224458245532 -0.00704987352127 -0.0778586213057 -0.077309018909 -0.0543042415313 -0.0661664774492 -0.00345985146806 -0.521807425503 0.212829984524 -0.00383159764837 -0.00299557201613 -0.494635353441 0.00144077276452 -0.00504737994397 0.00315475996534 -0.0454095208944 -0.0739648049481