-0.000231061315033 0.000155174111797 0.000721808373769 0.00491397248529 -0.0132825337987 0.00385140864195 0.00170577442415 -0.00156227504672 -0.000346431147012 0.00201123601399 0.0138825322709 0.0194383535721 -0.0189664442733 -0.336925699684 -0.406527488755 -0.199134617968 -0.12099044984 0.00350799355061 -0.54204321828 0.478127712607 -0.00281912780172 -0.000633028613531 -0.377495926425 -0.0152603999892 -0.000101695163767 -0.0198622338678 -0.0140786629296 -0.000986089228977
-0.422486514601 -0.105219413008 0.0275710019562 0.0869229921252 0.14320711232 -0.0227520908865 0.0160885187063 -0.411937000411 -0.015662864762 0.0383059735382 0.155316023193 0.0115324061916 0.00167553997731 -0.248066151806 -0.292924332404 -0.140424339371 -0.0953085088061 0.00459888152642 -0.430045232621 0.358563443107 -0.0127503570991 -0.00482773052894 -0.302387316705 -0.0187758372733 0.000762960538259 -0.0501303813404 -0.0102667878098 -0.0300385813475
-0.395887622857 0.0374484410959 -0.0316338169583 -0.05023240768 -0.100701155671 0.003917084645 -0.00508937600976 -0.401176170546 -0.0147329143342 0.0381979031085 0.10371542026 0.0145376677694 -0.00898605581104 -0.264769024076 -0.324332236198 -0.164832843091 -0.0907486261778 0.00514837036958 -0.417021462282 0.359458193237 -0.0355949015069 -0.00987246731722 -0.367881015073 -0.0473329814014 -0.0113045114707 0.0356285050027 -0.00125838271756 0.017728767749
-0.386596438234 0.0475567715994 0.0271135582857 0.0832532048925 0.0961801536166 0.0279532503054 -0.00459696297277 -0.375924226829 0.00421078613946 -0.0669452667978 -0.0873580172636 0.0187907861977 -0.00522252928759 -0.271418138314 -0.321552147906 -0.152076339206 -0.0877956403297 0.00563886304538 -0.474702649309 0.342353695463 0.0176796992098 0.00442960850181 -0.352619501602 -0.0183752300178 0.00391364334669 -0.0304620053713 -0.0147804024357 0.00897523722417
-0.390732999495 -0.0846976920642 0.000188776068354 -0.0973737491374 -0.0884770425242 -0.0201169861927 -0.0031036902012 -0.388597117696 0.0189770423317 -0.0786245249412 -0.0993042009793 0.0082331815083 -0.000410017891125 -0.303711769815 -0.334182063378 -0.184081813092 -0.0902441072844 -0.003674272441 -0.433991921698 0.339976348631 0.0109797124985 0.00529477858541 -0.31827564045 0.0209396170327 -0.000218171963015 -0.0506446831892 -0.0242674550479 -0.00394926550157
-0.388326301091 -0.0329568641862 -0.00286833602043 0.0225201234421 0.0424842454861 0.0147007007843 0.00790124628994 -0.402158397327 -0.0155514065433 0.0264846498885 0.0419658721324 0.0252174692668 0.00559811273079 -0.296280829477 -0.160205450982 -0.113325522746 -0.0733255943469 0.00181175882384 -0.521422340546 0.296419480071 0.0236672888993 -0.00679827633874 -0.383925650643 0.0316144017042 -0.00695603840875 -0.128048568268 0.0118881652223 -0.152994366046
-0.497427036253 -0.0721922253032 0.0153374892342 0.0223309862477 0.0513484153226 -0.0082492505998 9.92541247878e-05 -0.655422882129 0.0205437409767 0.0899021733598 0.091187792032 -0.00806062299399 -0.000353150321172 -0.203924920699 -0.290119312046 -0.100158762819 -0.0577666395636 0.000802894828157 -0.272596227533 0.216754769264 -0.00904912039392 -0.0115359300942 -0.184653449481 0.00796748413209 -0.0111960116689 -0.0385811872149 -0.00058471543391 -0.0323606522279
-0.566610020533 0.0158590139003 -0.016660686512 0.0129224875163 -0.0858981483756 0.0214569410681 -0.00216773370134 -0.536026390909 0.0134995528676 -0.0373475666776 0.0482750495588 -0.0109790657992 0.00454112404174 -0.17512496166 -0.210899067213 -0.122723518432 -0.0580807510842 0.000213724048668 -0.311765879463 0.3022848125 -0.0326093838909 -0.00643684785195 -0.301326564657 -0.0386357116162 -0.00905779841276 0.0569552882075 0.00117115095831 0.0127334192414
-0.560369725936 0.103947180258 -0.0194716830699 -0.0265444714442 -0.105717567844 -0.00893106390287 -0.000622444179509 -0.557933464143 -0.0031695213169 0.00759553831603 0.105724191119 0.00980996829937 0.00682052321976 -0.186116133187 -0.245697007613 -0.153959976125 -0.0756443008649 0.00824831507879 -0.271863842376 0.253890184099 0.00940213254484 -0.0119050715197 -0.276893993192 0.00402861620784 -0.00963904821527 -0.00570841747414 0.0147232902518 -0.00580519067285
-0.656705017949 -0.0522173486871 0.0464087768402 0.0838677168839 0.123430546082 -0.013330529443 0.00735937134603 -0.4656212971 0.0125172801632 -0.0126279648823 0.0593129415143 -0.00379627788842 -0.00833591977103 -0.0747274502067 -0.165934921772 -0.0712526515215 -0.044043606087 0.00182679624366 -0.353243608028 0.27280550449 -0.0303560881032 -0.00229056467164 -0.271379583527 -0.0377266757906 -0.00395827298443 0.0656157326181 -0.0127504236428 0.0285112323332
-0.323058228138 -0.00170019586175 0.010317448454 -0.0390082244066 0.025473292502 -0.00825548992224 0.0053496908512 -0.314129479146 0.0143280745644 -0.0045835365702 -0.00268502017303 0.00109716677725 0.00241341580288 -0.463535930172 -0.166915695331 -0.0783695691128 -0.0502405110954 0.000929980597348 -0.47781049356 0.0171256055739 0.0187443275041 -0.00235190182462 -0.473115608766 -0.0493656244159 0.00321383381958 -0.295804257506 -0.000679696922275 0.0143655267702
-0.545937760518 -0.00668233016879 -0.0212590885339 -0.0103600064982 -0.0489708318646 0.0169707455623 -0.00174972269347 -0.532016583095 -0.0118192577275 -0.0249760607614 -0.0186491532485 -0.00366190098778 -0.00444122349046 -0.276264639216 -0.219281766544 -0.0840553350519 -0.0519654634695 -0.000643771566346 -0.352175855253 0.173769945445 -0.0555884890269 -0.00401969972106 -0.339409677087 -0.084068650368 -0.000165845994899 -0.0259509985398 -0.000236120002656 0.00546942752071
-0.582327048044 0.0128912857767 -0.0187599704382 -0.110095441307 -0.0111980106895 0.0117693700808 -0.00204469998444 -0.52054627014 -0.0115972089464 0.0185999323631 0.00113132180194 -0.000683512346888 -0.00671965863763 -0.178235684368 -0.212843770334 -0.0698824997947 -0.0464533624059 -0.00127855186041 -0.361667558385 0.21240275176 -0.0584839083163 0.00134895613468 -0.324502839231 -0.0768287772202 -0.00325933668387 0.0247026493413 -0.0101230742149 0.0333175231642
-0.620254574643 0.00903541110835 0.0801740280839 0.118234658941 0.0986272854319 -0.018737720563 0.00293544418495 -0.465646290926 0.0368382053059 -0.00956687738498 -0.00690941041606 -0.00651536310708 0.00679035284518 -0.178917928235 -0.19780246699 -0.0664639841942 -0.0476885533202 0.00665943328226 -0.382567834574 0.22693147269 -0.0145412040638 0.000181872299518 -0.285913363566 -0.0429063603535 -0.00541865111252 -0.0729169854352 -0.0134049227586 0.0352504113983
-0.443957905127 0.0144933051403 -0.0533500554113 -0.0133542363815 -0.047845412723 0.0295102011899 0.00316701054636 -0.442105889576 0.00280386848001 -0.07284334272 0.0285322268557 -0.0220996691941 0.00230817192618 -0.32426560112 -0.264860667659 -0.103846166963 -0.0383307115182 0.00332591916513 -0.492836582912 0.0730428374709 0.00561968141889 -7.81109210238e-05 -0.386030177916 -0.0390220923492 0.00645351821945 -0.0889672791342 -0.00884679275329 0.00465966521222
-0.469538610688 0.00171413089619 -0.0168637828392 0.00608185708729 0.0123779382814 -0.0527999657036 -0.00480579246799 -0.449734806469 0.00963547933755 0.0104309362056 0.0193027304222 0.0106339201043 -0.00793146199556 -0.303544039183 -0.223594639763 -0.0437782388822 -0.0532104401211 0.000397620484863 -0.4799901118 0.103379738629 0.00242102696082 -0.00264527691559 -0.406725415191 -0.0333700385332 -0.00242115495828 -0.135245980032 0.0064826633796 0.0195600383547
-0.634087425191 -0.0707726158124 -0.0179534714153 -0.106427202497 -0.0742997792023 -0.00015973868077 0.00479142857757 -0.491397531122 0.0108216718486 -0.0404022279667 -0.02163115981 -0.00263156980462 0.00610191242957 -0.198608566597 -0.229961691432 -0.127340778416 -0.061041431278 -0.00223119811308 -0.324216890967 0.238201292864 -0.00481028878425 -0.00281088863138 -0.235542694103 -0.00439535613355 -0.00656777945424 -0.0147906910816 -0.034133619385 0.03016929123
-0.564845835581 0.0807451531617 0.0248664910463 0.0392134548404 0.0906685794849 0.0112243254148 -0.003349103017 -0.530858427554 0.000847560556124 -0.0263436617358 -0.0645252859328 -0.0129755143694 -0.00797532325417 -0.154190290678 -0.248644193537 -0.135126839729 -0.0770932057049 0.00432298512451 -0.319966698068 0.296454386072 0.0302771311616 -0.00536942914773 -0.272713538713 0.0259770297287 -0.00578929655973 0.0178756072823 -0.00689004230349 -0.0231772654943
-0.504727608804 -0.0224277142659 -0.00175888099595 -0.0175142802365 -0.0150812274513 0.0175984702434 -0.00402932850373 -0.584043859665 -0.0433293762454 -0.0537132720298 -0.102044845108 0.0245755400325 -0.0104448239813 -0.226903469041 -0.236258713173 -0.135149963407 -0.0583996617554 -0.000411790627175 -0.341731464512 0.208643658803 0.00183017322709 0.0200105602018 -0.310316932291 -0.0213239180689 0.0177020400602 0.00723836892754 -0.0085526332019 -0.00130652180794
-0.476524780907 -0.0296687742646 -0.0177970833767 0.0234005324968 -0.053945755712 -0.0166715299838 -0.00679241069786 -0.631370484862 -0.0284890547676 -0.0726345283441 -0.108190632512 -0.00153926242502 0.00446436294348 -0.194609906713 -0.252624189352 -0.13435193359 -0.0655290138601 -0.00720464645393 -0.326195756571 0.249986503765 0.0207859615971 0.0143941229142 -0.238237687129 0.0232331124035 0.00949473429424 0.00977848244224 -0.0107052623461 -0.0167283926714
-0.485934526489 -0.0539453783845 0.0210735189971 -0.0259093427927 -0.0471006587968 -0.0404862260808 0.00794490924026 -0.449952010121 0.0042321750207 -0.0339422972638 -0.0434592205107 -0.0154499079331 0.00148472471039 -0.324059097439 -0.206461662719 -0.174944013328 -0.0694143880659 0.00401033918696 -0.390054105423 0.239906720315 0.0307599837452 0.000979405941932 -0.370556852297 0.0636222080965 -0.00271288690394 -0.101648535472 -0.0323939927877 -0.060749855788