-0.000461864750662 -0.000860301958039 -0.00496804478844 -0.0072761594249 -0.00385128898657 0.00664387793865 -0.0139207575307 -0.014454110209 0.0344743306181 -0.0421102190334 -0.0501648635344 -0.028808610703 -0.027127665708 -0.396433417675 -0.495929430825 -0.192059696855 -0.129891337404 -0.0088138925978 -0.530782608782 0.405959739348 -0.0101402759943 0.00763205657388 -0.295464927671 0.00206646382519 0.00346792064133 -0.0230526352224 -0.0303842016222 -0.00296628475521
-0.447370110337 -0.0887945892485 -0.0525410412174 0.134395215726 0.0546852494004 0.0111846541502 -0.0081738494523 -0.400187193778 -0.0320420981553 0.0963207054432 0.0517213006182 -0.0237193183952 -0.0138737954415 -0.360413814437 -0.382006657238 -0.145723699946 -0.0430257469308 0.00440956463644 -0.416959178383 0.290827612352 -0.0284799188915 -0.0117027766914 -0.145239560872 -0.0168530658574 -0.0037723857184 -0.11912185437 0.00620074526002 0.0121618523752
-0.446032935965 0.0387137071869 -0.0018291147425 -0.131721520541 -0.0836179070191 -0.0310003648576 -0.00657012652552 -0.379926734446 -0.0159399640702 0.0556697387126 0.0354407391227 -0.00812801810948 -0.0199529239245 -0.345813382106 -0.348394420811 -0.115179453802 -0.0729189514908 0.00254350097511 -0.472118446747 0.319919978485 -0.0073248241796 -0.00398549233039 -0.18713061342 -0.0183130192453 0.0140535713118 -0.0366953859321 -0.0164064486268 0.0524588542883
-0.448886125349 0.0730450120392 -0.0465059493042 0.156733556752 0.0327247018687 0.0269385292718 0.00194281667801 -0.389236208532 -0.0075364369092 -0.101261519888 -0.0741702288947 0.0169876302535 -0.00182300503484 -0.242542477151 -0.352094572161 -0.12912844491 -0.109217115407 -0.0214185155944 -0.420536585195 0.305869744025 -0.00765492321813 0.0227819673576 -0.331542658999 0.00979934537448 0.00181200345873 0.033456393339 -0.027032470576 -0.0481129754857
-0.402756828544 -0.0567470960932 0.0322250533143 -0.161598865317 -0.000481292040502 -0.0132289807694 -0.0144467717059 -0.36062429108 0.0243026545404 -0.118270038012 0.0164953339272 0.00538336769503 -0.00424512863367 -0.293584611657 -0.356555125591 -0.169539057388 -0.117143510316 -0.00820619792639 -0.467443550034 0.214526982689 0.00871358954015 0.0155021349371 -0.368277510087 0.037553389752 0.00151747290246 -0.00517737539916 -0.0535767311903 -0.0380275866962
-0.515570372532 -0.0795724410964 -0.0619231613701 0.0754848251354 0.00376100171428 0.0166328859496 -0.00598184291844 -0.494966934087 -0.0365506343448 0.0723760304776 0.0301272911647 0.00674963801476 0.0127553894511 -0.262176799644 -0.266105913872 -0.076944867966 -0.0288903826079 0.00382303894033 -0.42526122417 0.114068643306 0.00766497057967 0.00669993343289 -0.348549949427 0.0177084589666 0.014950797267 -0.0538085055552 0.00300660872693 -0.0102072179157
-0.507878495689 -0.0463529664581 0.0378786809882 -0.000207742009573 0.0660794414563 0.00823951224325 0.00334903334185 -0.659033372914 -0.0179591310074 0.076013434964 0.0817325050248 -0.0250686204998 0.00385953965148 -0.234255548506 -0.263914909975 -0.0938787987767 -0.0448788159025 0.000593240909146 -0.323250966931 0.178277166034 -0.0079528621197 -0.00523221591143 -0.0939457568099 -0.0264431996358 -0.0141701909654 -0.0686641651944 0.0109598964539 -0.00125989525125
-0.480117667213 0.00187117521884 -0.0117397307782 -0.0151555846708 -0.00373104833773 -0.0101433882282 0.00584592816673 -0.544292586446 0.00189938858934 0.0442420049071 0.0440668938534 -0.0498382600128 -0.0168412466684 -0.371478745343 -0.278713428362 -0.169877596091 -0.031745168589 -0.00329556224318 -0.349321726829 0.200419410453 -0.0158939498884 -0.0124229103707 -0.233893278457 -0.0168420654738 -0.00678305780136 -0.0519201300294 -0.00538529961361 0.0111641968547
-0.624597408058 0.0481199628849 -0.00450186427147 -0.0648833171653 -0.0868457305253 0.00051122953109 -0.00105895690736 -0.550505028119 -0.0405866533681 0.0521103939347 -5.88471981157e-05 -0.00673061944406 -0.00991701193269 -0.186508214646 -0.250245932734 -0.0276036399559 -0.07290506381 0.00969572279059 -0.351705408891 0.211077942953 -0.0104147579617 -0.00801810419961 -0.112106232158 -0.0154486729644 0.0101461157758 0.017316991687 0.0136455344666 0.0531823839468
-0.676676180626 0.0166643697379 -0.0580774496111 0.133343028223 0.0190623583498 -0.0100300655226 -0.0115777085082 -0.43147946746 -0.000806942413589 -0.00625994479342 -0.0110358644539 0.0181302498108 -0.0113121484279 -0.256126776581 -0.281205057995 -0.0830146847506 -0.0162336359547 0.00360796012424 -0.382119877069 0.156068179058 -0.0166704623348 -0.00848795525075 -0.0925358626438 0.00723887857062 -0.00857584504784 -0.0390150889859 -0.00428021271409 0.0221379803017
-0.477217790674 -0.00998867803981 -0.0411764971075 0.0238386203143 -0.0921427459828 -0.0184618094675 -6.08424617329e-05 -0.457500469846 0.0118960521633 0.0644869152196 -0.0247091633258 0.0317721481723 -0.0298987538019 -0.475642302266 -0.229452498172 -0.100325783521 -0.0332724506417 0.000980345099508 -0.345064968026 0.150713130002 -0.0164569318519 -0.0111523663232 -0.159055208344 -0.00296802403377 0.0148727351139 -0.294838136574 0.00738349028134 0.0140842370927
-0.533287466022 0.00669348887186 0.0314563886491 -0.0285075275377 0.029523456249 -0.021367857372 0.00291212576123 -0.540361703492 0.029477700492 0.029386392884 -0.0155899452023 0.042577123797 -0.00903300853216 -0.38497707436 -0.238047656766 -0.148573350284 -0.00752666333656 -0.000497692813054 -0.339800358437 0.187914173188 -0.0161942673088 0.00334996600174 -0.172123337982 0.0356615189616 0.0228409467526 -0.0764912679835 -0.0241693969375 0.0255075126993
-0.686466042473 -0.00417965513796 -0.0120170366473 -0.148141706157 -0.077278275999 -0.00351629528729 0.00275357910486 -0.455343272855 0.0155741567318 0.000596901789107 0.00295225863807 0.0111368410357 -0.00592936119943 -0.191322145105 -0.194589019351 -0.0369901757263 -0.0548197228102 0.000315291529477 -0.380002359853 0.206908948677 0.00834962392788 0.000729841554939 -0.143044704066 -0.0435544397711 0.00472556059359 -0.0341692554234 -0.03890034334 0.0415749836381
-0.571689464801 0.0165132357171 -0.0419448081662 0.0889607767109 0.000836893241221 0.0225336485503 -0.00425666310221 -0.469373855214 -0.0188151367874 -0.00572156721309 -0.0676564733524 0.00371917273776 0.00643256402166 -0.217390272246 -0.30282694746 -0.147613791078 -0.058243246194 -0.00769529092288 -0.376806572459 0.143704860523 0.0199293518996 0.0109918633206 -0.323035934562 0.0314139982564 0.0139943623075 0.0400383560615 -0.0119071148119 -0.0522617072021
-0.490934277001 0.0249739117908 0.0287891526384 0.0710808149122 -0.0509608493655 -0.0649964400462 -0.00259823032759 -0.492847693721 0.0300836683367 -0.0530917471635 -0.00194219892758 0.05349528373 -0.0136955905377 -0.404344336331 -0.187274460966 -0.0576234119066 -0.0260252600971 -0.0149576044123 -0.398966837794 0.220289510037 -0.0346777731228 0.0193682819149 -0.158052286638 -0.00186194693755 -0.00594898068024 -0.237548757232 -0.0234203356511 0.0437034365214
-0.438983479572 -0.0310970076779 0.0174793422074 -0.0801421555038 0.0468580608429 0.0521932999394 -0.0143751931565 -0.433308027391 0.0119798029791 -0.0314817826065 0.0680741429646 0.0403764515675 0.0139745259301 -0.493210681798 -0.160667989014 -0.0621378388093 -0.0365272725017 -0.00438703926985 -0.478140068676 0.122595496698 -0.0239259875718 -0.000260309020764 -0.176848680341 0.0177185359186 -0.0109739842341 -0.216844079785 -0.00123777831755 0.0433961653748
-0.589008293704 -0.0370541106591 0.0122060277753 -0.0793652406862 -0.0514400266937 -0.0260037379679 0.00216374023099 -0.485537449101 -0.00882627192979 -0.0333154427645 -0.0211021512802 -0.00950392064505 -0.00365197795696 -0.13440250328 -0.256740332041 -0.141826034532 -0.0761239899807 0.00944428529219 -0.349264895123 0.200366676208 0.0185768093125 0.00385127381513 -0.354797840546 0.0165353045361 0.00962866100682 0.050645729774 -0.0525584333479 -0.0197993901472
-0.375166242995 0.0132425555309 -0.0194689564714 0.015726109567 0.00540332227667 0.0223735792238 0.00545419561316 -0.375631456364 0.0193198026201 -0.0151545448428 -0.00438719743674 -0.0214185649409 -0.00440054494334 -0.253452998655 -0.200358907692 -0.114061016224 -0.0772728975754 -0.0172635604137 -0.457738483687 0.103390251464 0.00802899474362 0.00129455360885 -0.559475920219 0.0142746274872 -0.00083619376604 -0.0780768924222 -0.0190360616656 -0.22819349708
-0.544247508939 0.0149817583174 -0.0120659874961 0.0280715397869 0.00498829398493 -0.00650913616539 -0.00173479929342 -0.574128586911 -0.0328254773741 -0.0833652231744 -0.0227974654224 0.0108048258153 -0.00649079215316 -0.132093303553 -0.274622050056 -0.132101929522 -0.0612394549698 -0.0154468868671 -0.300678289635 0.151454685836 -0.0191392060005 0.0234592330075 -0.340216633317 0.00177919665732 0.00569814178737 0.137530428193 -0.0301938316052 0.00769691475014
-0.517555714896 -0.0325449804887 -0.0029872323099 -0.0526289574415 0.0111219137029 0.000943211400338 -0.0066507409833 -0.598716064169 -0.0016522017236 -0.104362376563 -0.0316119281778 -0.0029198057035 -0.00705461007005 -0.181818871774 -0.288831693899 -0.142783944283 -0.0848117574777 -0.0156878545371 -0.333059347565 0.155437731634 0.00864452357782 0.018994446661 -0.261580813232 0.0163694466635 0.00872488148889 0.078802313268 -0.0504506948727 -0.0189664436596
-0.402808115715 -0.0145940648787 0.0181002961131 -0.0139248004639 -0.0179430098939 -0.0255429039723 0.00328405071227 -0.400533819964 0.0193805642933 -0.0121047947459 -0.00914857194599 -0.0228371502631 0.00485584069688 -0.370596606229 -0.21574328472 -0.139433875191 -0.077901522312 -0.000657565709375 -0.438076030206 0.120808045968 0.020793258103 -0.00128580440648 -0.429740699681 0.0354399710267 -0.00158347610763 -0.107781110949 -0.0625907418968 -0.237992893159