-0.0117217688297 0.0319877012982 -0.0555769745196 0.0343586173288 -0.108602516894 -0.0216405516061 0.0352498702684 -0.1505534424 -0.000689361120968 0.02355240829 0.443375788635 -0.0407880872665 -0.0672943521184 -0.226234752671 -0.466972797161 -0.0990471483986 -0.205171175072 0.0115584731405 -0.339814281439 0.435849524173 0.0995651489034 -0.0271532599718 -0.328806502283 0.0723410491223 0.00422259969858 -0.0570935009273 -0.0320968481846 -0.0063447716113
-0.436583293962 -0.0209195201675 -0.0597102976358 0.0836952577841 -0.0656180006296 0.0337131727486 -0.0619599653044 -0.585341599291 -0.122833927445 0.0521356258625 0.187101334382 0.0191841363736 0.0419874456454 -0.248406362664 -0.2761947736 -0.118468968021 -0.0607873262653 0.0303163293225 -0.293448060026 0.263257763606 0.0169728797006 -0.00861359907814 -0.253526918172 0.0565701796827 0.0593758076965 0.0220062985891 -0.00288860676978 -0.0873249658645
-0.572958064316 0.10428318337 0.201079318414 -0.0489214706029 -0.00616636381944 -0.0757170831551 -0.0103032240552 -0.542405511611 -0.101275599203 0.0529850299313 0.159921130503 -0.0219454295969 0.0202663158595 -0.115921233118 -0.260156599607 -0.0622781091355 -0.100479267576 0.0230024297485 -0.274256030267 0.265450622172 0.0230344184702 -0.0143994203762 -0.167884709929 0.0666422539338 0.0192681329479 -0.0536430295842 0.00999510065207 -0.0197266577704
-0.448766093091 0.065801015992 -0.0859521393436 0.0954559754132 -0.0623947977812 0.0657981988325 0.00269166709033 -0.468018491296 0.14672137404 -0.0610246162975 -0.0664612596889 -0.0362637440594 -0.00825500470134 -0.182068835517 -0.252916269774 0.103426514815 -0.113376211098 0.0118879266446 -0.474188402418 0.161672319845 0.0560840778954 -0.000267089482812 -0.368044467614 0.0153186085932 0.00303178856819 -0.0901407978239 -0.0260480863473 0.00251304373983
-0.645912665956 -0.0464809489646 0.163501008268 -0.0582423631545 -0.0468879022298 -0.102210282085 0.0991584326037 -0.554264344758 0.126463233111 -0.0541089771498 0.0420971989176 -0.0118705535163 -0.0610780030258 -0.187894579899 -0.175894007157 -0.0526811284072 -0.102310610099 -0.0175072126042 0.0667627708493 0.187135087865 0.080561942934 -0.0166265203609 -0.251388128786 0.0306608803751 -0.0324925584801 -0.0304336058452 -0.0450111851722 0.0456136940337
-0.407759905497 -0.00242986325427 0.0719874403283 -0.036373924773 -0.0053829297844 -0.0402197197603 -0.00836821619832 -0.364528178496 -0.000135907032799 -0.0179523802394 0.00934559359376 -0.00575479663716 0.0111605150416 -0.550624448669 -0.0803856880713 -0.09324818646 -0.0336968291507 0.00921128054468 -0.467333020178 0.178184917498 0.0498415304525 0.0107482077376 -0.251337477292 0.0752137872059 0.0137048673521 -0.223906331749 0.0185352966451 -0.015763299843
-0.471407852265 -0.0297020602505 -0.0464526502285 0.0220109553326 0.0122951978909 0.0251400633409 0.000207419098596 -0.458202739715 -0.0357196090257 0.0219301560847 0.0110753102411 0.0172862611627 0.00559201066497 -0.212267713944 -0.156130224249 -0.0973545204016 -0.0644900494321 0.000644294139031 -0.282135732719 0.191759442299 -0.00256375167593 -0.0125770578787 -0.573853769568 0.019429263403 -0.00283741279014 -0.0209398173936 0.0135085489097 -0.177156309664
-0.582186739736 0.0641026804174 0.0463633299355 -0.0355002493058 0.0285528330075 -0.0252369791028 0.0247921820754 -0.701088059375 -0.0747704108417 0.0505230219045 0.0456702727294 0.0159164829834 0.0217282327717 -0.0871172867935 -0.19866272978 -0.0458734175601 -0.0657094778528 0.0212785446691 -0.178424359595 0.204961513254 0.00573701079333 -0.00367178988698 -0.0674129932729 0.0519167339931 0.0120998009617 0.112736335079 0.00662256489896 -0.032128802669
-0.292831202303 0.0339635986319 -0.0518849848146 0.00855789412677 -0.0464766039931 -0.00708285907206 -0.00445735337902 -0.363797081695 -0.00449750629117 0.0537449643082 0.0676356349643 0.0248898196294 0.00830477560851 -0.666251058268 -0.0178475345985 -0.0294929320887 -0.00979216995127 -0.00116003628032 -0.342916230146 0.159509468196 0.00410573204098 0.00841679213193 -0.165873203579 -0.000805407476141 0.0104993606813 -0.38745146518 0.0128812983572 -0.0370525480673
-0.476790488406 0.0929227820901 0.138495094412 -0.0014826349034 0.0227049867268 -0.0166165306776 0.0109219071417 -0.509272162081 -0.12081011996 0.0216540051066 0.0740945543439 -0.0416821676713 0.0030306927151 -0.224221552405 -0.0616809196018 -0.0294084710183 -0.0213705843774 0.0283579694397 -0.475003095942 0.158480277372 -0.000403375293503 0.0113169785733 -0.234900734745 0.0192357850289 0.0275424799033 -0.307302722944 0.0148976544821 -0.06512958616
-0.685103847207 -0.0706655670983 -0.0841221681942 0.0680551372279 -0.0348152596343 0.00831529663379 -0.0117387027114 -0.630738400634 -0.0559754633782 0.0185398498401 0.0514415779447 0.00444866928275 0.00477001553921 -0.0594527844769 -0.160277991855 -0.0604086617272 0.00374585970635 0.0129280384269 -0.0308279617744 0.152771954076 -0.0234731263459 -0.0171508200445 -0.0930788977596 0.0270247442284 0.00230938235845 0.198580468864 -0.00923767412564 -0.0375183048191
-0.728126808313 0.010675556409 0.120333359187 -0.0529036034486 0.0226302698964 -0.0232690464546 0.00663513084036 -0.622133363993 -0.0265245503824 -0.0151511205371 0.0368684993176 -0.0242310869398 -0.0138221883956 -0.145409797072 -0.102381568936 0.000766129634286 0.0166656759181 0.0377977125704 -0.0354983057436 0.125863925111 -5.34845648906e-07 -0.0282917678516 -0.0578317634117 0.0483773244974 -0.00779826084717 0.0278224793382 -0.00119563609298 0.0588546567685
-0.354428555264 0.0119201340757 0.0471570270409 0.0258073794469 -0.0320875180952 -0.0453063553673 -0.0208494151113 -0.345573219315 -0.056116209678 0.0328377676123 0.0203782438837 0.00872256411698 0.0030114857307 -0.500185711653 0.00390071528242 -0.0294806742664 -0.039342622422 -0.0154981357624 -0.469033386909 0.131040866977 -0.0281948867373 0.00515426749798 -0.288502031966 -0.0570869360693 0.0103074648813 -0.40679162282 0.0158691354185 -0.0225703023296
-0.451790051349 -0.0525697526995 0.0645099145715 -0.0133633195216 0.0330479972567 0.00962355822918 0.0399672196749 -0.52315102076 0.124320100482 -0.0152544655349 0.0325646524445 -0.0172061846628 -0.0216558478634 -0.168293997602 -0.0725148487751 0.0493351341313 -0.0268352378505 -0.0039837034762 -0.547474529343 0.0263562782966 0.0154802478704 0.00240721615203 -0.372451408858 0.0127246969405 0.00418539705626 -0.123599092413 -0.0234310468828 0.0515201716174
-0.749086168557 0.0457130277011 -0.125596498287 0.0645275545588 -0.0252272899488 0.0114118730462 -0.0120838926039 -0.551597451066 0.01334593342 -0.0361457343507 -0.00256799480658 -0.0142152769591 -0.0110571450448 -0.0919178200819 -0.173782528114 0.0948521829761 -0.0494490480025 0.0225587572401 -0.166062018978 0.137102699061 0.0245826727698 -0.00668967309536 -0.0802307204259 0.0281908612837 0.00910728443568 0.0652622719236 -0.0228461881459 -0.0116243530517
-0.688902486561 -0.0197858372487 0.0953712216802 -0.0303133162843 -0.0142475183202 -0.0324715598283 0.00927955509349 -0.598164110019 0.0348835863263 -0.0114779026962 0.0332486271805 -0.00527821767856 -0.00703777216626 -0.164795421928 -0.0660357668192 -0.0530631685563 0.0111814888271 0.023985819372 0.296817847118 0.101457778675 0.0448118907715 -0.0137582617051 -0.00162878235418 0.0505925404818 0.00149553087365 0.111832095903 -0.0336481186904 0.038765004933
-0.397020847033 0.0437295149097 0.115469451976 0.0285067057735 -0.0333270813428 -0.0375503490491 -0.0219811321134 -0.347960006921 -0.0765239814172 -0.0207309490419 0.0296197221312 -0.00705634477118 0.00173843812768 -0.359646616843 0.0256740281622 -0.0295462884497 -0.042749008274 -0.0104131892888 -0.447484286123 0.0617780752344 -0.0205543739086 0.0036107760584 -0.35284584758 -0.00704863903664 0.0124951836836 -0.48161063447 0.0160227163495 -0.028300944022
-0.265534905233 -0.00828593138872 0.0628626017449 -0.0134378457464 -0.0203537305986 0.0189525927289 -0.00314052031484 -0.286121095484 0.0117931887534 -0.0265815052675 -0.0736189453391 -0.0118112960991 0.0158097609277 -0.627333286057 -0.059168930683 -0.0229449376962 -0.0196853119014 0.000609795759986 -0.49315431172 0.00604834259291 0.0461506222457 -0.000565566760549 -0.32636664523 0.0234595406974 -0.00589209861779 -0.292382060948 0.00193627755779 -0.00807451955928
-0.569462160673 0.0600898944218 -0.0699506315821 0.0316613712005 -0.0207975435039 0.0283630951195 -0.026674867311 -0.555843299058 0.0597264077096 -0.0261641734274 -0.0566050291603 -0.027979418349 0.000595097346394 -0.0928800227965 -0.177683972207 0.0462637020797 -0.0949015518364 0.00460986000095 -0.416708944591 0.118091737619 0.0244564410436 0.00170962299428 -0.315324115933 -0.0235510923098 -0.00147759899143 -0.0412489837776 -0.011884563804 -0.0752926085219
-0.575915713889 -0.0604957935 0.0339444205584 -0.033421826956 0.0456934369675 -0.0417482528128 -0.0059778395777 -0.664029315752 0.132068724324 -0.0049070211 -0.0099622116898 -0.0279382024373 0.0140844801809 -0.18843412338 -0.201531462076 -0.00369927702979 -0.0849629546594 -0.0101794898698 -0.280446975832 0.159366354606 0.0136927704756 0.0222435121563 -0.0836729494822 -0.0314832191421 -0.00732333733049 0.0528124825684 0.00448126853795 0.0015007287209
-0.467776054895 -0.0402234849045 -0.0536551595142 -0.0147815459494 -0.111544518538 -0.00828446942997 0.0259292402068 -0.397679495898 -0.00946797118766 -0.0164923711396 -0.0728316628364 -0.00533900850439 -0.00812326627067 -0.247799269914 0.0125885439598 0.0634050243515 -0.0135446456626 -0.0360460565779 -0.604673063839 0.0615340429791 0.016197283962 -0.0118056560128 -0.367862117128 0.0138842290972 -0.032563962552 -0.158907524552 -0.0184160579978 -0.0180965861854