-0.000763321174247 -9.49638998676e-05 -0.000578759937927 -0.0224502836402 -0.00481517970954 -0.0108986661714 -0.0160828154979 -0.00362582195382 -0.0345547621759 0.031212872144 -0.0474050291305 -0.00479502730137 -0.033314345124 -0.411839156436 -0.522347793373 -0.349891508555 -0.290212451563 -0.0126425153337 -0.3417106949 0.363276484132 0.0397960447762 0.0151336767666 -0.257393104347 0.135348226216 0.0186892013485 -0.0937789208629 0.000706032064608 -0.00191899376135
-0.413405242833 -0.0301988241018 -0.016510321352 0.00973152473608 0.028989647102 0.0121073660371 0.0110905874944 -0.607484892008 -0.129321791955 0.114009240909 0.152074265055 0.0661422362004 0.0154935438466 -0.362552615466 -0.129743849267 -0.2480254027 -0.149127978661 -0.0105472506322 -0.263532598496 0.145269610236 0.020310441583 0.0031553944027 -0.271423471722 0.0395721689467 0.0202161520204 -0.0272231774493 0.0235277476717 0.0120527135346
-0.423256613255 0.0555508205026 -0.0101025146712 -0.0302787783405 -0.0837650321421 -0.0162785788963 0.00629547455093 -0.568235647332 -0.0907403223432 0.094357739804 0.134171239072 0.064808157105 0.00136860584297 -0.335318059537 -0.255179653578 -0.277887713795 -0.151556136403 0.00156133553561 -0.252166817038 0.173398320885 0.00552160236687 -0.0054626515045 -0.243856902724 0.0723542026688 -0.00820462932389 -0.103952969572 -0.00940829926455 -0.0082536688383
-0.520510485956 0.0748505676291 -0.0804665046148 0.0556967242414 0.0093978302417 0.0330056810989 -0.0205100869636 -0.631272676653 0.129788557715 -0.0651890050648 -0.0959989527207 -0.0849556925101 -0.00992025945745 -0.155108476374 -0.387509222458 -0.0814725502081 -0.135491397655 -0.014484744399 -0.0922764813556 0.244665164426 0.0175465544105 0.0230762630743 0.0108953052607 0.0511983566178 0.00985100002616 -0.0610493456279 0.00295264188886 -0.0307025595153
-0.522068124693 -0.0951424190167 0.061302823542 -0.0899049214563 -0.0729587484647 -0.0318471524082 0.00320682075842 -0.614682323303 0.0862249771502 -0.109336437442 -0.159349074991 -0.0502139584268 0.00196100968717 -0.175909777499 -0.220548631921 -0.165519912591 -0.150301698703 -0.00535331485013 -0.232588264344 0.157946618706 0.0398202140547 0.0171392015721 -0.238582980624 0.077698286369 0.0130944756926 -0.0292526752812 -0.0217578089318 0.00883442829908
-0.346470286288 -0.00512552081417 -0.0142688183782 0.00717028097591 0.00675368474578 0.0171406774265 0.00687940668523 -0.349298030678 -0.0178330224269 0.00709179583512 0.013499121346 0.0217778232596 0.00893925417279 -0.392416345472 -0.033314817997 -0.0758844292756 -0.0852885394207 -0.00578215450337 -0.503062231908 0.0483940494699 0.013525411323 -0.013096080401 -0.438850443258 0.022371976648 -0.0071805753224 -0.259306465805 0.0232833867 -0.267054727392
-0.41451588699 0.0114873663616 0.0126901308521 -0.013476579947 -0.0185941331052 -0.0134186216157 -0.00568851107806 -0.431925230598 -0.0316884594808 0.0141042346973 0.0272958835549 0.0310659786914 0.011696020087 -0.362111150292 -0.00701312967683 -0.0879283350762 -0.0899783438777 0.000976359400054 -0.577146627108 0.0139331411174 0.000644122628861 0.00856166467143 -0.31655257449 0.0429801188254 -0.00325150705246 -0.121335471088 0.037209079895 -0.197473919686
-0.200725804829 -0.000302388151494 -8.59525112728e-05 0.000465304873231 0.00322469471864 0.000416536401578 0.000809395945749 -0.202440405513 -0.000870375849692 0.000538183386 0.0137200038298 0.00709072917595 0.00761655061747 -0.671210789076 0.000790172397916 -0.00387633402557 -0.0276877383428 -0.000682851580194 -0.482700855195 -0.0058457997964 0.00121675968726 -9.15677308561e-05 -0.293973460485 0.0289120236164 0.013893945618 -0.342946106378 0.0123205315569 -0.169889129991
-0.134355881397 1.56301708384e-06 3.43220908664e-05 -3.07305252553e-08 -5.4152717542e-08 -0.000193063658152 -0.00043113140672 -0.134355790662 -3.39554800169e-05 3.04124368865e-08 5.35919597138e-08 0.000193106890957 0.000418168716178 -0.60126811183 -5.349555651e-08 -1.31382682742e-07 -0.00279077174816 -3.01828102147e-05 -0.330359390637 4.02888013894e-11 1.36463840221e-07 2.58648092397e-08 -0.357371323765 3.33281131608e-07 4.63142854023e-08 -0.580445267029 0.000427102796591 -0.16910638346
-0.658478460863 -0.0396686785584 0.00849695893516 0.0484125827754 0.108959009201 0.0054599598194 0.00973485018827 -0.611741863011 -0.046361807145 0.0625973089076 -0.0128450815432 0.0101524275313 -0.00673646548541 -0.204035421003 -0.126902693867 -0.209563911189 -0.0677756699319 -0.000475509065714 -0.0752169688437 0.059245237664 -0.00895203093037 0.00145796461491 -0.198419083819 0.00861048573141 -0.000465076426937 0.057280306228 0.0129927612741 0.106867954217
-0.636657956901 0.0112993677071 -0.0132054834532 -0.0140736075564 -0.0209773883832 0.0119090370421 -0.00518512450125 -0.677374799806 -0.0425083909018 0.0435622495188 0.0578019375813 -0.014656626954 0.00664977085927 -0.22948970443 0.00237952421204 -0.0713439735649 -0.0787561366998 -0.00420466749993 -0.0937106866571 0.0669614605244 0.00227206899683 -0.00539487270221 -0.127954572174 -0.0363716445228 0.0139323885975 0.0751294782167 0.00281493605097 0.163075159906
-0.61916075595 -0.0288086665865 -0.0416594045487 0.0380618356383 -0.030306029871 -0.0182258253518 0.0111012145215 -0.685889572174 0.0283520498629 0.11646873023 0.0242944581236 -0.0210158013254 -0.00762012442529 -0.195229375363 -0.12469409444 -0.129855530202 -0.0559165384072 0.00912114464994 -0.0879224488554 0.0119826122902 -0.0252284994232 -0.0222656477222 -0.125502106929 -0.00397037697345 -0.00415510690378 0.0593672984542 -0.0173344902992 0.151651879509
-0.711633983411 0.0517052566281 0.0570732699119 -0.0728285908963 -0.0361113831587 -0.0206189482489 -0.00876624563242 -0.580305716107 -0.0164987080583 -0.00354844612412 0.0487031149533 0.0110838678488 -0.0123687628046 -0.118458464617 -0.16757417757 -0.159529917689 -0.0901918173709 0.00450928476464 -0.0822696495855 0.159569368917 -0.0166149444243 0.0133618959676 -0.141971375126 0.0223307205723 -0.0204925007103 0.022875953633 -0.00210657141782 0.104130692268
-0.721332030983 0.0598981284739 -0.0739538230156 0.0585870326172 0.0299802645149 0.0252459513169 -0.00376587459386 -0.608987176225 0.0160139097146 -0.00909264137709 -0.0526815423661 -0.0114054690536 -0.00485605115594 -0.0880316737283 -0.212617425435 -0.097573909171 -0.0773100250367 -0.00834475817967 -0.108774911773 0.0778806826953 0.010184643506 5.02699477936e-05 -0.0208596969269 0.046604857312 0.00375640429816 0.0478946179392 0.00332590912846 0.00752541179736
-0.626222606735 -0.0123357752437 -0.00626507592662 -0.0017607413868 -0.0132970181075 0.0194870184252 -0.000136724490102 -0.665099084043 -0.052442509833 -0.00900793554268 -0.0422229980487 0.0137728045075 -0.00889572517647 -0.0633000425027 -0.19527477643 0.0215399034613 0.00528906002973 0.00203526105249 0.112698766024 0.145683614654 -0.0263547268885 0.00804483525969 0.227999702652 -0.00416764373796 -0.000902774422716 0.0668380210286 0.00234570219566 0.161431984982
-0.6634477395 -0.00953313054819 -0.00602281673073 -0.0417916532568 -0.0283370488913 -0.0123693583615 -0.00613512132275 -0.671867288298 -0.0252846093565 -0.0208985627549 -0.0546003822334 0.0210191536638 -0.00267520895092 -0.134227531069 -0.169358140534 -0.0261949765683 -0.0617598438547 -0.00354002863798 -0.0866981720137 -0.0287422519801 -0.00695930823841 0.00592971191957 -0.0891994318014 0.0113512404374 0.00481682069048 0.0790879437295 0.0151074998577 0.163791581434
-0.718351981297 -0.0667643042908 0.094679143301 -0.0541834346512 -0.0282689562846 -0.0235597551999 0.00764387386702 -0.604136683389 0.00399903094665 -0.0481664522561 -0.0482541058656 -0.0047981675052 -0.000523634219716 -0.0812137720975 -0.0842346450488 -0.150777871338 -0.0827942220926 0.00211431362149 -0.113785388875 0.108224106402 0.0125383393984 -0.0131691052441 -0.144965411522 0.0511692365703 -0.0115270821551 0.0371444292634 -0.0371215210238 0.0416284982368
-0.229078855126 0.000480317312156 -0.00298422521972 0.001337653853 0.00144195414772 0.00629712573939 -0.00493727876662 -0.229090840647 0.00306455850345 -0.00133058866035 -0.00141543752988 -0.00641575260485 0.00495394706663 -0.519405936502 -0.105642934143 -0.0824995781888 -0.0401618563486 4.31444987587e-05 -0.474053050053 0.0612345695657 0.0246860048545 -0.00010718526311 -0.505470095693 0.0273655793366 -8.20750913929e-05 -0.264909960393 -0.0118386681586 -0.223317105511
-0.425903408494 -0.00410219603973 0.0187421111274 -0.00771939305056 -0.0108148971545 -0.0139801858622 -0.0179928626209 -0.462629895541 0.0538107132965 -0.0108518090606 -0.00730145317964 -0.0219927847431 0.0496360802347 -0.237358081401 -0.105092203449 -0.0369538800004 -0.0597764151243 0.00815335627799 -0.44865169243 0.0982007910002 -0.0119060415449 0.00837522584528 -0.51254301178 -0.0056469875542 0.00361042381375 -0.182172482423 -0.0324461248031 -0.130326379128
-0.504720820439 0.0062649048015 -0.0125554757854 -0.0185310505634 0.00739332107404 0.00118467341924 0.00363118432006 -0.577088621975 0.0740723019146 -0.0190401336634 -0.0173583238871 -0.036287657032 0.0329516721732 -0.0717891732774 -0.0550356099625 -0.0533080864174 -0.0847527788076 -0.0126664016911 -0.414406594107 0.0836114346002 0.0121979661244 0.0247448899733 -0.429880205274 0.000328919423141 0.0190788444695 -0.11551534897 -0.0284775377884 -0.0767752198794
-0.240558848539 -0.00218549683434 0.00720844396287 3.23464225227e-07 -3.10012573927e-07 -0.0124781959506 0.00142206174396 -0.240427188201 0.00710450889434 2.52756093828e-07 -4.13446816406e-07 -0.0121300378088 0.00104463092288 -0.294127993692 2.53985995099e-05 9.95009280171e-06 -0.0473253576386 0.00699254565058 -0.58596319363 1.04737016646e-09 -3.15373513e-06 6.04207070276e-07 -0.633874647861 -2.80165983662e-07 2.51481169322e-07 -0.1088228483 -0.0318409593869 -0.192631730656