-0.00303893444922 0.0024586233707 0.0180855128106 0.0575627109979 0.0179971662423 -0.00576914164568 -0.00571280238382 -0.00698939186262 -0.0725150105988 -0.0375034826571 -0.0316360266078 0.0291022036663 -0.0340388974756 -0.226192241504 -0.4709945659 -0.0947177163938 -0.179525027525 0.0179761451775 -0.471282203838 0.589436808247 0.12120099706 -0.00799640146785 -0.28124119877 0.0711664978186 0.00206309462891 -0.0559682157951 -0.0107162921051 -0.0015476280116
-0.518575660611 -0.0869466817011 -0.0953352331923 0.00683876690039 0.0839696146247 0.0593204663075 0.0059374583447 -0.603925397075 -0.17918377388 0.0717083801112 0.0213243744678 0.0789393299443 -0.021755509762 -0.144492942537 -0.259499572129 -0.0388281618894 -0.111118315024 0.00552987545466 -0.250201191824 0.303852741434 0.0838275355426 -0.000463520637855 -0.156282709841 0.0766939056053 -0.0107955224427 0.00861981616026 0.00841787405538 -0.00431278528859
-0.523210356742 0.095977343621 0.135791066813 -0.0253806575738 -0.0484630248475 -0.0612828948958 -0.00220898033342 -0.562337010879 -0.142052590099 0.0733375103748 0.0640105000717 0.049394614901 -0.0194398129148 -0.26091037843 -0.287071537335 -0.0942555561718 -0.0967758473516 0.0138316084184 -0.222810343808 0.293335868957 0.0925751953529 -0.00700317677389 -0.154939096145 0.06248611969 -0.00990768949549 -0.0416309542006 0.0131009532116 0.00172510726403
-0.581068867775 0.108307955739 -0.192953182945 0.0315349581669 0.109290554561 0.0634167849172 -0.0100407871017 -0.515403459783 0.128760984003 -0.115476521034 -0.0120132383539 -0.016563599019 0.00151933943783 -0.109288860985 -0.204583838957 0.00651849609243 -0.0674000696336 0.00695541677143 -0.314434999781 0.283977172552 0.0462499938653 -0.00346853453907 -0.237975296499 -0.00301414527755 0.0107551439423 -0.0548347661744 -0.0197453686202 -0.0105190708454
-0.540162486668 -0.0904193601023 0.176856087428 -0.000876041790955 -0.0717180020962 -0.0603301267002 0.0165057715112 -0.540021438403 0.123320285468 -0.102586436351 -0.0698748326449 0.0221491371146 -0.00481201306566 -0.171216757016 -0.2415012866 -0.0285182619272 -0.0708288379934 0.00239072077886 -0.300210945671 0.359719075538 0.0237033144608 -0.00551434963525 -0.128847062339 -0.00423972587403 0.0129093449503 -0.0775516068301 -0.0234070729876 0.0049291520985
-0.43484754136 -0.0163978977906 -0.0142117584148 -0.0233765539212 0.0886392155398 0.0250747303221 0.0046178837899 -0.40183963265 -0.0179264157747 0.0133467124133 0.021153134156 0.0248388535502 -0.0117473736259 -0.518019087029 -0.149734540344 -0.0826832950321 -0.059875576593 0.00137319713953 -0.420063421655 0.0471410404961 0.036360134451 0.00601942940762 -0.326504708671 0.0539546818789 -0.0184306557461 -0.215861990054 0.0094498771397 -0.021045899087
-0.522197962637 0.00774549422106 -0.0236561238804 0.00270927861319 -0.0307497441591 -0.00522568235475 0.00416289797165 -0.664446892512 -0.072607705961 0.0260849182301 0.0576633367168 0.0555159747059 -0.0112546525808 -0.285152506273 -0.216559889862 -0.079766311604 -0.0777868489058 0.00227420816644 -0.279418618823 0.130806485716 0.0648381669147 -0.00537221451233 -0.157131673935 0.0689066785522 -0.00829402918338 -0.0421117162551 0.0183048663253 0.00734613164585
-0.540794952067 -0.0412459610584 -0.013472703776 0.00489868029984 0.0253754650269 0.010896817882 -0.00111859787085 -0.698547785374 -0.0706594841091 0.0340107472248 0.0655199151566 0.0552974062908 -0.00983952333748 -0.186831893778 -0.191029698584 -0.0256988136235 -0.0726636822366 0.00748415537192 -0.23794645017 0.197531027172 0.0554769751828 -0.00545215283981 -0.156826163093 0.0449415064622 -0.0117225696751 -0.0160503740007 0.0124120897384 0.00123293244188
-0.439946022733 0.0214700825506 0.0542106224182 0.0359510989379 -0.0546389116647 -0.0477799537756 -0.00462533301746 -0.414700511438 -0.0355099054267 0.00952882993832 0.00273943231868 0.0352491116017 -0.0111703427751 -0.488955428849 -0.18346717845 -0.0748272529196 -0.0530111794453 0.00246749214578 -0.369457294941 0.0631813198005 0.0602719337951 0.00292276822155 -0.407150562112 0.039890821799 -0.00110278318261 -0.168961454039 0.0121881157903 -0.0204219981753
-0.751492820022 -0.00767268666728 -0.120173797131 0.0302843246055 0.0275105014957 0.0349583308811 0.00421618470193 -0.567343435602 -0.0333754422747 -0.0327179258871 -0.0121281895288 -0.0124869978375 -0.00537295651737 -0.00530410181799 -0.117061600964 -0.0237261322018 -0.0358260928001 0.00164460892254 -0.138103827548 0.166840030086 0.0439738403042 0.00849611802848 -0.155033303816 0.0536996711616 -0.00106131740956 0.0303550303667 0.00142528536606 -0.0333294331886
-0.685312959018 -0.0105025474912 -0.0257153560142 -0.0570013473059 -0.0119105615784 0.00740869727249 -0.00852183133944 -0.660830830642 -0.0147645748585 -0.00996856503989 -0.02018241865 -0.00804299968482 -0.00878894636681 -0.14533123505 -0.0923549663673 0.0807462630504 0.0291222458213 -0.00240393903649 -0.0813486832829 0.195350336436 -0.0180735356626 -0.0040657730446 0.00597721761561 -0.0318462305184 -0.00109793042079 0.0615343977754 0.000538451237588 0.0388218920311
-0.671078268943 0.0146912111637 0.0223390615573 -0.00380347042808 0.0467272873086 -0.0147267701843 0.00127359697964 -0.68070961861 -0.0603622389892 -0.0171568110799 -0.0282907535103 -0.0200897747975 -0.00316800230633 -0.186368472299 -0.0835289060995 0.0488834183968 0.0603542018687 0.00585663823524 -0.0339458437199 0.152489386242 0.00945814007529 0.0015516305223 -0.061477310144 -0.0158883101475 0.000202089048931 -0.00335900471781 0.00209916378627 0.0410306404826
-0.722409397466 0.0478610584849 0.0740284007271 -0.0241740596257 -0.0794476640989 -0.0419463825171 0.00153566230283 -0.526443696286 0.0162794225911 0.00857178216999 0.0475636288725 -0.00552281705193 -0.00334548050742 -0.256498781334 -0.20437767886 -0.0896836508633 -0.0779690377197 0.00544021093054 -0.168292049501 0.168235000839 0.0433200953377 -0.0040305714879 -0.0318888172426 0.020478027472 -0.00378573777935 -0.00950240878181 0.0117147245265 -0.000389970091184
-0.695982181737 0.0654076556586 -0.110965090317 0.012921531673 0.0384079276093 0.0570593327263 -0.00206950313655 -0.575266836262 0.0337924122519 -0.0576250346293 0.00180477360349 -0.0146238382367 0.00389599597045 -0.149346311701 -0.13709139693 0.0026374029301 -0.0937269094874 0.00253111537698 -0.224944026401 0.18869357561 0.0211862704796 0.000111829414752 -0.14296880816 -0.00457009518543 0.0022679392445 -0.0271872454089 -0.000705243397179 -0.0270598496793
-0.67266335089 -0.00191774944824 -0.0241009172469 0.000392208710098 0.0289792473505 -0.050320794649 -0.00084705285212 -0.66253317368 0.00394540742191 -0.00933560559814 -0.0383677619245 -0.0268809903065 -0.00141134284497 -0.173094010492 -0.0351674283882 0.0901483857455 0.0824993628759 0.000405153827748 -0.0989788023009 0.188731625601 0.0133785968213 0.000556518243975 -0.0785921114363 0.0177005129615 -0.0020674321847 -0.0585946003171 -0.000499970061248 0.0257315434273
-0.633703826618 -0.0145984372108 0.029514603539 0.0380526998014 -0.00267033365621 0.0141178569628 -0.000274989675115 -0.635195673541 0.048611157313 0.0287009646995 -0.00310185982954 0.0181989868583 0.00206548708867 -0.238972274978 -0.0188773943139 0.143554077206 0.0431845294921 -0.00571110292879 -0.15630308448 0.207605042255 -0.000841365480226 -0.000726609467422 -0.000262780824683 -0.0206117577756 -0.00333677119691 -0.200881240095 -0.00194219224695 0.0195204405344
-0.716469286313 0.00268161521414 0.0923157793698 -0.0566909608052 -0.0471760644993 -0.0236761958974 -0.00105225076988 -0.508361549586 -0.0300880189715 -0.00778172894734 -0.023251986992 -0.00107389493496 -0.00740514242093 -0.203451079499 -0.219625577807 -0.0943505545788 -0.0521491817545 0.001643822248 -0.228342084767 0.189567071398 0.019978309645 -0.00617196383808 -0.134131929045 0.0349618264832 0.00157979296416 -0.0560381784774 0.00190826511805 -0.00470841832057
-0.366057470982 -0.0108669739833 -0.072425022793 -0.0138164148727 0.0690818612251 0.0359320071529 -0.0030723363307 -0.337580146716 -0.0349702203847 0.00726058190975 -0.019844167115 0.034176824774 0.00182553456268 -0.427625294029 0.0460120646052 0.0548595149602 -0.0269631509328 0.000561903377224 -0.671387161624 -0.0305553640718 -0.0120396899816 0.000703473295124 -0.274089478697 -0.0379141715732 0.0120774671716 -0.140554844307 -0.0118930011991 -0.0202693201855
-0.565653596315 0.0505613970009 -0.026285633948 0.0407020322933 0.0351716560133 0.00921595825955 -0.00727702357846 -0.639885540782 0.0919396826237 -0.0713071633706 -0.0238261189417 -0.00369979031154 -0.0010219936751 -0.133838701123 -0.108130839125 0.00253909549172 -0.041345223477 0.00462222092272 -0.349264912033 0.210709253289 0.0216830642822 -0.0021586176066 -0.222294270493 -0.0405179206352 0.0173973415246 0.00418284982584 -0.0241751949236 0.00457642142207
-0.559782704335 -0.028807951609 0.0271948848012 -0.0155222395836 0.00511622611185 -0.0104195206001 0.000802078675163 -0.707473293762 0.0791448839478 -0.0867631127567 -0.0488475995243 0.00555317684206 0.00127069091686 -0.137476447209 -0.133735654321 -0.0251987951602 -0.0434715875452 -0.00532091366003 -0.240099972257 0.209867190174 0.0089404530945 -0.00300947666883 -0.153246585827 -0.0347858155561 0.0215982370049 0.0343979161501 -0.0206084284693 0.00897316587171
-0.564561691875 -0.0281425758241 0.0914770122493 0.0367681720196 -0.0464223631348 -0.0488869165677 0.005290139439 -0.527971913333 0.0483616321944 -0.0628374534078 0.00284235294689 0.00170527612393 0.00972344379236 -0.2754194939 -0.178764904354 -0.00669854367023 -0.0805857052904 0.012275865435 -0.398247026237 0.114452458167 0.00869111435099 -0.00271658635453 -0.290996276292 -0.0199695340806 0.0207162393988 -0.0930124540427 -0.0238946406151 -0.00484729177898