-0.00816254133934 0.0193617092931 -0.0435821369668 0.059076244371 0.0261587562958 0.0425117440858 0.00470506694716 -0.0732320732129 0.253405883552 -0.0937996526362 -0.0283872854638 0.00538376038324 0.00516648465884 -0.382085549846 -0.618728024405 0.254922987668 -0.140730468984 -0.0104595672457 -0.384438672891 0.3327677273 -0.160291585295 -0.0180783231034 -0.104583280428 -0.0428014059971 0.00494910225051 -0.032501890198 0.0174799540702 -0.00064354905016
-0.487515020128 -0.00816443806156 -0.0411805594172 0.00353278111467 0.0648368617781 -0.00120450602687 0.00548745714769 -0.521588826825 0.0924037681076 0.0157477426156 0.0796786288511 -0.023648652916 0.0166731304642 -0.288118891353 -0.412467545923 0.260376256801 -0.0926775155439 0.00156849962501 -0.261119288076 0.206725277993 -0.11135452938 -0.015325781673 -0.0388928033583 -0.105056794592 -0.0179666206 -0.0454082044658 0.0122020846983 0.0112071266027
-0.514452224116 -0.0190805702497 0.100814934437 -0.0259073729979 -0.00577848733319 -0.00573751351322 0.0285305258488 -0.610933394814 0.0967125975057 0.0689644668273 0.174562669213 -0.0177841430923 0.0239335741288 -0.184435992267 -0.351097850187 0.220017705115 -0.0393724820357 0.0280572674019 -0.133148724404 0.227810967242 -0.136867183768 -0.0239848452352 -0.0574158495733 -0.0235342954116 0.00633519290745 0.055015660915 0.0233101443962 0.0110874830168
-0.368892096577 0.0429487023888 -0.0136587665248 -0.0581594067437 0.105167481354 0.02068098321 -0.00587178736465 -0.516168613586 0.0618437800971 -0.132293732779 -0.178584314398 0.0341286828332 -0.00476039010605 -0.324047985352 -0.227339692773 -0.0142783422241 -0.12259884834 -0.0301624533726 -0.530661853619 0.207215841537 -0.00629329074646 0.00159431645471 -0.156584369661 0.00498107412287 -3.85992635965e-05 -0.0602229540759 0.0074475518433 -0.0224411550857
-0.462116655649 0.0182016445074 0.0102954719571 0.0853137445941 -0.00201057748228 -0.0145677975115 -0.0141788249601 -0.528370269474 0.0349751586671 -0.0703531204938 -0.171770681366 0.0208304527277 -0.0238920475127 -0.307310592882 -0.409431139158 0.153388821626 -0.0683124036537 -0.0334554388667 -0.266279793876 0.14412164191 -0.0885880631859 0.00101084201405 -0.258248434246 0.00803326139534 0.007631405865 -0.0675389825579 -0.0124216684482 -0.00373803811734
-0.631783215512 -0.0487230827748 -0.0910322465794 -0.0316093161072 0.066768510933 0.0263247105613 0.0107001451451 -0.648548924449 -0.0244627617719 0.0447576787307 0.062013998847 -0.0150897323902 0.0196472362128 -0.117048439962 -0.284999074087 0.118693706744 -0.0574953325206 0.000721479063679 -0.0702084301423 0.171766465264 -0.0767102106857 -0.00384729861383 -0.00354989288439 -0.0283386923534 -0.0105451178458 0.0484723897231 0.0177873163393 -0.00183737251034
-0.64795984393 0.0445080240901 -0.0146727200862 0.0668311977713 -0.0686769988058 0.00257379322764 -0.00129822089614 -0.633950672249 0.027488888524 -0.0113704617869 0.0440560086548 -0.0434990840254 0.0118300875677 -0.195545140258 -0.143204903533 0.220113378832 -0.0100008871674 0.00318420935552 -0.140612144876 0.098812075127 -0.110677724769 -0.0126262977773 -0.0242438218644 -0.109319211022 -0.00983808174952 -0.00979204560414 0.00518799385151 0.000936959507584
-0.620701431337 -0.0103029045022 0.00152025061749 -0.0495422833132 0.0276312382122 0.00253094048434 0.000316536492713 -0.69149283067 0.02281283615 0.0184020698306 0.0883265056762 -0.0154163306629 -0.000714876881689 -0.109426018738 -0.148045466252 0.221091171939 0.0269934494497 0.0114745397029 -0.0616696344963 0.115672195365 -0.127032701877 -0.0261417174965 -0.0356233461271 -0.0329074275823 0.00616586969572 0.0622232762145 0.0130011377851 -0.0163696909835
-0.587310502207 0.0245710441921 0.0635521780403 0.0115391306239 -0.0491105862039 -0.0136330158633 0.00769813925181 -0.732816228373 0.0493180681524 0.138218792501 0.0272155953593 -0.0100820550904 0.0127401092001 -0.0420760437057 -0.190641893802 0.0600957941029 -0.0303239415155 0.0139596592439 -0.0556639565202 0.159575010599 -0.0597067280207 0.00104115658389 0.0184544026047 0.00910265896799 0.00906550386933 0.110101857022 0.0212416396113 0.00491380162746
-0.599569036315 -0.0141837914851 -0.0178268882567 -0.0597251761722 0.0583963150149 -0.0353356031358 0.00451032205228 -0.601059452437 0.054214535368 -0.0409601463152 -0.0412934314227 -0.0193004967711 0.000592343003868 -0.22695073349 -0.296918419666 0.185714426423 -0.0481325057924 -0.00327624174189 -0.245234894883 0.0660535554994 -0.0415976812669 -0.0151818519851 -0.110395582673 -0.0540411110403 -0.0167004444012 -0.0705195354559 0.0039637386634 0.0214607560224
-0.53314120011 -0.00185464784038 -0.0136669089484 0.0482744510244 -0.0232386604909 0.0096047389895 -0.0120533657897 -0.529496412704 0.0562353036799 0.036084814401 -0.0198539942604 0.01731264574 0.00286901972345 -0.368272616652 -0.186027917297 0.118461915781 -0.0885292284496 0.00217784433113 -0.417501068923 0.108565109106 0.00445398924616 -0.00428814320918 -0.136006762583 -0.0658622552182 -0.0147129200792 -0.160102172933 -0.000812562166788 0.00231664961548
-0.622892062334 -0.0127267956652 -0.048246552865 0.0331500327831 0.0488030097947 0.0238853783409 0.00458045672276 -0.61003312865 0.0169303813599 0.00281863085212 0.063978011984 0.00868005210595 0.013414323591 -0.265188686796 -0.246769431477 0.145100319949 -0.0547360414047 0.00905450842076 -0.151189246226 0.121006159654 -0.072085493973 -0.017201901532 -0.166286795165 -0.0325986133086 -0.007101961631 -0.0383478735282 0.00692099339706 -0.00566322827745
-0.603091646371 -0.0180900715421 0.0123477389132 -0.115991290228 -0.0161332411236 0.0398567917532 0.00885216990635 -0.477177029999 -0.00366374350693 -0.0175993822404 -0.00623222929592 0.00407353318852 0.00804192582834 -0.401700544567 -0.308691957279 -0.00284318789997 -0.00868883461671 0.0132502981692 -0.263245037635 0.0409086373515 -0.0565130680941 -0.0235743695908 -0.225389492508 -0.0228848320051 -0.0166981304366 -0.0910401350889 0.0095064245123 0.0257407464593
-0.594762235011 0.0237675184009 0.00113349680042 -0.00816534989645 0.10793020552 -0.0548874838016 0.0006063879257 -0.518963300937 0.0282202185258 -0.0451370840421 -0.0275040875242 0.0168936471659 0.00245880174536 -0.276305751846 -0.274280836388 0.0692673558595 -0.077272307771 -0.0197852932415 -0.399111829024 0.096787441453 0.0107098756101 0.00800676802317 -0.153044114235 -0.0162421419995 -0.0046299828944 -0.0488353536769 0.00945857319412 -0.0020702846348
-0.479041278595 -0.0407243973694 0.0475701933686 -0.0540344875764 -0.0305171570797 0.0222897242461 -0.00354586621414 -0.491365122627 0.0305529072144 -0.0535278247849 -0.0624197703444 0.000383493222268 0.00799628766529 -0.441975244526 -0.119571498482 0.0172847639156 -0.0545627059593 0.00210765751457 -0.435239472378 0.156074001651 -0.0452634622326 -0.0112686518264 -0.240383741124 -0.0654210228037 -0.0119756144383 -0.148130505969 -0.000557194399585 0.000531697242303
-0.662023635252 0.0207515063883 -0.0669575213947 0.0710840222657 0.0142868469025 0.0341186470644 0.00167178535549 -0.590095674719 0.0591699903198 0.0255584828282 -0.0855682478755 -0.0125037930802 -0.00519262772252 -0.192990113141 -0.272058879907 0.172255870262 -0.044508681476 -0.0118626100856 -0.114785175128 0.0619088472382 -0.0777396843999 0.00446918672442 -0.154190457684 -0.0225308503262 -0.00510015278896 -0.00576651316108 0.000145050480515 0.00677771736558
-0.487704982478 0.0106089866686 -0.0599095247745 -0.0117213745547 -0.0415183422134 0.043840938278 0.00287544547272 -0.488634506937 0.0293761174076 -0.0597546364972 0.00324862658395 -0.00676707997002 -0.00438736818177 -0.453496485008 -0.292895463797 -0.0281214747034 -0.0037365194199 -0.00702662524629 -0.312495494472 0.0498194848455 -0.0488608944673 0.00045944080985 -0.324555252011 -0.0204564173102 -0.00869535010476 -0.103130710113 -0.00903708014407 0.00246182176681
-0.580783861093 0.0888711530369 -0.0538714999192 0.00191710817882 0.106126349946 0.00886297556504 -0.0082054632068 -0.537139369918 0.0477163431698 0.0142648699513 -0.0878142530315 0.0013052156935 -0.0149384307631 -0.201480678869 -0.152959527675 -0.0459199960534 -0.0951717291579 -0.0278382408853 -0.448197609736 0.116916725829 0.0560329399958 0.00213055092028 -0.195881323939 0.0783499087518 0.0023229206871 -0.0229593700077 0.00334881816928 -0.0535083163574
-0.46865731324 0.0085668542678 -0.000326271695955 -0.00636435514754 0.0140819876451 0.00929083336552 0.00264144146095 -0.563770135319 0.0261971626993 -0.0856302979205 -0.0927943401033 -0.000243573648041 -0.0140612911453 -0.196961964343 -0.0500243361999 0.0091137498367 -0.0846140423384 -0.0316184053159 -0.577766930931 0.131358733248 -0.00346459996062 0.0132142860193 -0.2037005331 0.0327573688411 0.0182614815362 -0.0361541768723 0.00077035864811 -0.0169487956708
-0.618879234083 0.0207132278514 -0.0466910156517 0.0341669450123 -0.0155418355459 0.0109991402313 -0.00269094143751 -0.683367788148 0.0162189768988 -0.0790400233388 -0.0745717436461 0.0203187041035 -0.0194717748264 -0.124680569858 -0.20057167968 0.103585602429 -0.0498474174606 -0.0323053516473 -0.173094741602 0.108202783071 -0.0436330777234 -0.0132535524764 -0.125666012412 0.0296711507894 0.0274322089805 -0.0114843677218 -0.00110892056224 -0.0405914946884
-0.590447962719 -0.00792533340226 0.070760079258 0.0222569215846 -0.00729585651929 -0.00263738727879 -0.0272287253037 -0.612596036356 0.00992130440007 0.0226544715906 -0.0941324502296 0.0293618102377 -0.0321359826629 -0.207247737718 -0.316519982678 0.0575981277568 -0.0392754934224 -0.0264767188971 -0.213454705966 0.0703271783112 -0.0122938494927 0.0085362195391 -0.213883260803 0.0601138299072 0.00259779902503 -0.0935396640705 -0.0271628594951 0.00887066640432