-0.0352110617686 0.0120504716882 0.0134603302887 -0.00130117745207 0.176971934927 0.0248668818214 -0.00163933523378 -0.0166523542561 -0.11603615746 -0.00730651236424 -0.0457153808449 -0.00870153119216 -0.00673887309521 -0.330828470477 -0.599277159889 0.205887420935 -0.116297202697 0.0186048405953 -0.451015861445 0.428312682849 -0.00109068696099 -0.010729710786 -0.192286656903 0.0318833302149 -0.00174414582467 -0.0160482008436 -0.0202030509733 -0.00128213848516
-0.403463140381 -0.0929858888232 -0.0494539635466 0.0825856252916 0.0477021847435 0.0379600458265 -0.00216681495974 -0.524564042918 -0.13320676874 0.148483370308 0.0191030684438 0.0298361529435 -0.00105088531696 -0.258692190851 -0.366578273586 0.0689943790716 -0.102867791432 0.0123486920746 -0.305141065728 0.240279914868 -0.00416043806882 -0.00899346394311 -0.3588396916 0.00855389935552 0.00479253165089 -0.0524183867907 0.00394955787631 -0.00200958901266
-0.413112025565 -0.0141611929292 0.0408457177702 -0.016477818971 0.101297811114 0.0229756459901 -0.000967606801317 -0.588481847834 -0.165983818679 0.133687442679 0.0685115423605 0.0142906479163 -0.00949959610192 -0.27946190843 -0.342342002316 0.0558110404012 -0.0968818751198 0.0162384922081 -0.314128464977 0.32972474606 -0.00111895459977 -0.0163803114089 -0.035160183786 0.00504257597246 -0.000761768963464 0.0515967567512 0.00111076808881 -0.00581226491434
-0.428079675373 0.0662060313988 -0.0626960219287 0.0859475822634 0.0365534550755 0.00693383790198 -0.00990721187265 -0.510542395605 0.0833079827067 -0.179846729733 -0.0620171686195 -0.00766345462455 0.00144048321245 -0.207816048215 -0.341007662322 0.223651022107 -0.0266046957361 0.00730642284486 -0.382483621681 0.147167776211 -0.0380220115371 0.00169458962174 -0.339337119746 0.018111028851 0.000363253734447 -0.00689614212015 -0.0231416915878 0.00161437220139
-0.463064882398 -0.0694702611325 0.114676189411 -0.0610915586126 0.0640380150717 -0.0545940938274 0.00758730475123 -0.533563118543 0.133068343085 -0.123375105525 -0.0717078520651 -0.00868224524474 0.00732132863479 -0.268921981099 -0.365124364488 0.162264659206 -0.0657473403213 0.0111423541209 -0.289745743125 0.311647492092 0.0243835383801 0.00078323726258 -0.0960514923558 0.0051669987957 -0.00221711920396 -0.0720947733428 -0.0359723839855 0.00110672282995
-0.279015010649 -0.00350762050251 -0.0172479239366 0.00779251840877 0.0207411656294 0.00938267670509 -0.000201257591197 -0.278320603726 -0.0170843795922 0.00823533194059 0.00465236565132 0.0140458537994 0.00105241960356 -0.283381292074 -0.117366249631 0.0473841069378 -0.037826158048 0.000899033740539 -0.75517540184 -0.0346288365689 0.00407400910178 -0.000404215140584 -0.394174397043 0.00388636171887 0.00046022138491 -0.136128359649 0.00292917229936 -0.00538353624254
-0.453999316946 0.0143937260709 0.0243746337258 -0.000170653566074 0.0207770622871 0.00302793313072 -0.00477736248737 -0.543755361228 -0.0682272504823 0.0449836866565 -0.00608095558524 0.0443262692822 -0.00061428096256 -0.206833112032 -0.227569830568 0.0287344277872 -0.0759458689681 0.00469238426261 -0.500154768453 0.0546640251892 0.0307071859912 -0.00499552389062 -0.361002507614 0.0303113703207 0.00706831824309 0.0372755283217 0.0145877381126 -0.00899875510551
-0.453324894985 -0.0214027359409 -0.0184603004736 0.0152057252943 0.0189109547309 0.00859951214755 0.00438109464672 -0.499444408222 -0.0418647014991 0.0334998828715 0.0239475408196 0.0422478638689 -0.000428774986542 -0.369234614881 -0.226284023603 -0.0623962363567 -0.0854297827822 0.00683265291476 -0.422167128148 0.114506878006 0.0273613600657 -0.0072450239681 -0.379020883668 0.0471342644981 0.000247713661846 -0.0231946993475 0.0135356148191 -0.0286856861518
-0.511499549492 0.0355716338136 0.00741527874093 -0.0308486540825 0.0143520433737 -0.0169546236132 0.00461650141449 -0.647662405086 -0.0612191635125 0.0889861194685 0.0300134172109 0.0308126610763 -0.000102314956209 -0.226221855091 -0.248036574836 -0.0234343747979 -0.0746079545655 0.0151797579481 -0.317287850744 0.125817774523 0.00605641049276 -0.0174242399363 -0.217525879214 0.00525588342115 0.0160412823453 0.134910235709 0.0159415740142 -0.0255851461464
-0.707113150534 -0.0773956663614 -0.0892912612014 0.0956836516723 0.024507920137 0.0068005347566 -0.00257903026186 -0.510385302771 -0.0224874160507 0.0454704578511 -0.00225781692326 -0.00370199816322 0.00184191552485 -0.132660904503 -0.24202544591 0.087017723219 -0.0491218759586 0.0105175531966 -0.214374427845 0.135997530838 -0.0112277157031 -0.00680584719443 -0.248952515999 0.0122886019617 0.000424219903309 -0.00975467754958 0.00127864257907 0.00318506933251
-0.498620316324 0.00647331604142 -0.00999910167434 -0.00717621179867 0.0109040999436 0.0308520567982 0.00334741913571 -0.510497972428 -0.0344720055752 0.0473540228115 0.00523390333896 -0.0228922391782 0.00381982536497 -0.546978444635 0.0213456327077 0.0448078953741 0.0319256300682 0.00148604020874 -0.341244136855 0.161926904334 -0.0898602952186 0.00333325794457 -0.135987026799 -0.0276391999394 0.00448082033471 -0.112239523764 -0.0119036713207 0.00758251472854
-0.59042081829 -0.0176776113075 0.0236064749868 0.039242774434 0.0671699978153 -0.00495799989984 -0.00414910817184 -0.503488416561 -0.0271887317074 0.0197493133193 0.0085007973688 -0.0396436260319 -0.00553907401937 -0.49955967019 0.0428297424743 0.100317555418 0.049788134905 0.00126852547591 -0.278656899191 0.197165567458 -0.03877071069 0.00224156692772 0.0573277850237 -0.00300538304179 -0.00477550279594 -0.0513876285348 -0.00901409186371 0.0111703373444
-0.616526778781 -0.0224625982505 0.0502956025912 -0.12657240581 0.0366742734343 0.0203616445569 0.00173865914255 -0.521919608875 0.0620785811476 -0.00626496428348 0.0488679321208 -0.0154673346694 0.00133507042751 -0.402734439915 -0.219430530004 -0.00843788645805 -0.0382052710411 -0.000616975165123 -0.260684060221 0.175592852699 -0.0557191709236 0.000219388310039 -0.0504301452905 -0.0246645826495 0.00206909784207 -0.0505870365903 -0.0183411180234 0.0182802375483
-0.695715159929 0.0230667343639 -0.0575157240688 0.144504479765 0.00543842746541 -0.0173852109756 -0.00179038797637 -0.509020852074 -0.0207104326111 -0.0407266144766 -0.0339836143833 0.00240593468878 -0.00158417289903 -0.136293013307 -0.213115130923 0.109067925223 -0.0105966176939 0.0050384187622 -0.277520153538 0.0791639710814 -0.0302865029127 -0.00236763619766 -0.259581097666 0.0224389544881 0.000305310891964 0.0191546594734 -0.00444010618203 0.0079736912259
-0.416411629352 -0.0118490285417 -0.0198020282296 -0.0420164743104 -0.0134119867711 0.0178625683041 -0.00204030170357 -0.425903732853 -0.0376762572943 0.00286649576362 -0.0493793625783 -0.0187423502641 0.00244960729013 -0.611773938719 0.0655899460931 0.0609427216462 0.00541932330736 0.00163259460049 -0.331535533644 0.138607759524 -0.018044236258 0.00427470249625 -0.138748421804 0.0182084159548 0.00500307727162 -0.326748578093 0.00226370448611 0.00428252773818
-0.497739634013 0.0345587357899 0.00963997955361 -0.0216725385798 0.0513292696388 -0.014534542576 0.00431572756836 -0.506454175713 -0.0097584162103 -0.0248005753654 -0.0389331521245 0.0250212907903 -0.00325259432034 -0.569385061997 0.0656031298336 0.11790148646 0.0174749072415 0.000683719227551 -0.25873983322 0.208926644569 0.00074923941791 0.000971165269809 0.0673715957496 0.00310183763319 0.00395088669752 -0.174206502115 -0.00371237136622 0.00643969318753
-0.659391075848 -0.0231504105044 0.10582012994 -0.0663329733662 0.00825439322655 -0.0151911807227 7.57804271839e-05 -0.55522989275 -0.0220243695886 -0.0153264980424 -0.0818876103262 0.00829395251407 -0.00465321292182 -0.242061589516 -0.253654278916 0.0456089893143 -0.0279700167698 0.0029583578227 -0.17883120215 0.239928068607 -0.00713090143693 0.0034644913106 -0.114836898885 0.0100173322232 0.00281741218598 -0.0583311389862 -0.0267502627098 0.0120820044149
-0.59730973358 0.0890899442342 -0.0573277371642 0.0909702459694 -0.0152659182302 0.0124914238731 -0.00562806134584 -0.545327862181 0.0284333979776 -0.088310259894 0.0162346066542 -0.00285244418645 -0.00030164534758 -0.0866348256217 -0.205279203694 0.168129990656 -0.03394291486 0.00285220869156 -0.368905488727 -0.0254705042513 -0.0267853527434 0.00127904325011 -0.315712268599 0.0156189197506 0.00239686792929 0.0143407218535 -0.0194229986284 0.0008883692674
-0.482420109551 -0.0502440877132 0.0109609906571 -0.0334974026303 0.0106537138025 0.0122125134745 0.00379985270749 -0.684506147138 0.0656497804045 -0.121060938531 0.047021652577 -0.000494320274078 0.00275126392064 -0.102327505878 -0.190268358776 0.18060516413 -0.00937273410211 0.00515074639751 -0.303466959238 -0.0040498933917 -0.0113567703596 0.0063192200646 -0.309316704309 0.0033899215979 -0.00662283888919 0.0725781885686 -0.025569232314 -0.0125408228215
-0.530906043837 0.0237272019605 -0.00718771408367 0.0324667918611 0.0077232551716 -0.0233735131561 0.00278235378847 -0.698323348492 0.0903650003873 -0.0811222244217 0.0274149818272 -0.0234574874039 0.000685869053345 -0.134990722284 -0.246301545982 0.0914624730796 -0.0416056657702 0.00246838842762 -0.248593136623 0.0614947257326 0.00970552565365 0.00647075958157 -0.224041872475 0.00853159681342 -0.0146728574006 0.0787927915599 -0.0272606996479 -0.00345098981731
-0.410679684861 -0.020386623677 0.00732514817478 -0.051333588898 -0.0030906262974 -0.0214106732193 0.0033915455911 -0.411205598072 0.0147109488178 -0.0474800444638 -0.0100563833026 -0.0220886798771 0.00337171123656 -0.387656324683 -0.282917507685 0.0306986692204 -0.043655934105 0.00220379229996 -0.440580844318 0.0304545482595 0.0250045444798 -0.0048719598787 -0.452688485647 0.0115923693041 -0.00873426900803 -0.143969897017 -0.0262206696147 -0.0135622492371