-0.00428293305973 -0.0020039683636 0.0440226213477 -0.0122649445694 0.0191951635109 0.0458849605636 -0.0177419593046 -0.00383568641424 0.0271446679013 0.0351595318088 0.0331338328872 0.0122117401103 -0.0412323872025 -0.450677366249 -0.738813803526 -0.132161250229 -0.150861945649 -0.0612919323152 -0.417560677325 0.0789468544192 0.0304499230355 0.0669897145989 -0.0325145999118 0.0113026819632 -0.079907737611 -0.0263551467772 -0.0513988994689 -0.0177821253127
-0.472481029702 -0.0979874899529 -0.13510719202 0.0823020103138 -0.0225288666799 0.0139812878808 0.00966817149994 -0.516373070135 -0.144699939412 0.0805435850696 0.0724383155245 0.0548284991844 -0.0253670731796 -0.274884698927 -0.433468055127 -0.0521062731883 -0.0150373951351 -0.0187485890094 -0.350849743367 0.0468313119935 0.0340028543785 0.0341883499378 -0.00839130849811 0.000235895542899 -0.0588553201912 -0.195856091105 -0.0149832445201 -0.0434911238348
-0.506709117335 0.0910362258485 0.096035892156 -0.136119660845 0.010077171486 -0.0080341826986 -0.0189972664921 -0.525293237325 -0.142532537197 0.0640356982915 -0.00286685315413 0.0837046126897 -0.0139511450363 -0.213262761246 -0.421800916532 -0.0671619718767 -0.0791117463752 -0.0111752994744 -0.372079334841 0.0384242538439 0.0158600368198 0.0416676196437 -0.121609386254 -0.0342502709532 -0.0257684966104 0.0791292355576 -0.00595755991069 -0.000271657349606
-0.4862619178 0.0801914594484 -0.0817363541096 0.104326969224 -0.0729596417487 0.0332297469792 -0.0219529805332 -0.501780964128 0.0517109669671 -0.124707688419 0.0971463145563 -0.0532574097758 -0.00462048423435 -0.402095423942 -0.443674592607 -0.0747518025334 -0.107619876893 -0.0766834920719 -0.204074114548 0.0730763871339 0.00578153632155 0.0672919851472 0.0538220919541 0.02772266595 -0.0435844176908 -0.0876711339518 -0.0490384791933 -0.0394599581618
-0.519186612771 -0.0723825327716 0.109443031079 -0.102149006592 0.0780718913174 -0.0248169085448 0.0169000258329 -0.526812911849 0.0231397647606 -0.153662253166 0.0945594752727 -0.0524953907429 0.0252129370374 -0.369560591341 -0.381543100475 -0.121504805875 -0.118341645849 -0.0386140268655 -0.224698946768 0.0539394685578 -0.00145923431201 0.0227864810469 -0.0861639355957 0.037651202078 -0.0496280966405 0.0427586951905 -0.0444760823667 0.018540954111
-0.411215280102 -0.0326850621876 -0.038060439437 0.0340649347796 -0.0243255666353 0.032001417873 0.012854733936 -0.40220424106 -0.0418842481241 0.0389246786919 -0.00708880730648 0.0209927834558 0.0125429935478 -0.468735312993 -0.246413067737 0.0660677686124 -0.0438163626777 -0.0110796583213 -0.467579190024 -0.0929526332362 0.0630191464485 0.000109531638169 -0.295191524706 0.0318381664731 -0.0294788410351 -0.170303604091 0.00267560091702 -0.153768567906
-0.415221221383 -0.0351379040786 0.015746784987 0.0446684457706 0.0045272819409 -0.00755168506058 0.0206457385248 -0.751798096264 -0.18366488859 0.0526978769466 -0.0195650894048 -0.00592707328777 0.0255392606797 -0.268291997636 -0.225722995492 0.00717411987476 0.0157197875591 -0.0497332063603 -0.25497840482 -0.028320680395 0.042496528593 -0.00519537298992 0.0386159072841 0.0208673834629 -0.0467503179397 -0.139868014096 0.00127110265802 -0.0616434337655
-0.498655643102 0.0893014748842 0.0489233442314 -0.0431916259938 0.0144752383825 0.00999316050093 -0.0207000835507 -0.654142303143 -0.0816489619332 0.0936841799836 -0.043915787655 0.0353171728326 0.0277112005314 -0.360656095307 -0.209645614584 0.0207673667612 -0.0347958179014 -0.0416572186069 -0.273431614244 -0.0771875363616 0.0797521167564 -0.0206795612477 -0.0608970863755 0.0367476109137 -0.0636423992724 -0.123174822827 0.0247276745131 -0.0357308953767
-0.241280523394 0.00503207584199 0.00584011177941 -0.00346110297483 -0.0020326142943 -0.0134711555558 -0.0188285239867 -0.23927142695 -0.00552879237431 0.00379960926899 0.00535946830672 0.0135437202318 0.0168306960817 -0.488842033999 -0.138153220505 -0.0113326577281 -0.0526529979196 0.00190687780248 -0.564347244501 -0.0328417129839 0.0460903033534 -0.00488574923133 -0.48732591171 0.0156719650742 0.00200244292435 -0.216342347908 0.0188112285106 -0.12575798133
-0.724026709314 -0.062065256426 -0.0993742066077 0.0860303420219 -0.0908643729722 0.00745720385361 0.0035766745178 -0.494469422254 -0.035243742289 0.011324041856 -0.00790443715016 0.0310458764484 -0.0138022278643 -0.199983718596 -0.292359140929 -0.00180441137635 -0.0389806032956 -0.0162542212808 -0.242776838298 0.0823951630628 -0.00638451787162 0.00984660704088 -0.0711286799759 0.00825903356901 0.017515335381 -0.00341669381996 -0.0258103260006 0.00333758261242
-0.55818521462 -0.036472988046 -0.0513259707116 -0.0546151741878 0.0793397839499 0.0367376358233 -0.00847389847883 -0.604936806534 0.0755068178649 -0.0330894319362 0.0649607531719 0.0903246987727 -0.0148072920069 -0.250097662769 -0.148673355147 0.00802205866779 0.0358888897416 -0.0182523759833 -0.234772669019 0.0425124156344 0.00395829950631 0.0447683918008 -0.148451951729 -0.00866039597382 -0.00588394281396 -0.346274967224 -0.00721012237164 0.0321505983898
-0.622593459389 0.00244422918991 0.0680311551457 0.0507279983549 -0.0152277554903 0.0567029170121 0.0141485830401 -0.654397397951 -0.0023870285112 -0.0882950281461 0.017111188475 0.0169969077003 -0.064724111597 -0.128743190469 -0.181506402591 -0.0643540826257 0.0331730335852 0.00213771691828 -0.280347295595 0.101892225175 -0.0731261617303 0.0576238788494 -0.0282195131258 -0.0148281598402 0.00993584675062 0.047217443393 -0.0274120884293 0.0648669109109
-0.622152493316 0.0404637634609 0.0376674496323 -0.048553337322 0.0227736473001 -0.0411751544601 0.00401040946842 -0.562888135902 -0.016012180288 0.0320276365045 -0.0367607198042 0.0102006183466 -0.008678340672 -0.13195987275 -0.27889678443 0.0409816115887 -0.0780055347459 0.00505551084198 -0.337653655705 -0.0305598012059 0.0136324953055 -0.0144571317075 -0.163823724846 -0.0165370320705 -0.00678662636211 0.188172728327 -0.00102141469006 0.0687997229003
-0.672111986102 0.0686405987219 -0.0469588741894 0.106372000321 -0.0827493960911 0.0230656404392 0.0134912024227 -0.45801008604 0.0063179056511 -0.020364612264 0.0427972401774 -0.0101573828949 0.00674038874683 -0.347849076227 -0.321504215296 -0.0377851788407 -0.0428459569362 -0.0436451707607 -0.256728449334 0.034306404451 0.00409109638135 0.0494624315093 0.0961512434774 0.0270641956872 -0.0136417227664 -0.0215501745777 -0.0202027778441 0.0120832287073
-0.542429610446 0.0390781140432 0.00776101534805 0.0101074088035 0.033938552891 0.0359336062018 -0.0105881151085 -0.579568594293 0.0183074389713 0.0156468478911 -0.0591808589943 -0.0364003094316 0.0254155332117 -0.407321892513 -0.195478986635 -0.100489774505 -0.111096071396 -0.0157684982953 -0.0315510974809 0.110533261607 -0.0355173649574 0.00150039469744 0.0826352550929 0.0315508404152 -0.0372210313984 -0.324078796523 -0.0363043024189 0.0522375517844
-0.52088141431 -0.0378743989225 -0.00225605949017 0.0818535631994 0.0118515414418 0.028905256433 0.00649440701383 -0.644948057241 0.0777492492198 0.159353393406 -0.0212047973019 -0.0428349852204 0.0420152364894 -0.354666325399 -0.0339028560615 -0.0833419411746 -0.0609435458965 -0.0256024978372 -0.317780302609 0.0803226135446 -0.0397431568347 -0.00297384665939 0.034026119459 0.0334744557505 -0.0662550927352 -0.112617680744 0.0161541866986 0.0344874377388
-0.682480275287 0.0172758286156 0.00324081032068 -0.146058183018 0.0218636529115 -0.0097048899713 0.0100167533704 -0.552211964758 -0.0563454840876 0.00143805021011 0.0114730647817 -0.0296799624834 0.015766340464 -0.334006286938 -0.211948425591 -0.0840050654375 -0.0772107102054 -0.0166728977853 -0.14590874043 0.0276748983672 -0.00932392755908 -0.0151634436283 -0.036746826941 0.0269939919475 -0.0389342855122 0.0278659724951 -0.0185250676177 0.0752646964936
-0.370585109337 0.016859039811 -0.0189869626568 0.0219721375492 0.0127395042816 0.0171698122014 -0.00207345304344 -0.371023469869 0.019914914707 -0.0232265685134 -0.0142691811268 -0.0190430727517 -0.00216752565754 -0.391489598897 -0.253831895464 -0.147722733864 -0.0460801046706 -0.0130211474583 -0.370987002293 0.145673327556 0.00722712727213 0.0311363945594 -0.527161903268 0.0267246746129 0.0131581470835 -0.0907888233007 -0.0257073244748 -0.180384006765
-0.482198558943 0.0320782755652 -0.00531452779014 0.0216352923359 -0.0444288306585 0.00307846080382 -0.00479290950229 -0.655723007826 0.0180348731902 -0.116832968938 0.0542560981037 -0.0289539223209 -0.0256024833557 -0.187023359311 -0.341669538186 -0.0772855325324 -0.0581962726187 -0.0349010610006 -0.226605085102 0.0503769758353 -0.0115278987979 0.100292615387 -0.278710372245 0.0170829788884 -0.0211343484601 0.0478814809769 -0.0447772181572 -0.0804914617456
-0.508727199438 -0.037501471579 0.00577205102014 -0.0239333094874 0.0144966914617 -0.00807214806367 -0.00930760579472 -0.69605987453 -0.00326455695235 -0.141218306136 -0.00207207755853 -0.0179281435245 -0.0193385656453 -0.120961480583 -0.291328259637 -0.0692642069698 -0.0516591599173 -0.00640517792397 -0.162678807794 0.109555991222 -0.024534584134 0.0589888723911 -0.255709325356 0.0252947306877 0.00623533607946 0.12453009483 -0.0503478697369 0.0012983888965
-0.392848394501 -0.0204040735836 0.0204875526825 -0.0227992988779 -0.017522237652 -0.0147062646188 0.00468633232896 -0.400206683358 0.02281842126 -0.03074491157 -0.0153878497754 -0.0215594338296 0.0112574738947 -0.350080919571 -0.277692625483 -0.0515024412652 -0.0613696748356 -0.0100148806152 -0.423687639047 0.143291779841 0.0261132995805 0.0148532508356 -0.503813511624 0.00726440523098 -0.00525103321167 -0.0525589747435 -0.0417726492254 -0.125532472238