-0.000225695544324 4.50110780584e-05 -0.00626381351849 -0.00626513176487 -0.00750337896212 0.00236874115944 0.00390843249108 -0.000494961473087 0.0139931846095 -0.00162076424246 -0.00178072054613 0.000481197957198 -0.0063630964321 -0.329564766598 -0.283646689587 -0.250497857967 -0.100005981347 -0.00105873281158 -0.516012528281 0.473908520474 0.055161009492 -0.00899947635421 -0.488072208241 0.0579248465947 -0.0041161132918 -0.0468982277671 0.00369065716018 -0.000328160424341
-0.319098731468 -0.0549025265022 -0.0255165139135 0.0449574077138 0.0459267901673 0.0248860220387 0.0035487699604 -0.351928248154 -0.0274886044756 0.0608545044286 0.0670677371928 0.0329565811916 0.00791757833996 -0.310259207347 -0.253747406847 -0.244525311555 -0.0934244660812 0.00671359698975 -0.411822405491 0.42098943666 0.0274852843046 -0.0186084073855 -0.418318268527 0.0405562675535 -0.0185212072283 -0.033273934384 0.0231393503292 0.0047445851508
-0.325473454605 0.0464857923936 0.0248733063454 -0.0464740800166 -0.0508085905821 -0.0335661128281 -0.00855119204333 -0.328577934664 -0.023763386427 0.053060467792 0.0456051088356 0.0391798187672 0.0123692393367 -0.210393487986 -0.286241808279 -0.275609494434 -0.0680766043898 -0.00355063025103 -0.488917053246 0.336212982916 0.0617407769131 -0.0192034893627 -0.451463497661 0.0415606937203 -0.000758867143534 -0.0278178930762 0.0282530716901 0.00695770032026
-0.283161354548 0.0353935147673 -0.0126266465944 0.0268750390428 0.0523531126215 0.0316148135198 -0.00431809424819 -0.299495906556 0.024142567038 -0.038106013379 -0.0601623573647 -0.0348048280974 0.00145020515997 -0.4839500778 -0.243702637664 -0.173305216385 -0.0984613985224 -0.00138346641102 -0.428561985077 0.383744948638 0.0342135648319 0.00255108108602 -0.377067039249 0.0373330794654 0.00656255304838 -0.0759650262514 -0.0256842862411 -0.0433732933136
-0.283269937311 -0.0317658284465 0.00762829018232 -0.0354653045645 -0.0515082193523 -0.0257011065237 2.79150268973e-05 -0.297009409865 0.0227259832556 -0.0322284325815 -0.0559185520591 -0.041597528929 -0.007063390746 -0.375288601339 -0.26066735578 -0.165263280628 -0.0958052186836 -0.0037183713163 -0.482841953672 0.368503951869 0.0398000641081 0.00475737489775 -0.444533716462 0.0575608891292 0.000204198798134 -0.045111984809 -0.0188802772897 0.0172016176126
-0.119871360786 0 0 0 0 0 0 -0.119871360786 0 0 0 0 0 -0.496871300191 0 0 0 0 -0.457525051359 0 0 0 -0.480839142747 0 0 -0.515785687641 0 -0.133455218632
-0.143645052635 -0.000411523801057 -0.000259997987305 -2.21117903702e-05 0.001383088359 0.00263905340457 0.00410510623926 -0.144050023658 -0.000486027242806 0.000727793557305 0.00305212353126 0.00491344538275 0.00634509299904 -0.583657570482 -0.00893695410107 -0.0137801732308 -0.00565600639927 -0.000193776450421 -0.484337690914 0.0364008398672 0.00545982119255 -0.000175502431233 -0.444115795615 0.0396637486431 0.00110371952479 -0.416011319805 0.00769897323298 -0.0983944378173
-0.143187650265 0.000812153946254 0.000164864579331 0.00148205365135 -0.000828863377559 -0.00203281547811 -0.00524959971845 -0.144404194612 -0.000233176639219 -0.0019348950644 0.00163618041736 0.00409148067006 0.0105490510792 -0.590086216442 0.0118283757942 -0.00663840635765 -0.00325610020916 -0.000458963274213 -0.451252015941 -0.0197566502928 -0.0235794319122 -0.00450997837119 -0.456158777652 0.0221050791884 0.00144128616183 -0.433352572973 0.0102772063813 -0.0949303932292
-0.119871360786 0 0 0 0 0 0 -0.119871360786 0 0 0 0 0 -0.496871300191 0 0 0 0 -0.457525051359 0 0 0 -0.480839142747 0 0 -0.515785687641 0 -0.133455218632
-0.363380879389 -0.0120016650582 -0.0125289039704 0.015092213056 0.0173491303969 0.0206508918153 0.0126386998974 -0.355440127909 -0.00830459364436 0.011196253751 0.0153609588266 0.0142468832901 0.00721738117271 -0.349889971202 -0.168016283796 -0.185437137486 -0.0524666408431 0.0102865899805 -0.484322866481 0.217533038541 0.0243183156648 -0.00432339485999 -0.513229068617 0.0430258847121 -0.00607515583362 -0.0248884662893 0.0014344275371 -0.0566068295879
-0.470611999329 -0.0340144808275 0.0122019657049 0.0275163332614 6.23422680742e-05 0.00756740412009 -0.00371902745987 -0.694534358286 0.0383479707805 0.088979457942 0.0851210985177 0.011659062057 0.00235586983028 -0.0916844217244 -0.17303581587 -0.158754509715 -0.0495319185289 0.00576504412299 -0.175310134346 0.296829542137 -0.00734444873095 -0.0186403413987 -0.186124815981 -0.00305824287208 -0.0186319229079 0.132685396568 0.0227593048734 0.197066011193
-0.554100131951 0.0622460747523 -0.0294580479115 -0.0494111816722 -0.0504686190109 -0.0104201775795 0.00968547052865 -0.577072957136 0.0342246588247 0.0827856437433 0.0278555950436 0.0243098852179 -0.00911065753976 0.0114211767638 -0.222412638164 -0.207414460553 -0.0245006266648 0.00715514491033 -0.23040859653 0.261886580366 0.0214982829411 -0.0255695972432 -0.191480059427 0.00304684993472 -0.00970162534761 0.193260308341 0.0183430366269 0.223694182134
-0.153015746351 0.00168175937922 0.000880929782751 0.00180611687057 -0.00296712998844 -0.00593411925929 -0.0103152241231 -0.152093994297 -0.000719283872169 -0.00249604311669 0.00130931111796 0.0049078207091 0.00782178526969 -0.580147171975 0.00954637160047 -0.0163813752073 -0.010725493889 -0.000118336962984 -0.465537989164 0.0272132613588 -0.0208709732926 -0.0017548765856 -0.482779176233 0.0255542978639 0.00210291079133 -0.402570587895 0.00407305488112 -0.0493923471314
-0.233352297711 0.00189089117133 -0.00229971465985 -0.00182727843038 0.00746987194756 0.0134310519963 0.000792698498174 -0.23349078143 0.00262021403196 0.00308219429508 -0.00695143388466 -0.0133231153232 -0.00441743433133 -0.412283571843 -0.0835047961778 -0.0734707865915 -0.0390828601341 -7.11425197818e-05 -0.586467950068 0.0916420386418 0.0287212019366 0.00170318953108 -0.568446548825 0.0272428724558 0.00296058903935 -0.151182417392 -0.00644589764598 -0.0817984378798
-0.494017821926 0.0709930589286 0.0238584315739 0.014173675701 0.0445450708669 0.0150459360135 -0.000789256414382 -0.644381118539 0.00585612710446 -0.0508879080447 -0.0669841742459 -0.0163569179097 0.000662846406571 -0.226684623008 -0.208101990767 -0.141173044086 -0.0759213731155 -0.00370030778129 -0.181646874469 0.32285441366 0.0128391344732 0.00548770553465 -0.150614330356 0.00795718076466 0.010738874674 0.130936429663 -0.021650854704 0.164369555958
-0.524351279741 -0.0431170404626 -0.0509684334891 -0.0421288219231 -0.0481131351348 0.00372934788416 -0.000366651220703 -0.572980023884 -0.00109049321565 -0.0295996103648 -0.0626812708702 -0.0196541655988 -0.00685305190539 -0.140004346024 -0.236128432702 -0.140180434746 -0.070315315107 -0.00411724318849 -0.242470778354 0.322199407525 0.0192229022956 0.00722096766021 -0.211724821203 0.0287969925067 0.00101150587102 0.156324221061 -0.0232262854079 0.22207944682
-0.254876552241 -0.00357550489538 0.00344140627122 0.00852895366749 -0.0153865678345 -0.020491421931 -0.00464356904453 -0.251099223164 0.00213290405828 0.00557842122608 -0.00866227068454 -0.0115473165411 -0.00491021064438 -0.368371204038 -0.0386070738371 -0.040199555927 -0.0542128570144 -0.00253185915463 -0.608930637247 0.0745035065323 0.0244962000833 -0.00109118641404 -0.580141855561 0.0394133886587 0.000672593027779 -0.114606794268 0.00957915909978 -0.0300104501881
-0.119871360771 0 0 0 0 0 0 -0.119871360771 0 0 0 0 0 -0.496871300385 0 0 0 0 -0.4575250513 -4.17236737922e-13 0 0 -0.480839142685 0 0 -0.515785687575 0 -0.133455218615
-0.119871360704 5.13682467616e-28 -1.6876187589e-25 -1.38978034547e-15 2.55127552032e-15 0 -1.17352270604e-37 -0.119871360704 7.15905140547e-17 -4.17388106857e-15 -7.5110032436e-14 0 4.73756572011e-29 -0.496871301141 7.28849027362e-18 2.40309275074e-11 0 -2.53205071172e-13 -0.457525051106 5.64171750228e-11 0 1.1721300503e-31 -0.480839142449 0 1.67067825057e-23 -0.515785687289 0 -0.133455218541
-0.119871360815 -6.25188376779e-39 -4.28714398979e-24 3.47084476165e-15 -2.79140354018e-14 0 4.39454170613e-15 -0.119871360815 -3.22632664198e-17 -1.04197616201e-14 5.53877106318e-15 0 -5.56181393954e-19 -0.496871299795 3.11394467286e-11 -5.20548219027e-11 0 -7.59602082093e-13 -0.457525051522 -5.82660269963e-12 0 3.71552524107e-18 -0.480839142844 0 -4.07514250709e-17 -0.515785687765 0 -0.133455218664
-0.119871360597 -8.04662111085e-26 -1.35856340573e-22 6.17766604064e-14 8.91958656877e-14 8.35356683559e-39 -4.39620524746e-15 -0.119871360597 1.3646340608e-17 1.72990453438e-14 2.88633678558e-13 7.24909487686e-20 8.87619228952e-18 -0.496871302502 3.11381631057e-10 3.18414185592e-10 5.30637569518e-17 7.50407457501e-17 -0.457525050729 -1.05341816213e-10 -6.97058368411e-25 1.53064920602e-17 -0.480839141982 3.96053338848e-26 3.6436614478e-14 -0.515785686828 5.32489631155e-31 -0.133455218421