-0.0216815141987 -0.00822613036861 -0.0354850560545 0.0302595828555 0.0803180895434 0.0376739830711 0.00209371070348 -0.00426632821413 0.00738652113454 0.0225561573059 0.0359281115117 0.0178493178989 -0.0174603251307 -0.310437269001 -0.393089905645 -0.172309346468 -0.0990858445622 -0.00609727396878 -0.552493365844 0.4875435552 0.00522545687209 -3.97339409684e-05 -0.391228084178 -0.0109286127204 -0.00381560719705 -0.0176461297083 -0.000344521066715 -0.000591397084435
-0.385248792364 -0.0911559326615 -0.0633185772866 0.0639219062027 0.0579722703679 0.0297898633762 0.00816814968597 -0.413643989859 -0.0728102872444 0.0567359778633 0.0889147219677 0.0268636167539 0.00665681581603 -0.233567858556 -0.301003910543 -0.147253023849 -0.100767668513 -0.00481277892127 -0.415839856643 0.390574181304 0.00920085010968 -0.0033084627912 -0.371662614375 -0.0010876481491 -0.00819758061062 -0.00963311222042 0.00738272951505 -0.0404588441893
-0.358755030716 0.0524547271769 0.0549753337922 -0.0720107103148 -0.0174068690905 0.000705167984433 -0.00459482491336 -0.406528036868 -0.0840299368594 0.0620509748505 0.0778563347389 -0.0197013710061 0.00219052641249 -0.27864459302 -0.311994446691 -0.144212869269 -0.0587219503082 -0.000266928263818 -0.503203351834 0.33102272197 0.0160524675325 -0.00641033466809 -0.335671439116 0.00183834811113 -0.0078006545283 -0.0275216140507 0.0208837060308 0.0336060087868
-0.443482854755 0.0979887195424 -0.0891038001795 0.102999714177 0.0785231533734 0.0193028401837 -0.00342438449821 -0.352532491011 0.054971411407 -0.0617318702325 -0.0535937392928 -0.0154836554918 0.000327548162713 -0.267248012118 -0.285383297294 -0.129624837029 -0.0871037092794 -0.00552815986976 -0.458221155285 0.366844214367 0.0173115824439 0.00703962311364 -0.326730488972 0.0141034086004 0.00776989990205 -0.0565811467506 -0.00785355568625 -0.0441300773404
-0.387951609989 -0.0378068371376 0.0709986332908 -0.047093848549 -0.0212254202972 0.0287735481149 0.00171612604199 -0.412007443429 0.0672406027559 -0.0311422497438 -0.0426860209214 0.0835669835313 -0.00462083722662 -0.294365267552 -0.29713401313 -0.0708422876545 -0.0445854754386 -0.00748145607078 -0.471143547545 0.394752321984 -0.0425534956846 0.00790811059737 -0.297519359589 -0.0578029959313 -0.000537564331501 0.00453349965229 -0.0198992249293 0.0387202972268
-0.323012203889 -0.0137592736234 -0.0126913241689 0.0183730755588 0.0163642583314 0.0120669319326 0.00462361743347 -0.337788687734 -0.0259799326224 0.00336976383982 0.0105515448825 0.0349411955756 0.00624706103045 -0.359740586424 -0.175894358299 -0.127174634754 -0.0639389862872 0.000361824516134 -0.496118417784 0.243903620035 0.03180625645 0.00327031441426 -0.510567119617 0.0113843808029 -0.000389243745469 -0.115112195184 0.00986485510165 -0.130254868334
-0.475623277375 -0.0343449904272 0.0107966897695 -0.0117387168727 0.0549829972805 0.00382712252472 0.00174233938077 -0.65999719468 -0.0406374560432 0.0533702661514 0.0772430616041 0.0223765388344 0.00941219668768 -0.161942704403 -0.234302011518 -0.12280864119 -0.067406438642 -0.00487827239693 -0.287363573398 0.248737832134 0.00739816647945 -0.00470500266408 -0.271020628931 0.00686065008682 -0.00959856230001 0.0610384511825 0.00238995924901 -0.00596803491155
-0.464637566093 -0.00824011341003 0.00447670377432 -0.00666003563639 0.0211353472594 -0.015307388514 0.00669933327067 -0.639231563671 -0.0367728805066 0.0556018428899 0.0853781590198 0.010188748213 0.00918481545013 -0.204419123903 -0.228821282887 -0.0943525077094 -0.0506579428679 -0.000254241370359 -0.351574665182 0.266794245312 0.0103014494445 -0.0049500369781 -0.247494269429 0.00128046103757 -0.00120486844199 0.0137898290052 0.0130064844261 0.0238729408061
-0.49882120747 0.072665114195 0.0241736224271 -0.0331470144919 -0.0502567963929 -0.0177334518894 -0.00497493787263 -0.528801379174 -0.0231512070554 0.0485152573999 0.0642612766638 0.00790879463039 0.00217230944984 -0.192910047946 -0.206499310474 -0.132700925171 -0.0597151983614 0.0029626976402 -0.423643063558 0.241185510898 0.0209328464551 -0.00465063775919 -0.335100071909 0.00675616679016 -0.0050323925027 0.0498196356081 0.0173533879579 -0.0184768604702
-0.676503572056 -0.0218341045282 -0.0250844826144 0.0932064869534 0.0873288501527 0.0023779743895 -0.001820679802 -0.441158348901 -0.00303889009334 -0.0134103369409 0.0291373934574 0.00533067730044 0.00969074487528 -0.164512910752 -0.18340179784 -0.0936033196618 -0.0569895573267 0.00304231954988 -0.33158492037 0.271370544511 -0.00398417609916 -0.00436208097204 -0.269098870008 -0.0114055328938 -0.00581863692895 0.0119798396902 0.00295145958956 -0.00761354053163
-0.537843060999 0.00494508538841 -0.0553504537601 -0.0134374160949 -0.0452918158832 0.00365759415124 0.0140633376868 -0.516741688353 0.011246039896 -0.014376366787 0.00992309476089 -0.00312884161036 -0.00621961173298 -0.266483911847 -0.13053803851 0.0244135957785 -0.0327804207217 -0.00563388565321 -0.387721516981 0.238713786206 -0.0467860212812 -0.00450942569524 -0.355501177732 -0.0755095403855 -0.00770744653107 -0.0773810868936 0.00696715872469 0.0153406370272
-0.494637783093 0.0127854201562 0.00396255180469 -0.00305823025991 0.0340959759381 0.0122513368443 -0.00541933537443 -0.538766149747 -0.061190524962 -0.0334463484748 -0.0783072563204 -0.0175202926972 -0.00556972222773 -0.29178443906 -0.181838541782 0.0123131256352 -0.0329663972932 -0.00168667903705 -0.387177486194 0.134938855909 0.041103437809 -0.00706354680702 -0.354758284166 0.00146587332578 -0.00766701922205 -0.186066650316 0.00647341223023 0.0482183827884
-0.56787755823 0.018175404532 0.0591246038627 -0.0779905500096 -0.0270478374404 0.0134228627597 0.00130546030795 -0.455392982255 -0.00577171920168 0.00114119116797 0.0186268975944 -0.00551338055901 -0.00158140377795 -0.237179712565 -0.213375420233 -0.118490746322 -0.0321299709568 0.000840271853841 -0.447238065509 0.257807157513 0.0028311737218 -0.00606582991398 -0.262935531003 -0.00053115485108 -0.0101145104526 -0.0661835211976 0.0232140230783 0.0367606194837
-0.533424531416 0.0724883027674 -0.0137494509907 0.0491921149649 0.0838018975224 0.00761120501983 0.00289153398633 -0.464773500276 0.0300718934269 -0.0321057598357 -0.0236094191336 -0.0254215982196 0.00203387312204 -0.193088102054 -0.173810403416 -0.101023981488 -0.0648338315672 -0.0104781775729 -0.444762037105 0.31486761366 0.010817631471 0.00954761235582 -0.316329901109 0.00652030336646 0.0116914144786 0.0285176153959 -0.00710250961843 -0.0326457369074
-0.506492589238 0.0132946205967 -0.0609821755224 0.0132816129659 -0.0445981382385 -0.0248375250179 -0.00535716730914 -0.506679892586 0.0393107133233 -0.0470854576842 0.0171621193935 -0.019427597309 0.00266016075045 -0.338900444278 -0.140749905679 0.0219092982593 -0.0162538558102 0.00180012931562 -0.362910385198 0.209679268539 0.00162344559782 0.00194112149711 -0.3580645686 -0.0474933208823 0.00060993419097 -0.184295630257 -0.000317325118534 0.00862046771227
-0.421799210656 -0.0100874507528 -0.00734334571784 0.0156776798785 0.0423728568974 0.0230647821128 0.00356839265789 -0.484436105893 0.107872434726 -0.00785163376524 0.0712006909905 0.00693772636319 -0.00436753956051 -0.356351290183 -0.113183211583 0.0495223266332 -0.00381203465616 -0.00506131377991 -0.361634226568 0.17395236449 0.00872467142352 -0.00321762585429 -0.36023045458 0.0115078760297 -0.00541897857884 -0.366465917611 -0.00171070619116 0.0137151912172
-0.637116375697 0.0163570595206 0.0684998721051 -0.102114460164 -0.00886236393449 0.0302555349814 -0.00155121655084 -0.488959927562 0.0389773011246 0.0498847472544 0.00335190354894 0.00320891928533 -0.00629363852602 -0.226092639931 -0.203475730468 -0.0602570991681 -0.0251245775292 -0.00287107990564 -0.347229994543 0.258982745558 -0.0308344417951 0.0041974832658 -0.208895878275 -0.0432852527584 0.00114453280128 -0.0338109272806 -0.018358947787 0.0464343024825
-0.217754375163 -0.00152125576697 -0.00291593279722 0.000555902544752 0.00474788627725 0.00713389546015 0.00174215888428 -0.226065386685 -0.0113434032666 -0.0106864409417 -0.0146020039836 0.0279956797073 0.00576632971259 -0.420054609021 -0.0516009177885 -0.0469501650856 -0.0407998053809 0.000458705911844 -0.582200947891 0.0926130479242 0.0134731734055 0.000211322607309 -0.568391668902 0.0147188938093 0.000309983417853 -0.203052944332 -0.00319532872564 -0.0699704536012
-0.55455020395 0.0802271230415 -0.0193819513765 0.0612195309376 0.0451799180595 0.00920332819732 -0.00814207073517 -0.561175137686 0.00798560452414 -0.0147663272416 -0.0936806369014 0.00222175256154 -0.00301809907719 -0.155345879712 -0.231946665328 -0.0555556257224 -0.0543188570145 -0.00253685991291 -0.380755059836 0.285457384651 0.00400892181015 0.0062607219652 -0.210438157185 -0.00711090820289 0.00390870912687 0.0277890852943 -0.00884830481199 -0.00642844557848
-0.511039297632 0.00746536536316 0.0251845855919 0.0230099373911 0.022106129312 0.0242248903922 -0.00225483581395 -0.616093633774 -0.00206788234752 -0.0561949089593 -0.0722606764518 0.0434117081768 -0.00918324647195 -0.197625700619 -0.211189079214 -0.0290838141367 -0.0225509930332 -0.0080474206237 -0.380852389132 0.245328831748 -0.0406907346226 0.0189054450617 -0.222609938603 -0.05895546317 0.00402525772938 0.0321906827585 -0.00595138492087 0.0131189205028
-0.593120418493 -0.0551422254874 0.0108729739979 -0.0656583567631 -0.0395129556934 -0.0240666612926 0.00577962139279 -0.600336720334 -0.0330697257718 -0.049446860948 -0.0565803917879 0.0443837911463 0.0040384514411 -0.153512037293 -0.215051008542 -0.0596011679127 -0.0652440773403 0.00157510861332 -0.269089193158 0.299435119481 -0.0182043764119 0.00056851847995 -0.145561216375 -0.0267359043386 -0.00469916376034 0.0798277729063 -0.0150521328698 0.0297233276684