-0.0170247421556 -0.0217715349661 0.0807958085255 0.179807721263 -0.0428581713673 0.037459890434 0.00459928100982 -0.0299633084056 0.104982514314 0.245950593961 -0.0306215229852 0.0234261528168 -0.0571936611756 -0.181858191293 -0.358374735304 -0.561682592794 -0.172258307851 -0.0314072847502 -0.174103232978 -0.42355493552 0.291541243003 -0.0185306957712 -0.193780694337 0.187747845931 0.00307107285288 -0.0635628260138 -0.0197871505685 -0.00210252467238
-0.301518233982 -0.0131448428806 -0.0340581368612 0.0131682409349 0.0115157153458 0.00859102006711 0.00270520813387 -0.336147218016 -0.0612366243529 0.0225766139357 0.0738026030768 0.00936136330504 -0.00932381007773 -0.0599634963118 -0.0276886497659 -0.0747524627817 0.0369704442739 0.00299253973761 -0.867562593459 0.088142208498 0.0227729144632 0.00117086967413 -0.0607521662952 0.0167774019488 -0.00749401396712 0.0333469821129 0.00865096849428 0.0836403711184
-0.187481185366 0.00285016064073 -0.00339896457413 -0.00028708138275 -0.00278395581083 -0.0157118235627 0.00410164718969 -0.235215158473 -0.0771069551167 0.0217471595702 0.0441469214386 0.0355850980055 0.00643546697645 -0.201257521218 -0.0924597667039 -0.14566972406 -0.042862436921 0.00178659492826 -0.808149429804 0.0611212353447 0.0021672551548 -0.00232416986778 -0.399890575469 0.0112618458855 -0.000905065923054 -0.0731021563972 0.00785199625553 -0.0717481817546
-0.250347607899 0.0186246036712 -0.0292193542755 -0.00395426119717 0.00801300946161 0.0223146462772 -0.00338903515867 -0.306103972219 0.108826521435 -0.00955684245205 -0.0311536605244 -0.0405875975924 0.00323257280513 -0.170179046063 -0.0572772489644 -0.0743285905166 -0.0431790654154 0.00533972835858 -0.854388734997 0.0935087154967 0.0242133138214 -0.00121380039502 -0.0388558303587 0.0653558333987 0.000277432711367 -0.137671554333 -0.0273591270884 -0.151060835611
-0.542168387918 -0.0311381561563 0.10715151619 0.0161470701207 0.026989651216 -0.0249867496026 -0.0168361383732 -0.590950599193 0.150569149891 0.0528073534402 -0.057306736716 -0.0190324973459 -0.0291541293513 -0.129165402613 -0.0902733516974 -0.106137349763 0.034518104527 -0.0104895448594 0.407684268794 -0.224287273248 0.100917108886 -0.00578597030716 0.128401173162 0.0277096783801 0.0130101655275 0.0952319999637 -0.0294803343041 0.145038203997
-0.451278002845 -0.0526589262589 -0.0720129588189 -0.0202759785307 0.0331966570116 0.0209310924683 0.00175562686337 -0.40466710486 -0.0298641159508 0.00678299094319 0.0569651331184 0.0147263059418 -0.00521494764685 -0.0414931777426 -0.0519326928894 -0.13108931828 0.00663093908948 -0.00248779896806 -0.676466539707 -0.0194853196406 0.00800728448147 0.00202890543386 -0.370098431098 -0.00245360970934 -0.00622931827644 0.0281284101199 -0.000807052379855 0.0271091213118
-0.451395775385 0.0601286831386 0.0648585357246 0.0222291573497 -0.012292273787 0.00239923503476 0.00193144630532 -0.480421991181 -0.0771651118301 -0.00364817775648 0.0241486926804 0.0152117073828 -0.00601691275409 -0.0314418133823 -0.0575570692899 -0.0857447356047 0.00248209103097 0.00566921610831 -0.688330274702 -0.0298984362075 0.0101317497396 0.00208300160585 -0.238751220884 -0.0263771372136 -1.16274129709e-05 0.0473415690844 0.0138098216458 0.0593300779241
-0.217158388569 0.00246005454464 0.00635782272992 -0.00296664115651 -0.00211178568186 -0.0120822374867 -0.00904991065397 -0.216403297935 -0.0049238908237 0.00136840073191 0.00298107712339 0.0108749617296 0.00713648145918 -0.316075209474 -0.0129221789193 -0.0207997172066 -0.0379095011082 -0.0026225675231 -0.729331422872 -0.0241608322238 0.00139585206635 0.0012089902285 -0.481067213016 0.0105528613702 -0.00325512865583 -0.124626892473 0.0221362762357 -0.15327066376
-0.11646620406 4.94756944146e-29 -1.11241056531e-25 3.17754252986e-15 -1.81206819699e-15 0 0 -0.11646620406 -1.21556784701e-16 3.80731149801e-17 6.82192598248e-15 0 0 -0.552527273113 5.5771042974e-17 -1.52990095561e-11 0 0 -0.456430055754 -1.28580497838e-13 0 0 -0.365681938118 0 0 -0.546189117319 0 -0.1649564535
-0.54053512576 0.019426555075 -0.097421970495 -0.0262014108946 0.0379237603577 -0.00210116773494 -0.00434936661128 -0.441377611081 0.0224681815615 0.0135688934484 -0.000166749055559 -0.00867354898809 0.00347825949369 -0.0780952486928 -0.0285799900683 -0.0847580475446 0.0383548007631 0.00109985805323 -0.664453819526 0.055802885767 0.0126766939586 0.00202947311004 -0.187344876577 0.0103025743927 -0.000414062905841 0.0247907581142 0.00558542472256 0.0633643314612
-0.510262841086 0.0260052791 0.00668489007255 0.0036546694929 -0.0532036768383 0.0140793408569 0.00174127464838 -0.497976919737 0.0182158729361 0.0267832117624 0.035069632086 0.00125594138409 -0.0114969165718 -0.285859648334 0.00891234582976 0.00994219965755 0.113741470313 0.000403065394914 -0.599720118766 0.083505254096 0.0267333731685 -0.00116278599735 0.102741667517 0.0465198251495 -0.00612098377916 -0.0544352820276 0.00449479501537 0.0868696062886
-0.388172315291 -0.0180974647121 0.00294376927506 0.0251468031868 0.0492563122555 -0.0122083035609 -0.00454079590432 -0.41077041577 -0.0334163609892 0.0428979306396 0.0449056513482 0.00677301341913 -0.00651117194315 -0.143660908913 -0.0862563714995 -0.133225030587 -0.029835844736 0.011876931484 -0.724538305951 0.0515806150593 -0.000264853431403 -0.00539923034132 -0.309396344149 0.00139863125332 -0.00224501763911 0.0322379611729 -0.00563062963074 0.0256020797759
-0.388769467077 0.0436824416748 0.0198724900074 -0.0151537143096 -0.0533673242085 -0.0160264369741 0.00308156930966 -0.437876591044 -0.076031015736 -0.00124084113106 0.0207803363017 0.0243961886347 0.00488001782465 -0.115785336513 -0.09562707032 -0.135847530962 -0.0299432905473 0.000247627743293 -0.701720159142 0.0517636496446 0.00216490298444 0.000708858569345 -0.324352805312 0.0135898658056 -0.00120696579136 -0.0419826443846 0.0209207172843 -0.0072981233962
-0.454946557163 0.0561826024391 -0.0564579042516 0.00490742276739 0.028073960347 0.0117037732471 -0.00945708671028 -0.475777621095 0.0791175760076 0.00299237208514 -0.0125777242497 -0.0195112870673 -0.00318149118908 -0.0940923983135 -0.062667421246 -0.0794224786633 -0.0410147529763 0.000196762337893 -0.709510067056 0.0709044427042 0.0198077855854 -0.000959863422611 -0.0868574967158 0.0283966689204 -0.0037281904755 -0.0866818629627 -0.0117771579767 -0.0827414870399
-0.470437249606 -0.0345657155854 0.0142005005031 -0.0326516767802 -0.0245186869669 0.00582052305635 0.000294039251747 -0.593898770697 0.113658038524 0.000641181954023 -0.0213671795818 -0.0139058607289 -0.00024573657618 -0.0496113484323 -0.0374259122962 -0.0465507399501 -0.0105264489794 0.00304608335474 -0.607557842598 0.0840635328862 0.0209445418523 -0.00076695425068 0.146256483155 0.0628074207728 0.0057537731929 0.00191953394904 -0.0319968207782 0.0113559345656
-0.419186137849 -0.0177909194717 -0.0387957570139 -0.00214300171598 0.000243290143457 -0.00739286546535 0.00244371287085 -0.445210429475 -0.0764450685806 -0.0334048854506 -0.031373643502 0.0016382003046 0.00255410616193 -0.185258309757 -0.0731907650598 -0.0494262835727 0.051229780313 -0.00200313677424 -0.693716946898 -2.44219484035e-05 -0.00867066812133 -0.00109988978871 -0.285985479772 -0.0307380511107 0.00564739142935 0.0282084622026 -0.00307332600984 0.0811932330638
-0.687906702648 0.00109579320179 0.121864757491 0.0160911672741 0.0265308027057 0.0102175850371 -0.00377107308603 -0.59763641195 -0.00131107279205 0.0229614182812 -0.00151754952558 -0.00356289368321 -0.0119856388664 -0.15480251905 -0.0375567351574 -0.00927629587192 0.049679726106 0.00336345485605 -0.19639907533 0.00083556770095 0.0153431576905 -0.00545058382951 0.266026982327 0.0518206252412 0.00102491625251 0.0117209864177 -0.00289751391903 0.11230804867
-0.116466204053 3.60871175684e-30 3.4532804917e-27 -1.62942738765e-16 -6.18776574518e-16 0 0 -0.116466204053 -6.09276006622e-17 4.04425793281e-16 1.37016497399e-15 0 0 -0.552527273186 1.17253432504e-16 1.39081911295e-12 0 0 -0.456430055728 -3.62045143575e-13 0 0 -0.365681938096 0 0 -0.546189117287 0 -0.16495645349
-0.202312078073 0.00137458041556 -0.00587399997775 0.000866902247627 0.00191330513024 0.012736332863 0.00229723075347 -0.201332041221 0.00402536521413 -0.000745061571426 -0.000146817268402 -0.00895860162712 -0.00278416985051 -0.300228507004 -0.0249813159953 -0.0390127077317 -0.04341896714 0.00274183788406 -0.750532812832 -0.00948606748598 0.00708982854905 -0.00053839480124 -0.447191382752 0.014626858467 -0.00249208657184 -0.146792804168 -0.000874235219119 -0.197121750232
-0.60370532761 0.0205027610955 -0.0248405823145 0.0421635107363 0.0169791898031 0.0211188069254 -0.0115889299267 -0.662034057366 0.111773438261 0.00196385113387 -0.0200139397039 0.00911673855272 0.000443328377206 -0.0531741206437 -0.052120277378 -0.107882089554 0.0295423466802 -0.0103668686557 0.318633003082 -0.190007315269 0.0481735341766 0.00662060126165 -0.111692630576 -0.00928772759661 0.00931356485359 0.0729848397537 -0.0165510826706 0.0646524080044
-0.646633544935 -0.0797834298532 0.0720016570501 -0.0405742001007 -0.0422618470774 -0.021555505105 0.00446121313429 -0.617156164579 0.089802761538 -0.00623456490179 0.00558439613822 -0.0253266064904 -0.00210294992838 -0.107327230006 -0.105114718448 -0.0945326063952 -0.026668727531 0.00701416386551 0.282539267589 -0.212169760526 0.0737267735354 0.00399137340782 -0.0885728536826 0.0210728195654 0.00622667968364 0.0592172641778 -0.042645860908 0.0228461427486