-0.00823971716454 0.00108587418835 -0.168807138776 -0.0162308948614 -0.0655650244217 -0.0349609498838 -0.0278683066883 -0.0201603736636 -0.030205416861 0.114997543073 0.0706584372675 0.230340964525 -0.0764477458417 -0.134937116457 -0.0727281995128 0.072624232574 -0.725978711102 -0.0318126016598 -0.0564853591939 0.431461797109 0.134972727937 -0.0230679538039 -0.0702805387689 0.294697531572 -0.00817356116495 -0.166600408749 0.0435187207085 -0.00245640033033
-0.386825440993 -0.0231331863773 -0.0261655940008 -0.0155476668885 0.00838196035259 0.0537950400247 0.0122502167197 -0.437475472021 -0.113873638005 -0.0164526829381 0.0068941274501 0.10159103359 0.0292486525311 -0.346318570841 0.0264012413324 0.00739009637563 -0.144865877846 -0.009172986619 -0.464244149435 0.0214110870858 -0.00747179472152 -0.00855198720214 -0.331891258384 0.0420439830623 -0.0121103297549 -0.275463299989 0.0555017704592 -0.284690659338
-0.177199534359 0.0137271423063 0.0511848155221 0.00536660846726 -0.00103759508037 -0.0165741122269 -4.72517706017e-05 -0.163988987519 -0.0355058366131 -0.00436020430046 0.000992691181887 -0.00418488171907 -0.00174609509439 0.00174026097375 0.0016797241001 -0.00076736554316 -0.0192457159447 0.00276841389776 -0.408245281413 -0.0559129461669 0.00131400390133 -0.00112782202959 -0.874406666624 -0.000196084013737 0.000138825093588 -0.0273375686027 0.00265050035392 0.0421236600682
-0.632850886771 0.066055017385 -0.201217380962 0.00333169903586 -0.0049200220832 0.0982300324852 -0.0044503941333 -0.551932936499 0.11296575035 0.0139066390338 -0.0183710089013 -0.0505706879742 -0.0247813947571 -0.0464391934691 -0.0106388638099 0.0169543645635 -0.0722342101357 -0.0122828161158 0.31039195645 0.05655059218 0.0384947497431 -0.00497134376182 0.310422813906 0.0573286351662 -0.00646040706084 0.0819278500627 0.0160702252247 0.090639608995
-0.665035496702 -0.103091633541 0.186021614922 -0.0228218752868 -0.016059171931 -0.147001515843 -0.00396920284475 -0.621220018117 0.192563740441 0.0425955862277 0.0120367589839 -0.0629111520406 -0.0105128628491 -0.0644510088532 -0.047420123274 0.025538512002 -0.112268984306 -0.00892375571039 0.105151519129 0.129109915785 0.0192869785575 -0.000471484131577 0.0741170599696 0.0603753932285 0.0106158113186 -0.0132431428179 -0.0380383211449 -0.0485644661415
-0.115816512147 0 0 0 0 0 0 -0.115824875075 0 0 0 0 0 -0.577966541202 0 0 0 0 -0.325070921909 0 0 0 -0.411916268893 0 0 -0.581359701109 0 -0.160625627332
-0.143853783367 -0.000121418171908 -0.00036820442698 1.15030562425e-07 1.28478212291e-07 0.00294490730356 0.00313790382237 -0.143853104726 -0.000379744802229 1.16939152515e-07 1.30837637555e-07 0.00272361647505 0.00304187703881 -0.65365344906 -3.48134178595e-07 -1.57464187783e-06 -0.00847990625506 -0.000451924684902 -0.403408496677 2.00585293726e-10 2.45347344818e-07 9.5275599368e-08 -0.511182365065 5.7561078312e-07 1.13080500596e-07 -0.285424941501 0.00142349201032 -0.160395433551
-0.215768150071 -0.00790349096672 -0.0133693658352 -4.08843250734e-07 8.37327989884e-07 0.00969328748509 0.00109258080636 -0.223761610392 -0.0240428397045 -1.45058570613e-06 6.39712705147e-07 0.00240340626485 -0.00486385487794 0.00953617755595 6.37199474768e-05 1.37075264416e-05 -0.00409189138909 0.00457454572729 -0.588086292777 3.61720311151e-09 4.82097469172e-08 5.53692427128e-07 -0.745198340551 2.64246304171e-07 1.29780002469e-07 -0.000118544767317 -0.000188421314317 0.0337087500478
-0.227592625674 0.00974404788837 0.016154333783 -1.12632282782e-06 -2.31145232343e-06 -0.0241828865193 -0.00201549583081 -0.21452964515 -0.0151214508635 -2.65086776537e-07 7.19097039633e-07 0.0086268602713 -0.000380754668177 -0.0710729663791 5.47902396365e-05 1.20683077555e-05 -0.0385772226482 0.000887754079626 -0.5857741915 3.74875700353e-09 -3.4928035998e-06 1.70679105916e-07 -0.742268540931 -2.09718822779e-07 9.26162033821e-08 -0.0149962869601 0.00706786037723 0.0046287624874
-0.227126129346 -0.01779721859 -0.0288219676986 -2.26135167556e-06 3.09552687141e-07 0.0165509985256 0.00586011017068 -0.222742145849 -0.0255380520879 -1.90689625749e-06 3.65217723059e-07 0.0148147906318 0.00435702309264 -0.0623045686039 5.49269461126e-05 1.18557389193e-05 -0.0365941856712 -0.00374575547692 -0.580971208242 2.16536145559e-09 -3.08568382463e-06 -3.04387784438e-07 -0.736182406262 3.84708526547e-08 -6.28280530552e-09 -0.0776144346965 0.0141877045632 -0.0741679291571
-0.619505748543 0.00961569485046 0.0317809578096 -0.00947775944463 0.00648668728705 0.0188583125984 -0.0100131425795 -0.75044067032 -0.106706628847 -0.0185561412955 0.00770998660344 0.0731018861545 0.0139574163142 -0.115213780791 0.0252973063503 0.00785682565211 -0.0988197791687 0.00334148472632 -0.0733268038498 0.0180659070438 -0.00139383478102 -0.00721537066954 0.0356328635588 0.0372008386356 -0.0122989787377 -0.0117089086818 0.0381880714698 -0.0110656566873
-0.350969201706 0.00496657159905 0.0286157149704 0.0129640208401 -0.00399782854705 0.00808789978734 0.00195286235738 -0.343717535963 -0.0144175145939 -0.00825452916541 0.00357986509804 -0.000959271349347 0.00660961309743 -0.0536099992204 0.00409741818781 -0.00343130200978 0.0228803230886 -0.00198413897843 -0.282757412588 -0.0635172092217 0.00315523904172 -0.00255694958543 -0.810451420375 0.000529627872566 0.00019664903866 -0.0766107549253 0.00575002205812 0.0841536045193
-0.253248413098 0.00160278962971 0.0369634112371 1.43645203361e-06 -1.64725876517e-06 -0.0229239445527 -0.00515698938711 -0.212215657949 -0.008813762714 -1.45181234744e-06 -5.97929632502e-07 -0.0127746529565 -0.00399260816487 0.00860115120611 6.29402977854e-05 1.33682988057e-05 -0.0165114475919 0.000940948500301 -0.583337694598 2.78719763368e-09 -1.06800786009e-06 6.52237795643e-08 -0.739181118161 2.12174295516e-07 7.89759898926e-10 -0.0375741901667 -0.00362715979374 0.0144191379523
-0.710200285225 0.0254342629874 -0.0902551930908 -0.00574777179356 0.0266130757572 0.0542244579362 0.00380410841686 -0.635671219707 0.0510855667521 -0.00368851099737 -0.0169211784012 0.0267243907554 -5.64954789239e-05 -0.04742039024 0.01005578351 -0.0110718452498 -0.0407973558991 -0.00458721068895 0.196126659894 0.0463651402987 0.0307572428827 -0.00524234440075 0.150672463073 0.0541881439779 0.00273325390369 0.032331848713 -0.00115312390725 0.0546387448902
-0.636615230663 0.00862831342025 -0.0284758384078 -0.00472718242553 -0.0265104960024 -0.00381460457263 0.0051210494845 -0.632234757877 0.0450351521388 0.00336337321915 -0.00242590317472 -0.0021207119706 -0.0059582102449 -0.0517767425729 -0.00538842301467 0.0212341300412 0.0433587464475 -0.0062839128712 0.293443608382 0.0305713776012 0.0308522188341 -0.000998753029462 0.287345540138 0.0308608880507 -0.0159613157785 0.0448126720846 0.0244765500443 0.108650421825
-0.342627572503 -0.0100274099872 0.0159494015816 0.0114067208661 -0.00141334655683 -0.0204670246137 -0.00666461690023 -0.374695378141 0.0519371294231 0.0183029374738 0.000620030914923 0.00545923934521 -0.00266265152151 0.0159633446745 -0.00176071700549 -0.00216985312514 0.0274182746003 -0.00663533214706 -0.357467543694 -0.0849308983806 -0.00831875818608 0.000555717599209 -0.772400075457 0.00137613459438 -0.000107736822804 0.0333276998845 -0.00298370616984 0.0658935607187
-0.241858066566 -0.0207872286538 0.0333406906539 2.1891505502e-06 -9.57738384412e-07 -0.0210775041798 0.00111474839512 -0.221428927487 0.0245119683573 2.08291369799e-06 -1.16243874245e-07 -0.00822305076976 -0.00260574711438 -0.0322747281683 5.84942358723e-05 1.25890878909e-05 -0.0268599906183 0.00211346837544 -0.583414402549 2.38315038941e-09 -2.04541187423e-06 1.59438182348e-07 -0.739278319385 1.25345769848e-07 2.67199686273e-08 -0.0153762637762 -0.0157076721059 -0.0255714621745
-0.636104217142 0.0469162234112 -0.0370603521224 0.0118249255694 0.00948759236404 0.0585546388857 0.00516511050182 -0.648288783038 0.0371939443884 -0.00580716005227 -0.0138082443507 -0.0691300564424 -0.00852127989202 -0.307407923267 -0.015705908645 0.00881646848341 -0.135104849788 -0.0122201446162 -0.119288959428 0.0536009255241 0.0261080708043 -0.0090753742921 0.110733121686 0.0328932491854 0.00271070256922 -0.0427354695475 0.0173530509186 -0.121662515148
-0.685289902183 0.0232349515593 -0.0751880087749 0.00575915662202 0.00591533151135 0.0305976364392 -0.0126660352712 -0.660245540883 0.0362163486206 0.0211551627038 0.0101071896696 -0.028432623063 -0.0219405560872 0.00828409135547 -0.017963020357 0.0217987422549 -0.0181522282152 -0.00880791836475 0.209284822335 0.0201962014328 0.00422936534289 -0.00173704115052 0.146876737966 0.0164922553775 0.00178435475583 0.0688769225465 -0.00182128216291 0.108842806297
-0.671201783096 -0.027565520896 0.0842859918443 -0.0105018545986 -0.00403025936382 -0.0693893944751 0.00940851548839 -0.552811362288 0.0337990740775 0.0053179270233 0.00021615225568 -0.00811439199474 -0.0107227087297 -0.116657083419 -0.0573228122178 0.0276018257805 -0.099037650937 -0.00275046830214 0.316378234089 0.0663776741559 0.0137425661504 0.000605643081082 0.305498944903 0.0522018824312 0.00978946743025 0.02515799735 -0.025531498807 0.00663217944328
-0.115816512116 -6.57548123877e-29 1.97242805493e-26 -5.04878069714e-16 -2.8632931944e-15 -2.83896986391e-26 1.26855644414e-29 -0.115824875045 -3.28206458907e-17 -6.26030857867e-18 -6.80771015479e-15 -8.72134186399e-19 -4.10732902296e-19 -0.577966541509 1.57276214403e-13 2.00049086778e-12 -5.72258613906e-14 4.9230780333e-18 -0.325070921823 5.01871017088e-13 2.442229587e-23 -3.14567454388e-15 -0.411916268782 -2.93584424931e-12 2.09671305976e-15 -0.581359700954 -2.1285175361e-17 -0.160625627289