-0.218922108484 -0.013310660388 0.494648042178 0.0764952117266 -0.279503741198 -0.0755163700273 -0.0118801262774 -0.0289236338298 -0.0518844864716 0.0856510580645 -0.173307326647 -0.0547932681268 0.050943168687 -0.180128482096 -0.118680769928 0.128433897931 0.0334597529244 -0.0116181416499 -0.233343601207 0.569100911448 0.0911578800302 -0.0412064885812 -0.311346188778 0.141597175298 0.00515731536051 -0.0346928755386 -0.00785649279436 -0.00343103703293
-0.576422249971 0.0220939270933 0.0990235909881 0.118887896485 -0.110762598608 -0.0454772911592 0.00177541887485 -0.6628325156 -0.259051767684 0.117588231865 0.0626474210686 -0.0013654132829 0.0297561943484 -0.199520286436 0.0217995619691 0.154644265307 0.0415484559542 -0.0168423687928 0.00216649579909 0.123502592526 0.0360867944374 -0.0205548166483 -0.108190198781 0.0781832711718 0.00513209410038 0.0473260078413 0.0231464978924 -0.00809432157417
-0.44843580441 -0.00957308376803 0.0180744390938 0.0794770077039 -0.124472093576 -0.0268109847467 -0.00483668431215 -0.510040699161 0.225044269671 0.0456464825395 -0.0136719248989 -0.0133439084546 0.00582670420171 -0.326152501258 -0.114065245944 0.0468507744385 -0.0660972836653 -0.0120316156671 -0.240267354407 0.421277871178 0.0550111535858 -0.0111969759999 -0.296467964823 0.0154093933519 0.0118371901054 -0.0979371731346 -0.00899569433537 0.0165072281432
-0.437347408201 -0.000115954865915 0.0325591294759 -0.0296329877802 0.0143983006094 0.0393168913488 0.0136126889701 -0.436015028429 0.0118308154472 -0.0111950810121 -0.0530709012833 0.0111482473246 -0.0129778187167 -0.510269295558 0.0927231816022 0.197665033908 0.205072429573 -0.0139169356562 -0.123182841293 0.381745067009 0.0797275488085 -0.0218353018659 -0.144041156452 0.0363101549447 -0.00193861036622 -0.265099009481 -0.0222414003282 -0.022270800503
-0.294140093504 -0.00154433629757 0.0393216710957 -0.0125401391261 -0.000845724970359 -0.0488492067005 -0.00870919289806 -0.282671975418 -0.0381965659197 0.0260915093265 -0.0416907648803 -0.0177151783031 0.00115394922931 -0.611652043115 -0.120382044058 -0.0525492573948 -0.0653215417378 0.00550916871981 -0.473268990493 0.257834558172 0.0297059624443 -0.00804605514921 -0.364305107203 0.0503764351901 0.0013715373369 0.0528658429461 -0.00787663434661 -0.00486397773114
-0.612922450529 0.0283934715536 0.0380401652381 0.0451427390592 -0.00924608796331 0.0106994068458 0.0115084419812 -0.651602141747 -0.0333249498297 -0.080012295502 0.0622197801566 -0.0168861985691 -0.000926855810308 -0.299757143654 -0.0423529566053 -0.0244378852168 -0.00545648843177 0.00282468451399 -0.214676526524 -0.0593711036444 0.0217103617814 -0.00982395569872 -0.185874799872 0.00203303255063 0.0150343370575 0.077507904842 0.007631586473 -0.0118398268498
-0.497119344839 0.0389447713447 0.0382564066315 0.00443133728067 -0.025731626833 -0.0406753708272 0.000307039912081 -0.522027117065 -0.0555168249544 0.00745510835658 0.0254922053034 0.0497851185529 0.029903618544 -0.261138733658 0.0139995429353 0.0235120739493 -0.0510773756281 -0.0118383035864 -0.467291304862 0.0756675323639 -0.00722164378906 -0.0020075849943 -0.406853553572 0.0684397309567 0.00825156892979 -0.0276948817826 0.0282032641189 -0.0143036050194
-0.662724985525 -0.0119536051402 -0.112199641629 0.0807113307785 -0.0504272099632 0.0269681960928 -0.00380236514362 -0.627573394142 0.00871703336679 0.0622921427139 0.0716036035783 0.00649405547813 0.0114927059459 -0.189588826749 -0.0415408761597 0.108355777087 -0.0287867751721 0.00345252284364 -0.094052599464 0.232091389491 0.0334521541028 -0.0177888520019 -0.142192029623 -0.000959191109997 0.000830402724942 -0.0179353673982 -0.00705992437899 -0.0129749689837
-0.622399541123 0.0463881705279 0.104787341157 -0.0284432386013 -0.0525241274418 -0.0198835216659 0.000283476231143 -0.640462477154 0.0444020672789 0.0572059834915 0.0775359227603 -0.00166840424911 0.00558213115098 -0.179039082395 -0.0194473934807 0.0396511819999 -0.0348141094467 -0.0126740011626 -0.140194099624 0.27899183086 0.0430765219229 -0.00756141740975 -0.176436205388 0.0155046032863 0.00952304064748 -0.0775859819432 0.0120708675684 0.0404172190126
-0.705901766261 -0.090482321386 -0.0283392706875 0.118425297522 -0.000713195650357 -0.00240678851194 -0.000795817385139 -0.582681321 -0.0352940538897 0.0629824848751 -0.00205521140286 -0.0156460027392 0.0181536530304 -0.256788328069 0.0370268267119 0.122867718747 0.109240980694 -0.00611625266646 0.107594784261 0.0334003417297 0.0287547084889 -0.0056066113388 0.0584515065998 0.0355211942566 -0.000584967908533 -0.143647339502 0.00383231117721 0.0107409223866
-0.676941800306 0.0580675884966 -0.00606533108252 -0.0701642979332 -0.0432536763206 0.0407691517584 0.0136035737433 -0.623395180415 0.0104480439488 0.0674634116813 0.00676379162007 6.66860024966e-05 -0.00111229511656 -0.18933306432 0.0552667455731 0.174631792919 0.0935532975666 0.00553895623915 -0.0436316131905 0.207716508771 0.0218017860304 -0.0209327927864 -0.100927412948 0.0317863828588 -0.00361090450053 0.0277838738005 0.00769214320223 -0.0136470567261
-0.551385837894 0.0469946638886 -0.0113965525569 0.0915176278508 -0.00846328716462 -0.0155827710846 -0.00179803563627 -0.637552810299 0.0893597883039 -0.00235557644162 -0.11078132013 -0.0257596858671 0.00365958441744 -0.291291753698 -0.121134114669 -0.0291944233758 -0.05291334003 -0.0104473053902 -0.217189200691 0.22557970521 0.0166159424042 0.00146564346624 -0.232974170376 -0.00030260210302 0.0126129014954 -0.0261689316207 -0.00804973700508 0.0268584025619
-0.448521511706 -0.0431535727077 -0.0337238876869 -0.0590901569865 -0.0388386125439 -0.00278301458007 0.00195443010724 -0.497521368275 0.153941395556 -0.0321559506952 -0.00484496280434 -0.00709825504955 0.00122571694395 -0.545275229307 -0.126011888334 -0.0863209858668 -0.0214816634332 0.00234293264619 -0.207206968471 0.255211796879 0.0281339355227 -0.00194096310013 -0.276853449266 0.00820175046466 0.00400250305541 -0.104853156356 -0.0208314337269 -0.0183787026427
-0.692227412684 -0.0229269642044 0.0851400297246 0.0709149818235 0.0324324677038 0.0340687653185 0.00108532691798 -0.489774061903 -0.0134708536566 -0.00449966646835 0.0273046690866 0.0175440708361 -0.0142266347397 -0.326812458147 0.0558333164784 0.120896791885 0.110875004735 -0.00556200345287 -0.0543062359272 0.199971685974 0.0929272877215 -0.0106495977426 -0.185980839722 0.0700177330012 -0.00564127675056 -0.188888679327 -0.0078735921049 -0.0255573662843
-0.71698420985 0.0530809819205 -0.0351702364567 -0.0808851625615 -0.061398602891 0.0349078603552 0.00691689252565 -0.522859422868 -0.00674443144979 0.00184192799 0.0403763910714 -0.00176477387843 -0.00634486962245 -0.284824025741 0.0659360414151 0.150557534816 0.111700856598 -0.00643611580227 -0.087461543352 0.234311686988 0.0305389337651 -0.0198157335295 -0.0507540771525 0.0197094508903 -0.00755936389449 -0.0824505388698 -0.0138085405926 -0.0255055741938
-0.515826445318 -0.0391679974745 0.054454616985 0.0136564786776 0.0904881085786 -0.00257435979392 -0.000719250570841 -0.498536190277 0.00330153785844 0.0453480154455 0.0587338483079 0.00282131400842 0.0055369602787 -0.456293509191 -0.121503487607 -0.0617472799446 -0.0536826185134 0.0022344741928 -0.351221952185 0.158494324078 0.0203300929242 -0.0132250363478 -0.219115627205 0.0401405689469 -0.00892355658221 0.191402273836 -0.00911049964436 0.0423748058185
-0.308987990245 0.013551303487 -0.00455392437874 -0.011283027874 -0.0327401585937 -0.00719933033526 -0.00281400356551 -0.323861009756 -0.0241921576721 0.0119818187332 0.0308110632837 0.0319929793842 0.0174887674405 -0.616549499789 -0.0970046555531 -0.0674865417072 -0.0270377719976 0.00241187996675 -0.437710394477 0.219768968598 -0.000417471217501 -0.0102243064441 -0.353238335973 0.0579648063134 -0.00276564148154 -0.155257100808 0.0254705586438 -0.086273856145
-0.582221834275 0.0419557956317 0.0437801779867 0.04894001253 0.0154108944588 0.0149375404025 0.000694265700555 -0.571327504506 0.00942118304496 -0.0367696713066 -0.0475074624152 0.00600065837804 0.0106186461974 -0.374577148812 0.0444573884792 0.102192026668 0.115320224977 -0.0097152736705 -0.0572695849021 0.239449176334 0.0412624544835 -0.0128674598795 -0.11760782017 0.0207535708307 0.00291060861691 -0.284807474155 -0.0149484661724 0.00293959913059
-0.57397135215 -0.0592501914322 -0.0338984291249 -0.0732738412691 -0.00817217328957 -0.0191268982098 0.00986733138757 -0.598433602685 0.000439867128509 -0.0554882207618 -0.0670921549106 0.0184495105891 -0.00875217726189 -0.352490762907 0.0456004807575 0.0905231322369 0.140307273321 -0.0116758294441 -0.193204649621 0.228465266577 0.0197229279623 -0.00695012425535 -0.0960437483704 0.00853881287777 0.00465672260433 -0.199016587215 -0.019151133143 -0.016636899853
-0.537487224425 0.0351859353166 0.0943151785853 0.0549773271207 0.066181748237 -0.0162914347073 -0.000860479829197 -0.51804506996 -0.00265076816242 -0.0267928353864 -0.0849933715327 -0.0295321735177 -0.00162799430451 -0.339208151562 -0.0500965801659 -0.0600327961545 -0.0560855003293 0.00499961001457 -0.357399391175 0.222349775474 0.0396878585488 0.00368187590536 -0.331954409407 0.00260367629731 0.00481604751287 0.00636601227773 -0.0136967389725 0.0505028284446
-0.379464947433 -0.0231753438712 -0.0302000954229 -0.029419657872 -0.0557237726202 -0.011700955254 -0.00307395813002 -0.386998231715 0.0718709246199 -0.0337217412741 -0.0211580858858 -0.0333260855199 0.00333938741338 -0.574398632666 -0.109631923066 -0.0126669659381 -0.026338326016 0.00195159937221 -0.378124606215 0.251535842797 0.0281643867745 -0.00436000328944 -0.331513529151 0.00353585417156 0.000631354526526 -0.179549707592 -0.0194015675595 -0.0200059514477