-0.0958419103226 -0.0155349067624 -0.0139254207591 -0.337825427958 -0.201985982879 0.0518731872668 0.00487639842583 -0.052846243302 0.237885088833 -0.124544615512 0.0708809879012 -0.0716743547847 -0.0492706478026 -0.191329402797 -0.46585608339 0.32918248603 -0.0985965008153 0.00869640050508 -0.292362226562 0.454213436095 0.0221659700021 -0.0163983837291 -0.200484105708 0.196820422191 -0.00159348251683 -0.0304906930093 -0.0325006615197 -0.00212741146021
-0.595032644013 0.00248835654833 0.0590137587178 -0.0654507454468 0.0208090175832 0.00387276666319 0.00972669458585 -0.605519308134 -0.123183191409 -0.0783922907213 0.036690201288 -0.0106683147421 -0.0178949109812 -0.198012529461 -0.233872609087 0.0980798165974 0.011140532573 0.0124919272116 0.116778045323 0.21358711118 -0.0185526599691 -0.018210697275 0.233546302727 0.151855955028 -0.0136466825292 0.0350671584776 -0.00134374348373 0.0714717077688
-0.383392513102 0.0038885366787 0.019397465611 -0.0355837140379 -0.0517414697221 0.0132300345881 -0.00379714628091 -0.413846736008 -0.0813800511541 0.0916182614844 -0.0361999325298 0.00713697739876 -0.0122156938246 -0.148201102556 -0.0427739492014 0.239456913553 0.0220393292871 -8.29852031855e-05 -0.551397944069 -0.00688844412336 -0.00806132252531 0.00554140039937 -0.522357011496 0.00799417839434 0.00790244833564 -0.0255896373094 0.00393395015857 0.0351391222417
-0.580473518634 -0.00933078824925 0.0110364713709 -0.0575823324572 -0.0118687929149 0.0213015246064 -0.00594753458009 -0.64738152277 0.172557397063 -0.0344780116951 0.0788832883986 0.00218741693095 -0.00102725849114 -0.133659381595 -0.286300872524 0.0862521007819 -0.0850971624917 0.00499690172345 -0.0900428614628 0.203918340383 0.0572282765626 0.00213373674972 -0.0783128161908 0.136927672478 0.0203640330173 -0.0593556871096 -0.0426005099166 -0.0667548672556
-0.322151861542 -0.0108918833379 0.0185765845896 -0.0171528636474 -0.00505008958009 -0.000306860004248 -0.00439292496402 -0.389927391507 0.119437977685 -0.0425637828505 0.0447137406832 0.00552743350291 -0.00801944554547 -0.056711181114 -0.117607614492 0.199087389572 -0.0487472153339 -0.000816992046441 -0.439909378972 -0.060685120542 -0.00696895900339 0.000267566429144 -0.681463184957 -0.0233881588555 0.00142123311391 -0.0303465035467 -0.0216386854674 -0.0505806180095
-0.598798237695 -0.0384538395993 -0.0224931790595 0.0646472659999 0.0753872234167 0.00863796105574 0.00218622343392 -0.575454687009 -0.0649673811598 0.0259216931887 -0.0215710615813 -0.00667140860883 -0.0055263617698 -0.0777127016969 -0.117633443392 0.0208877890795 -0.000990923191571 0.00773011752931 0.0542742304882 0.04282025294 -0.0272601284655 -0.00610442645255 -0.515024042921 0.00320007693819 0.00670093998743 0.0363560048194 0.010102418321 0.0164524952948
-0.709869301458 0.0482398250077 0.0368289303776 -0.0901602857983 -0.0152093877703 -0.00942083435552 -0.00264521216385 -0.611673215109 -0.072199323795 -0.00922277058165 0.0338561663657 -0.00382348619764 -0.00813576878819 -0.0977443823604 -0.150433807525 0.0583037882485 -0.0185005749927 0.00993370300415 0.0894919573944 0.127535409159 -0.00393373214568 -0.00429705557411 0.182612447555 0.0698088662344 -0.0190022509068 0.0584495988232 0.0150056046562 0.0268588748002
-0.515834394191 -0.0657060250255 -0.0875146053763 -0.0433656187575 0.0439810796331 -0.000322582250898 0.0043893720306 -0.544884456598 -0.0842913186832 -0.0436831401346 -0.0393125904775 0.00221042163664 -0.00785457251795 -0.0426032244979 -0.0274857674809 0.137831856231 -0.0179931953934 0.00658438907847 -0.504299826017 -0.0448744633441 0.0358098153729 -0.00101387463219 -0.361344829954 -0.00129073049227 0.00788552339907 0.00869507607193 0.00834710918239 -0.0158204229992
-0.602148159095 0.0506568764112 0.118944091084 0.028071315284 -0.0687066946656 0.00439604582181 -0.0048738632811 -0.607600479241 -0.0818777587366 0.0446010566676 -0.0454534551113 -0.015935996955 -0.00434637152152 -0.12444900594 -0.00583661150102 0.187594278736 0.0104928567303 0.00254603390269 -0.30015159868 0.00350105787312 -0.00243898847142 -0.00395469939162 -0.303954410798 0.00402410057565 0.00823815390318 -0.0237464408538 0.0263097227877 0.0160803761757
-0.579850652594 -0.000234931054069 -0.0287539394904 -0.0113923581017 -0.0230717685177 -0.0156886699953 -0.00605744500321 -0.603860639651 0.0160779167028 -0.053197728657 -0.0227297095095 0.009341660331 0.00494391580791 -0.191717979937 -0.0738905697932 -0.0156641447454 0.0336161719507 -0.00154057205556 0.00322585789577 -0.0192519387928 -0.0267775145663 -0.0212650201854 -0.48922740518 0.0237064668453 0.00175150917276 -0.0783952898789 -0.00947939898367 0.0484672488947
-0.695162477629 -0.0234292952365 0.0669130857115 -0.0662453561101 -0.0287450871758 -9.22981209639e-05 0.00116239310707 -0.600801574839 -0.0166487314657 -0.0492161213383 0.0125251736499 0.00205242388447 -0.00279553838787 -0.100957768272 -0.108578296401 0.0648032160987 0.00737803451546 0.0035060704481 -0.0199105677805 0.174675515495 0.00305912795625 -0.00252862750514 0.263358057938 0.116961965158 -0.00672559736176 -0.000574712297905 -0.0243620962956 0.0427508917807
-0.519232758612 -0.0184675370306 -0.045234796917 0.0383991960396 0.0563164486757 -0.0434058584566 0.00208748694639 -0.511458455942 -0.0248202180258 0.0573849816587 0.056153291527 0.00710148338901 0.00442955758265 -0.262373864291 -0.0429512988769 0.156576334208 0.0601793772618 -0.00128122703072 -0.367627772875 -0.0104099695916 -0.0140988962307 0.00655103372399 -0.432147216331 0.0280942036514 0.00204051844117 -0.172440423319 0.0101839565414 0.032327048096
-0.537281011153 0.0165275143656 0.024000280582 -0.0831126147087 -0.0147717930332 0.00367440754365 -0.0135526981053 -0.539828195893 0.00917574626036 0.0678086845828 0.0555068112326 0.0136766253049 0.00107950641383 -0.122496145951 -0.0329574391168 0.165134052476 0.0297155646936 -0.0076960260989 -0.431918241809 0.00641066661651 -0.0247915669406 0.0105766533696 -0.409956352158 0.00330831002463 0.00171848098622 0.0356834449258 -0.0201368626133 0.0490925596248
-0.628966413165 0.0588381488602 -0.113433891364 -0.00798262893287 -0.0719523246937 -0.0104060822366 -0.00556269322704 -0.564642205414 0.0689253925641 0.0413177308892 0.0276842310276 -0.00974607744555 -0.0074394108197 -0.107740099536 -0.117993222347 0.0596008266213 -0.00810399643637 -0.00218022765803 0.0659919764467 0.0963659208823 0.0216353301873 -0.00142562870472 -0.453287827029 0.0168846914219 -5.34388122123e-05 -0.0851842863745 0.00241152200615 0.0146614512975
-0.708404031561 -0.0383380125506 0.117278260491 -0.0584431508297 -0.0277703741764 0.0180212592037 0.00546021205336 -0.599216680047 0.0523134081939 0.0187414276991 -0.0270471850296 -0.00245972011901 -0.00962855205168 -0.113559934701 -0.14291973052 0.0476111963024 -0.0293028959764 0.0125128942965 -0.262209135802 0.0619599853729 -0.00870563595403 -0.0109653357946 -0.0277108897288 0.0633586469468 0.00926384540724 0.00192430080999 -0.0231078224625 0.0249222348008
-0.538785675753 0.00779659212254 -0.0900786534531 0.0583690228984 0.0197249627763 -0.0246569609338 0.000824623901473 -0.46293307085 0.0239331494748 0.0428879431195 0.0362484207072 0.00676389673477 -0.00293524706891 -0.105582233325 -0.0575026839887 0.139406529523 0.00338916669693 -0.00238818047266 -0.264414549585 -0.0572833211988 -0.0147172708059 -0.00261802916406 -0.604266848911 0.000318933761207 -0.000597664255171 -0.0808356455792 -0.00226384791428 0.00624792697192
-0.680779892449 -0.0378098932706 0.128310948196 -0.0902597271643 -0.0237646230865 0.0165005934369 8.78372072236e-05 -0.488497201586 0.00743178729202 -0.0429721587413 0.00811503960486 0.00936274230755 0.000641269907934 -0.0577187496947 -0.0620351703122 0.136834060687 -0.00651979805138 0.00310952446069 -0.264523052063 -0.0491334203869 -0.0102157410665 0.00233036287825 -0.405922419486 -0.0294665320401 0.000318258240443 -0.0634756705592 -0.0229333282236 0.018109320209
-0.726939627066 0.0390439578821 -0.119387697666 0.00609792195079 0.0308513494984 0.041667129421 0.00835349194729 -0.606859379702 0.0619648755096 0.00229129410684 0.0325367228879 0.00932855912311 0.000798754546304 -0.0444122952364 -0.113704439273 0.031141592114 -0.0503299888579 -0.00860188150861 -0.00799386278145 0.155439085657 0.0635501389064 0.00397756056991 0.11131131429 0.0827850379263 0.0147234116337 -0.0199215950666 -0.0182497153778 -0.112997915645
-0.660469031802 -0.0540142331423 0.111615915968 -0.0367016212969 -0.00351833855403 -0.0356080098577 -0.00333029667787 -0.559841485783 0.0403181268161 -0.0262646904723 0.0489546119312 -0.0126315578346 -0.0102156757166 -0.142736541357 -0.197024281142 0.0516021297403 -0.0689584471262 0.00110777537891 -0.322197981441 0.100494431995 0.0339573002192 0.0159222796682 -0.17028554172 0.0514716870241 0.00589717573461 -0.0723610438422 -0.0436740919645 -0.0813300737887
-0.475226229395 0.051006885462 -0.0628863884365 0.0210149618785 -0.0213839869414 0.0264488075414 -0.00544427686141 -0.445855180544 0.0451930444041 -0.0242800575072 0.0139183298539 -0.0180149014211 -0.00132177741854 -0.105249904541 -0.112230465424 0.159817869417 -0.0558574704734 0.00243091820401 -0.434452337965 0.00240349173895 0.0147992546881 -0.00138944819664 -0.561364621505 -0.0220793345038 0.00156923904133 0.00922966872733 -0.00729684737336 -0.0834364674601
-0.532323376132 -0.0625059012248 0.0634649887385 -0.0344457350602 0.0176664408721 -0.0326250534558 0.00377708810679 -0.52695794291 0.050702209724 -0.0549623100406 0.020896285171 -0.0306997311908 -0.00325696079462 -0.0898455773385 -0.036610360556 0.120654889289 -0.0826118681567 0.0050563473421 -0.399464793091 -0.0362207151022 0.00466976610015 -0.00215573486978 -0.46835255239 -0.0161794869744 0.00461740151332 -0.000930168003547 -0.0275725709658 -0.0965634858389