-0.0084826507353 -0.00393069835742 -0.0273173553461 -0.0787962951632 -0.0408057373668 0.00191299518852 -0.00981626459451 -0.00483417920226 -0.0425266095851 -0.0426414126976 -0.0022191613312 0.0230068227218 -0.0401141689798 -0.153532166464 -0.258708307208 -0.114078762467 -0.251153948266 0.0135965334101 -0.43774663883 0.666048736294 0.0558511324105 -0.0183243510708 -0.393825525635 0.12872441883 -0.0199014874786 -0.0883748459455 -0.00621409004977 -0.00284229242614
-0.484497618441 -0.0350875941693 -0.0483041666917 0.0540763682158 0.00796239884032 -0.00628681615388 0.0109182793978 -0.564589708131 -0.092088553803 0.106885255295 0.0752505929838 0.022256586128 -0.0155535309815 -0.232535804463 -0.222931658435 -0.0676638744324 -0.134460982654 0.0104603688899 -0.240217272382 0.403465489614 -0.0362455517459 -0.0199655325508 -0.23066493618 0.00239493737732 -0.0099380320622 -0.0527854278765 0.00583181776145 0.0928105375278
-0.367493430747 0.0472772420989 0.0739952925537 0.0135866675706 0.0129273179471 -0.045738960861 0.00604224909643 -0.454937790393 -0.133667865764 0.0331817633773 0.0422374788308 0.0932699132738 0.0157596490124 -0.129093915021 -0.0557079275755 -0.0444634821099 -0.127708208069 0.0398353146576 -0.505381506741 0.270454538692 0.0622220060051 -0.0242953428969 -0.453788174349 0.0830934950806 -0.0293770740279 -0.130665203692 0.0134093778172 -0.12035539122
-0.440895690732 0.0879378716547 -0.0776819004866 0.0322603094179 0.0614559007237 0.0560633727759 -0.0179025238268 -0.535919821611 0.0846257548917 -0.120506596512 -0.092658337275 -0.0706358808536 0.00533739898303 -0.206606825588 -0.18641033343 -0.0793821723941 -0.156768046496 -0.0118461196217 -0.322509674983 0.344860810713 0.0174323589312 0.00690243650559 -0.32059728033 0.0659149277212 -0.00499521428339 -0.0720679695616 -0.0125998633255 -0.129669662421
-0.57601012208 -0.0614768206265 0.12167069452 -0.0350404861706 -0.0714587855126 -0.0447160831058 0.0298546585796 -0.580482938428 0.119101790084 -0.0626084486505 -0.0298074437594 -0.0654231818191 0.0242756894849 -0.0418953547957 -0.0677053579352 0.0165707123695 -0.0822113120501 -0.0199629575429 -0.237771392793 0.409359939885 0.0405048556114 -0.0159530556818 -0.126140076065 0.0811503349276 -0.00638190542875 -0.0482535051768 -0.00509937285501 0.122114151386
-0.605913436211 -0.0645336252863 -0.0507309173772 0.0435916963633 0.00884484195417 0.0502124195521 -0.00193014184026 -0.585881860582 -0.0284132345186 0.0576429298215 0.00679318861445 0.0304848382544 -0.0053911506921 -0.264300566973 -0.171463880967 -0.0910411870768 -0.0837870266715 0.00859355019537 -0.231823602845 0.269854825679 0.00636364617832 -0.0148860467342 -0.171396238244 0.0223455461541 -0.00754169955404 -0.0398043350616 0.00473190535746 0.0152410634633
-0.631895519406 0.0998259680192 0.0337521568787 -0.048205710575 -0.0548217581778 -0.0157251973941 0.00935408939277 -0.653103299733 -0.0599825387682 0.0455130636056 0.045921055318 0.0187312957607 -0.00530492590308 -0.0786797691661 -0.14128133501 -0.028495480661 -0.0848016864558 0.0107216596917 -0.166523510763 0.239380636236 -0.00264785068919 -0.0237549235806 -0.158022933643 0.0287461919501 -0.010313020335 -0.00904087591045 0.0306587811223 0.049389218816
-0.170597023273 0.0011179697852 0.000737810829137 0.00178781748246 -0.00497336570359 -0.0082219000939 -0.00771467857911 -0.171254467654 -0.000677092820255 -0.00175572712377 0.00511553442637 0.00771197055361 0.0074024769672 -0.516754539394 -0.00157848965133 0.003335644367 -0.0350484165232 -0.0007201889205 -0.59480622581 0.0325367891329 -0.0115760015052 -0.000270667388329 -0.491498398633 -0.00216349061517 0.00252004973396 -0.248536713097 0.0111292035431 -0.120526880294
-0.103004077355 -2.68995729845e-28 -1.57597523139e-24 3.2065760801e-15 -3.76103243084e-16 0 0 -0.103462501612 -5.32589768737e-18 3.13855286035e-14 -1.0237529516e-14 0 0 -0.488588745236 2.10985211475e-10 1.56298344921e-10 0 0 -0.492482449061 4.29350173017e-13 0 0 -0.467973650444 0 0 -0.505053292152 0 -0.152805696165
-0.704340966132 0.00168312172457 0.00236708840822 0.0573401556929 0.0935158274432 0.003364395531 -0.00181793014324 -0.606743470988 -0.0234723106858 0.0154711884401 -0.0247822501219 -0.039635458979 0.0155906825319 -0.11490238427 -0.085080967221 -0.0227577134159 -0.0590739673538 -0.00859981833102 -0.109168646463 0.232801418905 -0.0445730144518 0.0010340942553 -0.1430632561 -0.0419595386771 0.00438126140898 -0.00316138366294 0.00116175331966 0.0748879624968
-0.62903784062 -0.00562895687138 -0.054723456395 0.0319255375607 -0.0735169993986 0.0308606302188 0.00638801631077 -0.581489336055 -0.00185679054807 0.0064726207313 -0.00371407645949 0.015737247646 -0.0100274817106 -0.263112515654 -0.0615794462549 0.0664698145534 -0.0521970619055 0.00584061539973 -0.241330447218 0.0929195593337 -0.0875671921475 0.0061355322868 -0.264937356189 -0.0520928950503 0.00927810735128 -0.14954676974 -0.0205761572475 0.0690964459172
-0.5959016319 -0.00992497459433 0.0201357314443 0.0327477351232 0.0602983243228 -0.0117861432423 -0.00627577817976 -0.692172335998 -0.0920398286098 0.0326257063596 0.0279495457214 0.0297269910478 -0.0297390730628 0.0446654409693 -0.0197511088559 -0.0114702261915 -0.0332410311108 0.0330303018919 -0.245613084722 0.198321876424 0.0363656789846 -0.0236583789757 -0.182758601474 0.044170651758 -0.0320744209597 0.0505413172501 0.000688237794322 0.0559955556965
-0.580381991719 0.0673546454867 0.060650419049 -0.00726965148254 -0.0307108595117 -0.0374894396752 -0.00397940599082 -0.597131237387 -0.0724550656003 0.0176983539486 0.0173631083368 0.0401040663327 0.0106257526221 -0.143105351323 -0.0694014135738 -0.0455343152851 -0.11009800887 0.0291559749735 -0.300728944826 0.226648734637 0.048285403203 -0.019650184826 -0.298302856384 0.0766021454708 -0.0182188895345 -0.0868069456066 0.0228747088917 -0.0162462409568
-0.628694611119 0.0903434892317 -0.0393191174174 0.0430650305395 0.0522639143378 0.0329507663229 -0.0127107735333 -0.613316214462 0.0404446355549 -0.045740739243 -0.040276025694 -0.0223972579799 -0.00487152393348 -0.121297014461 -0.138034463396 -0.0458817417096 -0.111716454033 -0.0133299134998 -0.199105311504 0.262437947432 -0.00322813966052 0.0124398310366 -0.21201003831 0.0320013289811 0.00809436722189 -0.00137639184157 -0.0047922296248 -0.0624104900929
-0.576445681048 0.0048794343481 -0.0394395028217 -0.0106108770789 -0.00176057826016 0.00237803287124 -0.00638093260964 -0.734694359618 0.0305350230988 -0.0883579823005 -0.0743542247062 0.00951071038248 -0.0076842961282 -0.0695425854023 -0.121310133389 -7.725564286e-05 -0.0696115173422 -0.0142123807016 -0.141907961057 0.222955012632 -0.0227431357791 0.0073755007354 -0.116766134704 -0.00431420943074 -0.00317293885019 0.0150064580642 0.0015322597868 0.0535403453312
-0.645623490393 0.0165165210926 0.0454280390566 -0.0465565906232 -0.00768161134324 0.0360057277839 -0.0159908179563 -0.675654620705 0.0374610500384 0.0416442800623 0.0560463602402 -0.0109281915855 0.0264339602406 -0.11765659921 -0.0104329548244 0.10225914072 0.0108554579466 -0.0175449561144 -0.122058464389 0.216399126583 -0.00559020273737 -0.00950172278575 -0.124388396857 -0.0113189740313 -0.0235965779184 -0.0661383530037 0.0148280869177 0.0775538438284
-0.677240232704 -0.00383474114148 0.0543044854909 0.00859664135722 -0.00774649760367 -0.034003443739 0.0338487443516 -0.643499015006 0.00425215405243 0.0215413108669 -0.0085540357103 -0.00609968445768 0.00153421849424 -0.0640167829892 -0.0109431398352 0.00360650826025 -0.0223204880053 0.027632707347 -0.189516920907 0.254268015248 0.0334700791484 -0.008479078845 -0.0296836211371 0.0484944592658 0.00548378046917 -0.0359810457104 -0.00338476140801 0.0971472060234
-0.103004077354 -9.18312680646e-29 5.41682110357e-27 -4.4891877025e-15 -3.21787270841e-15 0 -1.6841517525e-39 -0.103462501611 -5.05221200886e-17 1.10540932573e-14 -2.48352553597e-14 0 1.63888609592e-29 -0.48858874523 8.43937783745e-12 -1.04199023263e-11 0 1.03981114348e-13 -0.492482449072 -1.65426934565e-10 0 -2.61071166395e-24 -0.467973650447 0 3.22236036057e-24 -0.505053292146 0 -0.152805696163
-0.602029768252 0.0443370832357 -0.0689707647898 0.0139557804756 0.0340117130957 0.056419083221 -0.0100133007036 -0.542756086741 0.0339408188663 -0.0369705240834 -0.00965297379487 -0.024222097467 0.00070767387866 -0.159562336698 -0.0500014208244 -0.0801913121767 -0.0834126773674 -0.00384843421614 -0.342977903056 0.148280646995 0.0145992377507 -7.68426214463e-05 -0.33175040584 0.0834341167009 -0.00215950176651 -0.0907020755718 -0.019849671057 -0.146889223371
-0.667706320469 0.00902649276916 0.043551964865 0.0863020072811 0.00284821604731 -0.0384651143861 -0.0185315091029 -0.682768930346 0.0774160282305 -0.0518332702821 -0.0336055255921 -0.00740938866504 -0.019981493721 -0.0111884663441 -0.0183561916705 0.0352956719198 -0.014070386343 -0.0464934760747 -0.0900725542845 0.210703334857 0.0139760776297 0.00115382336427 -0.0673123138792 0.0508971370863 0.0217609184206 -0.0128007185794 0.00648591605035 0.0435886330882
-0.585752107498 -0.0850607174067 0.0413176755975 -0.037344586587 -0.0387609824321 -0.0141817598955 0.00910194268555 -0.66720644804 0.0728631253659 -0.0460930912013 -0.0341651537877 -0.0482546394908 -0.00722690913079 -0.0450405684799 -0.0840456157166 -0.0358369968705 -0.0968252795801 -0.0143109763666 -0.279565358155 0.229578420785 0.0259225207738 0.0119202243442 -0.173536849877 0.0455172476383 0.0043286874292 -0.0598153223732 -0.0259766003006 0.0230875542862