-0.0070816860767 -0.00439006257904 -0.0746180370177 -0.0674577260875 0.00250016233391 -0.0328793029957 0.0303194194318 -0.00445995386271 -0.0579596811726 -0.0112357408083 -0.0273147641173 -0.0375400220038 0.0146207967477 -0.336860508314 -0.6438206773 0.0814365626778 -0.204062212387 -0.00360530044657 -0.449756541686 0.417335035152 0.00168430700972 -0.0255131116373 -0.133257217799 0.0919427062003 0.0137704685868 -0.0448990675586 0.0119141801984 -0.00173003636671
-0.588527486295 -0.000740919858775 -0.115463634994 0.151786708397 0.00790687217382 0.0377673116766 -0.00455623782034 -0.445439292055 0.000452701349305 -0.00258285123143 -0.0050646184488 0.0153223545744 0.0241073339168 -0.239580495114 -0.479637528459 0.0515622041755 -0.125714886835 -0.0159805089065 -0.254589786147 0.175140638303 -0.0225630460434 0.00198366526932 0.00704495541912 0.0714067998105 -0.000206600289735 0.0868289496826 0.0353203064362 -0.0195358934856
-0.644115468202 0.0227834170833 0.154564108873 -0.180461246566 -0.0603844443336 -0.0754018186463 0.0113233192618 -0.422945199464 -0.0583352081694 0.00285484937687 -0.0412989241297 0.00970090287361 0.00462355222869 -0.288887707408 -0.310348775187 0.0441380648091 -0.141617644604 0.00449425858748 -0.263220576889 0.199424916579 0.0112224313207 -0.0206651030647 -0.053503676583 0.0557210890151 0.00876331358293 -0.129576557534 0.01190257394 0.0135742262601
-0.471373355965 0.0337316230807 -0.0885144962007 0.0988565551583 0.0445358802563 0.0241590752557 -0.00856114885281 -0.40880726015 0.042083236486 0.0128686460952 -0.0689141032553 -0.0299796604984 0.0287305877336 -0.309088080717 -0.379886608153 -0.0685216946927 -0.0846576923785 0.00538383699635 -0.390543603315 0.337759508838 -0.0128761980551 -0.0014483566007 -0.243559950026 0.0462656520593 0.00125228770451 -0.0240989396464 -0.0162436869868 0.0081182550697
-0.521208589614 0.0582582043551 0.0631384302722 -0.135708635027 -0.0265197031748 -0.0445183371744 0.0210470281094 -0.522007289293 -0.108740965325 0.120065371052 -0.0307457516713 -0.0279499070809 0.00763267235922 -0.117484908439 -0.282729020496 0.148730354615 -0.107709658393 -0.00640186042075 -0.361624051578 0.310212303881 -0.00012424772592 -0.0404587979752 -0.17422275208 0.0329588999827 0.0324933499015 -0.099480963419 -0.00321956444993 -0.0188400076058
-0.548634639578 -0.0571859376655 -0.0300189481092 0.0695337674141 0.017562095896 0.0194140185246 0.0108767986092 -0.545815390928 -0.0189156566988 0.0709321857124 0.0131514616512 0.0246090624113 0.0219432756155 -0.264112206373 -0.285072871492 -0.00683610336488 -0.0696554846937 -0.00958982682401 -0.40721482986 0.127678950257 0.00864320887092 0.0139928908644 -0.186125710232 0.0779905711488 0.00844156614894 -0.0709947917018 0.014563887877 0.0129897107971
-0.565566878888 -0.0594798505594 0.00348986339646 0.0606873312889 -0.0212170932817 0.00677538144882 0.00272414350314 -0.722762406728 -0.0744665625052 0.0831938612731 0.0228875858244 0.0175801794641 0.00237555510771 -0.119998886732 -0.270898001782 0.0691349846441 -0.0640831100794 -0.0139637633347 -0.125205466147 0.102043116018 -0.0233316820513 0.00146823569655 0.0647653012497 0.0244852487752 0.0051137107878 0.0782964072982 0.0391249158249 -0.0268946585102
-0.675093929096 0.0729424399276 0.0136787037085 -0.120771992516 -0.00774494816224 -0.00691412099863 0.00477731521643 -0.618974720724 -0.0841543772496 0.0327084300028 0.00141053522728 0.00434417503504 0.00226305359718 -0.198904603039 -0.217972472843 0.030162185092 -0.068298586966 0.00112190019616 -0.140487149701 0.128367973723 -6.85116126905e-05 0.00330478593252 0.0334287529946 0.0280206979557 0.00945632221012 0.00353960417841 0.0271192454677 0.0331633110523
-0.264837305385 0.00790240477584 -0.00344242719269 -0.0289197717885 -0.0707337154751 -0.010739668062 -0.0126674630023 -0.245193059818 0.0120612042866 0.00698680574742 0.0288678429817 0.00237389518916 0.00360334193439 -0.386362366926 -0.0169093244199 -0.0735323968169 -0.0208477563399 -0.000699507769924 -0.69648247562 0.0188002856255 0.00354180543208 0.00188751191543 -0.434615994695 0.0270490399173 0.00594568919028 -0.178835504709 -0.0020136015612 -3.12994038543e-05
-0.521074643529 0.0371887521925 -0.0143277482639 0.0698444045851 0.00106091496683 0.00571545868312 -0.0103101502496 -0.57429770922 -0.000894410862871 -0.0637524718922 -0.0766547974379 0.000126746085838 0.0236165118757 -0.31114406473 -0.230539034377 -0.051462055137 -0.0781364152922 -0.0127463105379 -0.420737957846 0.139805319275 0.00519751799411 -0.000281839625978 -0.146752978112 0.0517065650493 -0.0127981271156 0.0383457689636 0.00286972238742 -0.0154071015849
-0.567148801911 0.0737260098858 -0.0354089250488 0.0306844354342 -0.0108410989001 0.00304112758595 -0.0066877771908 -0.739121181073 0.0678858777422 -0.105880655708 0.00312973176353 -0.00137348656813 -0.000889689170417 -0.113548280005 -0.233272851614 0.0613317567571 -0.0469370000326 -0.00819852407171 -0.0777288156865 0.0782753546644 -0.050996420057 -0.00468029140273 0.0956387701099 0.0242694201568 -0.00410801289892 0.0958181468313 0.022819249774 -0.0286519528355
-0.686804226011 -0.0774574047632 0.0302215340361 -0.114568199801 0.0249410890153 -0.0263750295154 0.00946387127788 -0.636990685382 0.0763097801707 -0.0510207947279 -0.0110386575644 0.000679718954891 -0.00663138577221 -0.169417857087 -0.142800122534 0.112152713587 -0.0564265886761 -0.00171995765084 -0.0734725598276 0.115702296303 -0.0371923542502 -0.0121122603 0.0798075300169 0.0121012800972 -0.00445257702106 -0.00305837683873 0.00679224775537 0.0271744890464
-0.352255361121 -0.0029725120542 -0.0152812736773 -0.029134302462 -0.0338375692749 -0.0189893657094 -1.36929886529e-05 -0.397117324426 -0.0991988265147 -0.00590686508784 -0.0258203561857 0.00396714027128 0.0202801795226 -0.285818458392 -0.0505113105651 -0.109958767961 -0.0528617019099 -0.0136766289591 -0.506239019771 0.101497581985 0.00684521344489 -0.00517259880544 -0.552620518977 0.0252696430697 -0.00485222927673 -0.177381245852 0.00248117345521 -0.0340176373523
-0.554693168029 -0.0578877971219 0.00783815498827 0.0915739998492 0.0546888557252 0.0108384160675 0.00756189402224 -0.500095277442 0.0182848742406 0.0865990489128 0.0083687580644 -0.00775799533638 0.0225553987107 -0.317098070917 -0.275025269258 -0.116014247422 -0.0503090786712 0.00534655484767 -0.374092298788 0.179566765259 -0.00199665382757 0.00540786475282 -0.229576749504 0.0321099482324 0.00599545977725 0.0152338727114 -0.00419762848393 0.0181685088129
-0.544179786087 0.0096063517147 0.00203460570002 -0.018341608663 0.0181172423167 0.0018677729188 0.00808324221938 -0.688839390544 -0.0604189126959 0.0994673026876 0.0184437322162 -0.00376172371188 -0.00173131742342 -0.235606684621 -0.248598749329 -0.0357573609921 -0.0560228186521 0.000229129379469 -0.216504207153 0.174873598873 -0.0318340653388 -0.00248457417637 -0.111499532367 -0.00262003197839 0.0120090618409 0.0429516410559 -0.00204429447215 0.00123434766153
-0.549043018532 0.0621079106152 0.0193754669312 -0.0567159488139 -0.00891601239803 -0.00444284747893 0.00639454102773 -0.709257518713 -0.106060015339 0.0861282395811 -0.0355228335066 -0.00168310656432 0.0192752644968 -0.0446496162428 -0.171693996096 0.0675361258238 -0.0601107403446 -0.0167734001295 -0.271878766407 0.21820629013 0.00467514592608 -0.0139281985683 -0.0429769277964 0.0234531068071 0.0271791943451 0.0516646127926 0.00490973426561 -0.0103762474836
-0.370880912425 0.00786198723609 -0.00413327590443 -0.021132542805 -0.0359162274816 0.00332303601808 -0.0112999564057 -0.378735137373 0.00433453320046 0.00401114027627 0.0213730786828 -0.0121498963678 0.0332324246608 -0.268434064469 -0.108165129 -0.0252902353236 -0.0562632904816 -0.00176689066128 -0.641319624649 0.131411602782 0.0130290309566 -0.000865325912913 -0.44230255668 0.0265354831228 0.012993505168 -0.0443282519066 -0.00375227526573 -0.0230299291382
-0.395644597348 0.0302229775635 0.0182478934897 0.05723810864 0.0400916725365 0.00856492208975 -0.0172041151736 -0.397828130562 -0.000805298371052 -0.0392431835667 -0.0427333125048 -0.0203306327968 0.0163008897397 -0.434074441948 -0.251191397213 -0.117553420614 -0.0413424874317 0.000225535879338 -0.479570435881 0.139870721912 0.00395228075794 -0.00326828329562 -0.376027414505 0.0495051143678 -0.0110762205954 -0.1171385759 -0.0183356884449 0.0012441222061
-0.531948694375 0.0741683887804 -0.0525840128294 0.0255169072286 -0.0272959392534 0.00771797023441 -0.00114635651828 -0.714077355966 0.115451732972 -0.0544696455724 -0.0317621860393 -0.01194633891 0.00243301098824 -0.111587650055 -0.205728820187 0.0256199948335 -0.0431483686019 -0.00666657298489 -0.221989555975 0.237454112685 -0.0201097864146 0.00446592312667 -0.117398877854 0.0292434308391 0.00246645618033 -0.0348400510365 -0.0109777890704 -0.0232912868978
-0.597673393319 0.0615942379736 -0.0203080129214 0.0794687512135 -0.0603474410233 -0.0253443445088 -0.00127452234619 -0.663677238508 0.0729153298877 -0.103471589262 0.050718615678 -0.0051181507762 -0.0017461019985 -0.10290944074 -0.116758164303 0.0824749428105 -0.0524069268953 -0.00869090795148 -0.23021343273 0.254135193542 -0.00299924166277 0.00765804026923 -0.0425487298259 -0.0248047273672 0.00559482153773 -0.119732498342 -0.0146066421239 -0.0195796949812
-0.616859817935 0.0690893970132 0.0797119090974 -0.069874130893 0.00605507947237 -0.0227581393108 0.00487251774298 -0.595216651017 -0.046859578318 0.083582803149 0.02917582051 -0.0433474703693 -0.0149086321685 -0.119289527648 -0.124124113457 0.18800448046 -0.0634931627487 0.022502685701 -0.216130480327 0.101480592512 -0.0219095125794 -0.0422469309733 -0.204041240636 0.045990898094 0.00720641396343 -0.252639832013 0.00495287931279 -0.00561654337302