-0.0271927723479 -0.00611658680403 -0.12836882734 0.0695064245176 -0.00995360154672 -0.00870404069831 -0.0126198071731 -0.00798654504189 -0.0129165497147 0.0477586301471 0.0208072062934 0.0329495151767 0.0445845199185 -0.0898252178288 -0.251163642171 -0.0128230527373 0.0202250255594 0.00250836080164 -0.505697281652 0.688689914701 0.0147185211657 0.0100605156863 -0.41081329015 0.0225938006163 0.00593726957023 -0.00298056564598 -0.012552602603 -0.00296642129148
-0.435153113927 -0.0769510922951 0.146535082532 0.113058288377 0.0451518308336 0.0333947196458 -0.00220021717547 -0.431491319327 0.0698766216905 0.121533412238 0.0631830570469 0.0420030221188 0.0420628206403 -0.284002313605 -0.0902518259802 -0.0448355864208 0.0432276988515 -0.0055850022157 -0.427843189854 0.448388936102 -0.00532277589505 0.00624742971193 -0.27507331135 0.0208474505263 0.00190627714172 0.0250955662712 0.00943207513043 0.0154422553624
-0.453772201409 0.0676172512923 -0.0788953158752 -0.0862728301993 -0.0718040115001 -0.0493663627019 0.0117675994914 -0.515109301203 -0.0333983995378 0.148156830163 0.0845164518705 0.0514795762519 0.0289479638141 0.0501797892356 -0.151253845156 0.0537852816809 -0.00614476712062 -0.0153797872213 -0.320627774873 0.471136254053 0.0273839134745 -0.00241472717417 -0.31426142277 0.0149007652416 -0.00385951184894 -0.122858972431 0.0207548968541 -0.0217448450781
-0.471027339575 0.092897467995 0.0582963460338 0.155508076349 0.124653007425 0.0653914954311 0.00405256392913 -0.349330468566 -0.0541664145395 -0.0959464950455 -0.0653554975716 -0.0185330331227 -0.000370106265961 -0.216957145304 -0.151485455788 -0.140986950794 -0.0231433660859 -0.0055266155028 -0.436101185339 0.417590049234 -0.0148813588471 0.0048267377953 -0.356225312427 0.00664993347811 0.00425548903295 0.0284718750272 -0.0141918582912 0.00785796491944
-0.504175682484 -0.0733025935496 -0.152686362188 -0.0874347301311 -0.112778601312 -0.0567580605885 -0.0412485135128 -0.475827173977 -0.0654843243896 -0.170870500821 -0.0524501510071 -0.0505851684285 -0.00227904371431 -0.0487426056305 -0.268978612722 -0.0118261137211 0.00418927406601 0.0267456189834 -0.373002657 0.353890532667 -0.035068535754 0.0105526715814 -0.282421182691 -0.036711965368 0.000644120512342 -0.0248404225255 -0.0510461424534 -0.03131838865
-0.500267455348 -0.0909760702934 0.0546944372497 0.0677171876162 0.0251012369554 0.0305642166605 -0.00423396206281 -0.570996300407 0.062507441094 0.0895087213225 0.0551544204293 0.0295838230341 0.0049060231748 -0.275132545915 -0.0777613020543 -0.0404832485629 -0.00913637207335 0.000604397194027 -0.340771406876 0.343792084663 0.015720812182 -0.00212191890639 -0.262476037557 -0.00405901417073 -0.00389308579529 -0.0562605785672 0.00641096281023 0.0151851882549
-0.433857007476 -0.0114960641372 0.0382085236959 -0.00594741893407 0.00749168299932 0.00561796580344 0.0031635219853 -0.671881807505 0.0974645812221 0.147873710672 0.0380803323519 0.0273820360617 -0.000201586190597 -0.264229816959 -0.0631748855471 -0.0468158195972 0.00407057188926 -0.00265314632065 -0.302084024649 0.319109084402 0.0102959238889 -0.00341074311825 -0.234550298372 0.00903511423318 0.000310211295333 -0.0154094684416 0.0207892989089 -0.00773910600491
-0.530173941903 0.0316762097909 -0.0780385214914 -0.0170575314809 -0.0403833461008 -0.00444624931764 0.00406109729035 -0.675672653285 0.00978316307321 0.109009898176 0.0536219966822 0.0505855184746 0.013223917259 -0.145574825338 -0.128193199804 -0.033760892747 -0.00212782338498 -0.00906980784458 -0.244107200629 0.275147777614 0.0213377896984 -0.00195878594514 -0.242928838782 0.0370967337371 -0.00426534621494 -0.013769312056 0.0199757358053 -0.0118064835439
-0.355259296676 0.0174665498752 -0.0597942430774 -0.0591851227747 -0.0375669582346 -0.00753007691574 0.00465911380912 -0.360932398405 0.0455878076189 0.0692514496236 -0.0111859292385 0.0503166055198 0.010877103777 -0.253707465695 -0.138266929616 -0.0914697957123 -0.0173333815249 -0.00579245945364 -0.48602236437 0.0510750522182 -0.005174261252 0.000620049648783 -0.523912418977 0.023059500521 0.00354602176008 -0.344549208629 0.00733053269013 -0.0126687851857
-0.650471048028 0.0401442434518 0.0896187073678 0.106117873979 0.0709047333904 0.0308381995044 0.00195781423249 -0.484406554378 -0.0454480877903 -0.00175119068281 -0.0283078532841 -0.0147871689529 0.00106670352052 -0.258689541495 -0.12818567444 -0.0603628760622 0.025119519087 -0.00497408473784 -0.32730486823 0.299466809549 -0.0133800170641 0.00986661395752 -0.163635635801 0.0130730997395 -0.00119486606829 0.00803778459507 -0.00992655848141 0.0203228655925
-0.52853172541 0.0214741488765 0.0549446400285 0.0486132134654 -0.0485898400786 -0.00677756249283 0.00634162883052 -0.550897793978 -0.0896743233347 -0.00867040858364 -0.0135705646066 0.0129529292207 0.0309061244946 -0.225693011855 -0.157252764938 -0.0739876093595 0.0162373599304 -0.017740925973 -0.468437592609 0.168372872334 -0.0861479660375 -0.0114811731583 -0.237341219013 -0.0281475204644 -0.0151281296781 0.0705078705386 -0.00279905659286 -0.00810044447772
-0.635921895143 0.0120048458559 -0.0957264999311 0.0196378921577 0.0366723730989 0.0115242952483 -0.00454770491253 -0.558586389246 0.0109331470735 0.0106858083173 -0.0306351096055 0.0272123237892 0.0305111364802 0.0444394855889 -0.0901233438871 0.0980716858502 0.0250198692265 -0.000341681691573 -0.338365529429 0.212447143727 -0.0491077466897 -0.00187378861143 -0.281096061349 -0.0732062870095 -0.0056189966343 -0.0145841342544 0.00677796167773 -0.0500351732264
-0.621304839247 0.0873492972302 0.0596875733401 -0.0187594845498 -0.043800533576 -0.0225293084466 0.00333000048859 -0.620603043279 -0.0429021152789 0.0481112904117 0.0261666688689 0.0351670359334 -0.00508597575642 0.138667415452 -0.104814516345 0.0315441526888 -0.0121428607106 -0.00640854133559 -0.145730334558 0.31130026106 0.0349854245195 -0.00695501145056 -0.164592814358 0.0220670900964 -0.00808801815647 -0.1730321368 0.0158901827483 0.00981898045276
-0.611767946909 0.0486313821544 0.021087739355 0.0911955242552 0.0770450353881 0.0476834421114 0.00797120426705 -0.436740302432 -0.010994172521 -0.0275489959856 -0.0211635581419 -0.00795955486826 -0.00324999447078 -0.260602403893 -0.139741660415 -0.148634918793 -0.00542339221997 -0.000841852141745 -0.3678774225 0.299854110801 -0.0024339425623 0.0108613557035 -0.280422018879 0.0186864903907 0.00659055971619 0.00232218997754 -5.18663675733e-05 0.0151072988449
-0.496831368133 0.0239678128128 0.0719442504644 0.039866756158 0.0143577838113 0.0110607980971 -0.0140045667614 -0.496055439109 -0.0650662373739 -0.0356323775272 -0.0188579608662 0.0172247022619 0.00760648182964 -0.236101553677 -0.107617975728 -0.120724905013 0.000170005565034 -0.0200243241305 -0.452535916828 0.232020429858 -0.0900029092512 -0.025215974181 -0.366112980155 -0.0773294857564 -0.0225154014122 0.0408495510531 -0.0273790880641 -0.0201555350482
-0.518637450724 -0.0170681241276 -0.0727598371691 0.0233194526804 -0.0287696760084 0.00867789922968 -0.0027696244975 -0.509083028903 -0.05892869414 -0.0233868182361 -0.0100532406785 0.0188467140407 0.0127993130099 -0.294641607273 -0.153527456504 -0.15909276742 -0.00100343213686 -0.00950480456731 -0.365112397462 0.214530536242 -0.0818694495776 -0.0145825643344 -0.35243415754 -0.0760201568449 -0.0150631356612 0.0494947214165 -0.0450269738612 -0.0586977007483
-0.671213100709 -0.0260097015285 -0.0770855436129 -0.0877985488175 -0.0531598845766 0.00911553067847 -0.0122060435405 -0.576429055545 -0.0234872036688 -0.0274934509284 -0.00487103118274 -0.00457116051166 -0.0152046253987 -0.0125995516213 -0.185415268444 0.110599796393 -0.00310574434343 -0.00158061851666 -0.249312681144 0.161463592101 -0.0392170459533 0.00495401463773 -0.206207679885 -0.0495336201646 -0.000790094651845 -0.124017676683 -0.0316591292849 0.0174213266511
-0.446748500646 0.0292959599511 0.0316272211942 0.0557658127103 0.0729230690246 0.0290414053808 -0.000548750419196 -0.416310710925 -0.0028433135544 -0.0476061681674 -0.0279467757904 -0.0143955488132 0.0064619517722 -0.249640457909 -0.121818247243 -0.137472914161 -0.0309023874339 -0.00224315692922 -0.497138136565 0.197738603592 0.0235712216319 0.0027075261714 -0.471660869997 0.0446976947468 -0.00181804380739 -0.0615014106476 -0.0102434616718 0.0220390572575
-0.524441778336 0.0781515850083 0.00776263809021 0.0589598132597 0.0321381031741 0.0206168533523 0.00222933532076 -0.62942183805 -0.0243450060929 -0.0983389927462 -0.0786622232643 -0.0117610438573 -0.00759353888764 -0.122208020791 -0.146978967873 -0.105380446735 -0.0302226144708 -0.000661789171334 -0.308416776037 0.280923101352 -0.0372369286123 0.00123238896475 -0.274893938978 -0.0174427465318 0.00600006166536 0.0274928634225 -0.0183063284853 -0.00732956725304
-0.500881081279 -0.0238154179909 -0.0485105569612 0.021117323853 -0.0108603572884 0.00957025547771 -0.00718937874709 -0.624696600556 -0.115941268001 -0.102572011336 -0.0579544023485 -0.0174111511048 -0.0163946500573 -0.145861898522 -0.0836544396269 -0.0436838636346 0.0398670320798 0.0171076487826 -0.345738682556 0.232202988085 -0.0684510472883 0.0185692343712 -0.326416838594 -0.0734160973518 0.00801368174054 -0.0269186176397 -0.036117535946 -0.0526454611306
-0.569729828333 -0.105444624092 -0.00830004297617 -0.0598203967887 -0.0581426514908 -0.0192347407715 -0.00426746020094 -0.610366943383 -0.00184870052143 -0.0708622040754 -0.0674906641383 -0.0132389931694 0.00830302336563 -0.0850412863845 -0.221096719928 -0.0790505221905 -0.0515550243672 0.00978551058913 -0.262211462017 0.261653191116 -0.00666470212672 0.00334153637052 -0.213966480924 0.0252795233668 -0.0109833344105 -0.154769961698 -0.0390344323732 -0.00955577798689