-0.00075957390706 0.0020551157759 -0.0194803484006 0.00507296989704 -0.0125059535831 0.0104430987748 -0.00412253611221 -0.010184556667 0.0886250118043 -0.0202358831564 0.0147096654968 0.0134669300677 -0.00592009487292 -0.291734638472 -0.369870095814 -0.193214120653 -0.155130825325 -0.00970676690527 -0.508745105668 0.538237736007 0.0397526102291 0.00122055729249 -0.389439030516 0.0561239707797 0.0086207249337 -0.0451184497022 0.00875008885993 -0.000494565723581
-0.559577504555 -0.0634576771146 -0.102094703994 0.130815510628 0.0916972282423 0.0634460628766 0.0164093776204 -0.392623450394 0.017131444754 0.0844388089926 0.0541883295363 -0.0141805021605 -0.000128614000888 -0.134926407242 -0.287501018433 -0.112930902796 -0.0936288914514 -0.0107350379137 -0.388553006222 0.342926895771 -0.0175727221411 0.00130979109886 -0.279515748235 0.0321701540237 0.0173567894283 -0.0781904478637 0.0305372877415 -0.00131407514917
-0.570112383134 0.0725235648192 0.116957056128 -0.133439607519 -0.0983602353824 -0.0364706685342 -0.00866892304053 -0.406357307717 0.0355056334482 0.0947931685156 0.0592388228297 -0.00716401579081 0.0241603822454 -0.221469764377 -0.228364805053 -0.122583384252 -0.107355253521 -0.00118076398346 -0.323321091059 0.372053369818 0.0080026471833 -0.0140182737139 -0.270714777012 0.0237226834005 0.000790026111363 -0.0269043217131 -0.00103203487339 0.0456292903274
-0.537332521187 0.0666896649489 -0.0508334013265 0.133659825487 0.131950107833 0.0632190397352 -0.00313273931488 -0.33274799646 0.0113579707287 -0.0627596249029 -0.039132274316 0.0233826253262 -0.00608698001062 -0.23027301758 -0.256029461882 -0.12290512875 -0.121295746508 -0.00409391221662 -0.438536987599 0.345473522003 0.0111918380719 0.00335004711077 -0.276550766513 0.0352494327024 -0.00442237045622 -0.036895402219 -0.00223518803221 -0.0934462633722
-0.571434885494 -0.0982752632976 0.0794827555437 -0.0887045303375 -0.191540621864 -0.0619441598319 -0.010050002073 -0.382323589304 0.0468495945104 -0.081577735424 -0.048758267655 0.0045343464002 -0.00218653640386 -0.294151755513 -0.177246908038 -0.116542127683 -0.0908187059706 -0.00337655831108 -0.33834167711 0.309542300897 0.0774378432396 0.00842397229753 -0.305675573892 0.029346574295 0.000272120578412 -0.0161640038368 0.000845495655616 0.0294146841155
-0.527832610495 -0.046036706613 -0.00107732341469 0.047718522661 0.0726106951178 0.026008796918 0.0182403211697 -0.475702870696 0.00822325800808 0.0272991663198 0.0501965832698 0.00370889934376 0.00132888484206 -0.199098923113 -0.106510236373 -0.0780922935344 -0.0634577299491 -0.0127744178014 -0.499152197023 0.298289386879 -0.0164660844893 0.0180106821691 -0.280409439228 0.0101045811338 0.025541336757 0.0340943824961 0.0219050606232 0.00692098140433
-0.552856737859 -0.0489210392734 -0.018146192443 0.0326985092086 0.0137716564859 0.0142408297436 -0.00265127088951 -0.69589788166 -0.0552540766853 0.0775657430965 0.0612704778316 -0.0126136720271 -0.0156505640073 -0.0251642420795 -0.131710058283 -0.0413861851099 -0.0295918196274 0.0132361309343 -0.252621467547 0.224042238263 -0.0383814681199 -0.0172837921301 -0.222714563931 0.0118950342049 -0.00170891874725 -0.07011968459 0.030213051091 0.0234969656176
-0.530729192055 0.0138766448859 0.0201741115004 -0.0376733564791 0.0326259999714 0.00877907335752 -0.0031921291357 -0.673053829242 0.000260314374634 0.0911454261521 0.0750969507268 -0.0181179663323 -0.0040593127574 -0.0905561457643 -0.173527470725 -0.0256221991809 -0.0531880130709 0.0104004503419 -0.304245332681 0.259506777139 -0.0486402193335 -0.00935051295329 -0.20557989245 -0.0241658916997 0.00133618345651 0.0180328349463 0.00975880346149 0.0180348814391
-0.533492787069 0.0520363075669 0.0207912312944 -0.0322119803556 -0.0509577607391 -0.0429925489086 -0.00591365908693 -0.514216995818 -0.00693372153187 0.0194840847504 0.0500174896135 0.0304580303359 0.0165887627713 -0.23360472506 -0.130138812204 -0.0925213606743 -0.0856931358741 -0.00237112678744 -0.451807722415 0.199893539691 0.0330922874322 -0.00977965095491 -0.315956566134 0.0619742215229 0.0021268309581 -0.0191139968444 0.0309182636158 -0.0220531105551
-0.597365966059 0.00755800990846 -0.0587017114841 0.0319687189412 0.0638522446238 0.0481441523263 0.0053400106826 -0.404333882585 -0.00687402995653 -0.00643449496034 -0.00980038922589 0.00284288964108 0.000448370779806 -0.161212703594 -0.198554252679 -0.0944597107184 -0.0562799975388 -0.00970525948328 -0.418943710711 0.317112307062 0.00343902218226 0.00682189362872 -0.290332594976 0.0446866072252 0.00500185133959 -0.149162442103 -0.00836030534966 -0.0785001104043
-0.511438371364 0.00415582200419 0.00214826724647 0.0508119771998 -0.0421773314975 -0.0123277640253 -0.00431429287844 -0.516440875094 0.02767833619 0.0128153156303 0.000100046791446 0.0426899908888 0.00461807127624 -0.242601273935 -0.2446392954 0.0689951757783 -0.0295849967826 -0.0113896800808 -0.410597646131 0.0945730999362 -0.0653397894488 -0.000534051716576 -0.354746303781 -0.0786638090992 -0.00350446688688 -0.158984817082 0.0129013250029 0.0251249897604
-0.529386610433 -0.0143224724908 0.0894429121097 0.0383520468425 0.0441130889119 0.0121212844343 -0.00643410545209 -0.512925818723 0.0466689528658 0.0487824075332 -0.0373715677015 0.0147309240917 -0.000577439352477 -0.296335153973 -0.113350402368 0.00916199008289 -0.0330893717509 -0.00604578715577 -0.361015989752 0.048734813458 0.0171752747189 0.00467286511796 -0.387176386447 -0.0568417017473 0.000417534556516 -0.222436754732 -0.00730311370638 0.0332274149405
-0.697398469941 0.0155915848655 0.05762181994 -0.0527575144348 -0.0853574732919 -0.0445850286713 0.0018820085121 -0.501638343307 0.00832877137204 0.0486361031527 -0.0207406691595 0.00176260710571 0.0289403360904 -0.215090860065 -0.0773898697829 -0.0934366329227 -0.0934728395501 0.00400347861646 -0.217593484435 0.255441865204 0.0410555875213 -0.0133911116008 -0.227331053881 0.0222237442749 -0.00646441376004 -0.0282356361029 -0.0442865000037 0.0590916720435
-0.530474702637 0.0248135905785 -0.043985498456 0.0394448499747 0.051258097611 0.0502179324391 0.00464165318251 -0.406016283824 0.029803407426 -0.011744093685 0.0112868622266 -0.00685747444688 -0.00512027942481 -0.292464829235 -0.190334015643 -0.108378085015 -0.0578923803583 -0.00206363843153 -0.444732657725 0.289497490932 0.00683016278018 -0.00333300756848 -0.279421880631 0.058791413214 0.000108426785938 -0.116880172097 -0.00516781083248 -0.171769432952
-0.526024806935 -0.00890333342847 0.0287024828261 0.0594657698944 0.0047260239429 -0.012162779561 -0.00306901820116 -0.526038662676 0.0166377454822 0.0251640038702 0.0325310691034 -0.00152612446503 0.000892345310992 -0.273949495213 -0.158777435653 0.0332487691256 -0.0476744851987 -0.00434954813804 -0.445280958495 0.0970197386045 -0.0762506104043 -0.0121969565659 -0.329513212055 -0.0709498077594 -0.015552899026 -0.0930602026933 0.0111680536504 0.00666581109234
-0.628751917602 0.00731853668705 0.0742215393142 0.0231021217245 -0.0866307847121 0.0416818548695 0.00326517911587 -0.574106876463 0.0319065384358 -0.0265987961227 0.0672339264153 0.0224126738455 -0.00684316621531 -0.243539593876 -0.105178585758 -0.0771839552987 -0.0176792362057 -0.00325501182218 -0.242723037256 0.0911744350727 -0.0139075086003 0.00413734372912 -0.314484856307 -0.0873056638444 -0.0152487777473 -0.031774596475 0.0192374883709 0.0264688216459
-0.53131935295 -0.020565449409 -0.00557123734066 -0.0473259023026 -0.0329859870431 -0.0551978054324 0.0113923307052 -0.508333720031 0.0378898093239 0.0319291635245 -0.0588567918402 -0.0198841758008 -0.0448094840168 -0.23375331729 -0.10261854701 -0.0267070597473 -0.0570934315964 -0.0107661516945 -0.296830360765 0.225258652443 0.0866342780727 0.0060410211952 -0.473473750839 0.0536449363597 0.00770955669867 0.0191845100098 -0.00980864541547 0.0280196514425
-0.375116932291 0.0165138971557 -0.0241105532952 0.00432717672107 0.0279627580539 0.0348722067796 0.00258678554986 -0.365332360666 0.0167511099572 -0.0115949333492 -0.0173091806887 -0.0189004269731 -0.00494117668881 -0.243220463592 -0.106826942903 -0.0747073129797 -0.0674766283595 0.00320056756815 -0.536540462619 0.17353701272 0.0293655057071 0.00763858163184 -0.529831923494 0.0390623663925 0.0117962456718 -0.0905228291553 -0.0092057346053 -0.17763913376
-0.549644627417 0.0406699634741 0.0449816572717 0.0416564231259 0.052117985014 0.00660256843923 -0.00269546766182 -0.613395299662 0.00166726475464 -0.0709249377777 -0.0762075081307 0.0290592765207 0.0190951144633 -0.132574537189 -0.119203232607 -0.0191285607227 -0.0627984404229 -0.00312875881134 -0.370347107485 0.204725535065 -0.0237132893429 0.0104154442513 -0.286839123677 -0.0401756739227 0.0025066403916 0.0400711567343 -0.00487811663036 0.00598270726307
-0.551492801545 -0.0608124806739 -0.015698804223 -0.0265580603599 -0.0914744069073 -0.0126427964033 -0.00398385906265 -0.555124886705 -0.00965353913154 -0.0610258907567 -0.0659766852192 0.00769316685214 0.00639437472454 -0.184684793913 -0.147984661179 -0.0150662145598 -0.0555030226576 0.0064946777247 -0.450028218833 0.239147446721 -0.00347393712016 -0.00420295377072 -0.214567402326 -0.00591019011026 -0.00424095704228 0.00477140315358 -0.00210592539991 0.0316997618371
-0.285754064377 -0.0237577852545 0.0430191320781 -0.05753268574 -0.0227552780336 -0.0264761209719 -0.0144803626816 -0.285247054834 0.0572344329265 -0.0475152566043 -0.0139202731039 -0.0013973961619 0.00549868923881 -0.368572322874 -0.108313312956 -0.0581255362796 -0.0175163898159 0.00190349039448 -0.543119911202 0.0279249936099 -0.00141584214624 0.00300295539782 -0.542381255981 0.0100038713007 0.00201678829014 -0.286612735738 -0.0241571032676 -0.00416104397573