-0.0040820230662 -0.000813535647522 -0.0268894253217 -0.0715260827861 0.0176556431829 0.0167155151806 0.00161319944812 -0.00146398204001 -0.0259725784129 -0.00616541765865 0.0077724920774 0.0194486992508 -0.0231216784698 -0.229068297102 -0.48292128161 0.354608497842 -0.156853654701 0.00478308767289 -0.37178537254 0.576584350123 -0.0222016418067 0.00360073508221 -0.284626744967 -0.0530824381364 -0.000949455595014 -0.026258600171 -0.0101409358891 -0.000628295168388
-0.439744751163 -0.0801284973614 -0.0538150669111 0.0359553852117 0.105397853329 0.0416621750084 0.00726461752096 -0.58181427643 -0.0360262176914 0.20839451546 0.0848462941336 0.000663909101802 -0.00351789862724 -0.246421605296 -0.272479304351 0.262288067784 -0.0885711345778 -0.00173962996236 -0.16775260913 0.327861546991 -0.00418638741578 0.000446016459458 -0.205377671351 -0.031910410975 -0.0037600887317 -0.0429192977548 -0.00973886922081 -0.016110013334
-0.44560054009 0.0800113104896 0.00965599082757 -0.0889262412876 -0.0718276870122 -0.0211713340233 0.00216172410537 -0.570361532544 -0.0594099043543 0.19061355402 0.117057890978 0.034017465915 -0.00655492310321 -0.138357261716 -0.278065412012 0.183848788338 -0.100210782753 0.000637152380901 -0.377944211127 0.287653817487 -0.00820823160084 -0.00377638272351 -0.185310924716 -0.021655504185 -0.0068150261473 -0.00333487167137 -0.0173572964149 0.0143129596328
-0.514996792327 0.106384670766 -0.0861788642867 0.0661325180982 0.136256072134 0.0431676387563 -0.00983640351867 -0.58394096045 0.0495730095729 -0.198107691624 -0.0839428364369 0.00400295778373 -0.0115616952599 -0.0929394236534 -0.262693420153 0.170127396245 -0.0664512115196 0.00470431111932 -0.198696174057 0.302556587519 -0.0258603413091 0.00294139685808 -0.230373548976 -0.0671773644615 0.00677105072352 -0.0229779851647 0.00493375166547 -0.0184198473197
-0.52558025869 -0.107480720035 0.0618359807595 -0.137589099244 -0.110732903037 -0.0497597542597 0.0108710233183 -0.53422888816 0.0522843081976 -0.159738941685 -0.109683685257 0.00669614038058 -0.0135506013453 -0.123115238651 -0.24973370722 0.160798164052 -0.0949357138018 0.00343850644934 -0.319360127674 0.265169155702 -0.0240114417663 0.00538827119388 -0.244989479086 -0.0562031971455 0.00207625942963 -0.00501178554422 0.00226342002773 0.0128022665776
-0.335364279467 -0.0154716630048 0.00425451904536 0.00103119436536 0.0241745774761 -0.0180760975544 0.000252484462829 -0.332889353192 -0.00108349060954 0.00917121251026 0.0281153584939 -0.0113174895746 -0.00229275105249 -0.25197928151 0.0243374338614 0.276296537529 -0.0146114753087 0.00105972912287 -0.770878821677 0.081549240294 0.00727426728055 0.00111397295103 -0.163746353946 -0.0578546917402 -0.00117532092262 -0.051646582245 -0.00772528133576 -0.00702148537604
-0.359983080156 0.00730148170427 -0.00855679995046 -0.00348991514974 0.00609530585857 0.026042830842 0.00282115904717 -0.380027408313 0.0111613852355 0.0177522172006 0.0440039402905 -0.0142510275378 -0.00694329495006 -0.0731105273793 0.0139523957836 0.106192584683 -0.0463862380403 -0.00312891683932 -0.828654903811 0.0774712757722 0.00741480299524 -0.00217034261345 -0.0874629067531 0.00506703655522 -0.00679082032028 0.0520240079987 -0.0139530179703 -0.0130616099957
-0.371358379994 -0.00765349995615 0.0106667930069 0.00204522778146 -0.00722768395956 -0.0253441911236 -0.00304830030761 -0.394029224688 0.0131624702566 0.0184507017204 0.0440817010523 -0.0158358992564 -0.0083533933956 -0.0833120675393 0.013684265266 0.11368693823 -0.0540563093835 -0.00386738524804 -0.815028901557 0.0766498384076 0.00826487090693 -0.00138337163377 -0.0922045077746 0.00471430742578 -0.00490054845188 0.0346240105942 -0.0125795024071 -0.00797911332073
-0.33928746559 0.0139421297552 -0.00233947139345 -0.00898362042022 -0.0189783687907 0.0211337926017 0.0045417628474 -0.341744684195 -0.00298374674277 0.0115623857916 0.0335504244501 -0.00920280983285 -6.377229209e-05 -0.266509735649 0.0200423244777 0.280082097654 -0.0172596478246 0.000589346155771 -0.757352613093 0.0695124581519 0.00217366941319 0.00036616236508 -0.174450605447 -0.0591096074593 -0.00244562057697 -0.0534494201271 -0.0120575893035 0.0102624307343
-0.591123971811 -0.0809841239549 -0.0011407149354 0.0586118265435 0.0676125214386 -0.00890620157949 -0.00304611676326 -0.556632447851 -0.023765228003 0.0819794978531 0.000560729413083 0.0163072240706 0.00321885465217 -0.260764466 -0.222525190356 0.232890442878 -0.0381134565393 -0.00123849299612 -0.123854641291 0.282392515101 0.0194239552281 0.00182985674627 -0.18464333834 -0.0527309997166 0.00110702479861 -0.113628858069 0.0042927243024 -0.00607335038778
-0.449499108338 0.0111942208891 -0.0515424216065 -0.0235768834285 0.00842104237228 0.00897643673481 0.000966479010605 -0.542910673071 0.0399599656342 0.110290906117 0.0333705365602 -0.0142904079631 -0.00116657984394 -0.274653323632 -0.184741083257 -0.0507828961624 -0.0236952647821 0.000841300517798 -0.142925769806 0.168040154451 -0.0359550555567 -0.00523000158908 -0.560527819059 -0.000949522496922 -0.00399028399636 -0.0874641026889 0.0060548801396 -0.00657297470284
-0.517639932785 0.0416366257471 -0.0338292395916 -0.0725546357826 -0.009976327321 -0.00084584534737 0.0039818480794 -0.550543057404 0.0538545324929 0.0891589748177 0.0522137490754 -0.00454768829459 -0.000608953095246 -0.174798674067 -0.145520393982 -2.74622424862e-05 -0.0139984616658 0.00666305903646 -0.217597923182 0.124401380624 -0.0505008265668 0.00028649713816 -0.531783881176 -0.0324637342224 0.000674879584515 -0.076770190651 0.00257691240593 0.00106885541705
-0.679521965616 0.0383622010432 0.013849013527 -0.0946118073064 -0.0698309721315 0.0185265614905 -0.00391858342181 -0.561925011063 -0.00681164898354 0.0416032391006 0.00722443398461 0.00369776354862 -0.0100377495018 -0.0835951339583 -0.216407786566 0.0979199114143 -0.0434806864724 -0.000733332398528 -0.275137233432 0.209363533573 -0.0259620207416 -0.00223166610434 -0.132903224924 -0.0226700826708 -0.00443828259718 0.00845530169535 -0.00948208952879 0.0287357198011
-0.67078933035 0.073473694245 -0.0356765418964 0.0560657869496 0.100538481126 0.0136638040339 -0.00209700581563 -0.563069854388 -0.0127404320262 -0.0892544534534 0.0134980739336 -0.0104565204603 0.000227973487175 -0.138324459902 -0.220822520521 0.169034983931 -0.0627020387909 0.00152294758091 -0.150842112345 0.238294166624 0.014203598771 0.00284245078922 -0.149195739403 -0.0288095656451 -0.00087363084047 -0.0327056940287 -0.00225384303474 -0.0120424767681
-0.459431402385 -0.00972228714946 -0.0117582097917 -0.00753150396788 0.000413605014055 -0.0329281112826 0.00689229535035 -0.522429152338 -0.0901137434747 -0.0543228882815 -0.0415154271458 -0.0105303379452 -0.00485751464598 -0.234566853591 -0.0320076623069 0.0327493654066 0.026049396455 0.00179982571903 -0.1620688911 0.150625570441 -0.0164106104146 1.40850635475e-05 -0.589184101709 -0.0243945235232 -0.000232443787451 -0.216398343406 -0.00517243000157 -0.00524180222068
-0.55578197422 -0.0191944919421 0.0207410598607 -0.0887720969804 0.0329437295104 0.0235223751006 -0.000140711232388 -0.537385088405 -0.0426076200612 -0.0531003086911 -0.076472636716 -0.0125223616746 -0.00567722206963 -0.173850805034 -0.153638694557 -0.00611144728568 -0.0353152420081 -0.00199553262651 -0.170495188361 0.130586589767 -0.0223044131648 0.0119135199786 -0.505998803225 -0.00594508520009 0.00379824473297 -0.152653349658 0.00465903176753 0.00679299692105
-0.641254100393 -0.0525236506135 0.0400413803591 -0.0609385609319 -0.104747445797 -0.0126810401977 0.0104441180863 -0.545582434276 0.017783572724 -0.0676714677571 -0.0142170730738 -0.0073343436774 -0.0012287341741 -0.0941007068085 -0.165267804819 0.112252852809 -0.0783069585735 -0.00063646543937 -0.390310470832 0.184684203882 0.00302987497698 -0.0030545963474 -0.150796518992 -0.0348417629387 -0.0104193451891 -0.0185731972007 -0.0111433575547 0.0275800382929
-0.434458071474 0.0179446807215 -0.0123663475341 0.0109351797267 0.0558277213414 -0.00103337063663 -0.00366332798375 -0.423176652573 0.0119008194751 -0.0146917598903 -0.0380273274168 0.00792345852328 -0.0100710098784 -0.209919769062 -0.0215239024081 0.252862619458 -0.0480501562107 0.00704476179756 -0.685889952549 0.114695723325 0.00697589588554 -0.000552340501326 -0.161804996915 -0.0614960532958 0.0061656036859 -0.0369827980674 0.020278024522 -0.0147648408239
-0.561617830564 0.00281422615032 -0.0116896784239 -0.0161380648852 0.00875279461181 0.0133680085772 -0.00195291219108 -0.671865490368 0.0376355582915 -0.078215337124 -0.103171547265 -0.0154155587195 -0.00517076312506 0.0159496872695 -0.107040314506 0.0818059173096 -0.0373152938637 -0.000396062097163 -0.365316401767 0.131099494894 -0.0324111891106 0.00935793867069 -0.186348423861 -0.0233678153255 0.0145561001071 0.0827880843417 0.000164564679131 -0.0126346135215
-0.547346712982 -0.0143221108184 0.0203152276894 -0.0309120273593 -0.0123343470149 -0.018378351135 0.00234796722594 -0.595655375709 0.0180259962134 -0.0582336860023 -0.0857110263219 0.000746965116048 -0.00810410192211 -0.018219467739 -0.0791048031341 0.0957864828546 -0.0422606191885 0.00434204438517 -0.509520943925 0.112635601062 -0.0170729570134 -0.00201752159572 -0.185689139052 -0.0193196155294 0.0124830206751 0.0844471303582 0.00441513015561 -0.00922430547472
-0.362814553285 -0.0129720133107 0.00898573053842 -0.00980093435807 -0.0381424829349 0.00575244021308 0.00216768996382 -0.360970818373 0.00709868279118 -0.00324739506709 -0.0339172106346 0.00725930560334 -0.00786774504901 -0.191817599486 0.0253577865741 0.205687862708 -0.0446642621194 0.00426951581959 -0.79151507177 0.0663888126184 -0.00783341655934 0.0008504265294 -0.138725582462 -0.0491863344997 0.00263029753712 -0.0207966616982 0.00861499743626 0.00101083618602