-0.00784298747956 -0.0110839675474 0.000218190950425 0.010083124099 -0.0777242578661 -0.0368153023795 -0.00147514511034 -0.0280523250568 -0.0618476700504 -0.0841920958105 -0.11746512215 -0.0103634611817 -0.0246735764166 -0.22116853576 -0.463071291948 -0.0562389519509 -0.0683981252251 0.00182196276403 -0.520529115298 0.545202362223 0.0385905335263 -0.00693899179722 -0.330692332624 0.120216788431 0.0184451031729 -0.0309927384908 -0.00778615320384 -0.00112457139631
-0.497282759709 -0.0526078203244 -0.0160550431772 0.133887027118 0.0763772651649 -0.0141515834055 0.00876074130248 -0.447949747638 -0.0654826444932 0.0487857007097 0.0544400192802 0.000507157022054 0.0131011579789 -0.30673998597 -0.302924768687 -0.055167730173 -0.0494429416753 0.00300226793689 -0.356470819682 0.392072173556 -0.0224830590991 -0.010665506948 -0.184489281829 0.0782629046149 -0.00282936738964 0.02772985528 0.00921926811222 0.0374316598938
-0.454131135841 0.0550317313577 0.0331092854465 -0.0836556984126 -0.0816503313865 0.0127301510314 -0.0063830569004 -0.466249453619 -0.0936235381099 0.0722165468914 0.0469740072515 0.0230342675566 -0.0157224064655 -0.203111647226 -0.342030390872 -0.0135965365663 -0.0162211485177 0.0158608345766 -0.379695514844 0.368392932602 0.0156974578783 -0.0126831898402 -0.286759826734 0.099781937799 0.0052156820673 -0.0948608750815 0.00762787318434 0.0303193016248
-0.539318765766 0.0642215202679 -0.179028613881 0.0739515334363 0.0161212847911 0.0264674737114 -0.00662232718429 -0.489553057116 0.0110203267501 -0.0863345281507 -0.132831443596 -0.0226562980924 -0.0128928239411 -0.106518439608 -0.292247173627 -0.039178572077 -0.0411812212786 -0.000138695681911 -0.391141866501 0.288788177934 0.062840098664 0.0131553296591 -0.220004566213 0.0869130223656 0.0316479265168 -0.042696994833 -0.00721504002417 -0.0399369066451
-0.464027793148 -0.0815726116523 0.13089858222 -0.0515546675609 -0.0369811148593 -0.0356417382982 -0.00831547550591 -0.475103312323 0.0377745031956 -0.120380617406 -0.103398642364 -0.0197027802708 -0.00961779724328 -0.132996943627 -0.295874177113 -0.06802378167 -0.0506979723197 -0.00919010238807 -0.38240888572 0.31227491859 0.0504272953171 -0.00341307176675 -0.371685323516 0.0498514348803 0.00994113493323 -0.00809356681403 -0.0339659339419 -0.0440405392338
-0.573257591607 -0.0889001624901 -0.0203694537616 0.065037806913 0.0329611436702 0.0160434957636 0.00536463506298 -0.554682983548 -0.0405426794548 0.0523090749019 0.0212003465081 0.0125157313131 0.000340331876955 -0.288710855842 -0.256519875474 -0.110543233035 -0.0206255756164 0.00774762175252 -0.274869120245 0.236098217062 0.0110663291896 -0.0019808577051 -0.190536672166 0.0958324584311 0.000488587584071 0.0416830601326 0.0102303258641 -0.0646666837471
-0.556300080976 0.0170408017313 -0.0489423361912 -0.0185756329217 -0.0407172697047 -0.00829558546804 0.00584764608779 -0.644963872949 -0.0311572444182 0.101121757429 0.0231034156139 -0.0134977817486 -0.0136811701262 -0.262924131418 -0.205183183418 -0.00922698853417 -0.011527846789 0.00727691703194 -0.255366437164 0.237375426995 -0.0332269794344 -0.0260472918443 -0.12860390086 0.048500844321 -0.0052870336717 -0.0399746766507 0.00630031310767 0.0475590456763
-0.5333427962 0.0136531041569 -0.0249749748256 -0.0104272420836 -0.038572576948 -0.00175263724616 0.00160540697118 -0.683891507356 -0.0564105000718 0.105705438355 0.0194987934333 -0.0242560933045 -0.00619454042305 -0.172931650241 -0.223009835077 -0.013742684989 -0.0147460422824 0.0140677767511 -0.244323193766 0.231917174492 -0.0111591653771 -0.018047595519 -0.167718672374 0.0712843057936 0.00273395890972 -0.0475084311402 0.0192673887516 0.00658917627112
-0.491657953116 0.0560631900107 0.05083343966 -0.0129131213904 -0.01314726679 -0.00915627212691 -0.0136706267496 -0.54819945742 -0.0703922489966 0.0233552474674 0.0233872142228 0.034882132801 0.01467177585 -0.276989924069 -0.265147673931 -0.0616226375361 -0.0245608883329 0.000172077329002 -0.356493651772 0.253381254244 0.0337201515266 0.00364174169661 -0.280122132987 0.0869176531453 0.00520318892736 -0.0531905209589 0.0429602470933 -0.0966460235078
-0.66491375258 0.0159625977915 -0.0472491619607 0.0549736780821 0.0497086054152 0.0307557591716 -0.00114043717858 -0.549040749114 -0.00396170038175 -0.0309392499183 0.00743279371232 -0.00378728044064 -0.00386530883763 -0.201847939527 -0.224908358157 -0.0952753716832 0.00443884590338 -0.00152658376842 -0.246791340794 0.220543052386 -0.00846967879575 -0.0040168907264 -0.162762610147 0.0615740416423 -0.00847619873472 0.0766745881499 0.00701613395931 0.0108156886146
-0.597636154231 -0.00496042215163 0.0298954020471 -0.019212915372 -0.0478999061049 -0.0523029990249 0.00360785764244 -0.563562590999 -0.0106514146574 0.00736289823247 -0.00394863905394 -0.0183737694631 0.00362619219265 -0.281278181892 -0.0433991401408 0.118227546918 -0.0512098688943 0.000276830331294 -0.38351890794 0.135843824519 -0.0276663934761 0.0019468209346 -0.193084702201 -0.0154915362285 -0.0037332175301 -0.104276570782 -0.000126088448937 0.0777418138057
-0.563825581488 0.0196189671902 -0.0685142145378 0.0106075550254 -0.0345709190931 -0.00373380833128 0.00467706288289 -0.56336351725 0.0373251452165 -0.070639754425 0.00322931314343 0.0282950107155 0.00521402887288 -0.217712986213 -0.0802769859055 0.125057100377 0.0372967022276 -0.00177637460625 -0.337656819361 0.168359633665 -0.0458818493048 0.00808178299741 -0.312589285476 -0.0427332164913 0.00884682286672 -0.183925105781 -0.00901442431947 0.046344162465
-0.695796521926 -0.00792199274782 0.12648732408 -0.0342866880159 0.0163186686226 0.0274118667159 0.00325296238175 -0.543070034684 0.00882091361458 0.00276695846158 -0.0200711382556 0.003534354287 -0.0190861251446 -0.133117965674 -0.21610135328 0.0116624534036 0.0395841660601 0.00996904507401 -0.247105443457 0.192902780994 0.024851152685 -0.0104431963794 -0.152747098406 0.0675234152517 -0.000415161293872 -0.0489121303044 -0.0181423255278 0.0773102125055
-0.701482882195 0.0298172394022 -0.0370067534374 0.0594653738373 0.0973871076874 0.01745364934 0.0062825635917 -0.504354758747 0.0220132617761 0.0121738593054 -0.0238204460051 0.00567437866885 -0.00791740937767 -0.182956575493 -0.184543023317 -0.0622754084323 -0.0373933413008 0.00727000532161 -0.294225478672 0.220370040332 0.046234430864 0.00807074364359 -0.148373344855 0.0547905730009 0.0185092450825 -0.0308689081916 0.0083464161005 -0.00742880535412
-0.648947193717 -0.0467851465248 -0.0757844269019 0.00203701422176 -0.0657801987065 -0.0225700057919 -0.00881552184036 -0.609477533258 -0.0501961650665 -0.0416331067155 -0.0439181975948 -0.0120786829424 0.00816932951025 -0.200873563747 -0.130911159283 0.102935099066 0.0441264331695 0.0102427583557 -0.242881600532 0.122016347059 -0.00909402368715 0.00108867442626 -0.169732655469 0.0482379634735 0.0136230218547 -0.108738026029 0.000918776434864 0.0302392163277
-0.575645101454 0.0167534734735 0.025352072365 0.0381001094293 0.00779895527839 0.00801073073101 -0.00368259955258 -0.608676199003 -0.0236862799194 -0.0737164809367 -0.0532284448066 0.00573013180285 0.0028167815798 -0.201722012844 -0.103762055216 0.0255887904572 0.0344007741791 -0.00544513399273 -0.319341845908 0.149876312144 -0.0501371053331 -0.00584497208336 -0.313920321475 -0.0270516723729 0.00896620211847 -0.0684424235019 0.00196093690886 0.048996530954
-0.68877409114 -0.0590641117263 0.115963208161 -0.0484293707389 -0.0104360198188 -0.0128811144894 -0.00407354534752 -0.500733775395 0.0390693698911 -0.00605216862631 -0.0110648948048 0.00729831481917 0.000579224614503 -0.155753281605 -0.239307665747 -0.047914552207 -0.0131052625988 -0.000588962847344 -0.259836163384 0.231737355515 0.033403639065 -0.00999020702677 -0.206861490284 0.0532298575249 -0.0037171698572 -0.00176122150354 -0.0346209892595 0.016600729557
-0.534334630516 0.042679813499 -0.0539671561007 0.0340733858163 0.0291138507539 0.0348243815605 0.000279747885089 -0.490027595123 0.00795634252927 -0.0276259682038 -0.0480535423407 -0.016198278043 -0.00209131154157 -0.249099392225 -0.170535632097 -0.0944586433758 -0.0670226054738 -0.0109468547756 -0.394941450244 0.193928862021 0.050677501722 0.022122105536 -0.343606540269 0.047593010792 0.0216568518069 -0.0410317308118 -0.00363793651785 -0.197972850011
-0.582517857633 -0.0254411704147 0.00189731184626 -0.0174511278672 -0.024974334676 -0.0042880861754 -0.00484811823129 -0.687940555973 0.0653216128529 -0.0543860793381 -0.0682227786892 0.00715358828498 -0.0102693192717 -0.0430705623422 -0.176958498307 -0.0249835871201 -0.000200566774102 -0.0121077010852 -0.277729073652 0.156946487015 0.0321768907948 0.00581628080521 -0.189427024536 0.00821490388635 0.0138294423084 0.00529175621795 -0.0278955190993 0.00561035891391
-0.535651087163 -0.0426644763183 0.0516983369025 0.0280613924957 0.0108983383689 0.0101286146102 0.00104534631667 -0.688903681001 0.112981743931 -0.00626142649876 -0.0407289412035 -0.0199685932063 -0.00627762998533 -0.0144583054059 -0.211621155865 -0.0521704006469 -0.0208635531195 -0.0126129545846 -0.285485820651 0.124463057073 0.0396365717779 0.00287246935391 -0.252492664953 0.0228677534771 0.0086980222212 0.0677420818226 -0.0297422121685 -0.0371450861835
-0.383124010963 -0.0134989541441 0.0231909398433 -0.0176251316533 -0.0106187341511 -0.0236778834852 -0.00527912514272 -0.37755929097 0.018106236235 -0.0172836313855 -0.0126266999925 -0.0202646357214 -0.002239910041 -0.357160040101 -0.200118330134 -0.073362804743 -0.0567580291078 -0.00313341674232 -0.472118922722 0.151985264977 0.0415034528477 0.0084893073402 -0.483073040877 0.0192500306921 0.0159993940892 -0.0979829004547 -0.0359419672813 -0.197074440632