-0.0104137408629 0.004486590065 0.042697590664 -0.0285545521976 -0.0524063868792 -0.0444435099723 -0.000804292977504 -0.0194765694376 -0.0822247666886 -0.0375675853711 -0.0437290682473 0.0815832853151 -0.00858898769814 -0.106509782358 -0.281686051861 0.117684608984 -0.163169322877 0.00146056827236 -0.469141043218 0.67800609766 0.055855966713 -0.00378070518649 -0.390626397678 0.0744926633193 -0.0041950770951 -0.0554459856731 0.000305254739889 -0.000129252846296
-0.37919759616 -0.0053962730645 0.00336518785059 -0.0075566222564 0.0204283100634 -0.00101678558371 0.00563561276058 -0.552538748305 -0.0875227075517 0.0749247539288 0.146970414565 0.0867112976781 0.0116725002656 -0.275058092757 -0.303841788162 0.0220751687543 -0.102784733157 0.0112031747763 -0.349855179525 0.333555848982 0.0703478769423 0.00347791262147 -0.267930299882 0.0798730780397 0.0185120270432 -0.0931854933448 0.0150433596515 -0.0513891500097
-0.360266850119 0.0471449675588 0.0698097153286 -0.025624321075 -0.0443275146167 -0.0480787282875 -0.000736684796489 -0.386249282793 -0.0804523793236 0.0495866493812 0.0526663550142 0.0605651958525 0.0016040609217 -0.160967821346 -0.197210072802 -0.00234810609206 -0.0788118698543 -0.000769151837689 -0.362937557292 0.33650212472 0.0469853048244 -0.000797564140322 -0.560611217401 0.0605389640998 -0.00581907381708 -0.239059046387 0.0021093009369 -0.0170530125404
-0.453450573703 0.0656383254715 -0.0719694363288 0.0272972627859 0.0443063369868 0.0499825406546 -0.000970996775413 -0.605995924716 0.0936850310837 -0.092505150191 -0.178905801135 0.00612012315167 0.0024521879145 0.0567264959643 -0.128596386657 0.118562495412 -0.0811131657376 -0.00491533804327 -0.255571561782 0.469879501868 0.0180522434963 -0.00141223613857 -0.163660948305 0.0293093741953 -0.0065812793369 0.089915230849 -0.0100651821433 0.0187359222458
-0.48967185976 -0.0669454226859 0.142846800216 -0.0370725759017 -0.0622204477903 -0.0801709758445 -0.00120069450863 -0.464567938008 0.0536760646521 -0.0807509457072 -0.102563121662 -0.00698303792847 0.0102262854822 -0.0980258216517 -0.150566906793 0.140006779384 -0.0999511724205 0.00306050647034 -0.324215071593 0.496550916395 0.0102854704357 -0.00621538728693 -0.267383486783 0.021997547867 -0.016153788932 -0.00256010265772 -0.00100728349761 0.0425712113834
-0.15983769537 -0.000469256883197 -0.000428541677994 -0.000433490408192 0.000967578324876 0.00413588704669 0.00325952348884 -0.161321739729 -0.00140816844283 -0.00106324669036 0.00095548129277 0.0112001652649 0.00844162976544 -0.571500994609 -0.00972608606465 -0.00115402608922 -0.0246816110016 -0.00141801181643 -0.455856688582 0.00909195675691 -0.0123785466854 -0.000835850176178 -0.515496341631 0.020454640012 0.000186924920061 -0.356081316116 0.00964688940761 -0.140687338683
-0.217049686108 -0.00388192910058 -0.0333175309816 -0.0156067505064 -0.0170755202436 0.0278056600253 -0.00084982285068 -0.208526606399 -0.0118846811789 -0.00153799392719 -0.00858920259147 0.0109608886874 0.00437854350579 -0.396323530435 0.056605171568 0.0554991284964 -0.0323735148533 0.00197552352373 -0.574081645478 0.0335530106125 -0.011890029699 0.000659625998133 -0.563293295954 0.000876011920632 0.00123681181325 -0.295833375194 0.00361599251065 -0.0808530231985
-0.254460529671 0.004339305078 0.0622211243259 0.0284474411276 0.0253419555688 -0.0158522612471 -7.66851300224e-05 -0.23298499825 -0.00654890242898 -0.00656623301129 -0.0179761959786 -6.99258175631e-05 -0.006190406256 -0.369454977717 0.0712691092757 0.0544575264901 -0.00735469075118 0.000707534414447 -0.560819183761 0.0626839710305 -0.00788319234481 0.00129798551525 -0.572825454146 -0.00149300804217 0.000382305423856 -0.28923612555 0.000483420195191 0.00551299921515
-0.153534596671 0.00116610012061 0.00419131836768 0.00083406818149 0.000894812980175 -0.0125619663873 -0.00547129923845 -0.153898744948 -0.00377207321231 -0.00108208639849 -0.00168025506545 0.0113517768053 0.00599068042 -0.458045042271 0.00148944799413 0.0039715650347 -0.0431294179928 -0.000143728466409 -0.565856434826 0.0213197189646 -0.000669620766317 -0.00041215855108 -0.557205535987 -0.00245173401826 -0.000322957054813 -0.319190771492 0.00247629503414 -0.0874419238026
-0.668714732193 -0.0304470123304 -0.0377613113077 -0.0157288930485 0.0908532236207 0.0171243816706 0.0104513531412 -0.630113433863 -0.0348609259278 -0.0103604719389 0.0435928552229 0.00557104099562 -0.0081291020686 -0.0241127956095 -0.22480729986 0.0636064258496 -0.0428191427877 0.0134191119135 -0.124519410776 0.200269851689 0.0313081822185 -0.00443715975466 -0.129912276753 0.0271323971763 0.00655128642671 0.0599983043017 0.00587812714156 0.0782161663039
-0.580544690772 0.0554472377066 -0.0125875930124 0.0032135444123 -0.0773717477155 -0.00361392652303 -0.0171657731556 -0.672305758876 -0.0474896407521 0.0548210208183 0.0689822426364 0.0148080995804 -0.00681696149402 -0.178605130093 -0.194111885691 0.0105980022743 -0.068861641876 0.0101384614551 -0.192456101343 0.244312048912 0.0199924669541 -0.000550704252795 -0.117898247352 0.0220291551985 0.00442473994118 0.0172350814171 0.00649461326928 0.0688663212933
-0.583377976957 0.0112391817511 -0.0293030142142 -0.0235344185682 -0.0420630645344 0.00112034194039 0.017439768481 -0.69365349141 -0.0844666511382 0.018201410838 0.0671207376971 0.0157925458805 -0.00388269976192 0.0670399368208 -0.132941349845 0.0299015953582 -0.0262762140637 -0.00138544265741 -0.0769692863686 0.267326669015 0.0132345619159 -0.000888558405067 -0.232221280381 0.02876503909 -0.00928777648917 0.0138727510426 -0.00200251610756 0.0794416424431
-0.349851345425 0.00858941238761 0.019391665238 -0.00673414289361 -0.0130777539819 -0.0232445751863 -0.00276667109253 -0.352761881811 -0.0138799056727 0.00122474089904 0.00509732489173 0.0347244580121 0.00711168466065 -0.393371150764 -0.129016050871 -0.036481255134 -0.0638236149852 0.00305097541071 -0.409797204287 0.14999496917 0.0376561289505 0.00301189690446 -0.56405974188 0.0689686426819 0.00406883046062 -0.242473323871 0.00587135822866 -0.00700618071701
-0.705858902159 0.0761821161468 -0.100628744465 0.0106370196294 0.0730273092274 0.0233812208345 0.00215151632714 -0.567119825304 0.0464715918983 0.0231945944094 -0.0541816990035 -0.00951926762554 -0.00408483963219 0.0105811006814 -0.144210344852 0.0322969164455 -0.0335354440052 -0.00949622999398 -0.202031713875 0.24312090345 0.0560873323319 -0.00233403555902 -0.139681122144 0.0562955350437 0.00266099084537 -0.0551223567079 -0.00277298327627 -0.0222464295901
-0.677396281658 0.0230419937362 0.0527444174666 0.0364405182449 0.0455831465849 -0.0299793184916 0.00592003869826 -0.645770383782 0.0304889529486 -0.0192029045487 -0.0567600766771 0.0221678078789 -0.00331248005273 0.0746517395199 -0.0681955273686 0.108493538168 -0.00497662275522 -0.00179499538628 -0.0970759054859 0.209709308686 -0.00319640010567 0.0048770154827 -0.151848478512 8.29230073969e-05 -0.000401053649122 0.0800449919515 -0.0168153091503 0.0789548131626
-0.662913266447 -0.0167039539935 -0.0173083555805 -0.0549443669002 -0.0690486514805 -0.00554832646172 -0.0186807835818 -0.625698930141 0.0585616277495 -0.0215109986577 -0.0138334507272 0.0049074296683 -0.00605449752759 -0.0535981193952 -0.142105850916 0.085268785992 -0.0367665536497 -0.00534630361208 -0.159846031204 0.237248733085 -0.00989733692565 0.00963131829522 -0.186146545085 -0.0119124989911 0.00116686726165 0.0269314907218 -0.00303765622542 0.0829630626018
-0.389534954007 -0.0113912165216 0.00971223525371 -0.024026817207 -0.0226716765946 -0.0263977897515 -0.00585675858504 -0.394336334869 0.027027165893 0.00105831123751 0.000299901422972 -0.0415922096676 -0.0047121323399 -0.346897715439 -0.132399332096 -0.0363890111139 -0.0590374076056 0.00123694360088 -0.465901482839 0.0927421296776 0.0300276822583 -0.00250026130261 -0.519053914525 0.0551547033763 -0.000938850807088 -0.213444000748 -0.00816189151103 0.0299046445977
-0.484879573611 -0.0133609106192 -0.0311408031413 -0.0126463776647 -0.0142133651117 0.0265453503262 0.00174894667701 -0.469058465079 0.00147318608132 -0.0193638272601 -0.0220557081709 0.0116587029363 -0.00537581123872 -0.247628601867 0.106268667628 0.253323575438 -0.060160934316 -0.00588438241507 -0.483327845499 0.251840479555 -0.0104464299357 0.00307016486705 -0.318695017226 -0.00641696583151 -0.00228160704945 0.0130059855146 -0.00475472273618 -0.047299263505
-0.538896514798 0.00704825191191 -0.027326472589 -0.00220505624294 0.022320475918 0.00606077463711 -0.00327330171498 -0.558766429616 0.0295221499669 -0.0304607759118 -0.0472815114314 0.00806682528611 0.00301973979823 -0.0508175031137 0.0175074781912 0.199026010546 -0.0536092840659 -0.00836550789555 -0.391752360937 0.319789994959 -0.00910714489272 0.0051526081999 -0.276877148474 0.000426554891909 -0.000478515407985 0.114124339707 0.00198299242225 0.0305879002717
-0.569626529224 -0.0186934566297 0.0375354528639 -0.0116402073022 -0.0226142086459 -0.0131963105813 0.00596322690945 -0.593013585014 0.0384314742344 -0.0335786411605 -0.0449917858313 7.76251734202e-05 -0.0117192537492 -0.0302765986698 -0.0213197781771 0.201805905174 -0.0410059725356 -0.00706528984022 -0.275953201409 0.370549580308 0.00157068970048 0.00365021561933 -0.190666354969 0.0194343125976 -0.0061863268063 0.135302022854 0.00943726051979 0.0633476824843
-0.301188530115 0.00460224077665 0.0159268893473 0.0151019047658 0.00641329578875 -0.0189995855612 -0.00417325854624 -0.296948194326 -0.00739807003074 -0.0119665844862 -0.00280534850992 0.0124834071541 -0.00103399984496 -0.418907398056 0.127405082032 0.18841611577 -0.0474671900654 0.000119381152924 -0.598866495614 0.158254148859 -0.0220749671802 -0.000831618355511 -0.416724172815 -0.0112417389402 -0.000291353028617 -0.166221356785 0.00809690186105 -0.0685477732601