-0.00576264280237 0.00881748780799 -0.0190320007503 0.0577579719443 0.00407315782816 -0.014309227579 -0.00461760466388 -0.033965684547 0.0408112987674 -0.0688940157979 -0.0848158004931 -0.059805718581 -0.0508329917064 -0.242667245406 -0.307430609658 -0.244650350909 -0.060169342464 0.0067842720982 -0.499948561667 0.547728110108 -0.0712167120946 0.00718427155682 -0.449790575524 -0.0129438192383 0.00360243129332 -0.0129510491338 -0.0187582329566 -0.00414954457919
-0.448121565503 -0.00645092611395 -0.06795770498 0.0709203691484 0.0176303717527 0.0147453512939 -0.00325007173317 -0.417963553042 0.0305710433657 0.0736342688405 -0.0177358535726 -0.00377906007522 -0.00403064534619 -0.253425071798 -0.28834616805 -0.190983827788 -0.00681346419576 0.000487989212117 -0.435288640364 0.366466332 -0.073055167703 0.00288231266168 -0.273801267162 -0.0341284475448 -0.0211967616445 0.133444400684 -0.0101501152756 -0.00796525675683
-0.394864368595 0.0544802600889 0.0989547380743 -0.0669298771647 -0.0184597773551 0.0160765881531 -0.000245802152902 -0.396527014729 -0.0611647587316 0.0966097086036 0.0261763913719 -0.017020308919 -0.0323408208481 -0.271048544062 -0.223224617696 -0.10977714554 -0.0200607847257 0.0206601494918 -0.452634709703 0.401926060652 -0.0709571087654 -0.00539533796452 -0.358945506676 -0.0429956316567 0.00890419316259 -0.0913935382468 -0.000969428772284 0.0844211870678
-0.505020349554 0.114658722539 -0.160700941376 0.071478702496 0.0732201204756 0.037457582793 -0.0154754457086 -0.399433909279 0.0588355071363 -0.0957971746829 -0.0632525467684 0.000609926562296 -0.00428032562777 -0.170236977317 -0.155710984131 -0.189912275016 -0.0706497902747 -0.00961898600101 -0.3623781459 0.35676164314 -0.0248755831662 0.00182178758958 -0.382447581325 0.00408706733207 0.00647318432898 -0.0416576590083 -0.00534247657765 -0.12641061914
-0.439560292774 -0.107481892966 0.155318397143 -0.0489938230326 -0.0159753033591 -0.0254390954976 0.00139338368605 -0.454947542918 0.105795862454 -0.132148567203 -0.0187606640621 0.00351665317631 -0.0124499273613 -0.152259923402 -0.156873879106 -0.155476808794 -0.0559495054285 0.000518329710867 -0.352759023634 0.43109748616 -0.0471754781424 0.0107133783265 -0.355714331137 0.0116745209468 0.00504795261364 -0.118550836637 -0.0553428798614 -0.0110120566245
-0.630215643393 -0.0339768796965 -0.0259784276448 0.0592700286116 0.0288521833162 0.000713378629113 -0.0124242538672 -0.593797833956 -0.00350438114263 0.0136497977999 0.052035464484 0.00827359433135 -0.0097611700349 -0.150789969248 -0.162772021539 -0.121040554369 -0.0160679412491 0.00222801491528 -0.28074941701 0.251822831804 -0.0443407930592 0.000483814978959 -0.168146675626 -0.0082905005753 -0.00844941550651 0.0605838011692 -0.00320701664548 -0.0197753053188
-0.589035470998 -0.00666298821507 0.00774494076143 0.0346015205915 -0.0452177188395 -0.00854831463395 0.0187891591632 -0.599102999971 0.0628922665354 0.0728472017464 -0.0144162819832 -0.0100117396747 -0.0116671070707 -0.144923190937 -0.187131793385 -0.0813738821614 0.0179209062091 0.00209440053366 -0.3280407289 0.265980900432 -0.0516204256872 -0.00947830173797 -0.154748491279 -0.0387175044408 -0.0167390643709 0.103024722902 -0.0144341768176 -0.00243795342468
-0.512709372062 0.0125787844325 0.0143973653488 -0.00379039592885 -0.000269703860523 0.00103929341715 0.000450978563665 -0.642897214888 -0.0705816360182 0.102010172146 0.00193452152398 -0.027962671224 0.00506390323665 -0.195314860411 -0.118854973259 -0.0281435782638 0.0233079183427 0.00769866094276 -0.316217675733 0.288283855725 -0.0648027247697 0.009448167539 -0.249103986491 -0.0440962682104 0.01533093344 -0.0402872565175 0.0140205704877 0.0110043135415
-0.514579841833 0.0752517135087 0.0461447748684 -0.00618515120942 -0.0353060309197 0.00757994660746 0.0121704881668 -0.608877822644 -0.0711513872589 0.0724545965825 0.0194297128184 0.0162434132816 -0.0102973028085 -0.160297958622 -0.147101780369 -0.105542429318 -0.0258268240798 0.00492427503721 -0.323135014643 0.326954395479 -0.036925581271 0.000897691509383 -0.265668472452 -0.0120310552358 0.00488104364093 0.0139119797422 0.0262617435228 0.025635777291
-0.592689321604 0.0174270506129 -0.0310292873162 0.0553661993422 0.0379989160208 0.0247454073104 -0.0061303277258 -0.508886278654 0.006036566402 -0.00176429406825 -0.0193875494798 -0.00508781253534 0.000668269081383 -0.235157633936 -0.179109972472 -0.206543595403 -0.035339346916 -0.00433591712455 -0.294105235979 0.264953258737 -0.0401239068003 0.00476076022138 -0.297599466374 -0.0162642467806 -0.00584212726561 0.0654382500304 -0.00813736873675 0.00599827833656
-0.580676440784 -0.00596690558672 -0.0546025914839 0.0147816299127 -0.0550698228841 -0.0118214429351 0.00589514273026 -0.566745411118 0.0145828016805 0.0138527387812 -0.0545351613714 -0.00146744692395 -0.00565454266067 -0.222359543644 -0.241474805326 -0.127573532878 0.0144248626598 -0.00157173277991 -0.327190814173 0.201170395368 -0.0612399683968 0.0115600997668 -0.201245544765 -0.0413820174944 -0.0202455993518 0.115828368652 -0.000113844318237 -0.0085986884887
-0.4446514435 0.00178850229124 0.00323040027736 0.00493398177092 0.0193120466689 0.0150793716588 0.0115983588092 -0.439754591069 0.00396263554769 0.00995562561101 0.0059389137512 0.00649760938622 -0.0182630331738 -0.409772277597 -0.0572680087011 0.0492652882541 -0.063484736355 0.0105862884314 -0.422644300588 0.114527582377 -0.0606734448916 0.00951066377492 -0.323135557888 -0.0632806546215 0.0316036368553 -0.345930972521 -0.0227934060219 0.0686718484614
-0.56366009701 -0.00295557063333 0.0872773559976 -0.0408449094941 -0.0135947449209 0.0197583217065 0.00345132811506 -0.473026970995 0.000316392603866 0.0102835227221 -0.024930438667 -0.00843452833435 -0.0175886736285 -0.234910559384 -0.158102937012 -0.0849164695356 -0.00942089370506 0.00459941119271 -0.384401815613 0.294513744695 -0.0514438771702 -0.00586532570839 -0.318024893397 -0.0520802911439 -0.0034523586357 -0.104029822266 -0.0210944008461 0.0879085546098
-0.640068056506 0.0516471078726 -0.103188738888 0.010385049565 0.0569642599896 0.0303038967643 0.00946175211613 -0.47002467646 -0.00471008395772 -0.0441282848226 -0.0296742431192 -0.00284776905614 -0.00368195462159 -0.197027673099 -0.111917383998 -0.183834848759 -0.0490648621679 -0.00699615526679 -0.311707269376 0.241949221305 0.000435843223297 0.00662219746739 -0.302584671428 0.00304436028869 0.00960697857904 0.00789223225074 -0.00723585889299 -0.117159965078
-0.509091970729 0.00259008708544 -0.0510195409665 0.0213171623261 -0.0360883657947 -0.0327411322635 -0.0103479930521 -0.505992021217 0.0346970962095 -0.0422947641431 -0.0190815914308 -0.0361850485123 0.0104418957468 -0.394403189904 -0.0216902420598 0.00986351664239 0.019048253796 0.0100039631769 -0.295095788485 0.22966097415 -0.0438244025922 -0.00833946882999 -0.326531905612 -0.0552288791247 0.000971044815618 -0.257106615142 -0.00230849939062 -0.0171140950888
-0.469692038458 0.0322626526697 -0.0035241500944 0.0481492467736 0.0262379950721 0.023844952835 -0.00156440023728 -0.476261594569 0.0120720503838 -0.0715191867167 -0.00631303246129 -0.00704572169642 -0.0185513895867 -0.404344387329 0.000887944281215 0.0526273440208 -0.0170519279137 -0.00471562771191 -0.242492733083 0.244095398246 -0.0145269709098 0.012528058647 -0.26086961172 -0.0120500861086 0.013065491842 -0.43411339268 -0.00749858784193 0.00530774637894
-0.658288909916 -0.0574447342631 0.0850947304394 -0.119024023193 0.0295666733542 0.00643092770561 -0.00600352362356 -0.459529344641 0.00127521913336 -0.0502308764373 0.0046303193803 -0.00904507983551 0.00413422251412 -0.182601780749 -0.124651245424 -0.138996999025 -0.0350817255582 -0.000178481589502 -0.258148641766 0.311922505728 -0.0423531676545 0.00347921850418 -0.287525424413 -0.0261643906035 0.00171011168562 -0.0559727168734 -0.044899871364 0.0591795255096
-0.267978482364 0.00937556729941 -0.0117548141645 0.00543710762472 0.0273438014378 0.0185872938639 -0.0042268622621 -0.261644883224 0.0121734212658 -0.0073813695264 -0.0193013150311 -0.0158704193354 0.00135247110308 -0.331949762124 -0.1346566612 -0.132302923587 -0.0338387005665 -0.00570208652715 -0.618586827609 0.137955232406 0.0278138665647 0.00567624575443 -0.498988919259 0.0397641602424 0.00583490432876 -0.12136259723 -0.012743127603 -0.206265884081
-0.565959480758 0.113031799442 -0.0291090440312 0.0134034117837 0.0882575043583 0.00260060536066 -0.00805685579854 -0.65282467381 0.0541693976459 -0.053646604888 -0.0947625646561 0.00645656811144 -0.00878723309403 -0.0769732898062 -0.0624420360408 -0.0846474414057 -0.0291417287729 -0.0207453925602 -0.246539201461 0.24614436929 -0.0226327000432 0.0129479755667 -0.265910491369 -0.0177442701146 0.000927992950781 0.0587008776264 -0.0015848334183 -0.0463121603233
-0.473107997463 -0.0578302074453 0.0182245906857 -0.0272021000144 -0.0114025576189 -0.0235556334696 -0.00372589081216 -0.715841454518 0.0569121209653 -0.122608091031 -0.0442685278313 0.0151811721932 -0.00138092328027 -0.115502740358 -0.0584492522377 -0.0928631139137 -0.0265524419678 -0.00801594654826 -0.265101529219 0.290462516072 -0.0464204507043 0.010549326012 -0.231070134003 -0.0198568657063 0.0102631505567 -0.0128795021286 -0.0247709124222 -0.0206115109881
-0.446466080912 -0.0438386630546 0.0429532753683 -0.0096999025488 -0.0419788963517 -0.0223672837716 0.00745869619453 -0.442835591027 0.0437748183584 -0.0220201922808 -0.0331820688711 -0.0267089261361 -0.00228077503391 -0.196397347938 -0.0731411194491 -0.163992451402 -0.0620769935316 0.000134837131243 -0.461109785371 0.206038196603 -0.00350503064029 0.00855842443693 -0.485784699261 0.0252116651802 -0.00299851631916 -0.0942976887217 -0.0589270178208 -0.123858379055