-0.00101743587329 -0.00028908453718 -0.00395666922155 0.00335541002778 -0.0294478295637 -0.00426627709479 -0.00729604504584 -0.000825025001525 -0.0223483051714 -0.0192205836007 -0.00322563482877 -0.00221404088252 -0.00489967864361 -0.243041750309 -0.299294484728 -0.214326513143 -0.141453957968 0.00524662488397 -0.501588197687 0.574892166972 0.000487072276776 0.000491159474316 -0.447163202236 0.0187877358895 0.00188462893636 -0.0282237364301 -0.0174582307152 -0.000609343771344
-0.261969957435 -0.0128339948404 -0.0257724575212 0.00202983070337 -0.00933232272274 0.0283012431884 0.00543602790036 -0.325039486087 -0.0509266307364 0.0494314424203 0.0692575059145 0.05745661816 0.0189347378483 -0.377968478189 -0.126696626299 -0.118306284156 -0.10255809776 0.0114082418021 -0.518196187088 0.391844789303 0.0162714333992 -0.000828022268827 -0.419276170738 0.0381349821576 -0.00223397465479 -0.0922971591405 0.0166649858512 -0.136149963623
-0.385147199358 0.0241332687311 0.0351622653998 -0.0628707336272 -0.0236974256053 -0.000571705965155 0.00304101223882 -0.387918327971 -0.066779539138 0.0314203279352 0.0274380718505 -0.0162335698662 -0.0154447016587 -0.245795248996 -0.246193535257 -0.160376632019 -0.042222542313 0.00893214321328 -0.389892300596 0.438070527278 -0.0535722490431 -0.00532106129706 -0.424434030592 -0.00594226839227 -0.00828133542065 0.00680111264323 -0.0172588592888 0.110066208593
-0.493023660095 0.0173824232633 -0.0287586547031 0.0416746748611 0.0128572988511 0.0303906984233 0.00198088857523 -0.532569948408 0.00429502983449 -0.0770499061045 -0.0990327594547 -0.0254552469858 -0.010312674081 -0.159517015273 -0.156334572421 -0.0901638811253 -0.0515295313995 -0.00225320788407 -0.32083883015 0.449490322405 -0.0374904229864 0.005919174862 -0.237285305255 -0.0784898507163 0.0053519162894 0.0504577541973 -0.0270193633161 0.141264890578
-0.257347558142 -0.0234631901851 0.0296313208027 -0.0183661806312 -0.0203608641711 -0.0137787786279 -0.00626454006097 -0.310791846939 0.0756622144828 -0.0426095562715 -0.0453752256123 -0.0528338322057 0.00343263916046 -0.234316358503 -0.13975048308 -0.118013356859 -0.111814274003 0.00084543458458 -0.52679019486 0.366294050815 -0.000303829101773 -0.000803779877521 -0.523535561508 0.00516820879346 -0.000349281733781 -0.127942833471 -0.0270845897057 -0.136399414202
-0.109279161984 0 0 0 0 0 0 -0.109279161984 0 0 0 0 0 -0.503273227002 0 0 0 0 -0.460325531206 0 0 0 -0.476796074358 0 0 -0.508671893047 0 -0.157642007458
-0.213178697841 -0.00250687261977 -0.00538072767982 0.00314202536231 0.00471129760914 0.0130059945247 0.00892064444566 -0.212669365179 -0.00519265826844 0.00356925325179 0.00339175177161 0.0115849843699 0.00821335459434 -0.321889102807 -0.0633841057616 -0.0741130643496 -0.0497069752343 0.00462656169742 -0.625816419847 0.125310857755 -0.000860128307233 -0.000809971800298 -0.582170522482 0.00651114003348 -0.00487948716258 -0.142430970894 0.00136367560197 -0.162834368041
-0.547237848128 -0.0788161647404 -0.0465825460315 0.0279641188843 0.0326553328192 -0.000278397448158 -5.66666401474e-05 -0.589797684808 -0.0440344859268 0.0517491320526 0.0415699252831 0.00559595985099 -0.00589591568125 -0.19258724595 -0.188841309136 -0.121198569881 -0.0417075105972 0.00995022498375 -0.269568667521 0.302619782001 -0.0307112765983 -0.000621276330072 -0.278778162324 0.00178095276869 -5.21261913288e-05 0.0410793997322 -0.00963950522236 0.0453759058529
-0.561267207268 0.0796958664117 0.0346216542728 -0.0817489214085 -0.0239784719806 -0.00669427674187 -0.00433166031785 -0.496564198656 -0.0275734045803 0.0327184789291 0.0365826118576 0.0138275615262 -0.00662303935442 -0.178498039093 -0.174421135647 -0.125017000315 -0.0524856371594 0.0124890440328 -0.318445296398 0.325007847685 -0.0435612085863 -0.0134239067004 -0.350406493712 -0.0270898708177 -0.0119212400748 0.0241899169985 0.00213829238482 0.0770551885313
-0.458872464579 -0.0546358493371 0.0158041364284 0.0444326208997 0.0276986385229 0.0141885817624 0.00297479588933 -0.537514076534 -0.0258533300698 0.0331794981409 0.06436412474 0.0323159834795 0.0101707521909 -0.342227533699 -0.115640004696 -0.152613504918 -0.0774854741045 0.00717888365903 -0.36300327719 0.325599391801 0.0163610640135 -0.00245473699572 -0.287609131003 0.0383911519292 -0.00753247216366 -0.0473905600433 0.0142244882753 -0.0516896033684
-0.525460920494 0.00378351440095 -0.0516519456074 -0.0339899630023 -0.0314425285019 0.0272529441406 -0.0091714363137 -0.565135609888 -0.0382355158851 0.0389167688985 0.0457407158829 0.0222462196071 0.0150249584129 -0.1843394744 -0.109274077827 -0.0777998800919 -0.0851873943106 0.0146477588512 -0.355618175841 0.356802414496 0.00186797245669 -0.00356233530762 -0.276239453641 0.0169784999181 -0.00199513192106 0.0547219645486 0.0123459777693 0.00939373106809
-0.534688154369 -0.0138554079133 -0.0375023745603 -0.0224052883148 -0.042480214736 -0.0555023120511 0.00451034649924 -0.505850621488 -0.0242072941506 -0.00480620630236 -0.0130414317244 -0.0232119233623 -0.00464469446937 -0.36824359671 -0.0409739863651 0.0238111502234 0.0280889995556 0.000882660168571 -0.291898074893 0.259015071833 -0.0470286160251 0.00179455172121 -0.353325830585 -0.0403721515196 0.000644958207713 -0.160520946038 -0.00749131469851 0.0666231829749
-0.664260956583 -0.0482819085061 0.104849179522 -0.0884592610975 0.0220825439405 -0.00848756200901 -0.000653638727137 -0.49517264077 0.0295578686964 -0.0141127819786 -0.00411549131723 -0.00641365736934 -0.00640178452869 -0.181780477903 -0.166645943659 -0.137570805234 -0.0284949303011 0.000884081828291 -0.260076562364 0.260236462412 -0.0199457397868 0.00145701174858 -0.253637644307 0.0204935718713 -0.000842051910901 0.0186489380928 -0.0299968866719 0.0914510100073
-0.598295559634 -0.00539179898041 -0.0395028493659 0.0594290537971 0.0288377742988 -0.00859398073101 0.00152196353536 -0.550623124847 -0.0106987651065 -0.00119106630564 0.00537058214541 -0.00536548916096 0.00155751677645 -0.210754481075 -0.0984406263351 -0.0236400648557 -0.00353080050568 -0.00274966079305 -0.343373708158 0.281280676288 -0.0527936344871 0.000548345770675 -0.257387385622 -0.0456605989838 0.000235773291752 -0.0471168390669 -0.0068405692055 0.0869070071658
-0.66993547762 -0.0336149654377 0.0275185833408 -0.0262017331226 -0.0919746296875 0.0230811436238 0.00212605841318 -0.606436888312 -0.0637825992276 0.0225586661938 -0.0639669932826 0.00790627121142 -0.00442861353461 -0.213567210497 -0.0943892409974 -0.00767492563824 -0.00687268362267 0.00868369566448 -0.191927640097 0.21464010786 -0.042695598902 -0.0160258940523 -0.077988640937 -0.0810892784148 -0.00165477367426 -0.0290688672311 0.00581556365854 0.0993577439118
-0.445535813899 0.0214966642614 0.00802495394602 0.0348382428298 0.00209912825626 -0.00824123729886 -0.00706073919381 -0.65100012397 0.0890623437654 -0.045292825872 -0.0464818607435 -0.0281290772615 0.00619865364992 -0.106564631627 -0.126303639462 -0.0939734834722 -0.0823996090832 -0.00251055154039 -0.33154547646 0.335430609467 -0.0044662975406 0.0022320687047 -0.308430673837 -0.00769493621532 0.00164421950026 -0.041995338899 -0.0225574884821 -2.63612389626e-05
-0.48112564746 -0.04451571653 0.0434347904815 -0.0286376314497 -0.0181078760849 -0.0271029844508 -0.000428694747334 -0.48021584726 0.0356977485902 -0.0271127881949 -0.0292401142239 -0.0294908229467 -0.00284073844766 -0.128426073816 -0.0871930856158 -0.0859531452451 -0.0945283142344 -0.00154847938785 -0.438319180769 0.254450837663 -0.00148769763225 1.579270647e-05 -0.474145147653 0.00956294415403 0.00128235856248 0.0120683213791 -0.0267677914177 -0.0731833774665
-0.672348909605 0.0906086014061 -0.066168430062 0.000337914511563 0.0976166624536 0.026187823792 0.00217047151496 -0.597267870893 0.00703697027719 -0.0521613859441 -0.0593249768256 -0.00429262643286 -0.00222685935236 -0.0342096504564 -0.094354145379 -0.109376032764 -0.0529404255305 -0.0117394396938 -0.127012925135 0.237826634892 0.00338293420404 0.0158749482746 -0.233776244921 -0.0254410394394 0.00760547676935 0.0862413626683 -0.0213681020024 0.0302089669629
-0.619726348957 -0.0342172744079 0.0553477426815 0.00751777525733 -0.0420669683936 0.00745462758433 -0.00182450437287 -0.64453233776 0.061391766735 -0.0672946307102 0.0067048957188 -0.0125844161417 -0.00594176115536 -0.061691692182 -0.0589606935732 -0.031937101522 -0.00953212474119 0.000303874626333 -0.210019635509 0.307760331451 -0.0264411596288 0.00897098479648 -0.148563366752 -0.0492206921495 0.00779059887906 0.0474645088236 -0.039354740945 0.0975108732425
-0.153457511266 -0.000858663010834 0.00180089541667 -0.00162053882747 -0.00149440164661 -0.0105199501979 -0.00958900393145 -0.15207992772 0.000985858543963 -0.000769908145687 -0.00119242743013 -0.00479220472134 -0.00464749386001 -0.540274299396 -0.0201913046924 -0.00228266857609 -0.0220338412502 -0.000213125174376 -0.535116588203 0.0103195429565 0.01443085468 0.000477400038347 -0.492968163173 0.0237143251758 0.000333281448636 -0.350498383195 0.00230229606031 -0.0846728070129
-0.109279162035 -4.97247465613e-26 -1.70168415349e-23 2.10573730187e-13 -4.25897753781e-14 2.74262053722e-24 5.63908391589e-15 -0.109279162035 -3.15000750405e-18 8.01739695851e-14 -2.55832704935e-14 -4.08314335285e-22 -1.13606793719e-14 -0.503273226461 4.62343766632e-11 9.23391211097e-11 4.85168480673e-11 3.95685710947e-17 -0.460325531427 1.46999524105e-11 -2.82928456548e-20 1.87975814888e-13 -0.476796074517 2.36281140128e-11 -1.60798512471e-13 -0.508671893189 -7.86770912519e-14 -0.157642007532