-0.000786798375939 -0.00055403896442 0.010344177791 0.0174915941574 -0.00896169937368 -0.00460074499424 0.0106564850112 -0.00860748921067 -0.00297276244898 0.0392856121384 0.0482766139878 -0.0183749486558 -0.0290541948107 -0.337522727496 0.405996849816 0.24008289612 -0.0678074892116 0.00654040133395 -0.525769680978 0.46910197717 0.0257051112921 -0.000848343861846 -0.394253016451 0.0216144045826 -0.00820721340572 -0.00576702633302 -0.00623799737454 -0.00169222339158
-0.453584150211 -0.0572339899468 -0.0757806483236 -0.124613733582 -0.0820425427627 0.0171349749178 0.000592482752786 -0.317981523241 -0.0452614282956 -0.071911273036 0.0235198678587 0.00506018236989 -0.00805667875843 -0.362928427765 0.378600924248 0.196950034485 -0.021106606782 -0.000689253309468 -0.440486931831 0.238530113252 0.0163055551708 0.00491912095021 -0.296123808495 -0.00851958435028 -0.00470255601911 -0.0108864786468 0.00938162267232 -0.0147222168237
-0.444193098686 0.0980487196976 0.0468725571066 0.0994371588697 0.130523677784 -0.016072538865 -0.00421859105417 -0.315387871579 -0.0492115132724 -0.0469473096192 -0.0550946462626 0.0104144993681 -0.00973530140426 -0.337491296109 0.305763126467 0.239749631699 -0.0278195091105 -0.00334092100969 -0.409303482552 0.278226394277 0.0168042403873 -0.0021528917674 -0.378735725017 0.00261195157007 -0.00538252389183 0.0323279329232 0.0190087574579 0.02412296202
-0.487397102779 0.081724521419 -0.207039898961 0.00824821229115 -0.0491507896509 0.0544974070648 -0.00396540164104 -0.389405535385 0.0972337512836 0.0424440931095 0.0228271324767 -0.026443571164 0.00190538355647 -0.263746329725 0.243425510912 0.143319484875 -0.0574461332759 0.00131905099025 -0.367539093757 0.367123912364 0.0124081878374 -0.00472076775574 -0.340133159701 0.0401813809777 -0.00403351935334 -0.00676033572391 -0.0114670637523 -0.0557980483212
-0.49692555807 -0.0834452660698 0.223817122586 0.0276645571676 0.00353346120304 -0.0579350427903 -0.000789053867112 -0.384218457523 0.100691344569 0.0519252832573 0.00930947631407 -0.00991136013528 -0.00876470435398 -0.29599109681 0.258350153105 0.139713581213 -0.0529136847227 0.0134057698318 -0.401580502265 0.36524066889 0.035538637917 0.00819818942904 -0.217743699319 0.041761714026 0.00383352445754 -0.0758793846989 -0.0572523168397 0.00964043437428
-0.513530526567 -0.0696174850543 -0.00751383687814 -0.0781983197557 -0.0601274543225 0.0177935117715 0.0062929299236 -0.467691457401 -0.0365950345064 -0.0125179167101 -0.0476827586784 0.0258093248415 -0.00317478098429 -0.250456848296 0.208198269684 0.135476618015 -0.0445212542982 -0.00568468783762 -0.403431756337 0.214649656732 -0.0101852049634 0.00171177140712 -0.37732174694 -0.0345144276691 0.00254085378539 0.0161789306314 0.00582098477175 -0.137364166879
-0.452614765791 -0.0234969840275 -0.00316343497081 -0.00683942353424 -0.033021769633 0.014310122896 0.00481671075864 -0.557390762354 -0.0117315687428 -0.0726696426136 -0.0732118849317 -0.0135106303768 -0.0101942571133 -0.315269146108 0.237503101523 0.130437387002 0.0197051504503 0.00704596748972 -0.387974145651 0.195716119722 0.05377987393 0.0138803139798 -0.319606089768 0.0344882017447 0.00173258503112 -0.0426718938793 0.0211153280239 0.0262303758371
-0.436797407675 0.0855328371356 0.0151361155773 0.0300732275089 0.0434560521714 0.000325387001572 -0.0024215351847 -0.526959709024 -0.0360695599576 -0.0527830708248 -0.0573828900978 0.0105866831428 -0.00692399164012 -0.230348611327 0.206930931206 0.172167720308 -0.0192260684628 0.00170467059515 -0.393854637157 0.297603410302 0.0293065108873 0.00219418850156 -0.374771673694 0.0189772571208 0.00489260055355 0.0307331644757 0.0244853311999 0.0284215987029
-0.384897119718 0.0226044074398 -0.00618325099628 0.0930038519809 0.0412965337687 -0.0225026869101 -0.00850194303599 -0.360003861087 -0.0190244588699 0.00589772703045 -0.0438699985798 0.0291192145525 0.00412992433341 -0.319515630702 0.0875880699026 0.078015447263 -0.0614409095616 -0.00672620966045 -0.540554175489 0.124026643259 -0.0321380079457 0.000647739632318 -0.516219963755 -0.0427946745723 -0.00257216200038 -0.0578990424659 0.0182693550119 -0.0853921846335
-0.678403527108 -0.00827084593931 -0.0609934417462 -0.107659133014 -0.0239618763913 0.0189599765649 0.00253165810666 -0.44931015304 -0.00505697276716 -0.0381184913394 0.0511703637296 -0.00537665294692 0.0106058207706 -0.263490237132 0.268609995948 0.148454006225 -0.0196189300505 0.00156962389761 -0.281141764609 0.148799949759 -0.00230164530428 -0.00588545272979 -0.219577283624 -0.0245339754097 -0.00884782480841 0.0345228071272 0.0126038422793 -0.043127516043
-0.313714982761 0.00446501979169 0.024009521209 0.0241864761995 -0.0116979926819 0.00276002852738 -0.00462956631925 -0.347543003247 -0.00630545970024 0.000486227368106 0.0737218155251 0.000821054968658 -0.00393692411672 -0.483021348728 0.274885069575 0.00921067637166 0.0363467445354 -0.00251529150377 -0.649623039297 0.047547549245 0.0233626976434 -0.00186236986601 -0.165361153945 0.0176883833269 -0.00339802583097 -0.0992243837459 -0.0162271880116 0.0328186773984
-0.363524718859 0.00523065326484 -0.0146259065547 -0.0154954906321 0.047391898218 -0.0119055433503 0.0113762823701 -0.358106794434 0.00303540718896 0.0130444376463 -0.028601895203 -0.02388836556 -0.00478899841375 -0.524161070945 0.197563164907 0.102402078278 0.0287081847649 -0.00287303218172 -0.513407707942 -0.0615599607207 0.0300665058975 0.000603145071969 -0.339082250319 0.0142835401171 -0.0083767865112 -0.150951199123 -0.0115935862335 0.0589236900188
-0.64272665388 0.0452133181272 0.0312340733592 0.106186837555 0.0576335069555 -0.028943004788 -0.0132594746654 -0.421656008469 -0.00841101792413 -0.0227246080939 -0.0191228113598 -0.00794827153351 -0.0112556059907 -0.228706306879 0.207145264801 0.141222759928 -0.0232714535794 0.00056640961443 -0.34227913268 0.210053822488 -0.00706539774648 -0.0114540686209 -0.316289316436 -0.0177283604521 -0.00594163672018 0.105079158571 0.0127669399198 0.0241247760259
-0.596935062079 0.0519495482489 -0.0388404446154 -0.0932055257206 -0.0478702478364 0.0327778848475 0.00685645745483 -0.441921801123 0.0148190405624 0.0167069785832 0.0195738294844 -0.0180732819081 -0.00368985216864 -0.243997366741 0.21966522586 0.137147951349 -0.0392879249126 -0.00461307912739 -0.292611284856 0.153113624453 -0.0177066416332 -0.00727711439812 -0.427337325353 -0.0167699862958 -0.00363940286644 0.0392837006447 0.00632114808418 -0.0935713436183
-0.535469223499 -0.012861040118 -0.00809126648956 0.104231604067 0.0258800325731 -0.00899676289117 0.00375809779302 -0.484295603071 0.0251880360955 0.0554541582031 -0.0501956488937 -0.0435559341544 0.00341633263717 -0.501498443277 0.0913550069927 0.0277879347451 0.0746463661684 0.00405225528044 -0.266346867957 0.212864838858 0.0365908021353 0.00413350535743 -0.228570890111 0.0651130041903 -0.000555528864458 -0.127348181144 -0.00416589291237 0.0468807153029
-0.495726093055 0.0176398174838 -0.0212804821054 -0.0441979755038 -0.0499389154167 -0.0219943239805 -0.00151592303328 -0.440355286249 0.0729497627771 0.0145743228829 0.00715862034168 -0.0356252554414 -0.00461774896662 -0.535128766699 0.104609104664 0.0331763422841 0.0527223674072 0.00309993252438 -0.25843060283 0.228513069681 0.0845464061912 0.00473080042918 -0.157148039559 0.0811518301838 -0.00249263331353 -0.295809165182 -0.00363421881033 0.039939405891
-0.623915895713 -0.0435746667202 0.0270407599023 0.0963121603404 0.0682116704532 -0.0214861523277 -0.00620088996046 -0.404667244869 0.0142579580997 0.00376550356788 0.0196723046327 -0.0051824074547 -0.00666224496777 -0.260717349027 0.234341256258 0.149588962196 -0.0266503553839 0.00593798694294 -0.36525016546 0.223203131689 -0.00571239451261 0.00494293781748 -0.312050674748 -0.016666858543 0.00459166354303 -0.000355934396628 -0.0441096244014 0.0179543714494
-0.345600357484 0.0124705711407 0.0267091255319 -0.0894162806921 -0.0501941812779 0.0194865468119 0.00368532380477 -0.316247612485 0.00957548655183 0.00540936401489 0.0317513057106 -0.0166504441294 0.00992432862899 -0.394944867202 0.127655611451 0.113548058713 -0.0452372140793 0.00746087898675 -0.51060641984 0.0830998272043 -0.0133078601507 0.00225321024959 -0.497945532952 -0.0333694705628 0.00595369776213 -0.146570881662 -0.0134558970631 -0.20352880067
-0.573998453745 0.0475808922618 -0.0735122385691 0.0761898461751 -0.0192269287534 0.00502293921509 -0.0102811363817 -0.639348123233 0.133981303431 -0.00544082739913 -0.011683916719 -0.0174668592393 0.000725892615281 -0.159383965868 0.134370969234 0.0577172784143 -0.0247200201397 -0.00500184981659 -0.224389862533 0.307312260932 0.0416351605499 -0.00681312777493 -0.165213378842 0.0477077792875 -0.0106081288105 0.0676066673498 -0.0237792696405 0.0233595525109
-0.599812019368 -0.0511067609925 0.0915924606171 -0.00781432249922 -0.0230207469387 -0.0289624790295 -0.0148153822599 -0.62373798941 0.119463163068 0.0098864320952 -0.0225163592336 0.00913855101222 -0.00197007323626 -0.218238518197 0.128526390861 0.0715922712389 -0.00543460832196 0.00268998530733 -0.263183649847 0.26864756539 0.0582703128202 -0.00529109084408 -0.0262612253716 0.0659384701722 -0.00243786743565 0.0144838356972 -0.0483516835451 0.0424434724338
-0.368384508727 -0.0144161311222 -0.00220541364694 0.0670747867661 0.0165756583773 -0.0204853669672 -0.00106219529736 -0.355001706514 0.0154718040684 0.00857515335147 0.044243498371 -0.0139804685132 0.00659302946011 -0.392613744476 0.161422695992 0.0863230432774 -0.0317136727944 0.0127221396177 -0.426986388984 0.124324556533 -0.0260015183337 0.0105673396845 -0.55836905591 -0.0384418823632 0.00738961511259 -0.136979279026 -0.0370398310315 -0.0975837143224