-0.00648032887153 0.00830696863325 0.0314678040316 -0.0480354711385 -0.0167479574601 0.000157065955695 0.00409298926547 -0.0160713657352 -0.06702664357 0.00890410710209 0.0596502450848 0.034207987819 -0.0171745436462 -0.389863331548 -0.490839932365 -0.204914454344 -0.119987125367 0.0117615788724 -0.513827856576 0.418237248897 0.0136161900111 0.0119873296938 -0.307083265735 0.0492892934874 0.0127636902148 -0.0282133865484 -0.00619622743565 -0.000889967759446
-0.358942907263 -0.0828508134287 -0.0697647233111 0.0275968088866 0.0645095994563 0.0150247053493 0.00492459320053 -0.434831567526 -0.102925778939 0.0543123707891 0.0911499926521 0.0358943818257 0.0165892919781 -0.344345869754 -0.369575437161 -0.122771456243 -0.0600009833788 -0.00406360622414 -0.459076456494 0.28201075881 0.0452311877899 0.00352184211236 -0.236714613409 0.0352875782152 0.00304611378452 -0.0379434876543 0.0139186808577 -0.129037861323
-0.399580579993 0.0229381298615 0.0850331484776 -0.0384826072458 -0.0523062526857 -0.0559788582077 -0.00222358520871 -0.336816825133 -0.0667514824411 -0.0208169996944 0.0169369900311 0.00122102808177 0.00384848199176 -0.438620391718 -0.322645703875 -0.260944776767 -0.0862078296223 0.0192100972075 -0.347368321001 0.28379563827 0.00661175676059 0.00141505643921 -0.363530024389 0.0186324674791 -0.000718526448365 -0.016617709133 0.0100938656164 0.00860034312985
-0.482446372533 0.0201015918324 -0.0367526463181 -0.00237313072905 0.0346199567244 -0.0205511230672 -0.0193569082906 -0.548888371326 0.111738820757 -0.0723187565581 -0.059045851715 0.0115763719973 -0.00294497305441 -0.201345387533 -0.417140823222 -0.0412220344719 -0.0619894662533 0.002679466771 -0.303177935263 0.31863586442 -0.0292078287865 0.0205695512065 -0.13039988059 0.0101360611934 0.0261983956274 -0.00939946004917 -0.01855987543 0.0884469536561
-0.34683402825 -0.0405241816137 0.0587105988981 -0.0614558651509 -0.0522351047153 0.00864160376239 0.0024104524955 -0.342589896788 0.0568273464308 -0.0549734593021 -0.0485471949101 -0.00397010719359 -0.0182875454933 -0.372614966238 -0.185425347932 -0.194278151553 -0.107531908999 0.00464400521087 -0.526031799218 0.335724076005 0.0152623155307 0.00999455253429 -0.356113602634 0.0216110155261 0.011507973471 -0.0361669409178 -0.018436297576 0.0182894040031
-0.110269662065 0 0 0 0 0 0 -0.110701898623 0 0 0 0 0 -0.514180214654 0 0 0 0 -0.474831607955 0 0 0 -0.481541774137 0 0 -0.478044143682 0 -0.159156082721
-0.304584196722 -0.0151899507004 -0.01719320858 0.0145459009983 0.0228647399838 0.0175684039413 0.00562137098153 -0.306797661704 -0.0185692865439 0.0174466361226 0.0220156657303 0.0171385252701 0.00490293499769 -0.401228673051 -0.168668418569 -0.139977315258 -0.0406210461775 0.00456520231173 -0.495005021175 0.19418576636 0.0271665332575 -0.00827994802511 -0.528349957086 0.0280756714639 -0.00806358519283 -0.0839102016518 0.0197007498103 -0.168440923612
-0.486515385238 -0.0851262168822 -0.0265991613542 0.0111629874517 0.0513353360188 0.00390437233419 0.0111746149505 -0.607456916077 -0.036727620359 0.0611681988967 0.0706763006021 -0.00034628315139 0.00476712413196 -0.330000282944 -0.2529405762 -0.175988161326 -0.0343056327916 0.00511213366183 -0.237799837135 0.181942402856 -0.0161138079167 -0.000713292353678 -0.271603691204 -0.00858938287785 0.000895451559173 0.0505103118712 0.0153519994733 0.0417173955322
-0.342047729816 0.0100350007589 0.0272862889569 -0.0100222777771 -0.0227916341806 -0.0262775634028 -0.0146958072379 -0.322055964396 -0.016585205207 0.00647634025892 0.00675347546647 0.00795317873318 0.000485756489855 -0.371853855106 -0.15503273436 -0.150798975968 -0.05146360618 0.0108359824515 -0.57807615245 0.230703952051 0.0143603912912 -0.00198268654637 -0.433190301438 0.0194150490607 0.00545784130189 -0.0793974168183 -4.49364252259e-05 -0.0818404299686
-0.505172969832 -0.0611495235324 -0.0217838056437 0.013687512595 0.0619463006296 0.0169167453469 0.0096536716833 -0.508194301146 -0.0445307353867 0.00791932944193 0.0473074888525 0.0155298935335 0.00647566709847 -0.361034788623 -0.307508572083 -0.169124487667 -0.0606059453917 0.00574394844498 -0.299900008614 0.165761999257 0.025556137891 -0.000286945835597 -0.287815619678 0.0298957136664 0.00408296107959 0.0779881112328 0.0083711327159 -0.0903693147142
-0.562103766878 -0.0855550332335 -0.0740434070457 0.00399513456101 0.021687468592 -0.00459580294971 -0.0132881045446 -0.665132155557 -0.108578037737 0.00296402990663 0.0667224736839 -0.0241462909641 0.00601189638976 -0.17272409645 -0.243829473549 -0.0067205326479 0.00221726331 0.00426091282673 -0.282962973061 0.181401968481 0.00576433840253 -0.0052088679467 -0.0687547848356 -0.0157169473117 -0.0127326044393 -0.00357224248786 0.00165763903352 0.0611703867141
-0.538251948386 0.0177197573505 0.0296906366432 0.0317482036186 0.0264832824352 -0.0118410211002 0.00196033690544 -0.589267419278 0.0273943595129 -0.056460955757 -0.0210248996329 0.00263532506563 0.0225267715944 -0.369026680856 -0.258971192805 -0.155090510586 -0.036296569502 0.0225696069572 -0.179673071062 0.178497791863 -0.00184950721182 0.00401134404243 -0.211301108135 -0.03322953859 -0.0127212692316 -0.0950556217341 -0.0340674222333 0.0755295995243
-0.548240004985 0.03301495702 0.0760137921316 -0.0164716518519 -0.0486130938282 -0.0280171925802 -0.0118963879123 -0.44513366648 -0.0419052169567 -0.0228176949928 0.00656398076478 0.0139183302268 -0.00196215966944 -0.25776908268 -0.142281276231 -0.155460156736 -0.0702484954302 0.0165096166164 -0.442542403114 0.275126947164 0.0132556635998 0.00247392840825 -0.31237649164 0.022725338676 0.00205030261186 -0.0109120298529 0.0315663375264 -0.0366419706456
-0.642907384429 -0.00224946566262 0.077495354837 0.0557388308522 0.101070261757 -0.00891542361343 -0.00124988142631 -0.553506694451 -0.0211547355849 -0.0154343036752 0.0111210336363 -0.00996556553423 -0.0010664490148 -0.22566094693 -0.298604574253 -0.0621692253561 -0.025480839668 0.00639029577206 -0.262553302492 0.136137247432 -0.0295981715968 -0.00051997664368 -0.131985253774 -0.0294391998036 0.00194980666678 0.0672130300529 -0.00253512387392 0.0646199294644
-0.600419355537 -0.0691911977584 0.0348110860847 -0.0502153633564 -0.0823267077068 0.00667505588165 0.00639306307974 -0.64564138405 0.109718468885 -0.0228353292669 -0.0304948604645 -0.00889973250297 -0.00792217912176 -0.0654269463438 -0.198256788301 0.117105977836 -0.00978037031444 -0.00105502858723 -0.182960822313 0.114023393502 0.0199029738211 0.0111425615736 -0.134583455246 0.0396497142348 0.00471620877825 -0.25192891375 -0.016207761275 0.0761390480567
-0.420640845687 0.00179817827212 0.0171217755262 -0.0189788902121 0.00353250247671 0.0281979750252 -0.0011470415895 -0.45776088965 0.0932210482774 0.0228392045569 0.0580196312896 -0.0200084919153 -0.00392378057315 -0.446358922758 -0.0511362546509 -0.0818303306303 -0.0599724543551 -0.00882081964066 -0.463662600441 0.135751365524 0.0181011751204 0.00413178808127 -0.361168202462 0.00153755965161 0.00693939571023 -0.139740080016 -0.00974351172797 0.0544393557738
-0.484705620251 0.0231363218625 0.0398066027018 -0.0647161148856 -0.0280373901704 0.0146616947836 0.00528799859311 -0.437689006195 -0.0258190917912 0.0177651406826 0.00881675778425 0.0137080081249 0.00436196905477 -0.335128982293 -0.144652990162 -0.177353864398 -0.0536045989357 0.0114628025367 -0.467052902778 0.248748584885 0.00741595639948 -0.0044976260045 -0.337511839391 0.0218248278853 -0.0073352271564 0.016331026713 0.00672041794165 0.0484143114148
-0.623240737895 0.0951792577904 -0.0173213417035 0.00743976483618 0.0793857333841 0.0320413420929 0.0028805424011 -0.643953991452 0.0477949985133 -0.0119809715019 -0.0686109589428 -0.0187611959946 -0.00980587114592 -0.172434580349 -0.234788148283 -0.114353684977 -0.080221001674 -0.00377744741964 -0.139338934081 0.197633024595 -0.0153231069874 0.00956598660302 -0.0925455935832 0.00312173590727 0.0156104576732 0.00792943660975 -0.0193122875797 -0.0109180878246
-0.59218176555 -0.0109704894632 0.0263834503518 -0.0279440836814 0.0036790308889 -0.00714686839988 -8.47952652009e-05 -0.644177517667 -0.0211562966041 -0.0269963905684 -0.0797561461006 0.0115777514444 -0.00799339252781 -0.232010546801 -0.206962883186 -0.0736827401041 -0.0498089881751 -0.00517103470929 -0.194175503635 0.234061438169 -0.0257234096205 0.0292971449588 -0.141199178259 -0.0247744320118 0.0364340208339 -0.00921298845641 -0.0233619830947 0.0619794119999
-0.515907383105 -0.0381940801609 0.00416449913465 -0.0167697172979 -0.0225338838129 -2.8098509167e-05 -0.00419830145289 -0.658379709823 0.0410080843283 -0.0516382166897 -0.065338947075 -0.0335839525978 -0.0164905737114 -0.218828176448 -0.153428402995 -0.134765341614 -0.0845379345635 0.00393829843471 -0.300459571001 0.261928064706 0.0119150063738 0.0143092622226 -0.176616123216 0.00774094996904 0.0146018714059 0.0028286836405 -0.0223330315382 0.0111240870759
-0.446721657986 -0.0475052495481 0.0362081818722 -0.0137063545138 -0.0332079291536 -0.0204869846759 0.00219089727663 -0.474640977022 0.0423520418339 -0.0208716231472 -0.0380148096467 -0.0350252817484 0.00372802565526 -0.258394247428 -0.113908729062 -0.127360211644 -0.0947267599859 0.00973756516871 -0.505271381707 0.263600156489 0.0125823291434 0.00617999518317 -0.342858811327 0.0117992983389 0.0080595527738 -0.0493024041252 -0.0478124808899 -0.111680115651