-0.00111887776013 -0.000347250827123 1.73517824645e-05 -0.0397791686263 0.00849217137136 0.0066882092104 0.00601951058067 -0.0274541687697 0.114891113278 -0.0239387294177 0.101114555445 -0.0880585728355 -0.0536062952019 -0.107573383131 -0.31814833238 0.0229207199631 -0.139587389969 0.00720767505583 -0.443782920809 0.68246639132 0.144935642115 0.00442820855796 -0.350597044448 0.135173757883 7.35839527137e-05 -0.069786402882 -0.0153347982054 -0.0026103467682
-0.526587018644 -0.0592730426858 -0.139447511628 -0.0036690105344 0.0421768810628 -0.0098815048124 -0.0018149480989 -0.556305278183 -0.116223027477 0.00789638671475 0.135565701114 0.0225083311061 -0.0260899819218 0.0572448255549 -0.150894555807 0.00942081171588 -0.0783572792782 0.0111296236982 -0.148452965819 0.390562662394 0.092919164172 -0.00783685357023 -0.349604759655 0.0841749998523 0.0032000419949 0.0431842454444 -0.00420982429099 -0.0914855012829
-0.57240480782 0.0170647874636 0.0676169303171 0.0086848211379 -0.0537876471686 -0.0241873332373 0.00828689754 -0.576189254834 -0.0629915775743 -0.0430663013021 0.0306650772013 0.0644559447366 -0.0161559555985 0.123880324895 -0.195818411167 0.0523759881969 -0.0342491289944 0.0209741711796 -0.168689893585 0.413250047987 0.0817265798599 -0.0160834080023 -0.159061996291 0.118152870973 -0.0186952696636 0.117906083486 -0.0124254065544 0.0530179367602
-0.384279171112 0.0746786746554 -0.0584819041665 0.0619215345011 0.0950006450129 -0.00758516546335 -0.00974553568242 -0.420187740144 0.0137886573927 -0.0887618724379 -0.119159137907 -0.0489303377103 -0.0153165267294 -0.459188661832 -0.234702845258 -0.0417404468634 -0.0925415756745 -0.00486212163417 -0.373695448587 0.305624459551 0.0521908095187 0.0169892152855 -0.269527609791 0.0147847668321 0.00954498397507 -0.208506468593 -0.0094572109705 -0.00324581379475
-0.449286902243 -0.0673245967852 0.0960873687926 -0.0769934092506 -0.0852335104817 -0.0205208371088 0.0178679427436 -0.425910917268 0.0130269229268 -0.0794105313996 -0.073228381827 -0.0589467316989 -0.0296081507576 -0.417328003036 -0.232671871279 -0.0239354238647 -0.10372422931 -0.0139291473406 -0.374469366365 0.324387952993 0.0805231101372 0.0115305146018 -0.207492446462 0.0835187604739 -0.00289476029453 -0.174566309511 -0.0109621722874 0.0180685153602
-0.408720073393 -0.0282952519343 -0.0292583316552 0.00816654403108 0.0255950212465 0.0239421410407 0.00801814476951 -0.422065083858 -0.0332589605028 0.0140620323337 0.0247350881046 0.035505549661 0.0136215000549 -0.453334276714 -0.167762605537 -0.103520894104 -0.082408752535 0.00226471584945 -0.398539680994 0.137971715497 0.0431517802626 -0.00341993583455 -0.431026574512 0.0659930562101 -0.00629082679032 -0.0626526914971 0.00621097499796 -0.152890670517
-0.56006124712 -0.0230592663547 -0.0169076503505 0.000284901238853 0.0150267075216 -0.00914769238475 0.00923844930882 -0.740437550903 -0.0799159265005 0.0454175579199 0.047019143781 0.0263138148521 0.00107045017465 -0.068979313891 -0.202341887908 -0.0382020017374 -0.0655025874024 0.0185961024619 -0.0208217451565 0.180677560612 0.0368468889976 -0.0164457030572 -0.165120266478 0.0692895684397 0.00396863067997 0.0646587566241 0.00272004762659 -0.0523978688547
-0.576893351838 0.00267020039109 0.00810966243365 -0.00773522143767 0.0361983113626 0.0113846548735 -0.00634433176653 -0.756646253663 -0.132375747433 0.028434776878 0.00950250446704 0.0325407001335 -0.0223818385626 0.00846566383187 -0.0956413193275 0.0471234515978 -0.0113962305292 0.00422471834642 -0.0735133445406 0.219595775977 0.0284707863751 -0.00596530239944 -0.0754712390466 0.0291256549031 -0.0112495706796 -0.0107812861182 0.0133810107425 -0.00771824530171
-0.663428664491 0.0944159975621 0.0719461906226 -0.0228128817472 -0.0695092108162 -0.00663790892723 -0.011039592395 -0.615306375137 -0.0799417351969 0.0167639931522 0.0228363879766 0.0173810832304 0.00440190083266 -0.0723112383231 -0.154906268839 0.0112266536113 -0.0385997131213 0.0171904291845 -0.215689349182 0.23834784695 0.0543205529962 -0.0112362165867 -0.0795364571658 0.0940572234316 0.000166096187125 -0.025274734722 0.022743510788 -0.0162300930372
-0.642589940913 -0.0322114977827 -0.0596003808198 -0.00149065378703 0.0586516039617 -0.0204897116669 -0.001217878184 -0.653053418134 0.0146678934676 0.0292972349454 0.0811257572849 -0.0081315303619 -0.00164585583414 -0.0869335531374 -0.139634658538 0.0207532576256 -0.0564361652322 0.00670234643348 -0.135399036902 0.23558431192 0.0281120548203 -0.0125446261914 -0.179465062443 0.0231732505431 -0.00633118105969 0.0755774504129 -0.00456041776866 -0.0202082445882
-0.583655205613 0.0528832385238 -0.0291391469777 -0.020562367077 -0.0399508822681 -0.0185252679763 -0.00750073515486 -0.676494547665 0.0742895475156 -0.0469578181924 0.107840078084 -0.00534574561166 -0.0216577244871 0.0735588501615 0.0407486936149 0.0659070650244 0.0120019669175 -0.0172653200279 -0.183655378166 0.265561499924 0.0257424757248 0.018036466434 -0.230973315876 -0.0075981003604 0.00938085974015 -0.0707786829034 -0.0136002873927 -0.000386000945874
-0.672125362771 -0.0249616127316 0.0819127092623 -0.0270997371316 -0.0246381058216 0.0275022856686 0.0203388876385 -0.617936693791 0.0305225597889 0.0316622849227 0.0184146379098 0.00524432671983 0.0382448742159 0.0847584379908 -0.0619217615468 0.0670891633141 -0.0118304729754 0.0123967763461 -0.231335707574 0.160623871481 0.0747546383885 -0.0189053209972 -0.115637625766 0.0642625137688 -0.0122063787836 0.173703524007 -0.0215588310623 0.0585735895879
-0.713282214849 -0.045912695135 0.107029737035 0.00650792653007 -0.0135452829084 -0.0360133816854 -0.000506164046349 -0.625576829074 0.0513926439544 0.0328665688446 0.0147758302559 0.00322660956623 -0.0139261048128 0.0845256022099 -0.0576726871922 0.0268627537914 -0.00312509302781 0.0038912531543 -0.0523199970017 0.211283599724 0.0462236976695 -0.00527784074913 -0.10940100431 0.0565833582528 -0.0196443713298 0.0136375663226 -0.0176746472072 0.061945493181
-0.673274282729 0.0744514659267 -0.0386663550973 0.0502106911446 0.122273105943 -0.00653049107062 -0.0021020185513 -0.526452486182 0.0121366108154 -0.0440795610386 -0.0279296904453 -0.0256562062762 0.00619689242134 -0.265959755529 -0.162786485309 0.00571330817791 -0.0797581925126 0.00375517790371 -0.220921996082 0.215839547328 0.0254144448769 0.00550585146575 -0.198508807999 -0.00373495542392 -0.0113690121865 -0.0461481368012 -0.00557740087061 0.00205073066157
-0.470076754672 0.0118962135434 0.0401124997874 -0.0509412430837 -0.00698315304629 0.000970915501735 0.00180184927189 -0.468785338086 -0.0195713580441 0.0199734109191 0.0413034126628 -0.0462570974782 0.0043084569369 -0.557664655677 -0.160649765017 -0.00780560418411 -0.0468739615273 0.00186689673439 -0.294113243265 0.116210767319 0.0518373508976 0.0104988691611 -0.280599437193 0.011956835713 0.00873137372052 -0.170358948812 0.00184625175928 0.0194402476252
-0.574650178253 0.00347878426935 0.00184687139765 -0.0408269492048 0.0152687032751 0.0199900908605 0.0102928896523 -0.571203088198 -0.0397032292079 0.0081887280759 0.00599004936291 -0.00840421454057 0.0117171202539 -0.387931866978 -0.199600460496 0.038110390876 -0.0686354167155 0.00264170206813 -0.268575473399 0.179372781598 0.0352583909191 0.00484292643855 -0.180357255537 0.0359857650305 0.0109276281568 -0.0503932296936 -0.0116564356932 0.022401413608
-0.62818287158 -0.0835511752667 0.0428305869992 -0.039859149368 -0.0772961030581 -0.0148154874969 8.88186071072e-05 -0.521525508517 0.00690826084489 -0.0404660766698 -0.0308987162792 -0.0151266392432 -0.000325297310507 -0.400436884799 -0.183465339142 -0.0151988351234 -0.0811461232968 -0.00506090228674 -0.206732355511 0.237235206542 0.0417387131501 0.00163192097757 -0.0788859188683 0.058997069096 -0.00403040165495 -0.0436525573113 -0.012196704203 0.0232812257976
-0.391756677032 0.0428725478969 -0.00692079476278 0.071106645317 0.042515843515 -0.0150625476888 -0.0150564393571 -0.386719361403 0.0146092340263 -0.0440871830832 -0.0613287908072 -0.00521781270742 -0.00838834417795 -0.589583047444 -0.0812363414169 -0.0308233128671 -0.0376790018379 0.00395074408558 -0.443097477691 0.171321937567 0.00194150572104 -0.00895806151152 -0.24438233714 -0.00378606993029 -0.00204481295403 -0.198563415655 -0.00925586103101 -0.0117385851953
-0.439594260798 0.0343895391009 -0.0451180638625 0.00404876673564 0.000292251771069 -0.0115602361976 0.00300155452389 -0.66377049855 0.0337388094646 -0.0837335152168 -0.106463141575 0.000483662200413 -0.01596852642 -0.253775253662 -0.177633302655 -0.0397099407635 -0.065834926111 -0.016075203806 -0.32111461255 0.207527069799 0.0174684159287 0.0315088255477 -0.213102823582 0.025767595701 0.011025257538 -0.214541568601 -0.0189293627977 -0.0293120126088
-0.526193920432 -0.0781834654296 0.0352134983518 -0.0521820187635 -0.0119000691824 -0.00220107726744 0.00450839155293 -0.680185010471 0.0740461304087 -0.0525271576261 -0.0850465871362 -0.0336545664792 -0.022900632732 -0.142689287265 -0.127628976288 -0.00458130742306 -0.0703494783412 -0.0310031583145 -0.285813340588 0.202223578586 0.0398777398588 0.0253856814799 -0.164685784074 0.0269465922431 -0.00450918387232 -0.194351685197 -0.00225144400406 0.00704001215915
-0.348580629498 -0.0290568906767 0.033780786185 -0.0198851369479 -0.0861925600596 -0.035682357062 0.00212684346858 -0.314255721258 0.033920579729 -0.0238261014552 -0.0349862772953 -0.0233466303807 -0.0103116586333 -0.517952365595 -0.101069276321 0.00203516358402 -0.0578113024224 -0.000540978558939 -0.469183962285 0.106493340742 0.0352769088381 -0.00277820487071 -0.351493570752 0.0353396814785 -0.00202617563247 -0.354161509148 -0.00989196858935 -0.0127121948435