-0.094546314685 0.0875830614065 -0.108592025035 0.292757366464 -0.270179234809 -0.141210546154 0.00880219642928 -0.223320071124 -0.363573661506 -0.521110156507 0.201153751051 0.18634838048 0.0247427676727 -0.0939205578002 -0.0963711220745 0.225802778718 -0.0460388920977 -0.0104005352594 -0.193742851229 0.258370776418 -0.0654969818361 -0.0546298907117 -0.128931847248 0.242463728294 -0.00755897688979 -0.0667712427658 -0.0252885230044 -0.00242967861353
-0.631633069804 -0.083671387768 -0.155163930174 0.0360122640541 -0.146985183718 -0.0657763968053 0.0088035121998 -0.617028831383 -0.158924752324 -0.0832103092249 -0.0509422262649 -0.0727456696958 0.0154205918776 -0.0845245831944 0.0166198505914 0.119082301421 -0.0916143620346 0.00299444754006 -0.0665693656128 0.232647155711 0.0458792130687 -0.0329306687487 -0.0810807986561 0.029761855408 -0.00256572983344 -0.147836433298 -0.0235621029202 -0.000887699071699
-0.449809972536 0.0677402107949 0.0576380315693 0.0319476796556 0.0807638960575 0.0377087152334 0.0020690859859 -0.574351488427 -0.154207394104 -0.169420559349 -0.0668468940276 -0.0352009724011 0.0217968014802 -0.338762494444 -0.118447179654 0.175712559005 -0.124714950879 0.00916628869422 -0.167274489529 0.340341090375 0.0698864316788 -0.0191603630379 -0.208574011819 0.0326443737164 -0.0106780133341 -0.151068333776 -0.00698631066932 -0.0180286226227
-0.613736411873 0.0856636894952 -0.164136145527 0.0144952811691 -0.119015965256 -0.0329939242413 -0.00623241476715 -0.636863913558 0.0309093869476 -0.14523844763 0.146647547814 0.0835989553222 0.00987828909422 0.0488428930855 0.00170986100201 0.0489583876744 0.0603036364221 -0.00150757421815 -0.260439802965 -0.136188440537 -0.0232244807655 -0.00902386057623 0.000225376114116 0.0741606091492 0.00319374078137 0.127122017011 -0.0124984899456 0.00785348065964
-0.527457394115 0.0209607741966 0.104914456399 0.0664900405687 -0.0322559554684 0.00219863075469 0.00370321149731 -0.576279740986 -0.00976674733253 -0.169407258517 0.0951348624002 0.0500748739598 -0.00958130101985 -0.154841138484 -0.161853092418 -0.0087382953468 0.0321973585029 -0.00709708992764 -0.259444055073 0.0186425748559 -0.067673631649 0.00157417128809 -0.398694600363 0.0833382730624 0.00345231257271 -0.206680547133 -0.0031188845914 0.010108858592
-0.645572454629 -0.0215302033821 0.0867457281702 0.0682091478855 -0.0360087158064 -0.0122137754729 -0.00117073949769 -0.625414406325 0.0291366785104 -0.0375474091468 -0.0886787489557 -0.0200030665378 0.00612036023269 -0.210737371608 -0.0831502088956 -0.0766383143653 -0.142274879647 0.0103515663243 0.00762905407753 -0.0385992283406 0.00414861868195 -0.0186546559094 -0.290881090929 -0.00881652069918 0.0192170253747 -0.0470446535031 -0.0256179575765 0.00749591737281
-0.562231739257 -0.0406478620341 -0.0722019337612 -0.0398221875773 0.0314766255393 -0.0126005348206 0.008866095452 -0.704657987109 -0.0441251434784 -0.0791723144185 -0.0447974721068 -0.0317290485447 0.0101180332379 -0.228424452122 -0.0680248913357 0.18363340078 -0.0914619658766 0.0130906620552 -0.0295531865773 0.241050841962 0.0516768354767 -0.0166643493241 -0.0255906677822 0.0250084032288 -0.0037266048187 -0.0557669730373 -0.0193177776033 -0.0239716282178
-0.514350671787 -0.00491749109253 0.00537367954094 -0.00437171476109 -0.00187784397874 0.00316327928703 -0.00384430064947 -0.718498832444 -0.00450276669377 -0.0588370425445 -0.0973556309541 -0.0336098594792 0.00914951830982 -0.290739751907 -0.12021515992 0.17614705722 -0.0964900509272 0.0147951965831 -0.0484249434376 0.225173087081 0.024952528674 -0.0157903381699 -0.082566360806 0.0128089491286 -0.0146468194144 -0.0587458622005 -0.0146605369993 -0.0246745976963
-0.553653164249 0.0242818754809 -0.0601615388151 -0.0224602313254 0.0645740356191 0.00668267609379 0.000861598813596 -0.577615528686 0.00732197595464 -0.0462210024109 -0.0826890799486 -0.0140907895896 0.007876528033 -0.315350804931 -0.221704065091 0.0241255990888 -0.135689729836 0.00564129970823 -0.141248045093 0.0741449411645 0.013182278341 -0.0156738842045 -0.379190575676 -0.0353551673171 -0.00603328278068 -0.040558038861 -0.0202712568065 -0.0314903201253
-0.681273704178 -0.0196168698606 -0.0228846813592 -0.0289160500791 -0.112605876426 -0.0327589709106 0.00949413302092 -0.642789015782 -0.0668632470512 0.0947378662051 -0.0375529075233 -0.0192960298199 0.00851345946156 -0.141547714331 0.0697802221807 0.0828661594453 -0.0538072425112 -0.0115685239801 -0.151015440555 0.103847656664 -0.0164969452713 -0.010872652794 -0.13539041727 0.0206049269415 -0.00710727588462 -0.0642835190133 -0.00234586329799 0.00863849538884
-0.556349070787 0.00289103035505 0.0348340274315 0.0493507759775 0.0353117907534 0.0199256744265 -0.00379828723015 -0.625639488773 -0.118213807649 0.00554434117739 0.0430563789718 -0.0109481931268 0.00267631133557 -0.229596476942 -0.0298650128385 -0.0815440760005 0.0393623828204 0.000764257591484 -0.263631653193 0.141720528341 -0.0163306367294 -0.00770393626629 -0.198073124288 -0.00997202249513 -0.00359564687353 -0.294289673878 0.00871369573901 0.00179512881521
-0.488144071975 0.0687076582468 0.0137018291697 -0.0332192839657 -0.0556696643672 -0.0281473813813 0.00389619729948 -0.589050015159 -0.0246343120293 0.0220296988931 0.144089544363 0.00521829199958 0.00333403746988 -0.300126875425 -0.111728180903 -0.0730826146431 -0.0396720208174 0.00343444098518 -0.35707672456 0.151379915793 0.00900074470311 0.000106724051904 -0.277361515597 0.0336915168003 -0.00132130104483 -0.211096751567 0.0139180766146 0.0107701702378
-0.654769037382 0.0565280929615 0.059568231249 0.0652818559717 0.0833971809168 0.0533062664054 -0.00533577352438 -0.520234867077 -0.0621840534191 -0.0517696288436 0.00732240664079 -0.00273860934167 0.00666181769837 -0.235186325082 -0.0450212679413 0.109242469041 -0.0607813896225 -0.000157404884746 -0.251316538813 0.237063419855 0.0669774752669 0.000519093578041 -0.239886002034 0.0387323209484 0.00230655438151 -0.130793610925 0.0095487730626 -0.0093802297315
-0.656426588403 0.0654217880945 -0.0371162446513 0.0124057590807 -0.0885025190792 -0.0185061542992 0.0027250167515 -0.703983741129 0.0355136010948 -0.0974768336899 0.0658477543342 0.0245597431177 0.00769552191988 -0.0544330112178 0.0107732802876 0.0155133508207 -0.0187466517661 -0.0124823541893 -0.130377697155 -0.068551436872 -0.0173004791266 -0.00497888446998 -0.122509478195 0.0291637333966 0.00240253107268 0.0370304727295 -0.00990026227115 0.0239335693368
-0.691721884908 -0.0142610351916 -0.100974319635 0.0231288382033 0.00495933559169 -0.0356329624006 -0.00572616640919 -0.598845198059 -0.00862837549712 -0.0664022608053 -0.0396720917292 -0.00647116304822 0.00681721175455 0.0848924568368 0.0607914194182 0.0287801929433 0.0805291078362 0.00163499761671 -0.220088707708 0.105325598528 -0.00455819567512 -0.00366338510055 -0.25443761178 0.00721068138476 -0.00534374817113 0.0374196484054 -0.0174015991231 -0.0138222633259
-0.517786400243 -0.0086261713 0.0472716393551 0.0819803876352 0.0578950816061 0.00387919929062 -0.00264648439534 -0.484469377934 -0.0161605185742 -0.00756720489566 0.0589628760037 0.0303897459464 -0.0046815897512 -0.339441775133 -0.100195017142 -0.0763029700007 0.00998843335337 -0.0023317121843 -0.218302118007 0.0717819173001 -0.0211798036724 9.47707427908e-05 -0.453823644532 -0.00606306834329 -0.00190861309876 -0.299080472258 -0.0033395380616 0.0119048247855
-0.64979428766 0.0206634514634 0.110261689685 -0.0386550056113 0.00384722900755 0.0842281486014 -0.00188869850838 -0.536403910375 0.00109972267074 0.0523932520818 0.0699245761882 0.00243775586288 -0.00646846099189 -0.17027381658 -0.155102894186 0.0067500736232 -0.0136631219982 -0.00442609792702 -0.228998734749 0.0359731109986 -0.0254380991902 -0.00151094831057 -0.369469553426 0.035001956625 -0.00344926098931 -0.125041963163 -0.00735395865591 0.00655899232897
-0.656114551119 -0.00104384195179 0.0339228965812 -0.0791212934099 -0.02934042089 -0.0147734540903 0.0015211456146 -0.642429227732 -0.0097400790028 -0.0341810215675 0.0366934596495 0.0186951512198 0.00482336016769 -0.21688954898 0.00717141915676 -0.0759826857667 -0.0407344835506 -0.00378810623193 -0.268973791142 -0.103051311427 0.0209843664675 -0.00241468236872 -0.0721797883709 -0.0073891278705 -0.00522822535144 0.0425127786887 0.00283892126152 0.0162205673575
-0.597823693421 -0.00990412990501 -0.0230762217651 0.00885137780882 0.017661736729 0.002235722258 -0.00138067241078 -0.747578555439 0.0434157328597 -0.0117476112564 0.110896888751 0.0296084334764 0.0111765397992 -0.0440564167595 -0.0643743581849 -0.0233631968194 0.0305740966771 0.00663675857089 -0.16872977968 -0.121811389808 -0.0111753205325 -0.00614936371501 0.053905872058 0.0444702870525 0.00741462192766 0.105792489666 -0.00845484081939 -0.0100305725833
-0.627433621628 0.0566607987239 -0.0390111957942 0.0139751899921 -0.0431328178682 -0.0189023094375 -0.00212301668185 -0.740212447947 0.0540367465493 -0.113465319122 0.0296756075089 0.0270099853029 -0.00679792939779 0.0109701205479 -0.0805585226201 -0.00173933339449 0.0586150332931 -0.00401201806402 -0.11529557346 -0.0140060859211 -0.0492798596374 -0.0093182127009 -0.0342333342059 0.0664933112673 0.00827093034764 -0.0449000411481 -0.00645798303421 -0.00480891575553
-0.653063383571 -0.026431556543 0.093231296089 -0.0387558122437 0.00862904697314 0.0468980024176 0.00645540388307 -0.616186422766 -0.00226912394296 -0.0980548368999 0.0249135278626 -0.00256403922128 0.00425925641176 -0.0434058758814 -0.0617089321002 -0.00896871094376 -0.0160914765408 -0.00685060076146 -0.176302261877 0.0486583251817 0.000429677743476 0.0111271408364 -0.350441379349 0.0110822164578 0.00252095803273 -0.0874304488618 0.0100047025545 0.00373455337745