-0.0100252594803 -0.00490097236161 0.037080899891 -0.0828532157247 0.0525399000385 0.0222321388627 -0.00174826759491 -0.142047673022 0.0748462466509 0.0681150467525 0.308341125917 0.0476801267381 -0.0507655331863 -0.0571055516149 -0.181723933003 -0.0262173686279 -0.065443992911 0.0286252897398 -0.440038047927 0.598850763672 0.046389701727 -0.0486997163125 -0.506178479618 0.0417369369258 -0.0212911770509 -0.0200089277689 -0.0151701493284 -0.0117469980561
-0.332760025057 -0.0910465811546 -0.0763876668042 0.0247552881107 0.0743361555525 0.038437822578 -0.00635975365832 -0.44479910915 -0.229587548974 0.0423092111902 0.0061909416973 0.0243401557568 -0.0343524197099 -0.339516096041 -0.131824190769 -0.054726967382 -0.0378254792241 0.029582403316 -0.250628502239 0.460814113231 0.0262464156116 -0.027055897934 -0.399141675711 0.0404257597081 -0.0198697132972 -0.189105687088 -0.00561892040559 -0.0407605174962
-0.438019950524 0.062929043943 0.0286878558872 -0.1236839848 -0.0708763587901 -0.00846165267093 0.00431234224538 -0.411424112683 -0.135648463686 0.0113987984842 0.0134867035008 0.0399668532713 -0.0387983660127 -0.139668340444 -0.121651747569 -0.187407458716 -0.0360832325057 0.0257019578578 -0.315176404631 0.476863190061 0.0374349107809 -0.0313200210379 -0.434561182402 0.0342039449168 -0.0158532107999 0.0310969210927 0.00368863293116 -0.0103192744682
-0.342148279772 0.00255843710481 -0.0492818411274 -0.0226239654471 0.0721135916922 0.0307016169082 0.00210448880314 -0.401241937039 0.101548807038 -0.00992283908276 0.145642794536 0.0143274506731 0.00429986308359 0.0470317866026 -0.108587890648 0.0325078813544 -0.0306057350331 0.0129750043432 -0.564916000535 0.0887961774377 0.00555169731753 -0.00406565060049 -0.580723474593 -0.00248682447072 0.0168153948105 0.00706920965833 -0.0131690390234 0.00439751156436
-0.35621458913 -0.00268818419586 0.0967587928766 -0.0489861472594 -0.0244450900308 -0.00242047355328 0.00227929798028 -0.378611144314 0.0392412470589 -0.00196110561908 0.185277303513 0.000753948867003 0.00103369644004 -0.0956788102877 -0.105215902468 -0.00226339438358 -0.0516289860586 0.00527124982451 -0.587702016306 0.123993221407 0.0053708426904 -0.000534897658251 -0.543743919923 -0.00960807982344 0.0153319108218 0.0399061732435 -0.012986548633 0.00689939899394
-0.370698301276 -0.116253126053 -0.115346770207 0.00165350010461 -0.0135189045681 0.0247581000738 -0.00395171482925 -0.529537391419 -0.209582719515 0.0024321666513 -0.040771374782 0.019209425323 -0.0207330010096 -0.36814057238 -0.0306975060927 0.109537807347 -0.0172902645164 0.0168188834694 -0.275682156182 0.275991353674 0.0252964873534 -0.00538176672591 -0.358134529034 0.0128906890234 7.84336806109e-05 -0.249794935829 0.00337076027101 -0.124180767145
-0.359656299825 0.00582186171762 -0.00367450147129 -0.0187907579791 0.0150514478743 -0.000258492959525 -0.00163972007565 -0.577240947206 -0.172490893048 0.0418338969796 0.0145916291427 0.0161675409665 -0.0126750399527 -0.48188069688 -0.102926899773 -0.0787913836284 -0.0173145915421 0.0151723083313 -0.181061619344 0.327181695776 0.00215340841605 -0.0274633826259 -0.32654383338 0.0211347423983 -0.0196765141461 -0.0719291626385 0.0113221305536 -0.0421249529185
-0.427069368252 -0.0123202378634 -0.025497885349 -0.0190632470099 0.000751372747545 0.010763070307 -0.00251998550277 -0.645933868899 -0.0848566705488 0.0543996214578 0.0386178943699 0.0238625616309 -0.0246039033165 -0.181412651164 -0.106539327697 -0.137425366015 -0.00778183375029 0.0228122846094 -0.264724357106 0.333690418169 0.0291743912697 -0.0281196546689 -0.363401957087 0.0317079185818 -0.023980417214 -0.0623891770624 0.0176082238063 -0.0403125920759
-0.421829031859 0.0424072008278 0.0592244201732 -0.0249497087489 0.00321809381937 -0.0193818235737 0.0104854277483 -0.520540976957 -0.165868177557 -0.0342102712185 -0.0684003212252 0.0108078453572 -0.00950700019571 -0.316608084623 -0.0878158303591 -0.0751375813992 -0.0540000575874 0.0191431203957 -0.355226168653 0.283272894433 0.0155402266215 -0.0173679124173 -0.424407996866 0.0370224549548 -0.0123773058019 -0.0667077404386 0.0151854593252 -0.0304198263675
-0.551066552167 -0.0413154282143 -0.0155159107933 0.0278577966019 0.0911642150675 0.0148482852769 -0.00262715785653 -0.424349360491 -0.0996472537918 0.00452336674393 -0.0076982513219 0.0137236197686 -0.0133623613367 -0.405203434295 -0.0708516502721 -0.0942066473756 0.0160987118556 0.00604779793368 -0.172817149121 0.374172670339 0.0384231851944 -0.00385508230367 -0.338043123034 0.0213498643986 -0.00340962003148 -0.173449519963 -7.66119093103e-06 -0.00686502357667
-0.395215540865 -0.0173935802245 -0.00106306361741 -0.0231203277748 0.0289246106966 0.0434991918512 -0.00450841493741 -0.433805365283 -0.0823074076155 -0.0754093831308 0.00614570769756 0.0226929545508 -0.00241106547298 -0.22940536016 -0.0587282477768 -0.0473753749944 -0.0394105961117 -0.000310168448892 -0.465975694742 0.0612676983457 -0.0148242872768 -0.000260267215883 -0.587519462422 0.000838513711749 -0.00239435246351 -0.111391560056 -0.0169998871338 0.0121452996072
-0.559301269744 -0.0411102041242 -0.0428903831566 -0.0519929855951 -0.0148273598679 0.0339828688982 0.00554295362311 -0.564345283414 -0.0495176113541 -0.0674911639318 -0.0188996194449 0.0107808447031 0.00449731078987 -0.069357316357 0.0394402746015 -0.0439208241424 0.0144617940166 -0.0114564673071 -0.352360140623 0.155136068295 -0.041758793484 0.00821881020971 -0.436008668414 -0.0629826839582 0.0180092521017 0.015630566292 -0.00871737339527 0.0130705627701
-0.665958288197 0.0205716340279 -0.00829981034461 -0.0825246385935 -0.0689674025249 -0.0236627523402 0.00272738918569 -0.460492684098 -0.00101206188136 -0.00393347696897 0.0091742470575 0.0190127855956 -0.00994451737836 -0.140863727007 -0.0789583360827 -0.123794256541 -0.0220163237017 0.00523791760548 -0.233835509265 0.366069504725 0.0325388293597 -0.0148743599062 -0.299085200093 0.0378229522174 -0.0069081956228 0.0905208260806 0.0129885972542 0.00925373933703
-0.618017404879 0.00523181458515 -0.115262883798 0.0119049425497 0.0355544548036 0.0333404635064 0.00317109917453 -0.494937149896 0.0196542940215 0.0021034591859 0.09463985264 0.000155445592667 0.000421276536426 -0.0262359006058 -0.11083132049 0.0220833388637 -0.0325065622599 0.00696389752627 -0.371838727379 0.212529454243 0.00722671773596 -0.00113525898148 -0.379108822123 -0.0132787442132 0.00356959874797 -0.0750533398217 -0.0173035600561 -0.00276339334101
-0.513517855724 -0.00569375103646 0.0236526256152 -0.00506887706847 0.0278594722559 0.0148967216616 -0.000351583271929 -0.529027918009 0.0107800720366 -0.0760825902567 -0.0181538751837 0.00937410362221 0.00226787434233 0.0895333529021 -0.0438180323824 0.00684412584876 -4.69746209823e-05 0.00739344193249 -0.402794047764 0.0294238376148 -0.00370469776965 -0.00355806398205 -0.516635629094 -0.0106713955013 0.00802465109196 0.0872377971318 -0.0243823107125 0.00415456636783
-0.573270553561 0.00124452630468 0.0639928776024 -0.105747120774 -0.00965395108471 -0.0138807561239 -0.00144132758407 -0.500647249874 0.0304961080293 0.017620949123 0.0758334705975 0.00360920761579 0.00913837256938 0.00197668935701 -0.0695566208455 -0.00834237936026 -0.0345132980962 0.00144432535725 -0.42570297665 0.188708381963 -0.0116726817705 0.00135771185907 -0.411913691289 -0.0243532812313 0.0166568797282 0.0664263066289 0.00454319064859 -0.00224252766852
-0.512866452959 0.00422304368233 0.0278425124286 -0.0183807504422 -0.0151237658962 -0.0110075479014 0.00091837940885 -0.561067956164 0.0131467454238 0.0481907865408 0.0725304853919 -0.0323135120337 -0.0142017913053 -0.0862884195147 -0.0479300157014 -0.00478597787035 -0.0445297123686 0.00842513799255 -0.412246249333 0.231081537469 0.0032894569315 -0.00544914739214 -0.404259359108 -0.0108620736549 0.0184150790366 0.109842267586 -0.0223470082017 -0.00583458970123
-0.450575900015 -0.00443272174784 -0.0291577107626 -0.0215527624446 0.0135288046395 0.0155485494275 -0.00723462344183 -0.494356575156 0.00463463092228 -0.0214024412677 0.128687994368 0.00832220140842 -0.000178539950515 -0.0782603581933 -0.108877507092 0.038229894101 -0.0379250216346 0.00957713639273 -0.52540440452 -0.0242046672563 0.00924070537737 -0.00216558685187 -0.484279126712 0.00987621437377 0.0139321681947 -0.0313750235797 -0.0100557081312 0.00850418247345
-0.453320734323 -0.0155670590484 0.0049419468713 0.00143042638263 0.0466143209874 0.0121231945496 -0.000632930224335 -0.485871339778 0.0281223564708 0.0152610212412 0.105043562167 -0.00093042283319 -0.0021993913962 -0.114400704613 -0.119770014077 0.0108270085533 -0.0384815775336 0.0136065580491 -0.540969187443 -0.0151323262561 0.0114028982859 0.00156334411334 -0.470133880859 0.0116541275968 0.0144487165875 -0.00250549699523 0.0132052134216 -0.000931911906988
-0.481813359626 -0.00460264981948 0.0500401393676 -0.0461140703268 -0.00720762272084 -0.0138856839919 0.00323756141707 -0.485306624357 0.00394734159109 -0.020880600486 0.113502779918 0.00981306276089 -0.00639702630931 -0.0407783870472 -0.112065693308 0.0163407618512 -0.0309977998811 0.00157629062958 -0.526434842866 -0.0272839242281 0.00869420851748 0.000730180670682 -0.469439861035 0.00365911491786 0.00647817299182 0.00240211819005 -0.00580975706182 0.00894030146126
-0.419918416754 0.00209430006084 0.000428956856783 -0.0265293192071 -0.0145416199437 -0.0106491049597 0.000786480382632 -0.503603170866 -0.015432549368 -0.0703033466128 0.142450962788 0.00351938373376 -0.000642893514298 -0.319121377246 -0.0876677174702 -0.0492508234336 -0.0715166935614 0.00340542852343 -0.496186903129 -0.0215165249994 0.0268403758207 0.00217100560007 -0.419325752619 0.00130477511396 0.00716896941396 -0.0530243075205 -0.0166854596908 0.00949029684263