-0.0286263251602 0.0112170683962 0.188182265799 0.0671944744821 -0.126051940055 0.0240431788539 -0.00749998743864 -0.0872433193074 -0.117510750458 0.36409909196 0.0876455500889 0.0167101320846 0.00579541736417 -0.0765653932796 -0.0562680037262 -0.0835863666322 0.275969129984 0.00890404690095 -0.327624358465 0.703891983043 -0.032622209456 0.0241869397744 -0.272249636679 -0.0856420712643 -0.0118683367621 -0.0471981811162 -0.00966843360477 -0.000432989562556
-0.624513545066 -0.0776547656127 0.00129351275879 0.206585919664 0.0056057868748 -0.0298179170537 -0.00782249489298 -0.613915781667 -0.0466919913937 0.168965162167 0.0567605322385 0.0248199357429 0.00572871975156 0.0310428099873 0.0157934978215 0.00977055899439 0.13699067736 -0.00761338891079 -0.14352241345 0.299479476359 -0.0286140752774 0.00929845686655 -0.111286368467 -0.0477982753344 -0.00448910231 0.0524565298123 -0.00516382329726 -0.00249061014116
-0.596913085705 0.105511756855 0.0473398826738 -0.206508389015 -0.0656702623032 0.0387136217352 0.0102717761377 -0.551139623704 -0.0425653118416 0.127060908046 0.0988245973825 -0.0305487553283 0.0174374865592 -0.017924578389 0.0391946991141 -0.111238554853 0.0737757521688 0.00119655996064 -0.277362107308 0.333745964454 -0.049930420837 0.0101083077221 -0.18354837032 -0.0644828452556 -0.00236971395907 0.000672887549109 -0.00787814923713 0.0232450150794
-0.577304849213 -0.00440101080237 0.0301435916055 0.0644121472642 -0.0557020915721 0.0456372404675 -0.00471529647669 -0.67689464168 -0.193855955639 0.142598219577 -0.0517589962133 -0.000397971656413 -0.0372339468573 -0.0929753152716 -0.0506112600352 -0.0315497485127 0.137821962868 0.0138126368912 -0.14413583333 0.259059618299 -0.00402472985066 0.00908406813733 -0.0498567755041 -0.0182633005297 4.25969483797e-05 -0.116297731953 0.00788267889119 -0.0221119875266
-0.569348524755 0.0414781283911 0.141202163063 -0.0164894858347 -0.0684111858259 -0.0556115168382 -0.00796407399992 -0.659492844535 -0.0189061691387 0.218148537294 0.0989523683524 -0.00628176459914 -0.0143445370558 -0.149383173643 -0.0761486689975 -0.00719222531599 0.110437971428 0.00281567654231 -0.128243872226 0.251820784604 0.0419352339868 0.0190946806809 -0.159584692688 0.00985508199372 -0.016893791935 -0.0694900125612 -0.00661562321743 -0.00926958497374
-0.608696979103 0.0235804855786 -0.0353160905312 0.0404970869644 -0.0268376889361 -0.00264199012013 -0.00801394113335 -0.626843568464 0.0364937416957 0.0159888931885 0.0601214857391 0.0130480761746 0.0107688386211 0.107121622898 0.0382928139062 0.0389516064615 0.0864948808439 -0.00667152312178 -0.423728436379 0.0451182234675 0.025086789251 -0.00190513051898 -0.139520786186 -0.000474991682071 -0.000604934108542 0.0545524634757 -0.00289360151772 -0.0134998431997
-0.615220273769 -0.0224793771453 0.029835622624 0.0582105835798 -0.0166410860176 0.00309143384242 -0.00600133715295 -0.671520090212 0.0446222099161 0.0688084371481 0.069087092823 -0.00508145280464 0.011589997147 0.0205050377593 0.00102659067379 -0.0959116856376 0.0412817950306 -0.0040948994818 -0.304416132165 0.192283188076 -0.0350873440905 0.0169302683472 -0.0894852520819 -0.035746069962 -0.0119049499043 0.0426104606585 -0.00340836697774 -0.00661369975876
-0.614843779698 0.0211694243984 -0.00839847946461 -0.0358360539367 -0.00493639715126 0.013267416597 0.0067957234694 -0.689761304804 0.0732460293919 0.0858152230906 0.0300038728438 -0.000277319234644 0.0226067634848 0.0221395887815 -0.000584708209439 -0.0874775162655 0.0228399985905 0.00678085333021 -0.262156185571 0.183398133197 -0.0289328548743 0.0119602113278 -0.101503894726 -0.0352555244023 -0.0157397159108 0.0777764474722 -0.00624044309701 -0.00855407066501
-0.644876211745 0.0100379411689 0.0205185283457 -0.125726557045 -0.052714411924 0.0144215939306 -0.00086696983797 -0.610468145142 0.0754182519467 0.00171984870795 0.0265159727588 -0.0051743338192 0.0135344069408 0.0387521310862 0.0873580456222 -0.00642219174093 0.0202276723082 0.000137011685074 -0.377390116409 0.0959438475632 -0.0248938733017 0.00363834210697 -0.144582215196 0.00814972508362 -0.00259202268968 0.0462110794894 -0.0066215524608 0.0232681927515
-0.779705449579 -0.0323593618908 -0.0470411757401 0.131267883999 0.0543590899045 -0.0161144043814 -0.00330366372559 -0.558816393993 -0.000333865276048 0.00944996655817 0.0235685510265 -0.00715780245622 -0.00300280864111 -0.0607234387609 0.0529172256799 -0.00608943292488 0.0895860208527 0.00216028284103 -0.0317429554758 0.149302191746 -0.0097218965895 -0.00817656791118 -0.111421936405 -0.0263739642657 -0.00115601812388 0.0639037570856 0.00752152244651 0.00972702962524
-0.617894793578 0.0113509714307 0.0220908288791 0.0572437464142 -0.0195323472651 -0.0207251176252 -0.00133036642929 -0.677290367756 -0.033216480839 -0.00406242854836 -0.0887661980939 0.0376805032974 -0.00334947302025 -0.215904148067 0.00127030310623 0.15864943445 0.107421745609 -0.0116905815287 -0.136265730829 0.135651799002 -0.0455048034569 0.017490342372 -0.0809029592888 -0.050560623088 0.00164837812216 -0.110333671342 -0.016139212604 -0.000513756621425
-0.639579616465 -0.0832279143323 -0.0712592163822 -0.120695102926 -0.00286085702552 -0.016172405989 -0.00391557411191 -0.545854988076 -0.0849297044629 -0.031010936131 -0.0293918441309 0.0185053706888 -0.00462904630484 -0.270339293637 0.0446725054264 0.0655785836592 0.0509516894909 -0.00615994429453 -0.152560020167 0.184307989653 0.0090385069986 0.00957629841399 -0.196122654387 -0.0568080193473 -0.00213853220611 -0.27356587669 -0.000315341851147 -0.0274860646765
-0.6819710298 0.0566724785095 0.114701684578 -0.0642095297129 -0.0307650466394 0.0465128438092 -0.00215073324497 -0.532219567458 -0.0491502873019 0.0644081197328 -0.0174584595822 0.00287363193681 -0.0199777143744 -0.106266682683 0.0244218590767 -0.129827694019 0.0771507050641 0.00471206446784 -0.325685142104 0.0593090279726 0.00552949108089 -0.00320190982759 -0.268983270159 -0.0333508169018 0.0005241709761 -0.0130424042911 -0.000198437652753 0.0528513171968
-0.684382171012 -0.0383230119962 -0.0306441021915 0.115979069785 0.0296649434446 0.0236571411059 0.00633617447459 -0.617299829984 -0.0428951320217 0.0314285750306 0.0322672185155 -0.0288449859661 -0.0111694817777 -0.138085949797 0.067231012145 -0.0886076928961 0.0511011043706 0.00868364317553 -0.178250990405 0.173132742126 -0.00917122657022 0.00843064495112 -0.166925790364 -0.0476010826239 -0.000465596204192 -0.0419311477583 -0.00353595905174 0.0216151378127
-0.641185418922 0.00361839904261 -0.0997636125343 0.00215386728041 0.0312648929451 0.0152326826343 0.00470899298111 -0.562994677224 0.00529299237528 0.0524756823062 -0.0161064568909 0.0123006381911 -0.0154771820572 -0.202086197893 0.0501154356757 -0.254813588513 0.0143539674509 -0.000172501119874 -0.177336076986 0.259466669958 -0.00159530980807 0.00174542747867 -0.218593176602 -0.0454624848815 0.00630308586545 0.00642452349845 0.0022553223601 0.00922534220393
-0.681583312801 -0.0248065697418 0.0505360451934 0.069353134808 -0.0148353026847 -0.0145588369136 2.17964519398e-05 -0.665146084223 0.00573886288655 0.0586495957063 0.0286924015946 0.0203489239506 -0.00145933964068 -0.049973141576 0.0300916635389 -0.0616571067987 0.0722031306173 -0.00249593843357 -0.121134901778 0.172552628151 -0.0135376017493 0.0117907633179 -0.135611611055 -0.0475036652046 -0.00806452892494 0.0238235919753 -0.00910787793744 0.0366684296164
-0.631770673618 -0.0470347998395 0.0883101760177 -0.000577829444848 -0.0446684120562 -0.0152832899137 0.00194512859604 -0.61175182984 0.0771837286984 -0.0443979445023 0.0351192240912 -0.0438834612416 0.00444998302859 -0.0342921777295 0.0182623269431 -0.058633600798 0.0455594650941 0.00179118114293 -0.375673387828 0.0820183637313 0.00573180059493 0.0121055234077 -0.217819923883 -0.00377202300818 -0.0122324217795 -0.0218438171001 -0.00769821756154 0.0080764740082
-0.588621504372 -0.00680460211491 9.03133872056e-05 0.00179114196153 -0.0090892782491 0.00508373167753 0.0193802942107 -0.695876954215 -0.0736237603131 0.0362884121722 -0.0823485375519 0.0323159068441 -0.00763968968431 -0.201369379592 -0.000605007819001 0.202109119515 0.107240051364 0.000728924919242 -0.0389259606461 0.119271166778 0.00823576698146 0.0116367451785 -0.0507836149911 0.0135731818003 -0.00795914222313 -0.199113596918 0.00388384922779 -0.0528596989943
-0.646325725693 -0.00438910367901 -0.00371445730667 0.0357950761462 0.016925673489 0.0115776721487 -0.00907651719137 -0.700552938986 -0.102621488303 -0.0118349208196 0.0136847725352 -0.0110209083369 -0.0251079256714 -0.108626061393 -0.0986322057802 0.0350411690329 0.123583977518 0.0258096535396 -0.0975094070646 0.113691262212 0.0211359545709 0.00973969571341 -0.0530897142575 0.0289557427436 -0.0078156426093 -0.101937956708 0.0184336913324 -0.0440623318676
-0.64372827465 -0.0131895421635 0.0269180246351 0.023330099411 0.0189267896905 -0.0190237225954 0.00346404245932 -0.664483232078 0.00514583222964 0.0766062903708 0.00467462091862 -0.00795333392625 -0.0116645289273 -0.226504926697 -0.060486021572 0.141406480851 0.126514392451 0.00851232785789 -0.0918099696696 0.107337378224 0.0201188340318 0.0187436167136 -0.115865573014 0.0269871618256 -0.0103977981726 -0.087238491042 0.00583681676142 -0.0462090302291
-0.61245486576 0.0460575980246 0.0359189802261 -0.0476611123229 -0.00615314789256 -0.0219225897737 0.00278677584815 -0.661872308757 -0.106349597738 0.0346626676758 0.0406670089507 0.0221839948144 -0.0148708992725 -0.261841692362 -0.129077786552 0.0774837173327 0.0539596637304 0.00140772823332 -0.104013186995 0.122609913574 0.0806283383007 0.0112071181138 -0.129103135145 0.0419513685658 -0.019639325112 -0.139130696956 0.00217272136839 -0.0307035726318