-0.00195805371419 -0.00651143290473 -0.0214695556399 0.031929750556 -0.0123530645953 0.00308916385187 0.00459461264547 -0.124576218209 -0.0656028314455 0.119254141749 0.266657402412 0.0204497121434 -0.0105195749974 -0.354965430925 -0.562919565385 -0.128317203417 0.0113261618388 0.00354123263228 -0.495834897352 0.33778011328 -0.044097868743 0.00226945048844 -0.264449446449 0.0345414071165 0.00812448931957 -0.00334064310095 0.00492399082584 -0.000225886995325
-0.346172282668 -0.0556082797637 -0.0633729990552 0.0346013975396 0.0551696006529 0.0263077708373 0.00515323712447 -0.39982145164 -0.0605996923786 0.134778957936 0.0248058186386 -0.0210727204273 -0.00699224492726 -0.408752328168 -0.355964023371 -0.196152804844 -0.00119779698709 -0.00429173535629 -0.428576910127 0.245285124953 -0.0313839730274 0.000395061726673 -0.323152439772 0.0491911504208 0.00219736887931 -0.0344770822091 0.0085664437366 -0.00816853159254
-0.324137750204 0.0446346647457 0.0293312305731 -0.0556567073539 -0.0403795090069 0.00100252591569 -0.0040415291334 -0.384368844951 -0.0463525253188 0.147987831572 0.0147004577749 -0.0251679232384 -0.0039045514627 -0.459777454124 -0.31978457545 -0.205871368072 0.00421336385322 -0.00453815741001 -0.457808474824 0.243349104036 -0.0296429764069 0.00697700200059 -0.290789575796 0.0578778887698 0.00211469989452 -0.0267919832096 0.0141102618018 0.00632969802825
-0.528905699612 0.0256970229571 -0.131071261735 0.0980575301017 0.0285442858026 0.0089589382422 -0.0127185602472 -0.567315993032 0.0644116558636 -0.0911440340137 0.229323165868 -0.0126740017655 -0.00295253569499 -0.115533541528 -0.319775996705 -0.0118128363734 0.0267534247057 0.0131286383494 -0.330608664902 0.198489915664 -0.0302093617281 -0.000731318406205 -0.166476395329 -0.0363129271135 0.0109999202899 0.0948243100034 -0.0149898775245 -0.00827629737701
-0.462594705369 0.0242300374186 0.0162314180851 -0.0650265438337 -0.120804301677 0.00884223502653 0.00210143002172 -0.51642619741 0.0255253526886 -0.127281154778 0.1898480118 0.0434007618116 -0.00591341480532 -0.249089000253 -0.402308223433 0.0216220754673 0.0414845132964 -0.000564953027602 -0.361052593005 0.18534179676 -0.0451382533376 0.00027425867922 -0.215443762047 -0.00132804955617 -0.00156725049304 -0.0737492409937 0.0021898127594 0.00662031625438
-0.399264277341 0.00327019183613 -0.0257943535694 0.00709471243544 0.0304843999571 0.0262314443431 0.00295700324915 -0.379976439277 -0.0151814100491 -0.0100337033259 -0.0118335039606 -0.00296968965731 -0.0103873008199 -0.438788464147 -0.059696133625 -0.0945320784544 -0.0177219773652 0.00252330476756 -0.622267183629 0.121891552359 0.0263233237305 0.00295149538571 -0.280832519302 0.0745442598217 0.00158364799639 -0.0263105466945 0.0034897753462 -0.00187967081401
-0.396204539515 -0.000700846732719 0.00228105650924 0.00511039728707 -0.00973554346005 0.00535407479746 -0.0019292873657 -0.398322270239 -0.00214685648051 0.0134222321535 -0.00218830339847 0.00560482332796 -0.0133255682283 -0.472403420431 -0.0457662613954 -0.14268727342 -0.0186007758606 0.000725713897824 -0.605464107906 0.126361437097 0.0219132133409 -0.000311005780309 -0.226772612191 0.0559326102064 0.00388388754253 0.0113650455949 -0.00910627655004 0.00472922814044
-0.382223994398 0.00101746645127 -0.010002573153 -0.0145592897261 -0.0144632330612 -0.00413355593151 0.00223574283922 -0.382692194869 -9.18539226357e-05 -0.00319317315638 0.00194021441443 0.00744153946279 -0.0137946471371 -0.464206702565 -0.0382593166606 -0.129789517123 -0.0209361734276 0.00163063295777 -0.636570103194 0.11042413083 0.0247164009023 0.00241038806176 -0.22403939898 0.0631956770014 -0.00230593022185 -0.00840097500402 -0.00196974097089 0.0105252341269
-0.411891769031 -0.00106351400338 -0.0275182748835 -0.0177076528217 -0.0287260218602 -0.00557409690318 -0.0038587291276 -0.408767157655 -0.0112917339874 0.0259224963576 -0.0113743694268 0.00242043033513 -0.0165268702923 -0.458789921111 -0.042933223447 -0.116690543381 -0.0110155379916 0.00395274753356 -0.607101741442 0.133775390897 0.0269960175258 -0.00253584578229 -0.207458710815 0.0601860006544 0.00273450188525 0.000621916561799 -0.00237707149217 0.0118302209729
-0.52689546843 -0.063280335614 -0.0571763679908 0.04268097253 0.0388372072952 0.0250840013091 -6.00199339243e-05 -0.464436958268 0.00622268235157 0.0706736112743 0.0171302288337 0.0149304398446 -0.000220647164363 -0.326479846478 -0.247373316784 -0.161463986167 -0.0268978151421 -0.00495702185289 -0.357566689984 0.23103799792 -0.00687830815771 -0.000496471215301 -0.331356242289 0.0110604697141 0.00482955819789 -0.0603347626178 0.00794314657271 -0.0192214335709
-0.492898793529 0.00340212171772 0.0304172709713 -0.00186349254092 0.0311256302093 0.00594505455173 0.00275660430907 -0.605541606782 -0.060162474877 0.0427015674764 0.0658479143363 -0.0123727686945 -0.0039407006677 -0.27401687863 -0.259013380336 -0.0888900617862 0.0134581184916 0.00102827767767 -0.320117112234 0.202518897434 -0.0451136305836 -0.0128892490346 -0.269905291766 -0.0278874293962 -0.00533694260247 -0.0881220626291 0.030404420016 -0.0133640706661
-0.412578013005 0.00766653251234 -0.0034608499368 -0.00679147002186 -0.00236218485968 0.00268812670213 -0.000519987477448 -0.615627009893 -0.0550151048502 0.0901541612922 0.0320130034278 -0.00452371064976 -0.00649132241132 -0.354019104976 -0.246620086578 -0.185762267014 5.34781577552e-05 -0.000639292400989 -0.303389653649 0.217955284345 -0.026374627019 -0.000850675600554 -0.270167677364 -0.00467446888515 0.00656226495182 -0.0606564336908 0.0259801968687 -0.00980443505004
-0.507625046934 0.0647495656085 0.0448033187597 -0.0279199478709 -0.0450628365364 -0.0194154094997 -0.00204319551324 -0.522517500309 0.0115777339324 0.0812846360563 0.0521466014071 0.0192868920666 0.00488273860525 -0.278036122358 -0.230007343871 -0.107108342068 -0.0144217891218 -0.00715958042778 -0.425969638992 0.226470444908 -0.002978447666 0.00365568222432 -0.263605030006 0.035800496578 0.00233693706695 -0.0595371984483 0.0319316818228 -0.00236370710218
-0.644764648489 0.000643449251297 -0.0790609956523 -0.00285098920109 0.0668991134126 0.0248043584191 -0.000419292564762 -0.56415762847 -0.0377224305912 -0.0255863165753 -0.0448555656655 0.0240604326448 -0.000110265078496 -0.0514069935713 -0.185094637065 -0.0544477086945 0.00315110541727 -0.000478013198804 -0.281176585027 0.253451860995 -0.0203330694513 0.000298313317698 -0.197152822303 0.0156830276126 0.0051307668865 0.164982110545 -0.00507712023493 -0.00325353247101
-0.647095866041 0.0508135876074 -0.0341936042983 0.0266732354678 0.0862175333827 -0.00888575136335 -0.00714564735924 -0.604337901885 0.0807272289686 0.0165797901159 -0.0176438730627 0.00532521960002 0.000757847530467 -0.0411017276565 -0.155629323592 -0.0813933938388 0.0187848073801 0.00856932755106 -0.197245257994 0.245400564417 -0.0350086766483 0.00607823677643 -0.247216538281 -0.0389386039134 0.00861436730431 0.0223447223284 -0.0175386741533 -0.00451941508169
-0.493173055067 0.0188254080752 0.0157931304442 0.0376475559541 0.0476706861009 -0.0238799162416 0.000229011103918 -0.501671049189 -0.0540464412947 -0.0135920805686 -0.060767726469 0.0277928834461 -0.000875055476298 -0.351408968712 -0.183486580025 0.0457912691238 0.0378634241852 -0.0066402462616 -0.309096814925 0.0923762166719 -0.038609443404 -0.00218896847488 -0.442255474584 -0.0295012241841 -0.00619080761176 -0.172650891029 -0.00724038783718 -0.00342028938265
-0.711597445223 0.00691822660104 0.0305549743295 -0.0968791094889 -0.0690425143761 -0.00963314344099 0.00322488190471 -0.449865305402 -0.00869726874842 0.0127881039115 -0.0142606812441 0.0184907804106 0.00167534755616 -0.201291901305 -0.233095268268 -0.103965154037 -0.00695099606217 0.00392156449463 -0.291417079749 0.239756128247 -0.0328401138377 -0.00217202425983 -0.15841725587 -0.0100035585615 0.00537768739478 0.0222450869008 0.0114233647588 0.0126957840395
-0.481435610464 0.0143311800266 -0.0541071167517 -0.0019212930757 0.00752151225585 0.0186128364044 -0.00804732910678 -0.620368634481 -0.0336725760291 -0.143459273772 0.0995526407248 -0.0584068050913 -0.00244888070178 -0.179503213578 -0.163191426478 0.0355109933813 0.0159291846056 0.00899363502178 -0.339521163677 -0.0100603094446 0.0263738679501 -0.00847838490859 -0.40681940695 -0.0352681789659 -0.00148656576777 -0.0303347563441 -0.0105816189154 -0.0185351830544
-0.544184426634 0.0236076026277 -0.0492945409617 0.0211827483872 -0.0064812170695 -0.000414414344418 -0.000991874058296 -0.610271813279 -0.0367236371684 -0.11667621351 0.084003055804 -0.0083021711563 -0.014330198113 -0.157505195274 -0.242149615575 0.0395477144895 0.0369096219013 0.00844473840016 -0.264619066272 -0.0494744016257 -0.0428996301203 -0.00172164956424 -0.377977479724 0.00248171918148 -0.000894435973283 -0.0444560352354 -0.00445909558859 0.0057688878888
-0.527174844615 0.0313223978242 -0.0606009710348 0.000866549897668 -0.0460059518881 0.00234102707835 -0.00155800463571 -0.62133163778 -0.0335536319933 -0.136455212227 0.106972190396 -0.0144689291497 -0.00439574793255 -0.14077489416 -0.149706814545 0.0922710865601 0.0187842160898 0.00183372741635 -0.260099149615 -0.0311151293732 0.00588670155862 -0.00874596604956 -0.412657472654 -0.0129462545111 -0.00121894927374 -0.0860492495884 -0.00943580941303 -0.00760213104422
-0.563482571794 -0.0267693631748 0.0849175934032 0.0229855897681 0.0617021247158 0.0032429346577 0.00365733984364 -0.571181971584 -0.0269602231972 -0.115023938005 0.0642049760648 -0.00617903607445 -0.0040106160205 -0.16196580747 -0.250379918017 0.0780440470177 0.0340149427005 0.00418897521088 -0.303866786856 -0.0218888882161 -0.022996220703 0.00998454322826 -0.368056297733 0.00124753096261 0.0011562331814 -0.0241648673329 0.00470580084319 0.0105885996132