-0.00228266457502 -0.00548896466966 -0.0443170093573 0.0124867117081 -0.00318929547967 -0.0127448170896 0.00625091446739 -0.22177615424 -0.107479903066 0.17131386011 0.379138517079 0.167172522548 0.0100947314422 -0.333530686902 -0.606916600741 0.0865468202187 -0.144444516819 0.0153709489466 -0.354072402873 0.129922134443 0.0168059699656 0.0267633133341 -0.191559935621 0.195051357154 0.00411523221491 -0.0966758024758 -0.0149027384744 -0.000964496394226
-0.340549109038 -0.0338821563582 -0.0374491030541 0.063014170883 0.0777396883792 0.0134333480572 -0.00329870745585 -0.345040215944 0.0034013033379 0.100794243688 0.0755968405011 0.0115746756599 0.0110661378874 -0.440748231422 -0.304199808889 0.00851962573444 -0.120550222126 0.00528366744163 -0.451687527937 0.0994634408958 0.039118422949 0.00682107843877 -0.43067969911 0.0836216064021 -0.00296655785094 -0.162201648405 -0.010287773678 -0.0159003810208
-0.413656387824 0.0808234480722 0.0279977931706 -0.0732892337067 -0.0870052586624 -0.0577833128603 0.000349644987382 -0.444882017254 -0.0523699983565 0.110866040017 0.0682661397661 0.0461495687556 0.0147650386801 -0.350653045995 -0.464621275579 -0.0794908845335 -0.069814375007 0.00826913002041 -0.296477085502 0.110310655635 0.0358084944484 0.0111834419345 -0.315495529124 0.0921617719831 0.00099519558547 -0.158097286828 0.0020470895899 -0.0270661630198
-0.513298123684 0.016757078973 -0.0162280204239 0.0819126118925 -0.0664998271037 0.0483725126817 -0.0092392317114 -0.679014131777 0.0704210009412 0.12219794253 0.258787144533 0.0134490514277 -0.0183388540517 -0.245444247588 -0.237218781117 0.0377615188658 -0.0734510315186 0.0176546791511 -0.178497200182 0.0828754299854 -0.0231313055367 0.0242424670471 -0.0818370924245 0.0528393850939 0.00333759415612 0.00116653209925 -0.0203460519365 0.0238260764647
-0.613091289843 -0.0313245759024 0.138617271816 -0.105245023997 0.0643592368934 -0.065553311819 0.00754835404831 -0.564363048468 0.0674933352344 0.0861002608847 0.148243655986 0.0369831965552 -0.0181253653961 -0.125973504478 -0.36614629545 0.205473188663 -0.011382099449 0.0156905950679 -0.151107440485 -0.0187407990716 -0.0423738726067 0.0171920182058 -0.0357149317438 0.10031438833 0.000545275188942 -0.00449422829674 -0.00934877640282 0.0308853231642
-0.313379162474 -0.0164105974602 0.0521658985283 -0.0188738367252 0.063293663247 -0.0279580475807 -0.000365000756951 -0.307504646983 0.0329774319685 0.0408663111793 0.0514379216048 -0.0083452181556 0.00753731295045 -0.537580799585 0.0184020210789 0.0171057247397 -0.0790423912468 0.000691986108469 -0.491998026139 0.0695691989382 -0.0239220236286 0.000357610896156 -0.472451992851 0.0284306651623 0.00133810595936 -0.158516656068 -0.00605613732044 0.0322146856193
-0.219318901178 -0.00375052651999 0.00478840653364 -0.00295418005649 0.0134044702037 -0.00128478044896 -0.00209035524289 -0.251057200493 0.0341005856823 0.0190021809143 0.079008769172 -0.0377878574756 0.00494606548901 -0.661884194734 0.0049465261555 0.0469843803746 -0.0478568747458 0.00124950513062 -0.371578419722 0.0345618358533 0.00754501450785 7.31250184656e-07 -0.401396601912 0.0353084004327 0.000730258646187 -0.367512904942 -0.00693630598004 0.00160625485007
-0.219880553217 -0.00697595386291 0.00451545878073 0.0232644227981 0.0132918949872 -0.00500537631145 -0.000939334087586 -0.243683118641 0.0246684437331 0.0261454745017 0.066648596743 -0.018234504617 0.0122222886437 -0.646135485444 0.0142573285165 0.0557777519914 -0.0310610350408 0.00195081040304 -0.354224859128 0.0426035784339 -0.00860024101118 0.00239410213697 -0.411039760547 0.00542421783184 0.00311218178315 -0.408748522742 -0.00527542980367 -0.00143893172537
-0.2242861222 0.0141072510698 -0.0401935556155 -0.00990105417147 -0.0655770257438 0.00616210454653 0.00568763002697 -0.218819197938 0.0219185993274 0.040104798106 0.0430184984554 -0.00233946432866 0.0021274396567 -0.580269641245 -0.0051205293022 0.0501391154097 -0.0143617428435 3.88404570058e-05 -0.401334691723 0.0403429741277 0.00735941531894 0.00162144779386 -0.42241169024 0.00272531777023 0.00137782929888 -0.458369532915 -0.00297656801982 -0.0285595909728
-0.270161864731 -0.0101106314371 0.0127459086926 0.00926807295745 0.0527122427007 -0.0261095603455 -0.00592781775764 -0.262954977342 0.013664316976 0.0228115862495 0.0469324526709 -0.000383183992933 1.43388366494e-05 -0.587986845321 0.00808016172318 0.025975754185 -0.0769035929703 -0.000556588433656 -0.478489116134 0.0489353936266 -0.0399712436927 0.00217124608334 -0.486799145631 -0.0135455013664 -0.00297501216272 -0.167228523155 -0.00150953365109 -0.0254165961695
-0.683566960644 -0.0498051903115 -0.0730151804082 0.0356083333181 0.0488822004875 0.0411756198441 0.00509518569027 -0.568603697006 -0.0348860805262 0.0205193565267 -0.00167245593392 0.00893887861841 -0.0114674622145 -0.161415043636 -0.278603422527 0.00877816015766 -0.0817608977951 0.0138382646361 -0.187871620281 0.0612508547499 0.0434082008299 0.0150455212925 -0.14647029129 0.0756501773527 -0.0139924564074 0.0589630601808 -0.0128590108464 -0.107623213422
-0.621385149331 -0.0152755712159 -0.0359541100848 -0.00402811878757 -0.0229505964684 -0.0568315192892 0.0135932966176 -0.660039099609 -0.0687009960655 0.0533176488753 0.00303869989573 0.0196206303565 -0.0114002964509 -0.225698435837 -0.29452252691 0.02362872738 0.0457324665067 0.0135664233349 -0.125888651418 0.000682888656601 -0.0222926779164 0.0122213269461 -0.0769229558277 0.0323379164119 -0.00623230365212 0.00377735793125 0.00131841687346 0.0250782710908
-0.500402664135 0.0172395452812 0.0174280408824 -0.0542281249888 -0.0564427522849 -0.0267105646944 -0.0083640067703 -0.457590325708 0.000636087014128 0.0208620146449 0.0235986974987 0.00981751817837 0.00857910488133 -0.281544009642 -0.287677652928 -0.0644257196719 -0.0670593820456 0.00535951729526 -0.321953126795 0.0330161484151 -0.0175429665134 0.0046082072141 -0.500868295658 0.0176099082305 0.00462955616569 -0.0542147030478 0.00607273356716 -0.0397936733033
-0.502180789729 0.0223129641533 0.0263910000102 -0.0160315429317 -0.0114323826042 0.00825079846048 -0.000457780766747 -0.638603134615 -0.0521306055169 0.0455579726728 0.112530409178 0.0431024579074 -0.00814935364761 -0.250445612173 0.0596503736147 -0.161468082441 -0.0347734392775 0.00128680552992 -0.395889588098 0.0792313862986 -0.0453724949443 0.0149271378137 -0.231849244555 0.0235212280729 -0.00847241762118 -0.0749747352689 -0.00257862908152 0.0105404851697
-0.646461416989 -0.0258562712778 -0.00673218429949 0.0440514177701 0.00810131334096 0.0228067925438 -0.00457636882376 -0.672212450211 -0.0600569166769 0.00470054316521 0.0436548817265 0.0229034880827 -0.00648080480432 -0.0480761166073 -0.264470777027 0.0468250918723 -0.0274244982781 0.0223268929673 -0.00268163003643 -0.0103128948345 -0.0285862183469 0.0238177122269 -0.0847132375663 0.067205731369 0.00359874979054 0.176593729689 -0.025230169842 -0.0114280093858
-0.701500935443 -0.00588988728295 0.0557938360224 -0.0664398536638 -0.0152979557863 -0.016737829324 0.00278472582279 -0.616682323455 -0.0210809186287 -0.0256725637234 -0.00202656249594 -0.00250106498704 0.00447982671724 -0.0972236826499 -0.266066146135 0.133576610563 0.0466372986166 0.0156490080775 -0.0235775611193 -0.0244928192695 -0.0573307367134 0.0103594997406 0.00195397676088 0.0799963492729 0.00443340684863 0.0715815995944 -0.00662628698658 0.0416493185634
-0.470190680976 0.0114425494032 -0.00424223709421 0.0371026230046 -0.0207686823465 -0.00837611831486 -0.00257616894506 -0.640208159414 0.000232648829633 0.0415903327655 0.134912413259 0.0502659258452 -0.0107824881773 -0.272217272995 0.0493745621873 -0.160661179424 -0.0407287248797 0.00987019206585 -0.408727513711 0.125319227556 -0.0237065358321 0.0152665400056 -0.187278794094 0.0407877282876 0.000614956452805 -0.141403223636 -0.0060870328759 -0.00326730424162
-0.518748232262 0.00825448434928 0.0256040773897 -0.0378744021333 0.00401660159107 0.00803925631508 6.28070467964e-05 -0.556993444966 -0.0418237873306 0.0107993425199 0.0674534997541 0.0133636846453 -0.0046457596421 -0.466933582879 -0.0189503510814 -0.107461236101 -0.0668420815832 0.00645101057797 -0.337148629106 0.120215558952 -0.0154971860346 0.0234255440746 -0.163286577695 0.00829290971129 0.00334992288589 -0.145630459632 -0.00454645291698 0.0218825961539
-0.551051481436 0.03592383801 0.0185968647889 -0.0131591667104 -0.0430996643624 -0.00108146037516 0.000464880535741 -0.603566855252 -0.0197669161792 0.0112572580935 0.0908745689641 0.00407909195508 0.004140553658 -0.389737427434 -0.0542041106699 -0.0488941525888 -0.0657333133735 0.0120175723354 -0.343783359008 0.126001106615 -0.0010368429637 0.0195318834184 -0.0790909354285 0.0229270025003 0.01038334142 -0.126902855702 -0.00204999637272 0.0209498284196
-0.629686139679 -0.0310485064911 0.020462965969 -0.00324853494902 0.0306821885018 -0.0140713891641 0.00429297691511 -0.67384121145 0.0386122640097 -0.00575115836137 0.0588154866218 -0.00966120456745 -0.00338358284965 -0.0729052607885 -0.220165483076 0.211497789815 -0.00207969066689 0.00502728878343 -0.174143859311 -0.0344558067073 -0.0541320174233 0.0183046879335 -0.0306105685944 0.0568219912512 -0.00184368054908 0.060281109244 -0.00237756263437 0.0256527910485
-0.516504430155 -0.00334704223197 -0.00325700539487 0.0353597158989 -0.017933054505 -0.01132740466 -0.00151229745376 -0.51889599167 -0.0133593792204 0.0328765687625 0.0101468673525 0.00298252938515 -0.000260932068593 -0.473142842636 -0.0695533354159 -0.058320066494 -0.0801014958358 0.00438190052844 -0.361134283445 0.119646776347 0.00445877683495 0.0224862740624 -0.248868538039 -0.0113189246599 0.00630787833662 -0.122167941607 -0.000614884902868 0.00695520236022