-0.267839894906 0.0456685257992 0.410979808929 -0.0790327693126 0.299460608263 0.043725716383 0.000725493853754 -0.0827057740897 -0.234516151377 -0.113975954953 0.120778943351 0.161896560545 -0.0148716024946 -0.329526631522 0.0578277080136 0.281353564286 0.10152089498 0.00722912887451 -0.174207437296 0.387340536294 0.14840269889 0.00725886919387 -0.357342637656 0.0753679249617 -0.025839590648 -0.0738505878345 0.0135859290724 -0.00100772809252
-0.355748755246 0.0335261928011 -0.025501548912 0.0719809343279 0.121236478991 0.0784204695874 0.00132937207544 -0.303716299994 -0.0891533682184 -0.0316945376439 -0.0402530877843 0.0315378150635 -0.00199493115358 -0.458806755288 0.176237176962 0.160733072266 0.0250203756143 -0.00406438356973 -0.223041016741 0.275653972946 0.0442780989335 0.00367554865393 -0.491740373249 0.0373672374052 -0.000587989875904 -0.320333410688 0.0128593098742 0.00951922905863
-0.342792325481 0.00466967252247 -0.0290151820988 -0.127963171392 0.0418473219751 -0.0310276601177 -0.00358107801495 -0.481119782522 -0.148839798059 0.00486496795185 0.185273028595 0.0293357460453 -0.017211162442 -0.632723506091 -0.131333940891 -0.149106960491 -0.037762456723 0.0144681229352 -0.143722197508 0.162496699814 0.0717679927412 0.00332002614393 -0.183004557123 0.00698514991928 -0.0153497668652 -0.211372313524 0.0182261735058 -0.0304635263308
-0.491374928987 0.00555315706912 0.017310579989 0.0650137447149 0.108186384688 0.0704857433452 0.014206599468 -0.426137345943 0.0281418226492 -0.0880910876782 0.039189624022 -0.00302313614603 0.00337400104676 -0.374386286122 0.15677455236 0.380443459277 0.120065743133 -0.0124410196289 -0.198363820237 0.20091528645 0.0980110267725 0.0153729446445 -0.343372831215 0.111643053432 -0.00247527259072 -0.0359072018557 0.00697040875142 0.00978515487459
-0.514480315117 0.0152759179934 0.0760483093223 -0.159578361 0.113236516357 -0.0589267457249 -0.0113976654662 -0.439053821492 -0.0578632277195 -0.0596037746156 -0.07724776993 0.0519221017453 0.00320217465421 -0.446125610115 -0.0364748719553 0.140585156292 0.0302524894223 0.00290173239928 -0.131761070656 0.0439711227888 0.0314645214376 0.00746163926088 -0.464284355435 -0.0741361080242 -0.00973878377909 0.128261977315 0.00546301100383 0.00651942345916
-0.437853498433 -0.00528628714634 -0.0369348932194 0.0177373019003 0.0205314167877 0.0811955759555 -9.8158440043e-05 -0.408916789286 -0.043680046561 0.0208198134278 0.00207807938135 -0.00237034904762 0.000112473950065 -0.424519046789 0.0732686414036 0.0910047041926 0.0144504087503 -0.00620152436376 -0.292690883569 0.180120081986 0.0230903322701 -0.00387541717332 -0.474638462197 0.0279887849663 -0.00499138269016 -0.301720332144 0.00980376358902 -0.00213238446265
-0.510195595217 0.0568892257572 0.11425460755 0.0408096179746 0.0446809411812 0.00739827217044 0.00025481987503 -0.408877687981 -0.0577220981552 -0.0232220841688 -0.00818351433468 0.00884246611479 -0.000817348646501 -0.427756413321 0.0851184929764 0.152730079963 0.0104694604937 0.000746013720279 -0.227014834585 0.207690876354 0.0171241632106 0.0024308793257 -0.395215796835 0.0150043412876 0.000187420210747 -0.288502265054 0.00208304933832 0.014461274196
-0.487656062954 0.0566097587455 0.0314685072746 -0.0776297685457 0.0195493548511 -0.0159968986098 0.0047744848848 -0.497823531209 -0.0870968960509 -0.0114271860068 0.0813275398757 0.00543517159785 0.00447951148167 -0.555813271774 -0.185248745211 -0.0495158006032 -0.00337091766817 0.000416743538841 -0.118012510863 0.248537089301 0.0324351867339 -0.00594887709823 -0.252516380923 0.0230755845281 -0.00268897863794 -0.0289868806385 0.0274948423496 -0.0265806790865
-0.363076039363 -0.0439607344841 -0.0798157728059 0.01255240574 -0.0108291272506 0.00766040293563 -0.000963002270712 -0.58000162472 -0.0962348224066 0.0699578558603 0.07929080155 0.0239847829247 0.00129749024564 -0.472672248385 -0.0174108335066 -0.0915419111053 -0.055989249297 0.00650804899221 -0.329215983015 0.218023354618 0.0546336220448 0.00311555890098 -0.171373098897 0.0123789120954 0.000531307704664 -0.275552961355 0.00932636876482 -0.0488600842768
-0.421739575075 0.00449028329537 -0.0909586539198 -0.0317441436725 0.0280314927431 0.0436756108245 -0.00242251912217 -0.38590060689 -0.00923987072022 0.0306599043497 0.0354203695022 0.00463375919772 -0.00571372606165 -0.411893686337 0.116843402235 0.0647429686836 -0.00573299989305 0.000174298201014 -0.286765947423 0.115060594527 -0.00427487014714 -0.00273458451115 -0.460929382881 0.00719129394642 -0.00101046681539 -0.404137756002 0.00350546978935 0.00090431408233
-0.597279712406 0.0269380020599 0.0762695994479 0.041759582351 0.0559824005909 0.0328327965074 -0.0069089069494 -0.462508096538 -0.00200023282017 -0.0212067628344 -0.0253036792413 0.0261455003159 -0.00451620249489 -0.363815180144 0.15311865322 0.137497162951 0.050393158469 -0.00666689926717 -0.130907631423 0.200892556419 0.0638252527211 0.0116481096819 -0.373918761492 0.0516408828037 0.000451609602305 -0.181683542582 0.0173367552885 0.0143886135061
-0.555879519081 0.0259164113044 0.0535599200459 -0.103234212116 0.0457801802954 -0.038965838741 0.00252263058063 -0.412448611905 -0.0433199875614 -0.00262089523918 0.0200167865788 0.0390121547959 0.00177039463598 -0.485010026149 -0.0520446186395 0.0590595315202 -0.0398118107837 -0.00251424538305 -0.0820506194151 -0.0355854256246 0.0577171917332 0.00753483406604 -0.471541081022 -0.0318011563192 0.00290936013086 -0.146064568853 0.0117667664038 0.00180237370994
-0.357994642356 -0.000858207702298 -0.0441856709843 -0.00828960187004 -0.0349602294495 0.00209119511495 -0.00147085756958 -0.354454810353 -0.00393937398125 0.00703785065178 -0.00155695549606 0.0286174547454 -0.0070889999593 -0.548314583091 0.0715059596087 0.00383857835725 -0.00938308579783 -0.00180359236997 -0.315435069512 -0.00823335048516 -0.00591966531613 0.0123009923934 -0.503638555224 -0.00294440720909 0.0134801404317 -0.286748374481 -0.00861853546508 -0.0158690058743
-0.420292834872 0.0187900964317 -0.0250482277185 0.0188141094265 0.08076180131 0.00758659873566 0.003660938956 -0.429222501359 -0.0615282285646 -0.014584682845 -0.0251657962183 -0.0127348696336 0.000147525219563 -0.385104398493 0.16015492234 0.161289358495 0.0284241105864 -0.00115799786058 -0.25779279303 0.148997015341 0.00660210280057 0.000953450923799 -0.452376898016 0.0219557061454 0.00243785232354 -0.362567723519 0.0167759994439 -0.00708850080647
-0.713984524565 -0.0416356911686 0.0806104486763 0.0517086833911 0.0259073305705 0.03649380352 0.00150362084345 -0.533989974106 0.0136653938745 -0.0074575020485 0.0395779263244 0.00307635336006 -0.00325252515375 -0.162944921462 0.0857008477588 0.196268266381 0.0923447306542 -0.00562000844018 -0.0167935748993 0.164448641465 0.0648044896063 0.00922677573058 -0.24813032896 0.0615928095025 -3.40153035663e-05 0.108944814211 0.00173631598525 0.0228226961367
-0.649426091067 0.0371831211639 0.0895226678015 -0.101167506382 0.0854332724321 -0.0350072013649 -0.00359765248898 -0.478910906502 -0.0718939482787 0.00341137317076 0.00837585291663 0.00279703299234 0.00245703741055 -0.363548379658 -0.025363831944 0.109721263026 -0.0249685582264 -0.00431268902749 -0.0930943881473 -0.00724839355252 0.0347283792827 0.00810555794043 -0.397860569753 -0.0366162204329 0.00359092654348 0.00127883301831 0.0134558684705 0.0120369089961
-0.405189437999 0.000158559652795 -0.00570857782956 -0.0195521551987 -0.0170474218747 0.00134278103299 0.000583662765792 -0.417039016724 -0.0403944046574 -0.00310291557351 0.0406807468926 0.0277773154228 0.00288375676785 -0.530774646355 0.096489767879 0.0191191539304 -0.0128070075198 -0.000553602874682 -0.281562046982 -0.00172003825706 0.00340177895376 0.000464957925007 -0.486914739325 0.00196796113572 0.014172216986 -0.221123696793 -0.00653803341954 -0.00576546135996
-0.576029288514 -0.0281997290529 -0.0398200938876 -0.0439687162876 0.120009399029 0.0215503905429 0.000143199555446 -0.521566257449 0.0697371530104 -0.0314422959828 0.00761360329594 0.0087548873582 0.00277828323538 -0.30239891613 0.146447796034 0.29950463816 0.0479626522849 -0.00702009964033 -0.330694602211 0.10281547812 0.0348590237016 -0.00155251969151 -0.183463089662 0.0871279332121 -0.00541459270927 -0.0571262820358 -0.0119120681677 -0.014386315001
-0.69618512426 0.034060346618 0.0916824329398 0.0487168305084 0.04635856251 0.00969587141971 -0.0030717994183 -0.520331752811 -0.0225592465217 -0.0236142686979 0.00168598560701 0.0119446828224 -0.0023990750423 -0.2345863122 0.0689218879975 0.267391082248 0.101067436256 -0.0138914740658 -0.122240010444 0.131842673266 0.0688560052856 0.018085130488 -0.193977629476 0.0613710038194 -0.00167259844912 -0.0904120534031 0.0129332200178 0.0188051127435
-0.636049972281 -0.013778407048 0.0244861950327 -0.02094896068 0.0717928595529 -0.00789771053223 -0.00212399527944 -0.6483784856 0.0423472395911 -0.0678180686275 -0.00299429770196 0.00130283952836 -0.00273519187828 -0.172000861203 -0.0307380681799 0.125285909505 0.048788391421 0.0139047636344 -0.0160143947893 0.0864129843851 0.00217670884043 0.002317120087 -0.213786869127 -0.0247172119434 -0.0236312524766 0.242107699318 -0.00168578905216 0.0126247313084
-0.541543689185 0.00330715847751 -0.0182862268884 0.014049195555 0.00167870936249 -0.0268611042032 -0.00343411230936 -0.56873858213 -0.0286253157878 0.0406915938856 -0.0819499944802 0.0144388534057 -0.00296893710904 -0.404100832491 0.0297964719082 -0.0140073201089 0.0492315684468 0.00750885716766 -0.257353740335 0.0398218633529 -0.000714741391448 -0.00449103416301 -0.354393714124 -0.0705563470405 -0.00644584087395 0.0850849809436 -0.00111625645629 -0.00503042446513