-0.042729585258 -0.0565698095987 0.0451551710869 -0.155287547299 0.132630314145 -0.0021980757382 0.00313738421439 -0.0890913621146 0.0432786085349 -0.134234574168 0.273869200646 -0.0386597308496 -0.00737939719375 -0.383023017683 -0.0197408808823 0.679153664785 0.0960901732455 -0.0150608492799 -0.0416763710259 0.0780009797984 0.00442133214276 0.0372676063535 -0.464895382734 0.0286367775954 -0.0228618559415 -0.0137354578781 -0.0460066105433 -0.00462116604
-0.471545732544 -0.0684814299355 -0.0877070744551 0.0536262919813 0.151489561237 -0.0324956645643 0.0135935109939 -0.48665481717 -0.100874419992 0.109338468571 0.0936489006663 -0.0319326735153 0.0355087772645 -0.344251681514 0.0769436262517 0.37627440451 0.0978138412838 -0.00556999389799 0.0945527489434 0.239804022872 -0.0130818660885 0.0174383446923 -0.344373461936 0.0480391344716 -0.0118655498517 -0.0415414972809 -0.0474564470944 -0.0251239940628
-0.499185296734 -0.0179141162856 0.0490601253141 -0.180689106381 -0.0795024960127 -0.0359127486247 0.000479419220309 -0.493508169269 -0.0857668352046 0.00311916095189 -0.16365442476 0.0113298470259 0.00510344923608 -0.300088364579 0.0667300128677 0.339302359037 0.0807183280762 0.00231258725824 -0.144750644013 0.00362772098697 0.0514841021245 0.0325343334233 -0.432426080306 0.0085511005447 -0.0157852761581 0.0387480170664 -0.0176202959611 0.00442613137011
-0.398073149827 0.0272063762489 -0.0754197708873 -0.0474043210135 0.0124707048967 -0.0159752210679 -0.00343242241409 -0.512609019041 0.0449773062982 0.04140552522 0.191093909087 0.00110068235555 -0.0140384735515 -0.143533418117 -0.0232284986977 0.425461615642 0.0471004220693 -0.0167906080507 -0.497952954549 -0.0693984387137 -0.0364952102974 0.00244591875428 -0.261322949073 0.0169488694344 -0.00253271830557 0.0322669914136 -0.0286905789904 -0.000999644953598
-0.432462423376 -0.00768917145729 0.0669749143682 -0.134980558829 0.0194965834364 0.0158632574705 0.000388236837742 -0.439468801295 0.0718325880022 0.0568513143336 0.120130536225 -0.035396034675 0.00216831919113 -0.340182318213 -0.0023613793222 0.338076252554 -0.0210137236441 -0.0030902498748 -0.297024344242 -0.0798134749222 -0.0346863851222 0.00714652188776 -0.480164979658 -0.0241876328668 -0.00869962162126 -0.120842499317 -0.0141040787797 0.0045803696109
-0.539670105056 -0.0125975171722 -0.0173974954158 -0.00430064672244 0.0970617524747 -0.00986674398901 -0.00628495857017 -0.564466498735 -0.0459793913728 0.0871729586178 -0.00851721199481 0.0256891592159 -0.0163479445072 -0.37876011609 0.0415319970002 0.208272602955 0.0400734369279 0.003637512504 -0.101463670546 0.189361420032 0.0310406586176 -0.0274606089065 -0.330719293443 0.0421791514604 -0.0196180067399 -0.139690152751 -0.0161612875188 0.00429063821823
-0.576188237729 -0.0535201534743 -0.00171890568812 -0.0286778476392 0.117122995773 -0.000914886856937 0.00985979520488 -0.687891850418 0.00556595749585 0.0917943305782 0.0431667306595 0.00039804961337 -0.0023866016792 -0.196997731695 0.0411551794661 0.223986158442 0.0473944725773 0.00544767720438 0.126917083638 0.146747417996 -0.00344936156605 0.0129982036414 -0.181112257675 0.0194475012239 -0.0025641019593 0.0444555387095 -0.0321775534464 -0.00325551749271
-0.565206051998 0.0203081595886 0.00604075232556 -0.0237794621971 -0.0344757028425 -0.0298648816403 -9.47647385463e-05 -0.676681895292 0.0148259088614 0.131276421461 0.00208939265196 -0.0119503412265 0.0155001793739 -0.288480877611 0.0653125545402 0.129995404642 0.0397957186392 0.00490038585498 -0.0732203049338 -0.0270821507889 0.0276869981735 0.0196483154979 -0.286260147658 -0.0300258332852 -0.00895528049051 0.0715503939536 -0.0204638676251 0.0015901660764
-0.524751470504 -0.00977118677625 -0.0579152612156 -0.0246398525921 0.00319178851486 0.0353336317373 -0.001814421704 -0.522873104949 -0.0181959185092 -0.0568559928816 -0.00643158073483 -0.0120112905144 0.0137405755808 -0.385355673206 0.0885951951306 0.16308325517 0.0426799263954 0.0103321595234 -0.304006434759 0.0108260567349 0.0196179859174 -0.00845111497546 -0.381722983795 0.00123230806657 0.00165783228234 -0.134796284376 -0.0145678811447 -0.00421965728742
-0.692690734317 -0.00636939890565 -0.0849371530423 0.0904926309814 -0.00998728836185 -0.0407818708271 0.0229135711556 -0.5766724798 -0.0333505271132 -0.0236630369168 0.0183285709512 -0.00338049277674 0.0279531800948 -0.166874974873 0.0478084578518 0.257751840518 0.0495816066668 -0.00939605412619 0.0222950088098 0.0864501962179 0.00711507253324 0.00729505835724 -0.232451319622 0.0222369172122 -0.0055961412735 0.0553905530345 -0.0320506709987 -0.0353674305988
-0.437914451118 -0.0380251555877 -0.0890622460575 0.033866329616 0.027666615819 -0.0250116334528 -0.0112839563119 -0.635733138001 -0.084309826401 -0.0797448272568 -0.0462377099576 -0.0145207941314 -0.000910333905664 -0.250116635533 0.117248344642 0.166148795536 0.0704083808781 0.00265979422652 -0.13719229734 0.149285076181 0.0330421128151 -0.0141272313296 -0.345966873742 0.0152025961869 -0.0107368265928 -0.318169674036 0.0232405145216 -0.055928892201
-0.533255387007 -0.0226601545109 -0.00948723987879 -0.0185843439937 -0.0150369886448 0.0161017434835 -0.00011769212143 -0.64058693381 -0.0342689138183 -0.118501575786 -0.000948518175014 -0.0013071777128 -0.0167634117346 -0.137393505816 0.0984579221908 0.239158795189 0.0564143791792 0.000106603013006 -0.185246820047 0.0995700009245 -0.00617128869323 0.033306932935 -0.390061092916 0.042230638926 -4.53763147139e-05 0.00184467467781 -0.00675547645745 0.00660453000814
-0.584073025821 0.0089957685303 -0.00326962318425 -0.110815124789 0.0343183899853 -0.0269987544611 -0.00993479860993 -0.496667560373 0.0269432908018 -0.0111102054698 -0.0167688723446 0.0341392882898 0.000605254143167 -0.251796584297 -0.0404897386816 0.184357724092 0.0557589459 0.000404943304208 -0.210547341054 -0.144175559258 0.0574402043612 0.0231940976908 -0.468479085783 0.0134353579446 -0.0236873706656 0.0647744269928 -0.00155176901257 0.00147450569276
-0.634520862734 0.0255222107272 -0.0675368410131 0.0199720738306 -0.0885825001967 -0.00925866648903 -0.00212286386117 -0.480985110815 0.0247164809522 0.0270600934948 0.0032778888712 0.00913298477591 -0.00813877840937 -0.082693734786 -0.0322738502757 0.25029655532 0.031756073652 -0.0107771141049 -0.373915733691 -0.130160972672 -0.0200513828796 0.00325573167995 -0.338505619717 0.0348188010205 -0.00471434952995 0.0788042017166 -0.0102932182953 -0.00524020256997
-0.512882522086 0.0368018805885 -0.0520014410888 0.0330270625103 0.0390743051224 -0.0101186887067 0.0044955410494 -0.608921220551 0.0550425511124 -0.0726241555205 0.0537454173009 0.012659769918 -0.00135395371795 -0.121310917871 -0.0354177510954 0.316400638989 0.0412613282374 -0.0145528691339 -0.338745890616 -0.0319340670847 -0.0480210187237 0.00700816459637 -0.329023041907 0.0289026830765 -0.00808643457097 0.0353229562327 -0.0385931226022 0.000985474837137
-0.595596678463 0.0082983881658 0.0520595530489 -0.0579129373906 0.0706750432632 -0.000316725671064 -0.00445644990502 -0.516966063888 0.00919444883364 0.0662234049804 0.0271727570728 -0.00156185880104 0.0137282897827 -0.221887941207 -0.0554559623852 0.265525087744 0.0143224830298 -0.000145855342874 -0.274374828718 -0.103594582318 -0.0328961264765 0.00438072028102 -0.378761005278 0.0187487669005 -0.00413628149589 -0.0856730847611 -0.0101648584306 0.0076582134721
-0.528951969495 -0.00169757566838 -0.0118743308438 -0.00979793975348 0.0266157039732 0.00311074186634 0.00618691276574 -0.643330050961 0.0136370333957 0.0965873409435 0.0997951917642 -0.0235764621469 0.00263841084464 -0.230011943087 0.101133531291 0.244770690508 -0.0376447170829 -0.00589829426207 -0.193871849462 -0.0568021739096 -0.0165172899667 0.0119620295156 -0.341030317999 -0.0499123040981 -0.0209225729932 0.01155589094 -0.00627925934843 -0.0131390098797
-0.592689623969 0.0909618422567 -0.0290741178238 0.0206062549623 -0.0835942870295 0.0181004771247 -0.00625072429097 -0.61174460348 -0.0454654867372 -0.0625967405127 0.127344435004 -0.0196816903616 -0.00707202489213 -0.118530870763 0.00720524999801 0.268895602204 0.0169803301935 -0.00870337724211 -0.355976326197 -0.0270694170151 0.0026642335824 -0.0122008633655 -0.14101795589 0.00292035056641 0.00486418890822 -0.0234142761365 -0.00727295990494 0.00719546802448
-0.589091681054 0.0438100386752 -0.0514593702997 -0.111161149324 -0.0355563108692 0.0116461242872 -0.00196530117421 -0.545602066841 0.00768397674473 0.0491776853483 0.0603583817621 -0.0215901685755 -0.0133957543991 -0.198482142558 0.0453076874341 0.244775907369 -0.0034243181637 0.00339040433801 -0.397230306798 -0.0688513203738 -0.00384632661238 0.00181812543604 -0.248002006856 -0.0161504413326 0.00651963145667 -0.0646691860321 -0.0131303849656 -0.00977017818413
-0.576719871818 -0.0256171445447 0.0881452832865 -0.0144264869292 0.00275899500119 -0.0105024758074 0.00285453421971 -0.584977511123 0.00454016508987 0.0363331643769 0.101961080148 -0.0106973887152 -0.000690841307942 -0.235803589414 -0.0389356128255 0.232405317683 -0.0205037795054 0.00227459905292 -0.302621794912 -0.0609642691986 0.00039749785335 -0.002919952038 -0.278078799618 0.00312124951294 0.000583544392109 -0.141443316885 -0.013330490465 0.0141273907048
-0.458633241083 0.00435565866718 0.0170143825566 0.00414492450571 -0.037979597123 0.00420119119129 0.00300241935726 -0.50470379927 0.0851631205835 0.022531590946 0.0871872456219 0.0034432986316 -0.00574030378967 -0.424387702257 0.0156040661284 0.0246483926458 0.0129541294768 -0.00308950358825 -0.233154536425 0.0103444412113 -0.0111921451699 0.00284761122082 -0.498015420721 -0.0122722986605 0.00199753774303 -0.183540097424 -0.0114691985375 0.000907285213949