-0.102137180062 0.0861035360215 0.375943896401 -0.0591940050297 0.13067066746 0.0646975967035 0.00684813091293 -0.229583041304 -0.353821634787 0.299753102659 0.26380116607 -0.0207938601409 0.00500299675142 -0.304589011033 -0.328169855222 -0.174917732691 0.0857332371015 0.0152875491774 -0.264520794049 0.359239058686 0.0235787242252 -0.00586176614814 -0.193887086471 0.0467943939287 0.00362623960746 -0.0103651631306 -0.0065989809962 -0.000268009210398
-0.426212921093 0.019274733933 0.0744870629331 -0.131541638891 -0.102691691352 0.036642649799 0.00125852303425 -0.340028069742 -0.00902314954701 0.0379615932532 0.0309716053002 0.0184628471104 0.000156221864571 -0.153268412931 -0.0911831163409 -0.124570148193 0.027544942684 0.00394777138534 -0.661204354214 0.169667795309 -0.0302560019401 -0.00479225186637 -0.383742412028 0.0117080870712 0.00496604592644 -0.0476403961066 -0.00875119087095 -0.00272147117227
-0.35171705005 -0.00427116872599 0.0284255702602 0.0554903682348 0.0607273352343 -0.0285786619471 -0.00488554704469 -0.340402932977 -0.0393034984999 0.0234234679517 0.0190008796293 0.0117647381231 -0.00331846555322 -0.349603125914 -0.188023619802 -0.108966881021 -0.0099686216232 0.00368361681443 -0.668626815961 0.22716915736 0.00129500747467 -0.00721226942403 -0.277633427897 0.0302845506952 -0.0110181008033 0.0544764139878 0.0020787405888 0.00301052322897
-0.591150463018 0.0279499680973 0.0143930241575 -0.0282392306208 -0.0966768596009 0.103953249047 0.00831939853231 -0.644148984483 -0.151814319975 0.112862844685 0.00541571173976 -0.0349108234172 -0.00824943832638 -0.13122203854 -0.101268002356 -0.0311648936583 0.0853263606987 0.00694480008209 0.303554712573 0.117712271055 0.0735238068929 0.000140851744948 -0.059365186223 0.0343023538195 0.0133827331997 -0.156179601622 -0.00601354362341 -0.00369057853155
-0.465793211577 0.0128434848755 0.115462038872 0.051657653715 0.0196753481294 -0.0772797191625 -0.0063519421265 -0.457611016282 -0.098914519345 0.060477222726 -0.00661712198789 -0.0355424255178 0.000950676971756 -0.221528821842 -0.273307412281 0.0235831199191 0.00572779160298 0.00625490105645 -0.591598493282 0.243357698654 -0.0252189580241 -0.0060896194051 -0.0363880537381 0.0210573036716 -0.00209667796629 0.0157435150238 -0.00313999425682 0.000492992557264
-0.560572577703 -0.0273133606948 -0.0462394234105 -0.0750951231703 -0.0235640783884 0.0229147987926 -0.00368181918815 -0.590627914013 -0.0945572221336 0.0210563056865 -0.00343471764123 0.0140402750518 -0.00377892936316 -0.060220276534 -0.00205402023615 -0.0408957607195 0.00923172137033 0.00147192235137 -0.442725625413 0.138922390203 -0.0087735749272 -0.00216980327092 -0.285946318533 0.0019183978218 -0.00360972323818 -0.122306506924 -0.00625953811211 -0.0115930341197
-0.493565174538 0.0162210657417 0.0584461661884 -0.0674263605228 -0.0748086604135 0.0112219748605 0.000228609313751 -0.419317465022 -0.0298013945986 -0.0141411890154 0.0106192700068 0.0165871103849 0.00118393763393 -0.180099772088 -0.0566368978495 -0.123118771201 -0.000278629624534 -0.00440211907349 -0.576556492024 0.0967270882092 -0.00793428005122 -0.00291462735269 -0.409108326433 0.00189166336369 0.00507076533318 -0.0709565188063 -0.00500273324242 0.00401022469884
-0.57578490019 -0.0376842083139 -0.0125819392555 0.0234996611478 0.10562728561 0.0134725369567 0.00182300401287 -0.534372744948 -0.0393389528606 0.0245564172201 0.0246671823474 0.0194488318166 -0.00557557206157 -0.183014954559 -0.138674111937 -0.116249608273 -0.0209552272125 0.00306953058032 -0.423160596095 0.150088362961 0.024029678614 -0.000988473603252 -0.311165663382 0.0233536812396 -0.00278401492626 0.00121028078276 0.00540652842337 -0.00336462645024
-0.447025239186 0.0254845356401 -0.0250420677592 0.00307459265709 -0.050098447842 -0.0222860610478 -0.00362653882062 -0.511099184457 0.0052574938033 0.0747633122759 0.07906955773 0.012168499659 -0.00640375840687 -0.330563556784 -0.114176171859 -0.128571311326 -0.00507834725497 0.0029114923096 -0.508516191326 0.192406883063 0.00390939144362 -0.00697221050604 -0.295942826149 0.00716171752906 -0.00827762284456 0.0174216435506 0.00515380535455 -0.00192917007885
-0.563603764788 0.00906011332631 -0.062406499297 -0.0921525442226 0.0356918555846 0.0298259806461 0.00115026948968 -0.541521315346 0.0622151971337 -0.00894114280334 0.0151752049652 0.0122206836457 0.00610299988443 -0.193969515403 -0.0903943578982 -0.0530110522351 0.0358523926957 0.0129625957997 -0.506140027697 0.0927963926136 -0.0347105141429 -0.00540574359227 -0.229175323008 0.031978100697 0.0125263160131 0.00988524675501 -0.00680261337427 -0.0133289798406
-0.440832259787 0.014024654989 0.0224654838769 -0.00312174723356 -0.0465913971748 -0.0178087046426 0.0044798019406 -0.453885258411 0.0110597746765 0.0775402088463 0.0525702308504 0.00141388189694 0.00365478465947 -0.239553740656 -0.117105359195 -0.126817631352 0.00138186755578 0.000992223200116 -0.562987746936 0.0725322010421 0.000599777078847 -9.9407065721e-05 -0.421742045655 0.00913997919586 -0.00319312323746 -0.00658143080613 -0.00751308881414 0.00778350673801
-0.528930222775 0.0114163866136 0.0499089669258 -0.0262163755474 0.0892771267944 0.0175332551704 0.00123642126384 -0.49602322786 -0.0391557207076 0.0419270129827 -0.0208730309141 0.00755455231943 0.0071936383133 -0.277487021913 -0.106262651314 -0.0914496211525 -0.00629986487319 0.0030091259948 -0.535115023777 0.202625296371 -0.00832882055233 -0.00796467018652 -0.178521269432 0.00331006500293 -0.010373139807 0.0496850152154 0.000366498051146 0.00852794761899
-0.507727269376 0.0126211092545 0.0227184515608 -0.0248721762632 -0.0428596683487 -0.0190878830536 0.00365274402061 -0.490785084086 0.0109857874029 0.00550132649478 0.03153798933 0.0100844412135 -0.00396543046914 -0.29443312421 -0.172947896095 -0.0424178984979 0.00428620059856 0.00443731387138 -0.569633402163 0.127908958704 0.000981562593563 -0.00153333232561 -0.176550679084 0.0516170085121 -0.00460821779305 0.0579798038622 -0.00770493799421 0.00303181950113
-0.621924454127 0.0216038888797 -0.00956347446505 -0.00431451425684 0.0338790971275 0.0364141695604 2.10779361432e-05 -0.648160043201 -0.054141448582 0.021082622605 -0.035968315111 -0.0262524280846 -0.00790120083309 -0.121017890864 -0.14098626806 0.0704555132927 0.0521646648253 0.0129258251056 -0.308865509482 0.190355590547 -0.00645329084366 0.00483983320615 0.0460004196724 0.0854309753676 0.026310371123 0.0114464087037 0.00413382432063 -0.0172947277237
-0.6555347304 0.0475294923845 0.11071026016 0.0445403537438 -0.0278332402362 0.0130978642538 -0.00142321318669 -0.588607301025 -0.0584840526603 0.00662113031127 -0.000230133469687 0.00152600089534 -0.00563121606732 -0.0397660247409 -0.0952195581686 -0.0424564307951 0.0210431413897 -0.00244726822425 -0.345241194495 0.103409984719 0.00488064111587 -0.00396357729497 -0.222838396997 0.0105257507015 -0.00450194844494 -0.0999919203415 -0.00959148674656 0.0129204822489
-0.625229287104 -0.0367247227956 0.032870920102 0.0639273104002 0.0531029233658 0.0227892256867 -0.00682962030444 -0.599141572812 -0.0120308416573 0.0444605044561 0.0317961117108 0.00184077953665 -0.0061484571173 -0.191220087441 -0.218382568208 -0.0360876751024 0.000126905088867 0.00229216701741 -0.343911800395 0.167354778096 -0.00761194735221 -0.00430714194534 0.0101050673039 0.00985663591527 -0.00507438872698 0.0690886529773 -0.00591914138058 0.00926510816149
-0.530348143171 -0.000170325643619 0.0199836533687 -0.00877953452596 -0.0589218504529 -0.0160056456072 0.00181541643307 -0.543223821844 -0.0573364598791 0.0822034681 -0.0310898632508 -0.0165828730385 0.00363287334762 -0.314435002307 -0.189490881218 0.00540203422363 0.0264199596547 -0.00049753752298 -0.492255627238 0.164956459567 -0.0293108127316 0.00189664839754 0.00317184332565 0.0446337356762 -0.00366831341768 -0.0133578655443 -0.000110005323593 -0.00668305724221
-0.535540952045 -0.00427716639114 0.0409136206017 0.0080423640772 0.0586374606072 0.0102021577419 0.00158531676194 -0.581792469381 -0.0812769592294 0.0413244609447 0.000692807044038 0.00444517933176 0.00235142603574 -0.396668233012 -0.0277714279803 -0.166400055117 0.0215254886524 0.000991766155279 0.240944596488 0.0362503541005 0.0705211077072 0.00199899130793 -0.238716863037 -0.00528572935254 -1.14082231994e-05 -0.231013944604 -0.00611655635557 -0.00614395984078
-0.691375095221 0.0224615372356 0.0760253628495 -0.0181677302541 -0.0581773611556 0.0412535602281 0.0027875050512 -0.631304945979 -0.0208061205566 0.0412694501332 -0.00991367929955 0.0103604210042 0.00406666432917 -0.0315998443421 -0.0449081930461 -0.0327644694264 0.0497663994213 -0.000652820524658 0.285500721163 0.0464527004285 0.0595561065592 -0.000126036950296 -0.0556368589261 -0.0336984217679 -0.00547844378696 -0.105838214795 -0.0118652333095 -0.00164087171573
-0.674592428556 -0.0104786883313 -0.00456760416184 0.0447244520938 0.0580060531507 -0.0321885227786 -0.0099415419685 -0.625435302074 -0.00537855236573 0.00567269961373 0.00407067999696 -0.0209137663884 -0.00277883399224 -0.037133187088 -0.160565293039 0.0781553990388 0.0285535846451 0.0133879688027 -0.289674413681 0.158424039799 -0.0135373763832 -0.0108411032707 0.0262536175744 0.000260501898799 0.00604442986697 0.0468741887445 -0.01029188841 -0.000522829434938
-0.394342338665 -0.00937881044571 -0.0267662963865 -0.049232332824 -0.0402629018191 0.00990728162763 0.0022206579805 -0.398738565984 -0.0639460402268 0.00385476903896 -0.052853603216 -0.00120902474552 0.00163985714817 -0.384666031675 -0.168104900008 -0.137106445643 0.00834315960697 -0.000566995292106 -0.58485860509 0.133049078767 -0.00487662732931 -0.00104937720724 -0.30683132549 -0.00526311998445 -0.00281431468355 -0.156635856789 0.00700627862381 -0.000921430444833