-0.00939574242679 -0.0400159059916 -0.0765723537038 0.0408634251721 0.0570387026806 0.0591623265657 -0.0126929386397 -0.299153999669 -0.249104829725 0.476821951365 0.414937039275 -0.0704770099448 -0.0374077632075 -0.149350826084 -0.124141426158 -0.365875258383 -0.0603478179368 0.0159000504601 -0.231808945174 0.337010355495 0.0316615158677 -0.0133155033506 -0.280703887076 0.0558511487586 -0.013797634583 -0.00864932882557 0.0163893223101 -0.00170824330274
-0.534370520992 0.0668616406284 0.00617932823125 0.0227919449468 -0.158875285511 -0.0432740219937 -0.00291356244866 -0.653095490608 -0.187217575332 0.0921881194651 0.134218890838 -0.0449127921772 -0.00574260821024 -0.236279997656 -0.0458705182774 -0.279196270688 -0.0821766869695 0.0135662258795 0.0179535570945 0.106256350815 0.0523137115516 -0.010359537438 -0.162400549687 0.0397612416426 -0.00274060791188 -0.0810007315205 0.0182915986838 -0.00387867734055
-0.557347844383 -0.0416432368414 -0.0502544362085 -0.0267014349922 0.178207704539 0.033832883226 -0.00913513851241 -0.640199447508 -0.0358577012583 0.267505384874 0.0307874933553 0.0452497995818 0.00630260245905 -0.0568106023051 -0.0693093012406 -0.292473273444 -0.046002939756 0.00374431285479 -0.149302673561 0.130151208599 0.00546048252661 -0.00252461354605 -0.135485369019 0.0554230868891 -0.00614348060402 0.0959252520329 0.000621896904925 -0.00570418160046
-0.537077047928 0.0403695811162 -0.0969642350828 -0.022400110661 -0.116325259111 0.00598035950822 -0.0107206984381 -0.529003143024 0.0488641348345 0.0887093585993 0.0963379040018 0.0101361017856 -0.00614885302258 -0.0974188127838 0.0909533949595 0.0683429508024 0.0483471756551 0.00168642700358 -0.422009131188 0.18516374438 0.0236540200134 -0.00554038021523 -0.349120008467 0.0113494548515 0.00498477409505 -0.164144811734 -0.00914376281297 0.00156161573972
-0.563313073444 -0.0495325267884 -0.174749545467 0.0262739563654 -0.173264320798 -0.033692863853 0.0127012581873 -0.506201701385 -0.0408361872867 0.0948813499298 -0.0788090581719 -0.094192017541 -0.016434828396 -0.228440730859 -0.0934249507627 0.0302144779747 0.0169206120426 0.00425502180064 -0.133710786807 -0.0182267233145 -0.0308308251315 0.00666977795719 -0.483773424741 -0.14046241643 0.0080003283404 -0.00577466016389 0.014461814678 0.00271155874756
-0.566151916217 0.0983763080217 0.0417480439731 0.0403986050469 -0.0546579931567 -0.0265243475787 0.00600625374717 -0.749684340509 -0.00101995754357 0.0288089906044 0.135947873455 0.00958713376157 -0.0025599953627 -0.151910881634 -0.0320989509618 -0.158304468904 -0.0518683077918 0.00157831657695 0.152975621132 0.047657420037 0.0478710925787 -0.015168386457 0.0116465298222 0.0174563030879 0.000178279750361 0.0224027659868 0.0160068257728 -0.000886151841095
-0.448712729921 -0.0229635029953 -0.0260775440468 -0.0126941066893 0.0237872989195 0.00279442021505 -0.00460948501274 -0.639157615752 -0.0177391673454 0.0721813612054 0.111079448742 0.0315088853866 0.000221520757561 -0.265476995218 -0.115874914389 -0.0868150037751 -0.0662468822742 0.00552022259121 -0.216144348009 0.244092777093 0.00660694979266 -0.0017618104991 -0.40525580036 0.0269418148136 -0.00458937287199 -0.0438835285678 0.010066017914 -0.0100505034955
-0.432117765643 0.0547950777126 0.0229557764571 -0.0450884649801 -0.0344540631688 -0.0199367147727 0.00424466685533 -0.471943311196 -0.0363065063197 0.070818044956 0.0278648852042 0.0369749334607 0.00361654730621 -0.48028079735 -0.0946182530974 -0.134216123856 -0.0431558896904 -0.00241572117692 -0.270890043312 0.215728068782 -0.00784556065119 0.00488568940711 -0.397848830118 0.0182415487392 0.00244546392417 -0.190500467826 0.020554059682 -0.00659154418428
-0.72997807213 0.00216391746128 -0.0721033497493 0.000609266710983 0.0937670649431 -0.014385793814 0.000152079156935 -0.608353118876 -0.0239411122275 0.110265579892 -0.0284724944469 -0.0151171358253 0.00284060682423 -0.0183190669005 -0.0350183308196 -0.181861143906 0.0167694023174 0.00341280702569 -0.169730926323 -0.0112499411732 0.0312481434846 -0.00367180996477 -0.0115236335696 0.0183096052285 0.00165176603404 0.0595447854962 -0.000878747048561 -0.0136365803974
-0.630510139233 -0.0443596454935 0.0634984171998 0.038791485167 -0.0776573820627 -0.0240908213741 0.00958087028498 -0.584641813798 -0.0586094966751 0.0205524192863 -0.106348006117 0.0194933277149 -0.0014010564472 -0.222925958824 0.045505928884 -0.146855633211 -0.0400838605304 0.0112998986242 -0.189328269347 -0.152793863065 -0.00495373390362 -0.0103987277344 -0.245392924753 0.0618704398303 -0.00210309114906 -0.178779116289 -0.0203667447622 0.00870220990559
-0.465199828002 -0.019875009736 -0.0209574352967 -0.0202033760406 -0.00501670424093 0.00996615060603 -0.00378984430948 -0.520119482713 -0.0656103793963 -0.0631363043447 -0.00681514844595 0.0124781558536 -0.000983412984592 -0.0750209776448 0.0341723968283 -0.0459452761153 -0.0418414569447 0.00485254481321 -0.307464184745 0.0434718251504 0.000354018469414 0.00921326699103 -0.62507807744 -0.0134463304382 0.00209445186419 -0.0681394655874 0.0192513513954 -0.0088316792425
-0.602001370594 0.0321774410188 0.0547862456075 -0.0225542324002 -0.0413704865712 0.0132848292452 0.0044732711119 -0.606488718327 -0.0274259232244 0.00457634809867 0.0839633915155 0.0282424595688 -0.00604056384449 0.0393890912911 -0.0357080112407 -0.0718257473016 -0.00997021245301 -0.00300989175173 -0.232017418486 0.131108412892 -0.0407873266289 -0.00702822480682 -0.393657032154 0.000371695388923 -0.0152385711581 0.136014131329 -7.37178731289e-05 0.0113371166449
-0.706619038609 0.0306825445669 -0.0464530333947 0.00901158041667 0.117517049005 0.0189254845529 -0.00661442973338 -0.61754883384 -0.0213935798238 0.0471007372305 -0.0661183366678 0.0128445676061 0.0019149849871 -0.117951605093 -0.0690136931933 -0.154498394901 -0.0202757120828 0.00382185488357 -0.158382526508 0.042521078553 0.00405504156057 -0.00509123729962 -0.152376060639 -0.0117231502111 -0.000347930851465 0.0365008424718 -0.00851527830144 -0.00682820407072
-0.742730838592 0.0229211197934 -0.109581310377 -0.0446674704416 -0.126363068118 -0.0130396483125 0.00374180863007 -0.503092696095 -0.0377282289909 0.0541759485872 0.0308111995589 0.0223031272704 -0.0098580916174 -0.0734802776068 0.0421853789327 0.0515864121169 0.0231774887236 -0.00661872452484 -0.253698000255 0.0762038658347 0.00989264818034 -0.00785039555155 -0.167132286565 0.0499677468744 -0.00312178237466 -0.217648919068 -0.00882167917871 -0.00520102452383
-0.636462306785 0.031146006343 -0.0547024247318 -0.0492771228108 -0.0316158848636 -0.0158219437109 -0.0151456705396 -0.623632506124 0.0076843901259 0.0143736969979 0.0631553990289 0.0432200022446 0.00357159737693 -0.027890626409 0.085458079419 -0.00374090205374 0.0551684848929 0.00731670811363 -0.278833527168 0.120352086114 0.0225553388112 0.00542001089778 -0.211686600045 0.0533813677502 0.00645420474587 -0.200172229145 -0.00358398830856 0.0156889342005
-0.569955076556 0.0354025788374 0.00313614608315 -0.00282281068777 -0.0814950852655 0.00878494027513 0.00313344410784 -0.607890722327 0.0118472573046 0.0784891278984 0.0900096469441 -0.0151443594454 -0.0032512697915 -0.241725586084 -0.038473325521 -0.051440479345 -0.0331827584122 0.0120984281862 -0.307023393735 -0.00428963347647 -0.0154587075403 -0.0156259152265 -0.329754213812 -0.119375368412 -0.00145251932108 -0.0349887289792 0.00208076312008 0.0137480582704
-0.585139454481 -0.0606459500757 -0.00822818506476 0.0354515901656 0.00948611951869 -0.0307955108652 0.00582095290322 -0.70651822196 0.0128657213167 0.123061900519 0.0364191144338 -0.025126119277 -0.00252678729388 -0.0763468373308 -0.0841491669469 0.00336427456632 0.0103528463577 0.00267358880495 -0.0761506145551 0.0324662293503 -0.0825125982464 0.0188061130793 -0.269463313973 -0.105935404203 0.00613105583748 0.154962009417 0.0120778732422 -0.00391203413688
-0.691891385951 0.0736884663685 -0.0902374380563 -0.0323124859019 -0.095477783627 0.0190027695307 0.00324992248298 -0.600450001431 0.0451275623695 0.0141854685013 0.0561042761685 -0.0170086578848 -0.000738461604012 -0.0844304083113 0.0692539842746 0.0340400990016 0.0223825474942 -0.000337221094723 -0.24317258639 0.110599294701 -0.00884706807144 -0.00538544349267 -0.209883159361 -0.0150032632861 0.00121752707914 0.0386207017612 -0.00398939907826 -0.0111573996551
-0.596151695831 -0.00253729553311 0.0401685730545 0.0151410470823 -0.026947162684 0.00336821806461 -0.0025610984338 -0.664187135328 0.0573581930739 -0.0306944255633 0.0926465438773 -0.0516236382462 0.00350483852862 -0.0867374536035 -0.011586203851 0.028912753594 0.0198832406257 0.00174116283945 -0.254483573951 0.123313437513 0.0172236996298 0.000544295193519 -0.282827250013 -0.0309298635575 0.00549693302479 -0.123435749509 -0.000361004802575 0.000968179962078
-0.49924526345 -0.0147572680041 0.00232825931934 0.00973703864141 -0.0761180704414 -0.00163861459424 0.00849362699755 -0.623365667519 -0.106874703067 -0.10231435733 -0.101631885384 -0.0409641743433 -0.00359010216155 -0.313898237643 -0.0851524041727 -0.0568040554178 0.0166728342735 0.00167352603619 -0.137187307399 -0.0103441785733 0.0745813356289 0.0104753710025 -0.407828054824 -0.0125247695795 0.00494331499287 -0.146409854433 0.015460692679 -0.00151600869484
-0.542171805819 -0.00347947133202 -0.0488945042722 -0.0145130540478 -0.0465156775186 -0.0321143098145 -0.000476387657507 -0.562150074568 -0.0137431168271 -0.0612036129071 0.0664962188306 -0.0283687996884 -0.00984559556177 -0.221382518291 -0.0250054201786 -0.00905454497318 0.0220412161951 0.00437531989437 -0.193113580446 0.00305112145202 0.0443727004018 -0.00168492706123 -0.446998787034 -0.0123522571522 -0.00342757087813 -0.292232792501 0.00858265948945 -0.00527679187991