-0.0776688439226 0.0250259018289 -0.158380432352 0.369874338801 0.113565603278 0.178321821668 -0.012288606282 -0.0783723255684 0.0375954155206 0.127043183349 -0.276550602917 -0.358140563624 -0.0247478752186 -0.045975454886 -0.00648341586695 0.152577342005 0.283887404999 0.0400391613797 -0.150868395959 0.451209600151 0.229311336751 -0.00565453186662 -0.167315657427 0.342793953478 -0.00995757554109 -0.158806478226 -0.011424242278 -0.000912468536681
-0.661479452207 -0.0721360626919 -0.066060299935 0.165053973469 -0.0949518258184 -0.0938835172568 0.00175786523721 -0.636788295205 -0.147037647789 0.0807101614852 -0.0882764179761 -0.027901068584 0.000398594298299 -0.0762171761602 0.0560844599419 0.0792913405879 0.129612745758 0.015534278458 -0.0843447149546 0.0747254414498 0.019859387931 -0.0198595825951 0.00990700420499 0.131829405547 0.00485613915833 -0.0476551440449 -0.00477903913208 0.00573489972083
-0.637032939848 0.0196386646321 -0.0193970778004 -0.0721038708008 0.0407852982205 0.0253533540131 -0.0237927141516 -0.681452326343 -0.105195363685 0.141028140922 -0.0427134398711 -0.00923590852657 0.0177449719973 -0.00973316720073 0.0545393533358 0.0412909076083 0.0735836542243 0.01988877188 0.115064287691 0.123863906575 0.124760318276 -0.0106536036907 0.0677843364086 0.0928294424385 0.000874726906205 0.13803637609 0.00616273751438 0.0254771236905
-0.555404305045 0.029212287344 -0.146374554558 0.0306671711096 0.00462768431547 0.000965332435697 -0.00445512186675 -0.527003176198 0.0948977838959 -0.00836295985322 -0.00491283614113 -0.0152140670142 -0.000806525136854 -0.0898320639538 -0.00138082459094 0.0811976601966 0.0298567318429 0.0088516958554 -0.362410732811 0.160234596397 0.0102329913726 -0.00639891363393 -0.348571230523 0.0376098242662 -0.0192069528689 -0.288119733928 -0.0301422433094 -0.0345929961117
-0.599319182936 -0.0288650197382 0.0671946616087 0.0717543957869 0.00129686977278 0.0508607457474 -0.01090132948 -0.674872101536 0.218961625508 0.05596227811 0.00478403989044 -0.0649732972899 0.00514472750832 -0.0311462981516 -0.0930129066256 -0.0257913839484 0.0805277565111 0.00190168565172 -0.0830083793542 0.181929562288 0.0289150217936 0.0206658245666 -0.106053274777 0.0382443509153 -0.0133412926516 -0.214211240502 -0.00341018330407 0.000171091381356
-0.687698386784 0.0498869567209 -0.0179821583048 0.00949955678369 -0.0957179231632 -0.0385822872296 9.58966298837e-05 -0.654996393558 0.0248251405926 0.0763016014434 0.0339376392356 0.00993899936311 0.00341163690043 -0.204397826488 0.131873822641 0.060771181954 0.0532043911254 0.00316460562676 -0.0470044435465 0.0422112487038 0.0378695899034 -0.00860349587658 0.00802494635962 0.0734935799345 0.00738952766775 -0.00792070648718 -0.00279440990785 -0.00204650426139
-0.652525135601 0.0123609956708 0.0514116307981 -0.0246002144492 0.0176286367215 0.00254974594869 -0.00267024984871 -0.655146921667 -0.0275929049041 0.0269150721986 -0.024251141186 -0.0392291766006 0.0141530692257 -0.183550247963 0.06442433561 0.0644859844772 0.0384493918072 0.0101213954315 -0.0705364319116 0.199486669963 0.0499140554134 -0.0192199647002 -0.205476164564 0.0558339846576 -0.00271989429275 -0.0281218928554 -0.00702727208064 0.00759700640358
-0.643862559052 0.0234436742212 -0.0315855930105 0.00742284139036 -0.0250462677994 0.0121373494543 0.000234152345607 -0.716896092293 0.0578006387465 0.0652836004026 0.0206357845046 -0.0138583200331 0.0159237969784 -0.0581596599587 0.079998028814 0.119288305619 0.00887698830953 0.010495339479 0.0496466766275 0.122789332594 0.0539539257329 -0.0110013422272 0.0155016406339 0.079149274161 0.0112362932731 0.0959854726045 0.00235058189293 -0.00497886042415
-0.691252612861 0.0671717861318 -0.0651620142654 -0.0532662893098 0.0373056930306 0.00186877993784 0.000104043873973 -0.670309792913 0.0901997150781 0.0143960575925 -0.0236245213243 -0.0108663559647 0.00640370522238 -0.061764329869 0.0785646626206 -0.00302621933114 0.0316422478616 0.0179578742881 0.125021917568 -0.00948951654503 0.0746890416051 -0.0078809579039 0.12831170759 0.040418537536 -0.0037023658925 -0.00313894482075 0.000233082151794 0.00106855487481
-0.69915085155 -0.0346274408058 -0.0737054407111 0.0181000851257 -0.0542983559059 -0.0178019650275 -0.00176364818123 -0.662251387305 0.0114947321755 -0.0218041647918 -0.0643166558231 -0.0106117281147 -0.00390679631839 -0.0921998632004 -0.0154062454735 0.0288174638753 0.0502217459068 0.00159555098662 -0.158495819473 -0.0306794474883 0.00577642438407 -0.00639684290373 0.0999146994459 0.0941088862025 0.00539718980704 0.020221874818 -0.00181679801079 0.0010141525945
-0.656046919146 0.00539216280409 0.00132476083841 0.0344841194603 0.0605936899047 -0.046272936925 0.0020282563366 -0.625772808867 -0.0393798247149 -0.0217717229608 0.000817835987564 0.0147059764832 -0.000531575009685 -0.0361193823848 -0.0297071012393 -0.0398122087904 0.0477071751309 0.0112684840301 -0.26215409346 0.0916258655212 -0.0281331609117 -0.00575088303752 -0.187686145697 -0.0369367751017 -0.00242983335126 -0.21906895762 0.00028958652028 0.00496428796959
-0.65180041352 0.0136301447036 0.0112254656384 0.0116158138713 0.00331873591641 0.0183243879641 0.014066901958 -0.707937724885 -0.0862834294968 0.0160740168346 -0.00476164164322 -0.0305225380804 -0.0101553633962 -0.0418358160388 -0.0379886330184 -0.00382633503677 0.0689132881003 0.0144663248067 -0.0641326612475 0.133489183259 0.0575772157285 -0.0082722466542 -0.139352498445 0.0566501562612 0.0056889059699 0.0877663695984 0.0065171860004 0.0184386518436
-0.666605531134 0.00336564898607 0.0177791778276 0.00565331915227 -0.0135539447602 0.0440212808475 0.00261990352813 -0.700790182535 -0.0897852897948 0.0188498336679 -0.00503214844316 0.0181947600835 0.0022157015174 -0.0566025567553 -0.0409828456599 -0.0217862937175 0.024143748315 0.00812599189388 -0.0723525274128 0.122726466387 0.061729189399 -0.00760076915434 -0.122884327046 0.0408642132889 -0.00711263723607 0.0733183726363 0.00358860182592 0.0297134237582
-0.64156746868 0.00449353046607 -0.0234041301894 0.00427228532592 -0.0278072030546 -0.00321873073165 -0.0031116738104 -0.662706511015 -0.0113656471658 0.0532172066403 0.0445827078301 -0.0409927245077 -0.00153026176007 -0.118786501318 0.00964322293628 0.0891110693613 -0.00782748969544 0.00884529407567 -0.276297692223 0.0391063180416 -0.00723913978799 -0.00337959245823 -0.165511135179 0.0090747444029 0.00236400831995 -0.113386302921 -0.0138658246559 -0.0212724843446
-0.670576017321 0.0503596998604 -0.0929180191717 -0.0151858392749 0.0114067430801 0.00398540545367 -0.000464474537399 -0.624771441859 0.0620488125772 0.00059084052888 -0.00291027672833 -0.0137616589065 -0.00669943597806 0.0511572292564 0.0256937405918 0.0456775927624 0.0429151124158 -0.0016825909049 -0.235526953744 0.0549023181314 -0.00440397709905 -0.00056483403001 -0.168127380177 0.0186264297839 0.00268273509792 -0.222950055726 -0.0102121980209 -0.0141958365318
-0.661668775837 0.00999610643994 -0.0253977360138 0.00607261630096 0.0426855713131 0.00200670326937 -0.00631481948916 -0.690285298354 0.0791370596927 -0.033990855725 0.00605994928739 -0.00876098106225 0.00162005509009 -0.0840952809373 -0.0288188936259 0.0339399114828 0.0711033808501 0.00173996458477 -0.116585601133 -0.0258254796939 0.0231985454132 0.00456744687269 -0.0758112688568 0.0350057720636 -0.00233142507757 -0.198951276475 -0.00517521904762 0.000850577577946
-0.708799407386 0.0110829914752 0.0714488075291 0.00290470514419 -0.0361489614187 0.039470255568 0.00599154067331 -0.669380702538 0.0143689592307 0.0113710846438 0.0287168731676 -0.0350766460185 -0.00168461306958 -0.0939309205053 -0.0195657458391 0.0194437650354 0.0811831571454 0.00663151152169 0.0161055716743 0.106858130237 0.0444579248031 0.0127079984653 0.0417549173293 0.0237742809921 -0.00747491078172 -0.0796841733239 -0.00343090656201 0.0155550395489
-0.585182258649 -0.00455252888494 -0.0423419475404 0.0254345999214 -0.00775680778181 0.0192252963658 -0.00387636224534 -0.63011323891 0.0198693329364 0.0706792730798 0.0627687484703 0.0149853487337 -0.00690975225354 -0.239118483801 0.0248463516053 0.0474534701459 0.0194464500743 0.00814006000712 -0.21537595414 0.12491789146 0.0068351784753 0.00351207271944 -0.294158103878 0.0359896376572 -0.0263770054193 -0.18886817846 -0.0218160534044 -0.028327823182
-0.604747673225 -0.0141496717372 -0.00525219598061 0.0282683495703 0.00740426733491 0.0119132135728 -0.00410136467518 -0.640371413611 0.0243058247393 0.0717697237793 0.0396521702522 0.0162892185167 -0.00464931565907 -0.170181339907 -0.0420448615372 0.0348986469936 -0.00438165212469 0.00527964228962 -0.223579526802 0.144742194111 0.0103278189657 -0.00315046715793 -0.278777307019 0.0275961954149 -0.0282410996977 -0.179233390143 -0.0224792884439 -0.0202077536665
-0.63463525937 -0.0070581297854 0.0646823980515 0.0278746734975 -0.0055123730696 0.0135065081869 -0.00533047948013 -0.637364477055 0.0141555516004 0.0455245361694 0.0553907259963 -0.0185465667299 -0.00455282216098 -0.0858806316594 -0.0752750774056 -0.00191777020814 0.0148598948824 -0.00206544540729 -0.239859755358 0.15255732579 -0.0161178158041 0.0152626686915 -0.260234311297 -0.00476139957613 -0.0145541347057 -0.131479275085 0.00357088916619 -0.0148782976287
-0.684138115795 -0.00916479889721 0.0792276240408 -0.000362776455657 0.00664559085903 0.00437658204642 0.000549643758576 -0.661997066768 0.0252481741656 0.00813971460466 0.0443729455886 -0.0328878669399 -0.00162919685023 -0.0616868682536 -0.107718165545 -0.0366023944134 0.0200841704125 -0.00764748824381 -0.0337777296014 0.184690262748 -0.00966850744181 0.0163697804257 -0.132723395986 0.0280934321621 -0.0107064389842 -0.110353809019 0.00123593433544 -0.00337743732246