-0.0969327812571 -0.061697882324 0.288911864534 0.304442388681 0.14407390219 -0.0887733060462 -0.0149134310747 -0.09729053242 -0.0307481305251 0.3582672957 0.142099083179 -0.260324816469 0.00343223113861 -0.16219498766 0.1180337828 0.371904136365 0.305589468724 -0.000374194161154 -0.191095559582 -0.442223552943 -0.0224436876305 -0.00853197030341 -0.173179039824 0.107298286213 -0.0143818228356 -0.0894288607707 -0.0272247654885 -0.000633157720693
-0.655413151865 -0.040021908099 -0.0450937085278 0.118023894182 -0.12323391714 -0.0727940680994 0.00303634167413 -0.590425711181 0.0140937958275 0.119386698497 -0.00969640442315 -0.0376219777557 0.00635063026395 -0.0391321528529 0.0677955125749 0.210083471164 0.196690971119 0.000226927237406 -0.157109595649 -0.217423397023 0.0352314564589 -0.0104131456804 -0.00882700474931 0.059384407471 0.00406956653055 0.0423450561168 -0.00998016562972 -0.000340481571421
-0.710543045025 0.0186543581128 0.06944661388 -0.113364299439 0.211716494531 -0.0244083431473 -0.00981598719614 -0.574403690226 0.0247192421627 0.143238891341 0.0548968330869 0.00235532591579 0.00178425285402 -0.0593778233959 -0.0894173580239 0.117069957954 0.106676621598 -0.00764479297416 0.0266363429998 -0.176240024227 0.0164186471223 -0.00608723329765 0.0235467976722 0.00581979417581 -0.00212631697159 0.0891092889418 -0.0148875389181 0.00183500580789
-0.653206751392 -0.0694830927323 0.137718027447 0.220686804321 -0.0679993516907 -0.0805724201466 -0.00873809121974 -0.549944140812 -0.0526932365248 0.156219080274 -0.0129781999461 -0.0546684631642 -0.00210285016156 -0.108392914093 0.0759680621173 0.152475472203 0.0830041885462 -0.000353624552656 -0.184247794103 -0.0682738448631 -0.048538679535 -0.00251817329019 -0.166124817324 0.065151902237 -0.0133160131325 -0.189978949322 0.00225965648437 0.0102266429673
-0.619488953979 0.032784619286 -0.0780150973594 -0.160995959064 0.21152313286 0.0834574080416 0.000176206243765 -0.489165869381 -0.0462898682576 0.139157883089 0.0526964346838 -0.0600762774841 -0.00267480253409 -0.216833329306 0.0288304370261 0.0390430354397 0.0509155317976 0.00488949920766 -0.277757713697 -0.112973818298 -0.022191965965 0.00599028167342 -0.265356195723 0.0345787411014 -0.0120991505077 -0.222847884736 -0.0158220749946 -0.0128199648047
-0.662941781937 -0.00128439240172 -0.0530325364766 -0.019930174251 -0.0211942354329 -0.0376643413866 0.00261684824892 -0.620199075547 -0.00065433808271 0.0302767940205 0.0088100523178 -0.0120508336072 0.00230910261302 -0.0369563821436 0.0118325858851 0.113637507653 0.0866232706126 -0.0014399733152 -0.371484026851 -0.0514718471827 0.015005669049 -0.0154506526736 -0.0416463542388 0.0199495507519 0.0060803379549 0.0662950977414 -0.00467246011592 -0.00229241348957
-0.651000667657 0.00214955916369 0.036337063788 0.0328633116135 0.016531104757 0.0177728317669 0.00134274908091 -0.642024969712 -0.0126905057639 0.0449027778125 -0.00261099968331 -0.015923106189 -0.0030831838579 -0.099542352448 0.00134111742177 0.142661247505 0.135232090816 -0.0053521707954 -0.31145222307 -0.050155281537 0.0353762789823 -0.014195250761 -0.0625228065673 0.0348806262228 -0.00229107938144 -0.0621134768819 -0.00385165435479 0.00221590513494
-0.669316444804 0.0165619050982 0.0459416131719 -0.0270933728333 -0.0145317950711 -0.00211782016797 0.00212689896838 -0.689417747411 -0.00312461404442 0.0470392103748 -0.0379382467441 -0.0176431764672 0.00394653275658 0.0483207919262 -0.0449945553809 0.0777395074846 0.12565795589 -0.00558377624834 0.134703219858 -0.0980273574606 0.0228354598171 -6.64268854996e-05 0.0210469883063 -0.00676037246436 0.00422007514828 0.119495074717 -0.0102306887329 0.000967741482609
-0.614716469125 -0.0586962097979 0.0440563707259 -0.0108065474741 0.0639936819753 0.0326961565594 -0.000628332416291 -0.647390342307 0.0317108830234 0.0610606119759 0.0885925090367 0.0152659170742 -0.00723502894521 -0.239038127962 0.0564680855241 0.0818778278035 0.0488607213068 -0.00440647223315 -0.2928933545 -0.0144774305414 0.0243104905853 -0.0194808488551 -0.0894287053552 0.0527981659867 0.00715689389689 -0.110196169894 -0.00886254731728 -0.00322989160005
-0.688604285097 -0.00560563302144 -0.0311578328989 -0.0280974571959 0.00410321732028 -0.0398823296479 0.0044837887593 -0.66824178005 0.0054688206457 -0.00543997161292 0.00720135710052 -0.0185262726325 -0.00138346221331 -0.0692943811591 -0.0429835892264 0.168871409957 0.0973119375521 0.00193738229771 -0.154720876109 -0.0589291870148 0.0276330375161 -0.00356737422993 -0.00143339185027 0.023507659071 0.00548680497219 0.0444863371686 0.00167166692728 -0.00264477288972
-0.775592635395 0.000479838765731 0.0429822700093 0.109919792809 -0.0440370162561 0.00517523868738 0.0025336622479 -0.577012030531 0.00889965457889 0.00198149643602 0.0139003058407 0.00914749681868 -0.00358163738602 -0.0252285546369 0.0720144528655 0.0280779779436 0.0916616597378 0.0026454657982 0.0348421098884 -0.166118886683 0.0351353069958 -0.0041675449054 -0.0618698043185 0.00325367022612 0.00231445648889 -0.0117494867484 -0.0132128026456 0.000496742740411
-0.738349151457 -0.00503694551551 -0.0440307683316 -0.0527469938031 0.115755432498 -0.0124289654589 0.00116163217879 -0.630601284861 0.0240821273849 0.0188175551677 0.0261874973069 0.00250053295896 0.00830439929398 0.00631042122324 -0.0855788711784 0.0172830145868 0.0533417191747 0.000622515241071 0.00638282061012 -0.0593412589299 -0.0161725928963 -0.0101874324043 -0.0946025589877 0.00415551988024 -0.00499962479772 0.115343611686 -0.0143366121165 0.0157789416714
-0.649827930297 -0.0135252768257 -0.0846026218491 -0.0621759299836 0.0189584554102 0.0189475611985 -0.00053923350533 -0.644501454031 -0.0882215739952 0.0354780782179 -0.0438435950117 -0.00456336938504 -0.000643378806909 -0.242096201857 -0.0187080857732 -0.0514742364616 0.00706091111262 0.00113315360407 -0.198938623774 -0.0741266142786 -0.00946143111487 0.0044260709875 -0.176577656481 -0.0137469264523 0.00378899682541 -0.032493359495 -0.00447437791124 -0.0114283941528
-0.682625571643 -0.00231665033609 -0.0617118843528 -0.00847395815091 -0.0417724115893 -0.0157178528738 -0.00539475485874 -0.63662925246 -0.000548486843098 0.0278522773867 -0.0045454293881 0.00433489234665 -0.00293238230453 -0.102174297633 -0.0429323458026 0.149472411708 0.0863906774772 0.00342835648729 -0.266884915595 -0.0677910628957 0.0213048167638 0.00663190590384 -0.0420066187366 0.0231502789953 -0.00507890535575 -0.0349333345562 0.00456947116857 -0.00252109914599
-0.743110138168 -0.0612718414748 0.0978839509616 0.111250638738 -0.0417731631217 -0.0413363060171 -0.00632866081539 -0.57717302423 0.0205463579265 0.064233420984 0.0376743522344 -0.0105457057788 -0.00137070751369 -0.0525419432958 0.0603046697446 -0.0109995414473 0.00364396481636 -0.00419847225739 -0.158616083985 -0.0403456989517 -0.0402796639907 -0.00453057352554 -0.176294725244 0.0138671271289 -0.00449513661579 -0.11386622586 -0.00518536310684 0.0104106220033
-0.596098810318 -0.0118875817832 -0.00914232630499 0.0513541263645 0.0766914733247 0.0488321895015 0.0077015327369 -0.549849755207 0.00174656969178 0.0245854377001 0.0290676412069 -0.00696201808648 -0.00356992181082 -0.104882334645 -0.0475107327062 0.0603222606775 0.00892455877175 -0.00407250226883 -0.33075211887 0.0864636397463 0.022647532348 0.00422868906373 -0.435766931555 0.0178611078746 -0.0099824687027 -0.0683021874885 -0.0141359274931 -0.00757608824075
-0.672811313354 0.0275604100666 -0.0937565448855 -0.0839509102436 -0.0243379036066 0.0343209208742 -0.00547297095838 -0.605525958043 0.0239686564607 0.0404151423845 0.0234240338974 0.0102378180494 0.00287870758196 -0.21560528138 -0.000172447352592 0.0459576820184 0.0431961775028 -0.00041317451584 -0.219206334467 -0.038468725039 -0.018083096969 0.0023791031662 -0.198631973273 0.00632261929898 -0.00879738156283 -0.139262356182 -0.00382035000724 -0.00934600493248
-0.619816513348 0.014529035873 0.0268827536864 0.03076120467 0.0270895478169 -0.00749550867075 -0.00665477902163 -0.68032247977 -0.0513062668099 0.0506902691752 -0.0485947937934 -0.0352889241297 -0.00551110770528 -0.1347786956 -0.0265281994734 0.15748912782 0.108179520237 0.0028000126471 -0.191372260167 -0.0363481540132 0.00399355800942 0.00354757749199 -0.110157406698 0.0442210972913 -0.00906362545252 -0.183877700188 0.00918497750029 0.00349876308382
-0.668657329131 -0.0262130875104 0.0870680293882 0.0700459220685 -0.0698575889445 -0.0514541752208 0.00644598600303 -0.580927657285 0.0274926587417 0.0440363853216 0.0126399633365 0.00295433175901 -0.00128468192512 -0.211495913294 0.0524887712385 0.0120801995693 0.0216969299703 0.00204148594651 -0.181767054206 -0.00148130330265 -0.0138643710997 -0.00246418458938 -0.243498985069 0.027684967719 -0.0165571250707 -0.223615004843 -0.00453317512101 0.0104356619286
-0.59103510857 -0.00920951049476 0.0719425039758 0.0279521615353 0.059120670545 0.0539709083588 -0.00149581181373 -0.521490419777 0.0027475949311 0.0600668409152 0.0169616930901 -0.0252734922017 -0.00131119676709 -0.0986310973724 0.0373996699184 0.0756760704509 0.0448074043644 0.0104963577031 -0.344029189029 0.0893306459835 0.00996099596152 0.0095543463209 -0.434457699793 0.0216297949932 -0.00758904761809 -0.163535298752 -0.0139622032943 -0.00367268844528
-0.652652337276 -0.000298759357379 -0.123865121204 -0.0963098490507 0.00601916789867 0.0109269366215 -0.00372719840239 -0.56881173775 -0.0398497751748 0.0346615678467 -0.0346407467649 -0.0276229468466 0.00223529989682 -0.27509771601 -0.00551279599023 0.0443510707383 0.0324010226268 0.00159977306637 -0.195104536963 -0.0761800138578 -0.0164042575105 -0.000870686781157 -0.155956846253 -0.00198145581148 -0.00458021608834 -0.271154134937 -0.00670730952827 -0.012975345034