-0.123157995557 -0.0176356956736 0.117420748259 -0.2745976783 -0.451622620989 -0.133225932249 -0.00555632684174 -0.103548620092 0.0931568430401 0.292726389998 -0.34364395398 0.211432929081 -0.0327032107497 -0.0997966732371 0.159913421963 0.198720127979 0.389213139029 -0.0264843394453 -0.0914384694553 -0.0518446857608 0.157380979741 -0.0096043346414 -0.175717420242 0.265498741807 -0.0767509632843 -0.14118155235 -0.119275400547 -0.00987232973988
-0.683849037363 -0.0231036919211 0.0388107040753 -0.0649971027405 -0.233734711654 -0.0361548140993 -0.00593577690734 -0.60400985707 0.00738854008204 0.167455321162 -0.0775208653054 0.0158711464928 0.00316627730373 -0.132660299581 -0.0179559818774 0.0477948164647 0.133905532363 -0.00478873026011 -0.0883069776453 -0.0142393936184 0.0407624918088 0.00477074929677 0.116804105836 0.0716549173215 -0.0254209453767 -0.0363995949828 -0.0473677243014 -0.00891447286394
-0.583664000389 0.0470573768443 0.076996511414 -0.186105548848 0.0578558395801 0.0253745506342 -0.0104690861838 -0.623457693908 -0.0418866084126 -0.0188641945336 -0.214993111666 -0.0658013348157 0.000662283824215 -0.203720364185 -0.0621109815495 0.00570804269413 0.0853458441151 0.00107941471297 -0.206886295721 -0.0605317379468 -0.0171533431843 0.00812328710169 0.0246766973207 0.113034018996 -0.0343235316478 -0.233675796619 -0.0456587817954 -0.0184061258386
-0.630331694534 -0.0535605288066 0.00208192924119 0.0504912933358 -0.24767293835 -0.0634244234789 0.00430066935947 -0.581979793194 0.0646631902119 0.0618456003701 -0.14313002106 0.0766542887793 -0.00577271188584 0.00780315777602 0.0712404401285 0.0761251763007 0.12744079083 -0.00603222357503 0.16653714276 -0.0337198821217 0.0678011651331 -0.0094442844204 -0.309055159057 0.0311780977926 -0.00656503796103 0.0311064113304 -0.0223249554022 0.00340491924282
-0.467408899639 -0.0381967064559 0.0939312633735 -0.0106615452092 -0.0400784973541 -0.00458136548951 -0.00169759846974 -0.568411889077 0.147407260636 0.0782323331894 0.0537443707319 0.0810192756333 -0.00481228702216 0.0535164658112 0.120844986975 0.0819431814551 0.0911361703277 -0.0162972217522 -0.261294529858 0.127262658039 0.0488075819479 -0.00957848768724 -0.533465115425 0.0606195483988 -0.0124460203102 -0.0178843897665 -0.0243453342077 0.00778787658573
-0.693943269444 -0.0167071276968 0.11739948854 -0.0270402193408 -0.0421799003337 -0.0324714650163 -0.00311882915532 -0.632300957488 0.0241414423285 0.0339813404666 -0.0397135146881 -0.00285798897613 0.00205025717071 -0.15683920925 -0.0362229595054 0.0655575038861 0.0528534373302 -0.00362637813406 -0.213391946744 -0.100175068821 0.013641805388 -0.000977003055992 -0.00577611418421 0.0135828918104 -0.0134656397697 -0.089884164515 -0.0162790320826 0.0125824488139
-0.582682149662 -0.00476469823671 0.0203324872298 -0.0470908682209 -0.0261812899722 0.0183418055946 -0.00420300409897 -0.724868752835 -0.0361740992769 0.0240165202682 -0.118202593712 -0.0315815354849 -0.0115141270199 -0.196862185876 -0.043619715367 -0.00304861051648 0.0767470541448 -0.0104681160538 -0.236024970175 -0.0618718061595 -0.0227485349742 0.00201428072937 0.035786296563 0.0409227324332 -0.0248699015021 -0.0446629698596 -0.0398852892655 -0.021979764429
-0.627602250753 0.0647192830501 0.0570320852498 -0.0178290275764 0.0519116855624 -0.00344981536312 -0.0041829491372 -0.681480774602 -0.109060322415 -0.0200197950704 -0.0440131757377 -0.031432732073 0.000126602795747 -0.236298381653 -0.0554049259207 0.0962246307915 0.094102168494 -0.00252915139046 -0.124909883472 -0.0404367965427 -0.0276289217955 0.00655735053915 -0.0152509476656 0.0617319208557 -0.029648985433 -0.123107689177 -0.0243604956673 -0.0159083210619
-0.665640812468 -0.00394056812108 -0.0686659591081 -0.0205942128762 0.0177582427851 -0.00435986350317 0.000425386917563 -0.646017716629 0.00515115443482 -0.0274590777292 -0.0114652426568 -0.0106084922009 -0.0013409565199 -0.239846612522 0.0642908056921 0.123068969285 0.046893099589 -0.00173844176754 -0.0326654945056 -0.0534973151745 0.0281525240733 0.00307819323729 -0.138305073914 0.00621382058643 -2.08713091047e-06 -0.173246875852 -0.0115004472207 -0.00394222438498
-0.739481752508 -0.015538074438 0.060093334234 -0.0491076665507 -0.108012565449 -0.0140681384397 0.00662783701161 -0.624449688673 0.0649836194711 0.0180236271712 -0.0113833676887 0.00122651873171 0.00602138380161 -0.112999781347 0.0204480980206 0.04470565703 0.0825184911036 -0.00408181818256 0.113862046321 0.0320966102063 0.0387387780021 0.00215595790768 0.0379782429872 0.0197610054625 -0.00992758635346 0.0109953952331 -0.0278821615572 0.000231201434168
-0.522315714733 -0.0158388007385 -0.0482528381985 -0.024889720574 0.0483794560334 0.00243739057459 -0.00641166706306 -0.520821213655 -0.0202128078499 0.00189776053687 0.0587839061127 0.0306268420858 -0.000275737475412 -0.121090930475 -0.102683046653 -0.0793920534319 0.058974390883 0.00214689021971 -0.358989816857 0.138719297079 0.0184670612799 -6.42633747561e-05 -0.511462209916 0.00918601104277 0.00285548119013 -0.00190077406219 -0.0167888114666 -0.0108427448149
-0.695257692999 0.0326611851086 0.0520383980753 -0.166515242584 -0.0666316254178 0.00916091833746 -0.00213748270331 -0.46584912738 -0.00190452187834 0.0383464373158 -0.0176998673827 -0.00271896305483 -0.004425545698 -0.201963854152 -0.127796217973 -0.0547784531208 0.0293866994759 0.00147716649057 -0.270850362605 0.0560116771439 -0.0302313769869 -0.00190499548809 -0.318919803386 0.0303323076794 -0.00712851042281 -0.142586935833 -0.0185041450898 -7.86109091529e-05
-0.563287719148 -0.0152191425573 -0.0194140363205 -0.0502902111012 -0.0230258676988 -0.00399675439377 0.00018896313962 -0.684182179973 -0.0575147301253 0.0480028389211 -0.109617601561 -0.0307141630103 0.0122941049477 -0.0870273173559 0.0255581152268 -0.0494776302499 0.0217406881922 0.00205309932086 -0.386352158709 -0.0648243733564 0.0161228364239 0.0017949691902 -0.0414067363335 0.0627776678085 -0.0159356886937 -0.1371573893 -0.0422326772497 -0.0283660288201
-0.61106303696 0.0330820810122 0.0367487295184 0.0204107257749 -0.096240882481 0.00889800549058 -0.00160137225177 -0.709906319457 -0.104451750751 -0.0998480403822 0.00253287733569 -0.00148613793013 -0.00420499969301 -0.142198541379 0.0323561983555 0.0812124969519 0.0534468021919 -0.0020201017071 -0.0452743965319 -0.00185375499967 0.0291722577339 0.000443760803335 -0.21036469548 0.0161868879055 -0.00287190838093 -0.106145734904 -0.010241996135 0.000266518270255
-0.606127917045 0.0401775170847 -0.0709939937305 0.0186433703961 -0.0435444903211 -0.0166508100927 0.0019364017115 -0.605686007968 0.0261646242293 -0.077674394255 0.0384250577081 0.0194723250668 -0.000429807818125 -0.189265569479 -0.115330939509 0.0177749402744 0.092919141373 -0.00354029308833 -0.28908631668 -0.0368026740859 0.0132661297532 0.000875830763872 -0.317962151275 0.0593805538136 -0.00772130438856 -0.00208546200179 -0.0107149483375 -0.00293426888478
-0.680120350818 -0.00769730663968 0.0350864385052 -0.113555521904 -0.0277644150606 0.0459112437541 -0.00774666006558 -0.588351153607 -0.00800337426689 -0.0139898494923 -0.00203162246399 0.00593651373469 -0.00296227439112 -0.165243716978 -0.0794686297254 -0.0620848589577 0.0305707350293 0.00154024576583 -0.239786401521 -0.0368685614906 -0.0343261667489 0.00441532963239 -0.243662281993 0.0487062654587 -0.00898858866431 -0.112361761364 -0.010919900333 0.0284923038922
-0.510911053271 -0.0126236796644 -0.035423901469 0.0153494495133 0.0627338992551 0.00223365594906 0.000192365609526 -0.519812106029 0.00737277571786 0.0192246536184 0.0629674336805 0.0361027787269 -0.0134102098611 -0.132351636714 0.00584878380645 0.0198462705199 0.04861867127 -0.00503861756161 -0.429787520256 0.0943467039422 0.00943342443908 -0.00790287475347 -0.479987027036 0.0397551608373 -0.00658518022696 -0.0987642942281 -0.0242274307624 -0.0290826707255
-0.617756588204 -0.0528801607467 0.07852470161 0.0377505584923 0.0815730461873 0.00648389329169 0.00268260133015 -0.676491422291 0.0291270677096 0.0615251760166 -0.116546321991 0.0145512276088 0.000879656987039 0.0141604818963 0.0419078538335 -0.0528950525441 0.0634056145571 -0.00159129391672 0.226042690867 -0.00417081130522 0.0444836435497 0.000657533466278 -0.245576554678 -0.0160023282622 0.00886641003684 0.051298382656 -0.00681405840099 0.00510221139792
-0.659275962678 -0.0118978510523 -0.075117016702 -0.0226999708925 -0.0855431853838 -0.0131900452735 -0.000657157924253 -0.580516698703 0.0438198991619 -0.00346105221647 -0.110371769648 0.0123737789367 0.00299097237108 0.0297224682723 0.0983969505816 0.0735746488445 0.060802270955 -0.000721298482134 -0.110262417162 0.152129291901 0.0123327526544 -0.0225664454078 -0.379280889027 0.00552569546143 -0.0138704857885 0.0174561368498 -0.0162821250816 0.0016453901783
-0.619749838814 0.00699700683843 0.0739986304612 0.0437524173738 -0.0158048708098 0.0110722307333 -0.00105686463803 -0.558839794395 0.00130033564939 -0.0267852958129 -0.0463100823708 0.0233391216993 0.00733011952656 0.0318088107648 0.0644793401907 0.0486370392117 0.071568930034 -0.01198228847 -0.0974779449131 0.130659099335 0.0456456711204 -0.0101907430305 -0.49701771004 0.00786870833325 -0.00352893332864 0.0571425310201 -0.0139303632794 0.0145400886376
-0.555876391716 -0.015779585442 0.0133089811632 0.0145484034055 0.0533112327084 0.00147946164434 0.00460212100947 -0.592033995304 0.0143460303845 0.0504741260499 0.0371212725947 0.053926361739 0.0139215621529 -0.138250851467 0.0354551214645 0.0574220996701 -0.0427702597947 0.00657743993957 -0.219882079696 0.0941721429847 0.0198611980342 0.000341206967429 -0.49601064627 0.0221682264491 0.00424439131719 -0.00781380614711 -0.00298460865726 0.0018325573714