-0.0761054121914 -0.0365878776296 -0.278007280616 -0.0983618194933 -0.0837921787484 0.1073403928 -0.00175398168459 -0.264439586008 -0.435121652872 0.353749474856 0.35735120988 0.0958275868116 -0.0278541446402 -0.250764754094 0.373735605988 0.13341626738 -0.120543169987 0.0303034959787 -0.163683501787 0.0584056588965 0.0627672781835 -0.00809483167538 -0.146093277203 0.25823492058 -0.0129948903929 -0.0776041164678 -0.0325376471034 -0.00248032725562
-0.447850273978 -0.0726699769844 -0.0407774661399 0.0364084657675 0.0979871658887 0.0536527317159 -0.00654578808495 -0.645714585906 -0.258983155364 0.011299834243 0.102101730354 0.0951178985928 -0.00664933546795 -0.251011187978 0.211999400559 -0.0689225634996 -0.117218121752 0.0152367445506 -0.199304996537 -0.0434135103552 -0.0142840915953 -0.00360163433885 -0.293141007474 0.12294333296 -0.000986715035 -0.0458554122603 -0.00352317405015 -0.0575693754349
-0.527838861648 -0.0487806360738 -0.0863259275055 -0.0671896237142 0.0209359369644 0.00871823681935 -0.0114732518036 -0.660037698475 -0.287836685862 0.066890676705 -0.0341387518104 -0.0203164610524 -0.00855431760013 -0.150282214277 0.25465316607 -0.0181416030634 -0.0341256002032 0.0153847845176 -0.138193590389 -0.157536083127 0.00745967196495 0.0071816299003 -0.200758028084 0.0881055725678 -0.010024151043 -0.00690451245914 -0.00686944621414 0.0179211733195
-0.554360771866 0.0101730941207 -0.0662875404555 0.0987265354172 -0.0576993465456 0.0789914488976 -0.00383519456361 -0.564634804079 0.0777454326552 0.0471032505279 0.115594169312 0.00372376483434 0.000993374818649 -0.401644044634 0.139189385468 0.238767559289 -0.00120017080832 0.0100342732451 -0.0797449410735 0.111948336285 0.0683103226077 -0.00241090675666 -0.235976645857 0.019001343589 0.00574424369734 -0.0979344727572 -0.0332327678401 0.0161743334824
-0.545637414982 0.00481988020297 -0.0775202966349 -0.103722077392 0.0692223469961 0.0375239422021 0.00695364063313 -0.616119434658 0.0847738616678 0.0400092588668 0.169802518844 -0.00834886587045 -0.00353006520845 -0.250312270632 0.137434611997 0.229601653936 0.0465940830238 0.00482807422107 -0.241838754957 0.163640572109 0.0746261657281 -0.00216401496593 -0.0780674798461 0.133963610084 -0.00316327132185 -0.0995524685081 -0.0156843476296 0.0208332513987
-0.178922169921 -0.00269890909156 0.00924253833727 -0.0332071002867 -0.0283041355972 -0.00355069402252 -0.000927190477304 -0.174260482505 0.00520408073623 -0.0135794879814 -0.0122694681811 -0.0046860888577 0.000638110816618 -0.598289313013 -0.0172417665924 -0.0146753737516 -0.0022298981903 -0.000202169701678 -0.417999878201 0.018983630235 0.00582917890745 0.000403342776951 -0.444408457724 0.00030096889946 4.91799441239e-05 -0.450990332641 0.000876812419318 -0.0273411862504
-0.464553410526 -0.0329652706784 -0.0115462708947 -0.0137424076664 0.0431313012103 0.0183303329103 0.00306713288635 -0.508233779625 -0.0411915379414 -0.0179157011702 0.0389926291634 0.0534284291819 0.00622649777005 -0.462620944208 0.184056776961 -0.097821223078 -0.0938700276017 0.0049008585228 -0.379804307119 -0.0482724643605 -0.0195710370595 -0.000438849522764 -0.284282618411 0.0840624562562 -0.000663860639644 -0.102623859444 0.0166859897761 -0.0623252720374
-0.507941879785 -0.0368510646236 -0.0371213602796 -0.00649597912293 -0.014227323967 0.00334826795717 0.00332975248563 -0.705161211473 -0.100991142255 -0.0583506296486 0.0526468116229 0.031143055795 -0.00247447493763 -0.245005895139 0.232154304135 -0.100293385246 -0.0489523987146 0.00730087889703 -0.187068006474 -0.0553175735853 -0.00501833610894 0.0094031796386 -0.231770631055 0.0515904538183 -0.00642075030861 0.0572288266675 0.00392706444364 -0.00878185105416
-0.585057725659 0.0352761482473 -0.0117458586738 0.0108465726234 -0.0505014222472 -0.01517431389 -0.00699905905614 -0.745366488787 -0.0980015618494 -0.0361606077994 0.0873521904979 0.00498447580102 -0.00243574953605 -0.0966157516431 0.183116815158 -0.0404031388401 -0.0301362262606 0.008017667923 -0.122917780981 -0.0666197345678 0.00901425417003 0.00297494067272 -0.0954594563479 0.0217867076363 -0.00673888226986 0.0629989188816 -0.00104529862268 0.0228613531227
-0.548226454547 0.00609446588036 0.0541698858956 -0.0522855832574 0.020280182638 0.020119492592 -0.00423860289743 -0.722561165929 -0.12239728258 -0.0422857113594 0.0761405820683 0.0211214862864 -0.0129391690249 -0.116038313934 0.200999803444 0.0438867826732 -0.0451140170047 0.0165512583401 -0.238909033414 -0.0471675281752 0.00564752528834 0.000405539648197 -0.16339427555 0.0537001125285 -0.0019916175866 -0.0204503645809 0.00477097094665 -0.0131105842139
-0.639869602149 -0.0782312942838 -0.0837911138484 0.0640988871585 -0.00110040324296 -0.0182478962967 -0.0110083463875 -0.689285125276 -0.126333170462 0.0762287851177 0.0217353232907 -0.00915206396349 -0.00726752423584 -0.186481410464 0.116604379558 -0.0129213668122 0.00425500477364 0.000949581121547 0.0757367712111 -0.0216720635721 0.00539477208936 -0.00521730902429 -0.131525248234 0.0149074944686 0.00424448946784 0.0525121649376 -0.0152499056505 0.0043268145211
-0.561954684922 0.0287761475704 0.0148653423719 -0.0242274096269 0.0176773706469 -0.00621179821508 -0.00582781703182 -0.704632820638 -0.01413879171 0.0939250194003 -0.0977972329451 -0.0267789985995 0.000257365327615 -0.307601638738 0.146052695552 0.0157898712702 -0.0147666375856 0.00104623928481 -0.0273502309845 -0.0551852091384 0.0127349110769 0.00122576286383 -0.159826791023 0.0634103624165 -0.00351641836987 -0.126575815626 -0.0167126094608 0.0109924499375
-0.681724433545 0.0048199157957 -0.0934679982629 -0.0603639693876 -0.0148848073734 0.0254667439242 0.000817410715639 -0.664822379925 -0.025596626563 0.0598032750668 -0.067639428774 0.00586789652338 -0.00297424213315 -0.101821476161 0.0573340460384 0.0408608196419 0.00279659882485 0.00404303299822 -0.118550553528 -0.103580877543 0.0417555565278 0.0021285224907 -0.0825967294947 0.0582617580168 -0.00387541165531 -0.136948771968 -0.00862395718405 0.0140728144721
-0.596622932408 0.0117104422189 -0.0557367083133 -0.0398776580365 0.0501986960584 0.0734371077428 -0.00270068859306 -0.610557734828 -0.00360755801882 0.0787888612655 0.0512778844085 0.0011316061368 -0.0068193039405 -0.404616256338 0.110021383187 0.0807976891618 -0.0384403875271 0.00915156684126 -0.041906070068 0.0956315711647 0.021181612882 -0.00358538237999 -0.177919722688 0.0304510504717 0.00304194139004 -0.144868257076 -0.0246964598714 0.0121599097902
-0.695160855824 -0.00377416809475 -0.00530841997809 0.0542477136014 -0.0875897254106 -0.0113721737208 0.00226355953469 -0.666963280001 0.0110234471124 0.0506751665812 0.0148516252143 0.0095899183895 -0.0137251068375 -0.0988970895808 0.10351644794 0.125960783087 0.0362649774987 0.000553934578898 -0.00150831706241 0.0726403513321 0.0357884482817 -0.000163057857209 -0.0995263622737 0.0423796596979 -0.00537439318125 0.0339913736965 -0.0281179863206 0.00390701536906
-0.612380812039 -0.0107876177035 -0.042899034091 -0.0299549159239 0.0336205299477 0.0157780101406 0.00309107677178 -0.639515828677 -0.0295920157638 0.0152774250662 0.0796944368982 0.00455342468035 -0.00335903473582 -0.126292668402 0.0731338727734 0.137451348906 0.0213100175087 0.00819128556676 -0.246975761625 0.210338254979 0.047739078005 -0.00599885615259 -0.192788291714 0.103491426714 -0.00409117742592 -0.0872376465672 -0.0221463252627 0.00346313960603
-0.706432472568 0.00261110912718 -0.0494462635264 -0.0618522221602 0.0991754849423 0.043911636754 0.00591097308662 -0.631378476318 -0.0527556823518 0.0673391394348 0.0220209942344 -0.0183878316651 0.00367494426562 -0.0928738585872 0.0301794531772 0.0217224384067 0.0244530144436 0.00041208801656 -0.159582906494 -0.0411866527231 0.0486263671707 0.00458736441097 -0.14275767476 0.100314782309 -0.00396072704963 -0.0678247509915 -0.00426538160956 0.0291870767268
-0.605728584382 0.00676743357561 0.0543072766628 0.0129259385864 0.0740027076612 0.0242825624741 -0.0020026782567 -0.56278696589 0.000487806921623 -0.0288410821491 0.00415186746065 -0.0186107301193 -0.00110266228363 -0.429530873157 0.0734210717498 0.0964256839977 0.00383863053031 1.9012556589e-05 -0.156534387531 0.0765377777655 0.0299807121597 0.00208405573158 -0.233614051386 0.00459548502482 0.00219425281732 -0.143929982884 -0.0027398468059 0.0120636358163
-0.59672349012 0.0118243968568 0.0154906696745 0.017986661251 -0.0129672820918 0.000615149332296 0.00130707149513 -0.662200369898 0.0122600685222 -0.0932510809237 0.0505840427041 -0.0310739369118 0.00284699958734 -0.340259354565 0.0734421115547 0.115366500992 0.000158642794678 0.0034602062058 -0.118483505232 0.0440949790568 0.0227221420747 -0.000458969377087 -0.191945338925 -0.0146952427289 0.00527791618944 -0.0622819593729 -0.0133878676559 0.00487715993888
-0.587735084112 -0.00391237606161 -0.00615865725964 -0.00172532561619 0.0111661149847 0.0131538718362 0.000904678703659 -0.646602385498 0.0337204397626 -0.0650041194276 0.0764584877443 -0.0189580235585 -0.00247794486567 -0.358999474927 0.0896562136237 0.163575414043 0.03810397822 0.00690444082698 -0.190882234878 0.123482241199 0.0420011200617 0.000664122343975 -0.0400882371242 0.059034256216 0.00372911882941 -0.0276103414856 -0.00713521239428 0.000996112650707
-0.61221856344 -0.0211376762034 -0.0107395755669 -0.0106731973489 0.0430584064601 0.0094063551692 0.00288143898601 -0.687482363566 0.070411661899 -0.0673929568975 0.0705114300152 -0.0195787347818 0.00580718283676 -0.232980280358 0.0691781812625 0.16907370765 0.026085390823 0.00215315054466 -0.159081430456 0.0931671643599 0.0436489423268 -0.000631532003311 -0.0580654631497 0.0422236297548 0.000704654147675 -0.0740577801605 -0.00352242534581 0.0126516081895