-0.0884920363759 -0.00376907929334 -0.151821102374 -0.260053639676 -0.208361477811 0.0696187100597 0.0130157073109 -0.0812639604268 -0.00728265641725 0.267938426117 -0.29720851091 0.14303321628 -0.0150407517515 -0.112763241665 0.079831803241 -0.0655653536397 0.425287778901 -0.0225866495085 -0.253915135798 0.461696685827 -0.333859232435 0.00531661117534 -0.194558031557 -0.0525494485945 0.0011011859542 -0.175392713144 0.0175626940158 -0.000624901927239
-0.570438268231 -0.0712868826021 -0.108772185088 0.182923964904 0.082051836427 -0.0165634338253 -0.00170788442508 -0.455413760397 -0.0711884689686 0.101585816759 -0.0437447951137 -0.0292312062611 0.00120654792602 -0.424493509231 0.00720438490521 -0.031902433458 0.0916823607811 0.000601140647071 -0.0219943472097 0.153223128491 -0.217491094015 0.00830643030003 -0.288339517701 -0.00831638740255 0.00479956493129 -0.217750349516 0.00138015320991 -0.00233725940777
-0.708199752132 0.00715126598708 0.0597737737236 -0.301536579927 -0.0671958180851 0.0609303520802 0.00177105748092 -0.490053397195 -0.0303401646376 0.00383395568818 -0.0458981904759 -0.0182216310207 -0.0117870682821 -0.0082220784684 0.000374509660233 0.104570970899 0.236910470673 -0.0188937136296 -0.212763636927 0.0432222549838 -0.143925642115 0.0034367105288 -0.110949898959 0.0436976723631 -0.0145804008153 -0.0468292619335 0.00319237179401 0.00492355150313
-0.561325579579 0.00074892823379 -0.14936364648 0.0776162728328 0.129427773262 -0.00925959553607 -0.0043252413575 -0.447146061286 -0.0151742967241 0.0137910175188 -0.0048470589905 0.0557931062876 -0.00219015162986 -0.263488784779 -0.0434582657063 -0.0434187618636 0.126709344448 0.001823098809 -0.396745819945 0.309076253888 -0.0952752048844 -0.000214663276009 -0.208574718514 -0.0947020732422 0.0051297322793 -0.179307952181 0.00847975984263 -0.0151348107105
-0.642979847965 0.0178173593157 0.163730252297 -0.134500633185 -0.15920911624 -0.00917726141728 0.00440038193632 -0.503724790517 0.0535161596959 0.15614072931 0.0233641815318 0.0889548131813 -0.00409125468021 0.0521232759782 0.0530182781005 -0.138938601224 0.141306840954 -0.00103344002655 -0.380752104049 0.160541660646 0.0175968589432 -0.00222482771008 -0.0923093728961 -0.0256272585903 0.0174378693956 0.0288397241913 0.0141841501062 0.00875184633108
-0.692328239425 -0.105804552907 -0.0155894457628 0.113670898558 0.0330585636028 -0.0191114045253 0.000595037407535 -0.598819889801 0.0357689430507 0.0699319805075 0.0250670426456 -0.0135312584888 0.00589845881049 -0.218326498348 0.0453761988636 0.0285464866415 0.0653526294633 0.00433982526307 0.0392304771103 0.0152504962003 -0.134756159437 0.00520770843328 -0.230709932727 -0.00701360413284 -6.05388774512e-05 -0.0336305140342 0.00409346909381 0.00713319689844
-0.498565100977 0.0387899448414 -0.0288573367227 -0.0117673978464 -0.0310405819366 0.00878691218116 -0.000987587676144 -0.708273040627 -0.0107329969429 0.116459513941 0.0916006569407 -0.0309015115155 6.69247136743e-05 -0.320870859954 0.0286713570659 0.0356299269767 0.0594201767823 0.00298435536808 -0.0367516046987 0.0591131342986 -0.132966756677 0.00247461438157 -0.259230437338 -0.00500302960629 -0.00143085393248 -0.157703912691 0.00136172707755 -0.00452151395091
-0.727508045268 -0.00720801060397 -0.0918715953471 -0.0649944447468 -0.0979558839198 -0.0132235639125 0.00457480495063 -0.555864113097 -0.0443599354586 0.0576192746581 0.00578407699796 -0.0359415581436 0.00186167252176 -0.103001903029 0.0431005369418 0.0950451706045 0.111540384061 -0.0104444731392 -0.119637507992 0.0716027753512 -0.103413172497 0.000841648659861 -0.148527191127 0.0181143851179 -0.0102135574689 -0.213714551168 0.00043405703762 -0.0164294788529
-0.691496910732 0.0786035519751 0.0611780109481 -0.0758649867331 0.0444966737865 0.0123281655911 -0.00361563308423 -0.6235926773 -0.0606506043114 0.0616305929793 0.00964158526927 0.0011736264512 -0.00240629740636 -0.0215948088788 -0.0759423455774 0.0821218506326 0.140977509035 -0.0115844470357 -0.229359675516 -0.0714785068049 -0.0554054091765 0.00902307534539 -0.0517192595753 0.0504566101403 -0.0106436253771 0.091157959464 0.00602623069277 0.00571804872434
-0.648438867358 0.0320507688978 -0.0248008562668 0.137143201965 0.048442546144 -0.0279020010901 0.00189342750993 -0.558122011822 0.00421471460071 0.00581837884513 -0.117716530256 -0.0157498785305 -0.000267607417683 -0.315370210287 0.0264303914067 -0.00794167359056 0.044185279523 -0.00243466282151 -0.183566205765 0.063797306816 -0.0971434410419 -0.00187118952358 -0.248825296887 -0.0125695936224 0.00386863114364 -0.137126919648 0.00366872431911 0.00101804747164
-0.486756255521 -0.0321550836298 -0.0485933543984 -0.042405489326 0.0386603722507 0.0495869556565 -0.000529305200983 -0.551046249013 -0.0910264745461 -0.0835782978082 -0.0422667312398 0.04587022946 -0.0091183859009 -0.326738507778 0.017330074923 -0.0184647996772 0.0437287353707 -0.00180564924371 -0.344388835749 0.13820135559 -0.0428628754046 0.0129421046694 -0.240268546101 -0.0133945123538 0.00358300015988 -0.35196016676 -0.0106161098152 -0.00956967326302
-0.743735943616 0.00662624316583 -0.0757962035628 -0.141951085388 -0.0376538342094 0.00454340584816 0.00876902259592 -0.5183096169 0.0299349371868 -0.0273995960719 -0.0056913198167 0.0331967255161 -0.0036761400595 -0.0641407456676 0.130494602852 0.0152762665259 0.117789751194 -0.00888393331899 -0.266911160391 0.0956603915076 0.00662201810684 -0.00894782384817 -0.0325075099063 -0.030391954827 -0.00811739248971 -0.173260066095 -0.00710744128583 0.000968809427989
-0.654990686651 -0.0595695588867 0.0987974154754 -0.0433906974621 -0.0115045734489 0.00465272332375 -0.00205206415387 -0.630746367933 0.0578255399362 -0.0526724404486 -0.0912084558162 -0.0099394214724 0.003415756662 -0.000852228938866 -0.0268509486112 0.0136731693568 0.126958537387 -0.00606702628972 -0.301985149917 -0.073703641225 -0.0476102122493 0.00458069218801 -0.153934384993 0.0546459041241 -0.00224467151883 -0.0142946548797 0.00438255550251 0.0189396779588
-0.557149974238 0.0880334815291 0.00914259385657 0.0949816697937 0.0721211263938 0.0106973616127 -0.00168070211743 -0.588080427232 -0.00700414976477 -0.0793468746037 -0.0914585447336 0.0319336819017 0.000899919319704 -0.24870187903 0.0100133928532 -0.0200030889425 0.0609013077951 -0.000112610024209 -0.424928803658 0.119065237469 -0.0344234550841 0.00149642322434 -0.174781929372 -0.0631141319808 0.00483411347306 -0.095878333043 0.00698674575315 0.00736196399429
-0.687173484887 0.0127788509141 -0.141002280719 0.0324746828422 0.02702197479 0.00874551770099 0.00162939822445 -0.614519846621 -0.0329389010216 -0.0842684079805 -0.0740217072618 0.0204904356094 0.001437944545 -0.0593994301112 -0.0292726290862 -0.00035556257468 0.0894397897184 -0.00534560962314 -0.196488483276 0.10892960466 -0.0571306447609 0.000391907812196 -0.171163402903 -0.0443840509854 0.00596067599399 -0.122931119849 -0.00358178194826 -0.039796158958
-0.694357226525 -0.0202381142572 -0.00801039751554 -0.0857619845232 -0.0753722128665 0.00595050535849 0.00361684411595 -0.646279772645 -0.0555159437617 0.0151270502889 -0.0383089335156 -0.0140606491017 -0.00991074584957 0.0380095993427 0.0726498901591 -0.0311779913214 0.123482674546 -0.00665501180074 -0.211768510608 0.0634657003196 0.00864728628224 4.73982834274e-05 -0.0475444309 -0.0238351247189 0.0267138449181 -0.0773071067103 0.00914677133233 -0.00446297980548
-0.567569728742 -0.0250987074776 0.0900427923906 0.0368123570767 -0.0141234601526 -0.0248368237347 0.00444661825949 -0.564240910354 -0.000635176640508 0.132454562727 -0.0171220048051 0.0265835091136 0.00182366055445 -0.136679952255 0.080971300154 -0.0239336581579 0.0464008325422 0.00394138741103 -0.458290965281 -0.0238278259804 0.0117978346299 -0.000141805356063 -0.216430420576 0.0117486253993 0.000939175733769 -0.209757397082 -0.00606376026705 0.0169525923923
-0.485639989652 -0.0200080022867 0.0155269344917 0.00925183496054 0.016980091493 0.0165541659435 -0.00024811045795 -0.7463459108 -0.0342670980145 0.102051818618 0.114151182696 -0.01745432898 -0.00288740888328 -0.255986120157 -0.0157633200716 -0.0140194528763 0.04208920835 0.00102314779461 -0.222938543735 0.184828094638 -0.0528696706694 -0.00277532963905 -0.137158827961 -0.034839124681 0.00152195793651 -0.0795700558503 0.0112528975304 -0.00090770555088
-0.590148808885 0.0258800317835 -0.0969249607783 0.0113107600455 -0.0097462331303 -0.0301640695446 -0.00352717241277 -0.63376742321 0.0710622665114 0.117836615604 0.0198411032037 -0.0154128213197 0.00213221095155 -0.211503116092 0.00320912296272 -0.0128626541767 0.085468053441 0.0112998292749 -0.285910303245 0.177452767685 -0.0486375849347 0.00133840579024 -0.168523051994 -0.0409074638502 0.00392793612973 -0.145603343401 0.00162322342908 -0.00689027693466
-0.649872145176 0.0248258330628 0.0451898038327 -0.0252457781805 -0.0586410599463 0.0267776182596 0.00499437102162 -0.665469648672 0.0394135509653 0.0824330155922 0.0653324786668 0.0123799769532 -0.000445686414033 0.0029507836972 0.0421915806939 -0.05148840172 0.0961936815019 0.00497229919572 -0.250047858992 0.113876460475 -0.0313135902593 -0.00456691443432 -0.0814242958515 -0.0444879164281 0.00560673459337 0.12359212923 0.0209495493005 0.00198143504531
-0.539901012619 0.0148065277117 -0.00114972397152 -0.0600296142295 0.00338646904839 -0.00510528369694 3.33905410314e-05 -0.592305890421 -0.0359075688571 0.0650231492933 0.0890160151083 0.0136564584768 0.00366773986074 -0.269249505653 0.0134562398999 0.0198200979428 0.00784336631998 0.00198635641225 -0.444678457479 0.0879742505355 0.00664515499998 -0.00302540452581 -0.247602333402 0.0069239757001 0.00570573713315 -0.00653271327167 0.00832910668958 0.00346122521977