-0.0389623795342 -0.105199193181 -0.270662649713 -0.000467509686278 -0.000231690300116 0.106022353424 0.00283657732737 -0.312901175668 -0.824697644412 -0.00144689556749 -0.000714364346534 0.0675291624508 0.0237494053164 -0.343766438409 0.00352845318174 0.0017354872344 0.0276317002367 -0.0153453068844 -8.59606357344e-06 3.55859354062e-06 4.53052367289e-05 -3.64650186713e-05 -2.08317153517e-06 1.95649952372e-05 -1.52330473008e-05 -0.00772950094529 -0.0223038047973 -0.000730955151707
-0.47055358825 -0.0197462668249 -0.05693218441 -5.61502967664e-05 -2.73683603862e-05 -0.000148781485356 0.00739057767345 -0.578288414538 -0.221722807217 -0.000232626327013 -0.00011440269561 0.132040757409 0.000883751302949 -0.525472561622 0.00059907959158 0.000295358572659 -0.135862278391 0.0064560781261 -4.41815602423e-06 5.0166380378e-07 -0.00018620796689 1.03483812134e-05 -1.03387925768e-06 -9.00176008536e-05 7.23866661804e-06 -0.281355230998 0.000301340480276 0.0098174951402
-0.647716758215 0.0005683393618 0.00435537737126 8.10335646796e-06 -1.89898142599e-06 0.0265396094297 0.0010368396402 -0.677223262411 -0.153672047025 -0.000197913502481 -9.99731102895e-05 -0.00345366315746 0.0107025388503 -0.226377038018 0.00146440502891 0.000724340160788 -0.093388082444 0.00769214651694 -4.73453170092e-06 1.38201280067e-06 -0.000177980732335 1.3947814976e-05 -1.12011642779e-06 -9.00513703836e-05 7.67311963434e-06 0.192421733954 -0.00959993279482 0.0147396854032
-0.620730729023 -0.0397103413349 -0.105493578601 -0.000141213108515 -6.8689963434e-05 -0.0398600520193 -0.0101902698503 -0.669386659899 -0.183609918259 -0.000249593197448 -0.000121003879228 -0.0894711704784 0.0178426296664 -0.289650481427 0.00127576653137 0.000622036311128 0.145562966536 -0.0180771120706 -4.53681645304e-06 1.17646637726e-06 0.000271651014219 -3.68423622824e-05 -1.1338564941e-06 0.000133425937299 -1.71445825074e-05 -0.0584544124376 -0.0216767532093 -0.0296406496234
-0.659198325633 0.000667403671316 0.00278794986036 9.82636960821e-06 4.25053910792e-06 0.0267468347712 -0.00727228982745 -0.654742282176 -0.0284140690778 -4.03233996832e-05 -1.99969862653e-05 -0.00674666151234 0.00266065152163 -0.266971306432 0.00146025887606 0.000717132824248 0.219299018273 -0.0132196564842 -4.86711796452e-06 1.35980434116e-06 0.000383926631326 -2.5826335938e-05 -1.22550436962e-06 0.000187684182438 -1.27752846085e-05 -0.12481494016 -0.00315848433331 -0.00125831703598
-0.274319836317 -0.00199397339536 0.0387168962662 2.67148264304e-06 6.71676460328e-07 -0.00184196884857 -0.000484610839256 -0.270638281469 0.0312915712009 2.33422852331e-06 6.50734900259e-07 0.000661528647814 0.0006344096376 -0.755258753222 1.02470457446e-06 2.79471168468e-07 -0.00606585753262 -0.000165140179645 -1.56393556625e-06 7.90651588055e-09 -5.08231012851e-07 -4.13517911821e-07 -3.65267503337e-07 -1.33221397478e-07 -8.40277143405e-07 -0.527717743177 -0.00156901416504 0.0087097241574
-0.271676259217 -0.00101641160596 0.0251395869051 4.47204023606e-06 2.85875133545e-06 -0.00600050029667 0.000329972740425 -0.268809777645 0.0227084777 3.55207322133e-06 2.48745283438e-06 -0.00324826636806 0.00334641652356 -0.756978073974 1.5564549135e-06 1.04939651551e-06 -0.00695344066737 0.000791356923267 -1.55585917727e-06 1.12022405298e-08 -9.32531789435e-08 1.09082933998e-06 -3.61851903864e-07 3.68635179866e-07 2.11164704604e-06 -0.528815735063 -0.0025223406605 0.00308498658251
-0.743235763791 -0.0187914936787 -0.100222405133 -9.59324433498e-05 -4.81790937737e-05 0.0588903914309 -0.00450512428606 -0.627417268478 -0.0157210874919 -1.52000271918e-05 -7.01658529511e-06 0.0112923345452 0.00784895173162 -0.0961649226327 0.000738311007745 0.000366449783836 -0.0589937233919 -0.00228955177403 -2.23225577073e-06 7.14075927784e-07 -0.000127249222627 -4.33812671307e-06 -5.1237305124e-07 -6.2964826942e-05 -1.2939719027e-06 0.163405196769 -0.00841078742817 0.0109528656492
-0.739832173571 0.0205620714482 0.10427062586 0.000103342849561 5.17234517092e-05 -0.0475494880947 0.00917438390491 -0.640818813682 -0.0195581314264 -1.44102206868e-05 -6.4748363022e-06 0.0130568882803 -0.00455816185556 -0.0854666545687 0.000775238362046 0.000383324768366 -0.0453127512995 0.00935731313197 -2.22488733629e-06 7.46723828167e-07 -9.60425994278e-05 1.96747299004e-05 -5.2429488662e-07 -4.92458980353e-05 9.92820765543e-06 0.133003519163 -0.0017270254027 0.0254262026252
-0.650381993858 -0.0314436833636 -0.0588012755426 -4.93803430193e-05 -2.32631254344e-05 -0.00664789402658 -0.00337986833562 -0.717695501741 -0.108873615368 -9.32988040453e-05 -4.60121879213e-05 0.0500795428691 -0.0100123709375 -0.185745718215 0.000603434827703 0.000297458429945 -0.066942133083 0.015371838579 -2.58062474161e-06 5.42933109823e-07 -0.000121520548019 2.96862627303e-05 -6.03545944461e-07 -5.75731656009e-05 1.62788613039e-05 0.0608782656416 0.000275370062529 0.00520616527504
-0.578656124218 -0.010455387414 -0.0089163909337 -4.17585860601e-06 -1.50050592771e-06 0.0151677898246 -0.000531612464086 -0.682004742176 -0.150227079736 -0.000103992291293 -4.95789943765e-05 0.0512111731795 -0.00861134740316 -0.312981065649 0.000381722978332 0.000187140389888 -0.0724094302825 0.00403191116936 -2.71502634338e-06 3.10258466709e-07 -8.63167966669e-05 7.58871000565e-06 -6.50527110132e-07 -4.16492506651e-05 5.81587076304e-06 -0.266524878186 0.0013838115826 -0.00940141476452
-0.676796860232 -0.0208470465273 -0.0600106553259 -5.65225657603e-05 -2.75622797373e-05 0.0441067836578 -0.00569311456828 -0.70123228947 -0.106679420725 -9.70010251188e-05 -4.87959371002e-05 -0.0341134612788 -0.000535742816595 -0.177300694147 0.000639693834523 0.000315320580828 -0.00271500562404 0.0057546446997 -2.56293517572e-06 5.78197840735e-07 -2.40951791578e-06 1.11351554808e-05 -6.20732988861e-07 -1.55771274668e-06 5.26369026783e-06 -0.00672541072992 -0.00549752242034 -0.0104437690925
-0.689190062411 0.0170504512259 0.0835153122491 7.10483076612e-05 3.38481618795e-05 -0.0135124646411 0.00390187350159 -0.675095783554 -0.0607058314916 -5.29463868761e-05 -2.26974751931e-05 -0.0373939967426 0.00838634039023 -0.234070582863 0.00057022755771 0.000277805043099 -0.0257204373855 0.0100554651561 -2.79741332811e-06 4.91730683775e-07 -4.48874530312e-05 1.69998117659e-05 -6.77141938374e-07 -2.21386619286e-05 9.36544835371e-06 0.0325913376835 -0.00557722459131 -0.000397667079358
-0.702955300535 0.00794286212818 -0.0776074677224 -6.99796443354e-05 -3.53037620344e-05 -0.0404294489778 -0.00171243300691 -0.662643205953 -0.00300690267579 -3.55266390632e-06 -3.24354659241e-06 0.0277216210574 -0.000556469748466 -0.233515176161 0.000567625491726 0.000276578102805 0.00938143948008 -0.00110781867318 -2.8571469392e-06 4.78904912396e-07 1.98241282334e-05 -1.92152447676e-06 -6.96307928859e-07 9.39342291107e-06 -2.82937796689e-07 0.0590320112087 -0.00155524874219 -0.0122608366267
-0.673430948485 0.0168882043805 -0.0673112395152 -5.62802750561e-05 -2.76936415547e-05 0.0257062016142 -0.00698289796961 -0.668002040463 0.0673072532231 6.18377626395e-05 3.10474227785e-05 0.0143183594857 -0.00576369698561 -0.239124125419 0.000561599416662 0.000275707903373 0.0763030426654 -0.0141693270946 -2.78944157947e-06 4.84517379179e-07 0.000110007437186 -2.57148303208e-05 -6.89017111447e-07 5.55638877938e-05 -1.3104279037e-05 -0.161879915707 -0.0123801406894 -0.0201961100874
-0.694247663474 -0.016548805561 -0.0632929254397 -6.34007996383e-05 -3.12810701027e-05 -0.0270558852956 -0.00434828007803 -0.677241001191 -0.0614974415519 -5.69931784904e-05 -2.7537082558e-05 0.0215482756961 -0.00715309352742 -0.167086018464 0.000690206974738 0.000338405563751 0.114037582237 -0.0166360278226 -2.56439192798e-06 6.30304159046e-07 0.000191775176442 -2.9790326987e-05 -6.47474511392e-07 9.42956966248e-05 -1.43349059422e-05 -0.0930751598454 -0.00481639484078 -0.0122758748732
-0.622816022332 0.0535985395329 0.0609995471499 5.4177048193e-05 2.71250200838e-05 0.0113706216556 0.0023124837369 -0.725098883299 -0.155006635949 -0.000132696544531 -6.4986096506e-05 0.0236975621259 0.00491695236795 -0.138691165119 0.000665193195852 0.000327712267795 0.10142153121 -0.00635752015786 -2.18732920964e-06 6.28405483762e-07 0.000156030928912 -1.15765911855e-05 -5.51028034024e-07 7.64180419308e-05 -6.14844891696e-06 -0.159229219662 0.00693663224949 0.00509564068458
-0.597097159844 -0.0322570673502 -0.0506965261107 -4.20326641878e-05 -2.02071946089e-05 0.0126480314023 -0.00392441927575 -0.734479090451 -0.147030767015 -0.000121202770392 -5.77257483574e-05 -0.080936291261 0.00484179932701 -0.209598838371 0.000532360692241 0.000256605975262 0.0531585220088 0.0041257548769 -2.41502825137e-06 4.63886301278e-07 9.10932859125e-05 6.01330035962e-06 -6.12003901047e-07 4.51776903122e-05 3.64176689469e-06 -0.157142315874 -0.00865718735163 -0.0222190734615
-0.674855519973 0.00233185590024 -0.000397575066511 1.25907736539e-06 -6.22632915242e-07 0.0070092558245 0.00850940669191 -0.716181539033 -0.0741960422913 -7.91272002701e-05 -3.67749626248e-05 -0.0441094130112 -0.00157121232428 -0.123309468285 0.000774085053224 0.000378288391134 0.0895151947485 -0.0109540427773 -2.40777757144e-06 7.27613976686e-07 0.000168447217835 -2.26972519882e-05 -6.09802589279e-07 8.21047172415e-05 -1.0003429926e-05 -0.0178626645286 -0.0160988877275 -0.0125104980123
-0.667519258343 -0.0109016018219 -0.0154881669885 -1.57416344511e-05 -8.86559239685e-06 -0.01030602955 -0.00154237196531 -0.707908773789 -0.0586795250671 -6.30225599169e-05 -3.31164010183e-05 -0.0548237578294 0.00905433553283 -0.169457298911 0.000691330830439 0.000338941160695 0.131510044958 -0.00227630098803 -2.54460438906e-06 6.37928810622e-07 0.00024068775595 -7.97120328733e-06 -6.4013048004e-07 0.000116891056618 -3.83222899546e-06 0.000831498960443 -0.0143074815991 -0.00794099006954
-0.70004106822 0.00652122056547 -0.0161070736092 -1.36556540372e-05 -6.9304009259e-06 0.0287561067552 0.00155098862677 -0.695959846678 0.00754278282275 2.58852635953e-06 6.68539107347e-07 -0.0377622500551 0.00543166054769 -0.116757879004 0.000805431633051 0.000395231660374 0.091695628896 -0.000676193076161 -2.46886709296e-06 7.58794980279e-07 0.000165630529358 -9.13408020018e-07 -6.1998341024e-07 8.17243720712e-05 -6.96609649696e-07 -0.0274691853564 0.00686510895713 0.00975982271303