-0.000382168568734 -0.00926366995934 0.0225184308007 2.31733437103e-05 1.80017469912e-05 -0.0212441322678 -0.00717121157008 -0.302054911006 0.87479072334 0.00123936788677 0.000613832425737 -0.240673258582 -0.0117847494836 -0.280669669609 0.00370419434396 0.00183269531718 -0.0596810619221 0.0234372359497 -6.50075752905e-06 2.89698836055e-06 -0.000101373484801 3.33343465556e-05 -1.59309710427e-06 -6.06395223224e-05 1.76931136923e-05 -0.0257930788279 -0.027831167351 -0.000529371002607
-0.69841061659 -0.0525874497799 0.211936503272 0.00023687171943 0.00011808825728 0.0831597505866 -0.00416940903172 -0.643152245561 0.148954606698 0.000161253803151 7.84797302927e-05 -0.0164001272394 0.000751192849814 -0.127390532181 0.00121781588457 0.000601826158432 0.0566727139512 0.00724827451799 -2.29811276653e-06 9.31400197236e-07 9.29343484746e-05 9.94504148603e-06 -5.84295483114e-07 4.17967594962e-05 4.47303504749e-06 -0.0442008946707 -0.0069482854205 0.00295119069658
-0.691811947384 0.0635305663357 -0.20097821572 -0.000231088437084 -0.000112752692311 -0.0790535832813 0.00094740228039 -0.655692826012 0.172322809112 0.000196866126298 9.52462481604e-05 -0.0160914545067 0.0146417078169 -0.0458675630313 0.0013170908062 0.000648924499728 0.057943660332 0.0240206675047 -2.05933881729e-06 1.02866137942e-06 0.000103123253879 3.82633589393e-05 -5.29876698272e-07 4.87302525128e-05 2.00157701475e-05 0.0670701261111 -0.00795209127131 -0.00370457282853
-0.632427291321 0.0181133683741 -0.0414327802418 -3.92982164811e-05 -1.71979772247e-05 0.073080434203 -0.00101015448372 -0.68422278994 0.204986061521 0.000208812846784 0.000104315362793 -0.0259184730636 0.0150069605065 -0.274383764036 0.00101361982198 0.000501619384533 -0.0773853352316 0.00203992227585 -2.83096367575e-06 7.29506270421e-07 -0.000101688594133 5.11013213143e-06 -6.77872416007e-07 -5.20761002557e-05 3.18699673144e-06 0.00743512785 -0.0100180285559 0.0116619841604
-0.556770111452 0.00775928264774 -0.0194468651084 -2.0028953776e-05 -8.7351643599e-06 -0.00632937298992 -0.00973734324878 -0.70117012061 0.266116006805 0.000256707614789 0.00012802868433 -0.0999344476219 0.0117236260911 -0.259516706338 0.00092138940756 0.000458704742583 -0.123780423086 0.00698618143261 -2.50363010239e-06 6.84858788643e-07 -0.000161399338704 1.22392867769e-05 -5.8560177106e-07 -8.46034427488e-05 6.46371252085e-06 -0.182907171948 -0.0224101984576 -0.0132071184392
-0.688767033853 -0.030014973783 0.0751277632038 5.89069109826e-05 2.92519937184e-05 0.0239353268031 0.00263607881672 -0.702234796601 0.0888097415797 6.5778307903e-05 3.39821651173e-05 -0.0422519589935 0.000754249855254 -0.106118929264 0.000597342940042 0.000297051689964 0.0488305062399 0.00908449972873 -1.36504560433e-06 4.43064854608e-07 6.73442260666e-05 1.26535020704e-05 -3.53922198533e-07 3.17497504028e-05 4.9127696699e-06 -0.038588952117 -0.0198230731171 -0.00759423999353
-0.646931121594 -0.0319514048434 0.0352440404574 2.92729798693e-05 1.55283199965e-05 0.0221755961318 -0.00412053922285 -0.748479918289 0.130088084756 0.000105831911804 5.17140004406e-05 0.00731686241359 0.00177241145671 -0.030483148665 0.000689035028059 0.000340153448823 0.00330604556804 0.00591687517957 -1.11024498289e-06 5.34191545573e-07 8.00915336373e-06 9.62298767474e-06 -2.82701867935e-07 1.67590700814e-07 6.27349879747e-06 0.0197768449375 -0.0111808391597 0.00383085436512
-0.671268207698 0.0451572068317 -0.0577382825256 -5.07046089924e-05 -2.56815284421e-05 0.015393875769 0.000693904917472 -0.723693128427 0.0993710235361 8.31858017091e-05 4.0991685807e-05 -0.0284773021001 0.00365368144538 0.00319612730871 0.000741937911629 0.000367159412823 -0.0129149978225 0.00963660610152 -1.05068276446e-06 5.84406667081e-07 -2.17369084855e-05 1.52054240928e-05 -2.69195984156e-07 -1.03978234752e-05 6.90641836807e-06 0.0934231593857 -0.0167922890481 -0.00880710054408
-0.660858085154 -0.0114846157318 -0.0216198972144 -1.76331797738e-05 -8.1730626071e-06 -0.0592826095141 -0.0036545395814 -0.644351445935 -0.00877404103701 -8.44847076605e-06 -4.6285311204e-06 -0.0313729345837 0.00352875826758 -0.341306624618 0.000321862174658 0.000157159822026 0.0933278416211 -0.000184571873608 -1.80777721522e-06 1.95874664705e-07 9.79846825509e-05 -9.9372525825e-07 -4.73237174632e-07 4.79429410745e-05 6.54598141398e-07 -0.132870132403 -0.00399130986558 -0.00247653846599
-0.739861694009 -0.0057709257626 0.1556263222 0.000106055413165 5.39313078058e-05 0.00194588998535 0.000550562518187 -0.614183956334 0.00279504842981 4.09488233652e-06 7.83241202817e-07 0.0332324979909 0.00489016408806 -0.145251303959 0.000506988267159 0.000251692913229 0.0519531270291 -0.000700616542935 -1.36670648677e-06 3.67627738429e-07 6.46011251125e-05 -1.89197967599e-06 -3.46962542083e-07 3.1442210315e-05 -1.27078534822e-06 -0.161743729882 0.00453891154688 0.00318371916661
-0.671609593025 0.00991688512028 0.0236323967859 1.98024727057e-05 8.77235784033e-06 -0.00295949753139 -0.00470396688116 -0.707175372303 -0.0920966681569 -6.46883510312e-05 -3.10517203713e-05 0.00601770032634 0.00102986895519 -0.198235502079 0.000496418694215 0.000242939738298 -0.00730682791731 0.00368559865616 -1.6179565402e-06 3.37213650529e-07 -1.27453463684e-05 4.83570750186e-06 -3.97246444443e-07 -8.96166300619e-06 1.49440267772e-06 0.0103059998759 0.0118188122531 0.00512445706194
-0.627125429181 0.0129128886244 0.0182372962125 6.29482302434e-06 3.88856356218e-06 -0.0458849315944 0.00831087223474 -0.715213074675 -0.157709765143 -9.34306156221e-05 -4.6819715893e-05 0.00163380581017 -0.0019479151785 -0.259605168738 0.000377834032428 0.000186750163899 -0.00117542231956 0.00145127579876 -1.60792348747e-06 2.4834796847e-07 6.72492256646e-07 2.97923985404e-06 -3.88580169972e-07 -1.42511740217e-06 2.80284004154e-06 -0.0128972762054 0.00708941817305 0.00402011082917
-0.751830464526 0.0159206542968 -0.124119349443 -0.000105819629267 -5.09091202209e-05 -0.00253357698987 -4.0250546126e-05 -0.639558349537 0.0166452101481 1.70481549597e-05 8.8299406943e-06 0.00431494292455 0.00201173334436 0.0136054112558 0.000749861767923 0.000369738410652 0.0419103148411 0.0198408134883 -1.00139564349e-06 5.93708975784e-07 7.30789033707e-05 3.18362672433e-05 -2.57623910031e-07 3.3641267239e-05 1.63864397342e-05 0.0860374941786 -0.00148512527512 -0.00319750715444
-0.666684743743 0.020985739434 -0.00823491151733 -2.65271689693e-06 -1.89369111319e-06 0.0582488471058 0.00277502584499 -0.72690219573 0.110562449074 8.25757307677e-05 4.12786711418e-05 -0.0302143850969 0.00412732943712 -0.0781775158453 0.000614329498139 0.000305189663753 -0.0471570536202 -0.000653100366143 -1.30738724547e-06 4.61179906679e-07 -6.3147694692e-05 -8.18685372308e-07 -3.10716402206e-07 -3.24097992041e-05 -9.8511187846e-07 -0.0394229817805 -0.0119730146624 -0.00691811679231
-0.698932919053 -0.0363527453079 0.0993931593027 7.03222498149e-05 3.45500943843e-05 0.0273870530607 0.000137307079615 -0.671612612389 0.074614547318 4.7104770753e-05 2.44434815594e-05 0.00534416448117 0.000460005966251 -0.20020664117 0.000466955700416 0.00023088793457 0.0344318478376 -0.00162932981216 -1.58886429595e-06 3.20265799415e-07 5.10273136456e-05 -1.89673179133e-06 -3.93908916924e-07 2.64896021303e-05 -2.27061209214e-06 0.0368893804776 0.0053501300602 0.0148976338238
-0.703275092207 0.0629243019196 -0.113449955994 -8.32894951265e-05 -4.2038917399e-05 0.0119943509424 0.00420714227833 -0.680070171075 0.0910305378793 6.11934503704e-05 2.88855413667e-05 -0.0240663502455 0.00419989293784 -0.103831239975 0.00056606356203 0.000281227620563 -0.032654884653 -0.00704655804164 -1.33386389773e-06 4.19754092202e-07 -4.29777540534e-05 -9.22887838935e-06 -3.22273493206e-07 -2.29011831137e-05 -5.90140062708e-06 -0.0694643092436 -0.0113628252232 -0.013477905991
-0.631194976828 -0.0250930625983 0.0118559516275 5.96009131255e-06 3.92604788737e-06 -0.0374322889499 -0.00301471491991 -0.758020914112 0.133089633067 0.000100575362114 5.07400522089e-05 -0.0464181924227 -0.000845287893283 -0.0503873388328 0.000632631263334 0.000313907751703 -0.0336845593662 0.00578750039889 -1.17659674957e-06 4.84993266447e-07 -5.05869271063e-05 7.32684013911e-06 -2.83396103877e-07 -2.73365263933e-05 2.72916924747e-06 -0.0329408673553 -0.0124694418463 -0.000600098057345
-0.657070844638 -0.00448919371143 0.000713649812657 -3.22359663809e-06 -2.10062214785e-06 0.031676049024 -0.00405587182021 -0.666070745797 -0.0571297890017 -3.1669489402e-05 -1.58211552484e-05 0.0180289836821 0.00203736127359 -0.331797299393 0.000327207711121 0.000161842095885 -0.076678660753 0.000459394396443 -1.84749818628e-06 2.10991274078e-07 -8.23279584297e-05 1.40521010226e-06 -4.35444079633e-07 -4.2875659895e-05 1.63361187518e-06 -0.0628551691011 -0.00509440676475 -0.00529435017355
-0.661881823248 -0.0390442123684 0.0600767346864 3.82662337417e-05 1.87264328709e-05 -0.018997527234 -0.00307967707294 -0.710308089928 0.105188657093 7.08908820643e-05 3.81285049587e-05 -0.0383534038676 6.39557611055e-05 -0.186007979291 0.000473750351744 0.000234176973508 -0.0561669067011 -0.00258641519576 -1.55610983661e-06 3.31966834983e-07 -7.55527329855e-05 -2.47378646899e-06 -3.69164697258e-07 -3.96966987856e-05 1.0641883069e-06 0.0334163063181 -0.00973698091608 0.0190536256935
-0.663328009397 0.0256499596956 -0.100147235083 -5.7032581824e-05 -2.86522392879e-05 0.0237661563032 -0.0030421103313 -0.634881020007 0.0610164005775 3.38132203006e-05 1.5689369471e-05 -0.010451295058 -0.000179379757796 -0.34267729746 0.000302939254452 0.0001512346436 -0.0901497869141 0.00508758828538 -1.76432868676e-06 2.03001253581e-07 -8.96652654105e-05 7.396035176e-06 -4.08861124155e-07 -4.83138443256e-05 5.08225061583e-06 -0.125050247483 -0.0106678118219 -0.0222757884743
-0.548740711798 -0.0140235860094 0.0657001164471 2.74477106267e-05 1.62484806824e-05 -0.0580925044282 1.40788926864e-05 -0.524093463417 0.0354485353287 1.36277921107e-05 9.00290491239e-06 -0.0217215938651 -0.00420635919968 -0.549834795891 0.000105031527839 5.40948838884e-05 -0.119091208232 0.00069295992918 -1.67514376009e-06 7.0758925301e-08 -6.38285694329e-05 2.95819362307e-07 -3.87347515078e-07 -3.37229511199e-05 1.56245869532e-06 -0.313131583607 -0.00382325128597 0.00284996919168