-0.0385704281664 0.00437245386727 -0.034960272764 0.273922929975 0.094638442168 -0.040153353055 0.0179478129582 -0.165726617843 -0.6241465318 -0.0602342019764 -0.136574328151 0.0335307515334 0.0577368304847 -0.181209696513 -0.0414018554337 -0.0271456036182 0.248124905085 -0.00458369398125 -0.16101172737 0.539689198809 0.141821726428 -0.0113562743168 -0.136259656536 -0.0992823582758 -0.0457364260557 -0.0358812541159 -0.03826255766 -0.00317849106201
-0.46319896221 -0.0100727464361 -0.0445015839834 -0.0297755261302 -0.0387485561248 0.0148398015015 -0.00835588529183 -0.490603365321 -0.103883727543 0.042800343278 -0.00285034165718 0.0570319529578 -0.00062488472487 -0.0707921774022 -0.0192209001957 -0.0525289336083 0.00244691235133 0.0242933509184 -0.625134271835 0.334457289563 -0.00794509924892 -0.0136489881767 -0.0877453593301 -0.0460332354596 0.010941532659 -0.0407866568341 -0.00524342768564 -0.0289971544823
-0.623889046085 -0.034063632123 0.143501107331 0.0905104942475 0.0252465975196 0.0391575809215 -0.0087643708708 -0.666480194658 0.0621641395634 0.12289915522 -0.167762561978 0.0869002278805 0.0112129607783 -0.143226595896 -0.0550186105432 0.0436792247132 0.0346647434258 -0.00581564193383 0.102461787981 0.181781531754 0.0112637591517 0.00268019100271 -0.0647564037254 -0.0605962499291 -0.0140068734324 0.0321221315393 -0.00652225427333 0.00931090484715
-0.610800089668 0.0137216559929 -0.0177206115286 0.0252049368561 -0.0055650079161 -0.106843028092 0.00623846620351 -0.630248987562 -0.0690608456609 -0.0822204762931 -0.0841966795865 0.0708921833258 -0.00106808225634 -0.14818231981 -0.0308615232273 -0.0260859776997 0.110035660911 -0.00320817578411 -0.361841726824 0.130338826191 0.031972607368 0.0157847719338 -0.0802263872178 -0.0106575630998 -0.0335486535164 -0.0270627573157 -0.0111360286556 -0.00333844192813
-0.624164830729 4.90312457166e-06 -0.101048479164 0.0513350278156 0.0487084934174 0.128432844778 -0.0227182669502 -0.641856346652 -0.140191536976 -0.0898716694836 0.0685722304646 -0.0589815878558 -0.00957297720779 -0.146561375872 -0.0126463759022 -0.0250219062998 0.152153758836 -0.000497907685682 0.135982256031 0.147651122514 0.118406294803 -0.0228861242877 -0.126485649097 -0.0104023273031 -0.0201192911465 -0.114225663709 -0.0124238096268 0.0154654147437
-0.559112325111 -0.0545531583538 -0.0391857564651 -0.0347168001444 -0.0623260062478 0.00480476217271 -0.00377966924973 -0.614510020811 -0.0954479253692 0.000171884429738 -0.0306500040656 0.0414364387269 -0.00897713980123 -0.020542709568 -0.00205692636492 -0.0133732766076 -0.0312205633347 0.00662451306573 -0.477867025998 0.200798942061 -0.0177864806648 -0.0155623686491 -0.111691897318 -0.0260418390454 0.0205326688588 -0.0171764052581 0.00155420914136 -0.0596083232786
-0.635856761202 0.0312451737929 -0.0770611197238 0.00372797132425 0.0594504448358 -0.0114912386559 -0.0239597981168 -0.602045846969 -0.0147450137144 -0.0544620982991 -0.0513379204797 0.0017071109814 -0.00580532507037 -0.0265339589202 0.00251389478051 -0.0086427652822 0.0126558302289 0.0198428790722 -0.394118683302 0.231812934546 -0.0124263624308 -0.0197403587736 -0.0388677638018 -0.0529609058987 0.0099783606527 0.015408569948 0.00418191439973 -0.0241309951667
-0.600584844329 -0.00113102951298 0.0330247685463 0.0582665159489 0.0472624007006 0.00675301878529 -0.00259954107457 -0.55025381309 -0.0312548267754 0.00593707149213 0.0206233907005 0.00256338122729 0.00152769275333 -0.0508837736224 0.045639648962 0.0894309246233 0.0232230148874 -0.0137846037226 -0.476063724957 0.231362460134 0.0303662686856 -0.00550835334852 -0.139440175257 0.0432282923333 0.00309977169825 -0.111091897824 -0.00739885312552 -0.00801109112984
-0.532783223727 0.0124660683983 0.0333344964802 -0.0384836608336 -0.0052513378711 0.0113121175108 0.00134695228989 -0.590197858629 -0.0980790309807 -0.0195030021374 0.00360100440457 0.024000698524 0.000243073323164 -0.15446161774 0.0434149610359 0.0766427789048 -0.0164158637185 0.00756911696222 -0.502885194153 0.199363688637 -0.00913386438396 -0.0189552779969 -0.125038149524 -0.0168832315819 0.00185987905056 -0.115583736446 0.00234366624251 -0.000511150063386
-0.624179757827 0.00827749954471 0.00508441948249 -0.0530457054672 -0.0622952485085 -0.00105238920494 -0.00120505214077 -0.592386608293 -0.0370646337491 0.0198436845054 -0.00433748900658 0.0133283565599 0.00702854556335 -0.150312755917 -0.0414215370795 -0.0784014506541 0.0603356839584 0.00169126194724 -0.409761673328 0.143658552839 0.0101058302198 -0.000241035162865 -0.125169066759 0.00574222633626 0.00126643175854 -0.110509657366 -0.000791134845282 0.00369554345843
-0.619447435639 -0.0513666125468 0.0248041587934 0.046396839353 0.0505673824533 0.00795184257811 0.0118582658638 -0.639693506068 0.0319118187437 0.0747742866401 0.0470376983011 0.00519263037354 -0.00323441143452 -0.102983370567 -0.0312572218133 -0.0602415700648 0.0272579188105 0.0201613021758 -0.357022797637 0.209059925263 0.0114463777999 -0.00730443803216 -0.0231364070098 -0.0102113632177 -0.00173067895864 -0.0382067190631 -0.0151140994934 0.00162795804939
-0.713138062463 -0.0162916503191 0.0418620682198 0.0563646091531 0.0614079210639 0.0127905694911 -0.0123124118387 -0.661890674383 0.0213722935663 0.0379411809054 -0.00818243542551 0.00588139240036 0.00678917617787 -0.0886006775796 -0.0258541638952 -0.0385736274986 0.00589498828534 0.000653496326536 -0.0956762491655 0.127976785244 0.0171626188682 -0.00893281934265 -0.0418778975176 -0.0105001841568 -0.0168483592841 0.0583061692847 -0.0102342892291 0.0202421664266
-0.593771463179 -0.0310930570081 0.0284037721142 0.0204455230227 -0.0706680632406 0.0134140887088 0.00242241554605 -0.68887122869 0.0953725832817 0.0856947766424 -0.00745677489347 0.0265722961597 0.0078450180936 -0.213873009854 -0.107840566874 -0.0320368379459 -0.0097016971539 -0.00411299279634 0.234497525957 0.0793287773469 -0.0126057355525 0.0120755838298 -0.122571580676 -0.057767327784 -0.00691019009087 0.098561301572 -0.000291273060379 0.00626304832181
-0.675193536971 -0.00318025578057 0.0247129295229 0.00425758618634 -0.00304827706696 -0.014222098445 0.00409045864675 -0.685589721638 0.00996460536011 -0.0290404057473 0.00525849638672 -0.0352303747811 -0.00257158797987 -0.149970628712 -0.0158735400557 -0.0397254710263 0.0316032060738 0.0104469758808 -0.166897499537 0.089893999994 0.0263892547084 0.00384228478977 0.0230986846436 0.00235315813031 0.00594727685086 -0.0906842261966 -0.010975496294 0.000702370899637
-0.60893465199 -0.00499263727435 0.00968126507559 -0.0174361762432 -0.0142777805983 -0.0834604990748 0.00777505142288 -0.605612092029 -0.0751682331511 -0.0406373991009 0.0180696287235 -0.000628268678958 0.00834880916472 -0.209400828045 0.0366061508325 0.00768824376622 0.0759381377714 -0.0082563256373 -0.388381853514 0.0692325350243 0.0431562458029 -0.00246081325339 -0.0762906420273 0.0491949941709 -0.00777894176153 -0.173718018675 0.0037541268363 0.0019986042778
-0.537447607183 0.0144616870516 -0.00190956791169 0.0217318151067 -0.00452232759604 0.0427740269618 0.0184517694226 -0.608962474614 -0.112750553514 -0.0202016351839 -0.00159181348086 -0.04324748529 0.011096065536 -0.234909515299 0.00847741884549 -0.0652334084962 0.0653578454061 0.0055148182656 -0.233263091078 0.106505160849 0.0399838525715 -0.00717667280058 -0.381613545933 0.0848825749175 -0.00638130196593 -0.195365372716 -0.00488103654488 0.00626272437743
-0.623369770816 0.004989539105 0.00217804613423 0.0037320695029 -0.00274758043737 0.00762965080164 0.00138528374445 -0.672845637577 0.0302861452944 -0.03268650038 0.0415023211448 -0.0343458592089 0.00401787587529 -0.0685729053034 -0.0344885751497 -0.00826947213973 0.0728117812005 -0.0112440487886 0.339598876426 0.0772150939688 0.0413289604681 -0.0111145054018 0.113448663027 -0.0319562126905 0.00714890808228 0.0698394552693 0.0184417245902 0.00198465436051
-0.675100532346 0.00622366538028 0.00881126890354 0.0141054995388 0.00299019309871 0.00152417786141 0.00516924668571 -0.716302358389 -0.0641804739608 -0.0442641338856 0.0253203951666 0.0120315495678 -0.00258455545109 0.0114618009493 -0.0495525245549 -0.0143881630098 0.057307803279 -0.00515199266893 -0.0880922784005 0.0119506011776 0.00826761348971 0.014671309262 -0.059289212515 -0.0184568694465 -0.0494025245814 0.057257546216 -0.00643794544548 -0.00427586288784
-0.63015527781 0.0152067515623 -0.00545257721782 -0.0132079712013 -0.00490979805161 -0.0451107456771 -0.000936060740472 -0.662283175447 0.0392473314204 -0.00839530179801 -0.0583986172314 0.0384881222211 -0.00503917427598 -0.0760674693625 -0.00127752160219 -0.0347208190163 0.0718445392502 -0.00526474973112 -0.320276262786 0.107975650975 0.0289125840332 0.0144146118761 -0.161722986846 -0.0130936639479 -0.03074677891 0.0188519883603 -0.00878523367117 -0.00980480563686
-0.453080015318 0.00212143983678 0.0199565149105 0.0262467268081 -0.00534008695041 -0.0281077072152 -0.00532546146867 -0.483737771727 0.0497786383687 0.0191514731386 -0.0143222129962 0.0528579249808 0.000722688625384 -0.189141502852 0.00248718618634 -0.0525161728142 0.0280041182005 0.000109960825534 -0.622192422799 0.0880777025276 -0.0131208699875 0.000600672696796 -0.296480228541 -0.0291471181582 -0.0133679461112 -0.17063194949 -0.0123421584739 0.0189874809569
-0.642404885195 -0.041954133291 -0.0503345939589 -0.0400466863589 -0.0103945429468 0.00202927882511 -0.00342206254176 -0.680491119262 -0.07272606551 -0.0302610909359 -0.00586720067576 -0.0382977227229 -0.00834423642225 -0.0225357559287 0.0259394095474 0.0449793675549 0.136710127501 -0.00599352551414 -0.165459939226 0.102125122531 0.0170024323417 -0.000130298564469 -0.0798864314917 0.0054735317759 -0.0251496560324 -0.207476861015 0.00569794810647 -0.0173895417175