-0.0306313064685 0.014939546888 0.167145150406 -0.0848342680773 -0.301484680512 0.0059990789848 0.0154445181148 -0.0837071333174 -0.325765353479 0.458696525782 -0.0652209916454 -0.0771551232493 0.0427111757067 -0.122189388456 0.323945919961 0.472759297264 0.133069196435 -0.0447854591538 -0.114138286987 -0.174754225006 0.32111382623 0.0230704577846 -0.0938381724334 0.122085751161 0.0315530866152 -0.0385695697083 0.0218714840319 -0.00158801108873
-0.529703725903 -0.0384954670263 0.0387536126212 -0.00173367590799 -0.123611609087 -0.0220286364331 -0.00631926602933 -0.537606229991 0.0379879998027 -0.0430032355634 -0.129648713051 -0.010093389882 0.00142215063941 -0.136026728583 0.234526353953 0.131771189274 0.072685260144 -0.00441640789304 -0.530618847848 0.0534188094459 0.083854031175 -0.00893786825986 -0.0318832775031 0.0476579383685 1.41473952349e-05 0.00676934389095 0.00239484639033 -0.019073556126
-0.438609761799 0.0356837147411 -0.0598277743356 -0.0376828064801 0.107743069156 0.00442317393518 0.00617539592238 -0.533952772116 -0.0219881722378 -0.178037158016 -0.167745195833 -0.0353180018485 -0.00492634633308 -0.0339709037907 0.251555047275 -0.0756506011692 -0.0111799004929 -0.00955782931608 -0.602430259833 0.0397031866484 0.0333219269153 0.00933840915518 -0.0418273921978 0.0622128222746 0.0130416755039 -0.0160089802951 0.017140041984 -0.0240127787839
-0.521192066851 -0.00353453621099 0.027215154941 -0.0475248815008 -0.0182742321177 -0.0256954301183 -0.000126972886301 -0.541237899084 0.0215281389252 -0.0138163122173 0.0943516994415 -0.0283385516652 0.010069539209 -0.454904668293 -0.0196929115066 0.327687342523 0.11075353269 0.00845877461171 0.166817488409 -0.119321040248 0.0630910701457 0.00954605537505 -0.124337957698 -0.0546342448027 -0.00273310423927 -0.170216218482 0.0110365176052 0.0150164559662
-0.670781460155 -0.0234069722776 0.0642807145622 0.0581487234386 -0.217100329885 0.0448096443924 -0.0014388710833 -0.600778670207 0.0517261004943 0.0772005840101 -0.0131635491246 0.0169546542759 0.00798949000645 0.0251124543577 0.084337650776 0.17447023531 0.0295920697783 -0.00968071539907 0.104020512552 -0.0330719778644 0.0554263606455 -0.00358604174646 -0.241874889796 -0.0419229176753 0.000617070476118 0.0832289005388 -0.0186651392917 0.032633002636
-0.544275777849 0.0025422729152 0.0135107897668 -0.034608269541 0.0268538333902 0.00650357178165 0.00239093153917 -0.552978098446 -0.00262868193419 0.047106790308 0.0163225141904 -0.0331325676574 -0.00284936447273 -0.282054136365 0.134554779796 0.224936554084 0.0343597304907 0.000441823210011 -0.396338509068 0.149557512322 0.04176500221 -0.00445316294509 -0.223840674123 0.0493462978806 -0.00491343717919 -0.0943769894585 6.09723368336e-05 -0.0100753232969
-0.548300619193 -0.0235940971428 0.0580874604246 -0.0267281307479 -0.031257458318 -0.0126033780597 0.00116666987348 -0.64501677929 0.0246348568966 -0.0324555847755 -0.0943537933087 -0.0563229378394 -0.0141424881158 -0.143341577607 0.188502315876 0.164033358863 0.0464366582354 0.00409212123649 -0.41325742351 0.0294135241516 0.0249906250154 -0.000619293503393 -0.0309502353866 0.0492439455777 -0.000431759331316 -0.0480610057854 0.00888868921391 -0.0199617308182
-0.459637744852 0.0127249779462 0.0180418575192 -0.0232475953933 0.0111304895724 0.00161508630973 0.00134446064931 -0.746568459325 0.0375088294065 -0.0144564649313 -0.144896766316 -0.0201201048502 -0.00722812263548 -0.0572916262429 0.132970692924 -0.0111574481841 -0.0234262447209 -0.018918984181 -0.423915519055 0.0405640537813 -0.00349391580709 -0.00720411025343 0.0380026114441 0.0423531547757 0.0182755116712 -0.00494387645152 -0.00530451300526 -0.0105466580629
-0.545088573486 0.0517323972971 -0.0321511195615 0.0524559600896 0.0628496697749 0.00572558420531 0.00324550988082 -0.584763347714 -0.0142496327803 -0.0190552531358 -0.0994542321782 -0.0191416384568 -0.00734356716961 -0.230179920242 0.130608193023 0.0760532761954 0.0381358711523 0.00217201897001 -0.448606987298 0.153955303347 0.00440156330711 0.00569101485952 -0.170012162274 0.0172368945406 0.00298210467857 -0.0884611484266 -0.00264468001413 -0.0163857371702
-0.591440889565 -0.0211296947761 0.0337055279556 0.0059405217934 -0.0359953921684 0.0133679644314 -0.00140540308864 -0.723175939668 -0.0138623484906 -0.0549448265903 -0.146194615122 0.00691470332459 0.000307338996083 -0.0199410650776 0.0716924761784 0.0328474381194 0.0460266403591 -0.00522010143937 -0.237436485941 0.0454095084749 0.0753593127456 0.00537357194552 -0.146767246466 -0.0165754332854 -0.00530410880415 0.06843563969 -0.00212659717342 -0.00697251033839
-0.580979717293 0.00705329653427 0.00704475031398 0.00848047313311 -0.0756048730822 -0.015445439816 -0.00887709289574 -0.696733479935 -0.0209604118703 -0.191365562158 -0.0196215682138 0.00486585071034 0.00119170382714 -0.0532634918697 0.126553724851 0.00458841867568 0.0254733629907 -0.00658163316873 -0.329213271909 -0.0482214633317 0.0360967048747 -0.017998669006 -0.00105766809688 0.0179099050586 -0.00175845757986 0.0324658253396 -0.0040228398212 -0.00742561726546
-0.442075289688 -0.00676904566458 0.0206900087072 -0.0290753693195 0.0191125010254 0.00416551737342 -0.000440003824243 -0.624680253869 -0.0578443580919 -0.0813841936061 0.0902666951079 0.00678441237926 0.0105079880799 0.016933751702 0.168345121896 -0.0624253408106 -0.0263402702314 -0.00820496265857 -0.477290963408 -0.138150511561 0.0325713858424 0.000186398644515 -0.334289262122 -0.00676843279124 -0.00573337260294 0.0107539244618 0.0303424911939 -0.0162997431984
-0.582733066006 -0.0550082605263 -0.0493355798846 -0.0338015434838 0.0651067755134 -0.00755833470926 0.00450646063943 -0.614225000892 -0.0281706271745 -0.137315664588 -0.00726941122916 -0.0225269521123 -0.00381579515026 0.00266966436914 0.144409606839 -0.047082388373 0.0182569027207 0.0119034931587 -0.430268912735 -0.0635739367282 0.0488618518799 0.0222451491149 -0.178732804982 0.0623803867099 0.00219684888191 -0.00131141798289 0.00790558578854 -0.0222012060364
-0.674765035786 -0.0108835575051 0.0175663734066 0.0499575504048 -0.0777897894695 0.0352196393294 0.000762574458694 -0.621426897534 -0.0280854698037 -0.0434136588297 -0.0874753615426 -0.0220075552731 0.00368915179232 -0.161817979917 -0.041628467431 0.136252998904 0.0563252493322 0.00483875367601 0.263190761336 -0.107607341309 0.0202702952766 0.00348579359062 -0.0752936242711 -0.00913271165486 -0.00389607675676 -0.0223217837031 0.00257701544841 0.016096860235
-0.539988877616 -0.00370852765319 -0.00345976999112 -0.0344800798309 0.0046444583694 -0.0158351039765 -0.00136289479688 -0.617874767719 -0.0789494100181 -0.00679760112652 -0.105426301605 -0.00948543956736 -0.000397455564185 -0.343101928809 0.0196978519337 0.119572277176 0.0708501601217 0.00631724333528 -0.209068314665 -0.0158164078588 0.0766799581737 -0.00224744929284 -0.338605767632 -0.00255663251972 0.00748022663941 -0.0720787368675 0.0197568197484 -0.00769497713089
-0.568057221698 -0.0698572734974 -0.00873656505753 0.0524356821326 -0.0417022566645 -0.0229876841786 -0.00352866118687 -0.651239921901 -0.0409959841796 0.084908551732 -0.0729910398568 -0.0181246901307 -0.00393565001507 -0.242689586312 0.0162262872944 0.174867233272 0.0142398980689 0.00494455929681 -0.0186313527584 -0.0988516104168 0.0566917132315 -0.00946504842736 -0.325084613296 -0.00566621407427 6.69225139063e-05 -0.138904882498 0.00806700959406 0.0137310928325
-0.536699419875 0.0493185505508 0.00234957891212 -0.0334374519782 0.0380006858805 0.0345500762045 0.00804619513601 -0.722831138635 0.0364359252825 0.0971081427138 -0.0798537338477 0.041172404796 0.007111654288 -0.114700783155 0.0572491874552 0.0760835501802 0.0227666439547 0.00128950492535 0.127550457061 -0.0486734581633 0.0230772846747 -0.0194418625327 -0.344256977198 -0.0444377862673 0.00532216138517 -0.0357633885615 0.00181976206521 0.0155275113817
-0.662716485478 0.0172136699184 0.0127644832219 0.0629343630659 -0.0743346228886 0.0352137482799 -7.88787984234e-06 -0.585031973079 -0.00940175513089 0.025143600749 0.0410154709974 0.0146981572771 0.00607028188932 -0.197110794233 -0.00332889343487 0.170205528216 0.0657174681943 0.00166620664901 -0.337232882521 -0.0882304160502 0.0364240561899 0.0150960120924 0.027252596474 -0.0516284204071 -0.00767485544754 -0.0758916470739 0.00407655139251 0.0154714585958
-0.440824813269 -0.00156462996088 0.0232619078225 0.0141951651633 -0.0152595592506 -0.0117259987286 -0.00100375856903 -0.458878876984 -0.0185697703555 0.0505209273168 0.035929701421 -0.0144565884644 0.00958371220452 -0.373487773444 0.136066254999 0.144800132334 0.0311865074406 0.00195852314424 -0.429353809605 0.180728097259 0.00194281867195 0.0129543808899 -0.310718458992 0.0459794842468 0.00378197273241 -0.305926615406 -0.00924906399432 0.00420085932473
-0.675102363083 0.0483365923165 -0.0291610602587 0.0695482801626 -0.0836242372891 0.0275491078829 0.00433423213918 -0.612214650904 -0.0298335436562 -0.0496103139921 0.0543675770754 -0.0174539917755 0.00544222769579 -0.21666627429 0.0463998439785 0.204562258987 0.0360824667231 -0.0147991572087 -0.160726241122 -0.0229938965351 0.0282783085537 0.0246919378708 -0.142102692239 -0.036773244349 -0.0172300945301 -0.0680184025149 -0.0169523701766 -0.0017580451715
-0.563965191356 -0.0169986228169 0.0479746564753 -0.0229729393176 0.0121478210425 0.0286932250946 -0.00255225655802 -0.578098754305 0.0292440189325 -0.0719813838539 -0.00121283753281 -0.0267949794489 -0.00571328551612 0.190547826881 0.0388238704842 0.0422514262273 0.00490111861382 -0.00701871820362 -0.0320776640301 0.182307117762 0.00857376374013 0.0169022854325 -0.478102488804 0.0127624146138 -0.00572334813946 0.181273403957 -0.0193898527694 0.0234282895857