-0.120703083006 -0.0363839581259 -0.0508815685041 0.15621169333 0.353565935127 0.173115698429 0.00570170902492 -0.192010399673 0.266812946547 0.465259622688 -0.0812631108292 -0.00106497698503 -0.0247061610956 -0.220115818283 0.311499453784 0.262335446461 0.261432471396 -0.0167808413137 -0.245148518762 0.130720322345 0.0263572622792 0.013824742743 -0.189949603635 0.235030456031 0.0011583715324 -0.116991923244 -0.0659012510681 -0.00350938943765
-0.539458680164 -0.0489509869616 0.0456773284838 0.221514606783 -0.115509146689 -0.0233202556621 0.00709574540149 -0.470502809204 0.0447625070617 0.0911523699677 0.125569364795 -0.0279403540976 0.00380485788949 -0.260859495922 0.248618296769 0.171836273221 0.120167294115 0.00582921441541 -0.165678688799 0.112121908168 0.0322331581491 0.0041564868501 -0.369681143469 0.0638606523777 -0.000224822677285 -0.190458743773 -0.0357815074252 -0.00367155386072
-0.596412236581 0.0899788704444 -0.016667450094 -0.145703812867 0.123528208637 0.0907784689757 -0.00954184376234 -0.584469840161 -0.0782396311541 0.204889168287 -0.0389082675702 -0.0487821991688 9.15733445564e-05 -0.187995799462 0.103961715658 0.184637473059 0.16468496407 -0.00317804239187 -0.206522102559 0.0349206442388 -0.00399034034393 0.00549676867496 0.151343067066 0.14876346836 -0.0136326220122 0.0238002192371 -0.0203898758847 0.00229716748047
-0.484399246075 -0.0189546703533 0.0517381388716 0.160401541307 0.135702418963 0.0140302124741 0.0155036498098 -0.518831502087 0.160343720444 0.0566968229587 -0.147565033101 0.0438129571139 -0.00524820191139 -0.0660104700556 0.0801015033259 -0.0448245852561 0.0589235498092 -0.00852351464001 -0.286276763532 0.0251080080942 0.00793656629182 0.00472997509288 -0.535092075957 0.00569174166751 0.00967075332069 -0.0980579231737 -0.0290490414931 -0.000773432713354
-0.564395728672 -0.0310398345964 -0.0183413966866 0.0317744488645 0.132599125057 0.0534666377006 0.000817236083686 -0.686884601366 0.135774708397 0.221707826564 -0.0171367525116 0.057169918156 -0.00504009336813 -0.0982573904242 0.0872585977597 0.171893869999 0.103491481626 -0.0133612342047 -0.0833008104988 0.111169632038 0.0306648768606 0.0054219585273 -0.186339553733 0.0473639387945 0.0145302032081 -0.00358739451616 -0.0226245474174 -0.0066977932319
-0.46006571726 -0.0101677708018 0.011378410267 -0.0172916560278 -0.0831997344771 0.00958131810291 0.00184410227221 -0.442332789851 -0.0377273834858 0.0281631476486 -0.025254730568 -0.0219823225967 -0.00158273207426 -0.396431929747 0.037086741438 0.0728412221254 0.0776765802539 0.000193455495809 -0.49734156049 -0.023661615978 0.0179982138184 -0.000889583598005 -0.257814224907 0.0461584753853 -0.0035492625056 -0.30829474446 -0.00114338717407 0.00521020907328
-0.53653147506 -0.0272297034344 0.00237366499788 0.0206957757801 0.00757800298749 -0.00349756070284 0.000114980703429 -0.691076011239 0.0332578769602 0.0995155570394 0.0315181970465 0.0169442286635 -0.0134766767987 -0.182115212253 0.130112194909 0.193302051892 0.0608578922583 0.00659472011431 -0.0982893405434 0.161351444951 0.0557813888175 -0.00974335091863 -0.28165806149 0.0700282932587 -0.0067638598206 -0.0720331879438 -0.0344719062344 -0.00797808997488
-0.610441143933 0.0262014134045 0.012286761962 -0.0433510920508 0.0817724192984 0.00252844735593 0.00525337256212 -0.642609117487 0.0223376599257 0.0928022571164 -0.0171817713964 0.0281649042967 -0.0021965255861 -0.29396741511 0.122409189936 0.107208909568 0.101190362839 0.0114110293211 -0.108867558861 -0.0012354141382 0.0861197424419 0.00292696939641 -0.182004228862 0.0617229293885 -0.0144715548263 -0.121533964836 -0.0170167678169 -0.00501751343033
-0.623210484385 -0.00799130184186 -0.00901019302783 -0.0101687893219 0.0380687755082 0.00897518818923 0.00118120333619 -0.64204333578 0.0398536832344 0.0446516474389 0.0250901295251 0.0126761773082 0.00342146912105 -0.0211411060813 0.0679678062909 0.0230453031701 0.0596298771828 -0.00967128870685 -0.390360991102 0.0569505542821 0.0344946048563 -0.00086076732657 0.105477609532 0.00823759011457 -0.00396725239299 0.125665760655 -0.00922854762865 0.00875521776447
-0.668448439841 0.000136317542326 0.0496899396085 0.114958267035 -0.028807386613 0.0125965511463 -0.00193924964019 -0.568785476221 0.0140546132376 -0.00715729694315 0.0812896512058 -0.00133584542008 0.00171979968549 -0.100515166039 0.154550622876 0.0951608830036 0.0971540441419 -0.000924498151816 -0.201794644423 -0.0289394367009 0.0581749961247 0.00311002130317 -0.321581769656 0.049758855435 0.00686368166224 -0.040128205006 -0.0316521435106 0.0115889559311
-0.476833784048 -0.0477148664602 -0.0663400338972 0.0635007086578 0.0211508179194 -0.033521356783 0.00528508477748 -0.583318779541 -0.125864361998 -0.0615173675967 0.0928162256061 -0.0626860086326 0.0014685488747 -0.25691308487 0.0511798494566 0.0705603728655 0.0928518584273 -0.00651318823015 -0.330607983889 0.113291469537 0.0285407480598 -0.00455670833665 -0.336636023715 0.0308548100717 -0.00301566515367 -0.260438257368 0.00106800585095 -0.0231193500072
-0.581097652975 0.0171938196713 -0.0637826302955 -0.0656534961579 0.032749418007 0.0510243114058 -0.00814544598926 -0.600490724675 -0.0587520669148 0.0625667295632 0.0558447629161 -0.06406525662 -0.00209801282422 -0.320971879797 -0.00286512306735 0.0783081353372 0.0723103863766 0.00335650183376 -0.308740050902 0.0588151184516 -0.0428630793979 0.00477136251991 -0.159318401482 0.0980491323925 -0.000609341361848 -0.156998714168 -0.0052488602182 -0.00323962425821
-0.637988518386 -0.00532213467455 -0.0384062329668 0.0181209399789 -0.00177467761102 0.0423792267907 -0.00367190771849 -0.645496322172 -0.026447496702 0.041707064422 -0.0282580838956 -0.0053136984808 -0.00845007934542 -0.151113765699 0.0250156364178 0.138620272269 0.110390058733 0.00142306310789 -0.264353032221 0.0352415569325 0.0129282808606 -0.0039921586966 0.158792901684 0.130850581383 -0.00584468297507 -0.0254436882949 -0.0108416522674 0.00390393487005
-0.598809013961 -0.0528193607051 0.0190123168854 0.0966806754073 0.0646365780788 0.00493548955336 0.00112737415403 -0.641769250048 0.0780237852953 0.0690860525388 -0.0836627940342 0.00835635157304 -0.0084244899443 -0.147792969835 0.0997903318206 -0.00831440329985 0.100169274264 -0.00188937530463 -0.13572662429 -0.0287312649136 0.0571015904958 -0.00845163000531 -0.334146129337 0.0447332284662 0.00923914799041 -0.127771658345 -0.0129524450063 0.011705265669
-0.500328229676 -0.00610281219835 0.0646149627969 0.0857698851376 0.041418323653 0.0164576496224 -0.00499352408535 -0.520821276201 0.0490653668444 -0.0509492812209 -0.0658666119951 0.029073412595 -0.00856228341193 -0.116633739211 -0.0823909080751 -0.0857792241572 0.0571586584328 -0.010475338288 -0.393214660505 0.0240918099037 -0.0214902414497 0.00557835087327 -0.499493735576 -0.0343849292423 0.00358442382027 -0.126095337219 -0.030856790886 -0.014746990644
-0.646170950419 -0.0259126023361 0.0523261013939 -0.0797528701095 0.0237315083041 0.0298847951219 0.00212706710901 -0.643317488653 0.0853517314759 0.0155530770527 -0.0272225455967 0.0387304078991 -0.00208082682148 -0.137510970667 0.0368096752678 0.0557788780914 0.103696887114 -0.011153765021 -0.0718764607301 0.027709116246 -0.0107722587821 0.0137815603149 -0.275038962125 -0.00469933899172 0.00562062137343 -0.17589072439 -0.0216600411973 -0.00169787817124
-0.647520701512 0.00282310998816 -0.00877171174705 -0.0227419343292 0.0468241780542 0.00975365322687 0.00265111754201 -0.70532977987 0.0612312904014 0.0754864351602 0.0242238207541 -0.0424058833074 -0.00536489859797 -0.0830657018037 0.0724168546197 0.133693811436 0.0998839557434 -0.00245047242602 -0.155308161873 0.0121174432642 0.00203746962081 -0.00215669604131 -0.0127272684992 0.0561412563251 0.0117013353093 0.0248497752483 -0.0107883287143 0.0026267748569
-0.559517246715 -0.00565017477532 -0.0895722140324 -0.0281010069328 0.105230177437 0.0261299037003 0.00765430313091 -0.494488544037 0.0319158563349 0.035680577079 0.087131110038 0.0193021188149 -0.00366183793783 -0.0753342399448 0.0330253481802 0.027432953017 0.00457462572736 -0.0111433037072 -0.463463648251 -0.04885057922 0.0214592048338 -0.00561598480522 -0.423076997269 0.0246387687211 0.00917520832941 -0.0774299938579 -0.021646473474 -0.00159380844379
-0.550940994514 -0.0119248764347 0.0678954511688 0.048542938951 -0.0266964246922 -0.0111911411978 0.00511487553086 -0.529617180783 0.0291109347135 0.0151353984081 0.0244498665409 0.0377897341051 -0.0176739040097 -0.0505976647114 0.00141032330888 0.0244926691261 0.00728654805811 -0.00490705385481 -0.379335187357 -0.076379615829 0.0134794500911 0.0030203531359 -0.501214689533 0.00902764192038 -0.00218774910543 0.00595276602829 -0.00920130581448 -0.000905785898944
-0.680693684847 0.0502354023496 -0.0186893315857 0.0197709729748 0.1209939043 0.00369830913207 -0.00586867680604 -0.635588352861 0.0349269348257 0.0288956937348 -0.0753010277096 0.0381558764908 -0.00328274291726 -0.0429632164415 0.00151305925606 0.109209693683 0.0484723522572 -0.00596738637752 -0.265124728007 0.0817841595765 0.0246439830595 -0.000428557987181 -0.0901999123463 -0.0081271613575 0.0049672036 0.0558632646935 -0.0149323891999 -0.0149203137037
-0.629891249564 0.0103103476368 0.0108610676128 0.0425420894523 -0.0790500881802 -0.00485996269585 0.00250887095111 -0.674107061868 0.0246869774085 0.0707402395541 0.0768343299535 0.024670686215 0.0083441771111 -0.0799642358587 -0.0197275225388 0.0813484634848 -0.0114711105537 -0.00702716532087 -0.126163781966 0.081788107662 0.00871775306322 0.00282152926196 -0.299412303634 0.0239886210828 0.00848977184291 -0.0409665433538 -0.00756405708308 -0.00225111305726