-0.0992113065015 -0.065807717644 -0.214457532315 -0.160647831654 -0.187664214324 -0.0927233860261 0.0187371421287 -0.0756153287764 -0.0510320145647 -0.27981234437 -0.100314962958 0.0149306468309 0.0203723853747 -0.0814054018667 -0.1443400771 0.24181614285 -0.0293211962555 -0.00541317952589 -0.367413254405 0.638480524543 -0.0220813817332 0.014637845425 -0.36856609193 -0.0464121218132 0.0290370181079 -0.0113480192992 -0.0581579279061 -0.00402026347473
-0.485057053583 0.0492283181607 0.0405191236884 -0.0398498205201 -0.147462388542 -0.0723015288022 -0.000519425400422 -0.509869843772 0.00789725253882 0.175270255512 0.108812679046 -0.0285647961637 0.0162563263335 -0.153159305176 -0.030289474981 0.0542002926044 -0.0291821928131 -0.0125933934902 -0.445638909308 0.218248691181 0.053348807849 0.0107625600306 -0.383226894368 0.0201391442601 0.0166357474136 -0.0538844829422 -0.0181092412728 0.0116432883764
-0.560057296095 0.082061066108 -0.16324767791 -0.131212136187 -0.0637080547866 0.0141934995201 -0.0001448193879 -0.4923607717 0.0402200366485 0.10520010238 0.0972018610555 -0.03440159323 0.0130771152508 -0.136552469735 0.0793204603271 0.145304693035 -0.0827437167124 0.0016106665677 -0.455993823177 0.214873894111 -0.00895143664723 0.000537545825355 -0.205264344223 -0.0662221454299 0.00144851902174 -0.107061960318 -0.0222951131317 -0.00243833176783
-0.467095179837 -0.0348819472265 -0.0346160857035 -0.0506672859971 -0.036106567634 -0.0198205490512 0.00362472671815 -0.673043966228 0.109246866256 -0.202146289465 -0.125792142775 0.00390442777126 0.0102874404544 -0.0529733419918 -0.168541080259 0.0841254339193 0.00088292442409 0.0050996422941 -0.190337670278 0.342065226471 -0.0146235144083 0.0127237559997 -0.238035716003 -0.0237724648749 0.0140612251568 0.0474604474822 -0.0412492454501 -0.00961872323366
-0.513644936103 -0.0276339180649 -0.113841371794 -0.0462020767218 -0.0792612330301 -0.0270367437735 -0.000314201654145 -0.676949771959 0.0645459372144 -0.27019963533 -0.0175266012589 0.00785659599614 -0.00414154748453 -0.0544001051632 -0.145341397599 0.136260908815 0.0447928314934 0.00533634753905 -0.0887310947376 0.327881273552 -0.0134077985363 0.0061130235873 -0.116946282168 -0.0203311487557 0.0255093120198 0.0350702818859 -0.0330023750563 -0.0116095382549
-0.60292715732 -0.0291566130344 0.0399574073538 0.050874248863 -0.095331380521 0.00879775877133 0.00195759511558 -0.594197109507 0.0303820229188 0.0909918383163 -0.0180660553813 0.0260384489283 -0.0134492174989 -0.187316869959 0.0340111928226 0.0268527919342 0.0289346929707 0.00299259187812 -0.394436708855 0.0722029129584 0.0421007617581 -0.00405716620044 -0.239654487681 -0.00203451342144 0.0205262696074 0.011587567696 -0.013816797155 0.0154126784678
-0.4584363483 0.0167896577332 0.00947646401042 -0.0280430516402 -0.0533130076858 -0.00457661206207 0.00203765728382 -0.587432081679 0.0954271132472 0.0649060430187 0.0365428916162 -0.0256760588425 -0.0024514257767 -0.0702698487461 0.0686198466326 0.122716799818 -0.0564706753877 -0.0132082198896 -0.537808028832 -0.00366862587188 -0.00483848433832 0.00544426998757 -0.321300632862 -0.00674150727506 -0.00135750718326 -0.0661380727054 -0.0192456853684 0.00387864249749
-0.46090996821 -0.00492837282199 -0.0255463207369 -0.0352007919338 0.0485662242214 0.00212925409124 0.00298488186114 -0.562665300959 0.069125093631 0.0564906570404 0.0806432431616 -0.0296124274768 -0.00203191404048 -0.0460343593059 -0.0487002938684 0.0580911892677 -0.0385868381646 0.0132796807808 -0.628840247387 0.00339615974182 -0.00815577164524 0.00166535521287 -0.206984631598 -0.0349115645521 -0.00915077297815 0.0375251864411 -0.0266276839362 -0.00371524500387
-0.626384102089 -0.0370974320361 -0.0540327771799 -0.0633352550289 -0.0741464004273 -0.00570766557969 -0.00548271971063 -0.661948732187 0.0740244295184 -0.0511958160418 -0.121165891037 0.0118157247619 -0.00156280193923 -0.0542386705834 0.0511610158102 0.0501869088967 -0.0473476926552 -0.00308552329116 -0.305846169793 0.0159334892164 -0.00547933302903 0.000785994148306 -0.164952674787 -0.0203266273356 0.0057684234908 -0.028717901039 -0.00535194056041 -0.00325797403924
-0.649086777896 -0.00271962440839 -0.0033762465673 0.100830431327 0.0343995909238 0.000172456815952 -0.00598594283264 -0.639667208135 -0.0861282777722 -0.0182701247103 0.00812481215626 -0.0209135195529 0.00919537880719 -0.0710060934953 -0.0827953407879 0.010768513709 0.0102002547714 -0.00990076038539 -0.244513882494 0.120609326386 0.00801416549639 0.0145932139393 -0.249893589987 0.00627766343776 -0.000223024117228 0.012766614969 -0.0026965178268 0.0168910591372
-0.494661368226 -0.0323673504409 -0.0775943411027 -0.0659459654973 -0.0326163852207 -0.0308511004243 0.00123302989667 -0.536575977089 -0.144410962668 0.0499694337751 0.0316351370121 0.000977326898796 -0.000689293525571 -0.273323352353 0.0100150974054 0.0329361965967 0.0122721076051 -0.00795738785036 -0.333812587767 0.114377214909 0.0451217162688 -0.0101012634354 -0.398651334307 0.0255812805844 7.2172973455e-05 -0.259010184036 0.000574001460571 -0.0137318266903
-0.496039238428 -0.076727231711 -0.058684935881 0.0739117832216 0.064584687929 0.0369078231362 -0.00933622760989 -0.496104604421 -0.0957722641631 0.0648156198495 0.0590332206582 -0.00369501802899 0.0100631831521 -0.396834689728 -0.029412207286 -0.0510196755459 -0.000408732567442 -0.00259917768124 -0.32300923402 0.0958642908529 0.0663644265165 -0.00503864583975 -0.339216843001 0.00972067792036 -0.000340709575962 -0.27633151276 -0.00144943514366 -0.00252482244772
-0.717048925463 0.0402541411381 -0.0508124922649 -0.091331380005 -0.0801639315404 0.0242662728887 -9.63435131821e-05 -0.526036086963 -0.0544522121851 -0.00562210406555 0.0710583509141 -0.00457107061247 0.00640916577861 -0.169227002143 0.0633227734629 0.145381929856 -0.0522605963813 -0.00404371515314 -0.262553033769 0.155129605781 -0.0309795895642 0.00655516736152 -0.0925525070321 -0.0432609763116 0.00147024804501 -0.143089925793 -0.00334204805064 0.00126758522927
-0.647474410565 -0.0196231321311 -0.00631582087581 -0.077594257053 -0.064424161412 -0.0272369317286 -0.00618284131652 -0.601322953487 3.95565648512e-05 0.00380525848142 -0.0506128956784 -0.0216327942159 0.00131332902424 -0.154161474592 -0.0335137593565 0.132870539278 -0.0147584160629 0.0019388613764 -0.236770192287 0.0951366162321 0.00684257212118 0.0126981853476 -0.30047816471 0.0023639377985 0.00607744467002 -0.0778324045009 -0.0171340763116 9.99007876562e-05
-0.591230875812 -0.0141070587533 0.00145217765934 -0.00274510506874 -0.0124906370555 0.020901945008 0.00308457618699 -0.735199229097 -0.081975295912 -0.0904627642441 -0.0399997723611 0.020152719749 0.00192773042 -0.0858467283191 -0.0297077990547 0.0747321572442 0.0112699479838 0.00943645548913 -0.131740529698 0.219180122523 -0.0146242532009 0.0118864055298 -0.0493803520365 -0.0304288812736 0.0134617273856 -0.0933534349061 -0.0109266700311 -0.00448911166828
-0.581687395895 -0.0221495388387 -0.0682062277115 0.0257914096019 0.0192621547664 0.00816484485566 -0.00502855199958 -0.732746679345 -0.103594283692 -0.0996076706854 -0.0156969817514 0.0233993243328 0.0083025135649 -0.0625822927702 0.0208989863834 0.0560398172125 0.0558887919853 -0.00466762644218 -0.141852473394 0.238718759879 -0.00869772706283 -0.00198311015189 -0.0892024650318 -0.0117198564865 0.0228883969986 -0.00322230799019 -0.0109624788575 -0.0189353102636
-0.653027285068 -0.0383309064335 0.0298783786087 -0.0557665215177 -0.0966287812309 0.0091606551035 -0.00866426406313 -0.5896481636 -0.0651483840094 -0.0203807019066 -0.0274347783705 -0.0198080689625 -0.00525592395542 -0.140782534945 0.0222078226574 0.116035534966 -0.0240035034639 0.0104046574584 -0.253039866083 0.17383682708 -0.00957514132498 0.0203832712218 -0.0822614266483 0.00887157752816 0.0188015222152 -0.261931450361 -0.00133438606746 0.00662687476974
-0.576661102626 -0.041046745887 0.0165388661993 -0.0297423043333 -0.0376023419765 -0.00251627850034 -0.00162265436274 -0.679487999762 0.079599837379 -0.0736721851395 -0.0493617021043 -0.0202377144894 0.00866115467749 -0.0490883606774 -0.0955428967339 0.0566343003735 -0.00984423170905 0.00683902329564 -0.199340691411 0.156578813779 0.0246680499165 -0.00464549965734 -0.307813021979 0.014964641702 0.00291566243513 0.101681251232 -0.0370585368668 -0.0184552347935
-0.577241941879 -0.0314770834281 0.0278029304075 -0.00839416514326 0.030107221082 0.00175508303017 -0.00187582751201 -0.659288378637 0.0746572830382 -0.0085178982843 0.0919999977106 -0.014997825865 0.000974684406337 -0.0353926241646 -0.09374620972 0.0631215109203 -0.0125809658088 -0.00433802040245 -0.322532208311 0.125777802864 -0.00712208832258 0.0166622834752 -0.268302204677 -0.0090312775753 0.0182968585935 0.0856532942902 -0.0301631244919 -0.00453278152247
-0.643477592282 0.00803300336627 -0.0619423045877 0.015264219722 0.00528795623702 0.0123728194939 0.0086709082868 -0.624626868874 0.017929385225 -0.00100956465544 0.0225464453572 -0.0163803781964 -0.0168679773784 -0.115575238178 -0.103799766228 0.00313990164168 -0.00250151239583 0.000515288938993 -0.273304152388 0.203430715274 -0.00190893839374 0.000876279634315 -0.180896874956 -0.0192663763779 0.00470976674302 0.123682894125 -0.0340813578115 -0.0139819959013
-0.608513079849 0.0428420157482 -0.041048431153 -0.0110069799473 -0.0473956096283 0.00644252825706 0.00514888487231 -0.678691411636 0.0932665471106 -0.0666983150444 0.0143011343667 -0.0233843444932 -0.00581751563661 -0.10526108457 -0.0798938526514 0.18419447298 0.0231576046866 0.00480032390899 -0.242101646456 0.0233363047432 0.000460466197573 0.00261704074536 -0.182302955602 -0.0301595839994 0.0131927795035 0.0532650650945 -0.0294824998063 -0.00789089524444