-0.168793447514 -0.0307263105031 0.455338577583 0.0689146720812 0.313117005563 0.189060838066 0.0129810666398 -0.0494253345767 -0.127351972058 -0.04472885744 0.311913352391 0.106853071012 -0.0192917536612 -0.273782172174 0.192199953645 0.385654995164 0.434716112096 0.000107503586807 -0.0195764841252 -0.0106502311584 -0.0287787567324 0.00798396837715 -0.160434512854 0.0717789249134 0.0117927812224 -0.112688280757 0.00789908357204 -0.00035253959705
-0.453963125714 0.000334888752536 -0.0121921097018 -0.03457771106 -0.0227710224634 0.0710868463639 0.00658345256461 -0.620479585159 -0.278410575501 -0.00257061982635 -0.00388928312844 -0.0124674172505 -0.00729309684662 -0.129920137384 0.0274025846078 -0.0098300854626 0.122345753461 0.00915501978269 -0.263513651746 0.170674846719 0.0421265742702 0.0109328349208 -0.412971369624 -0.0536775273997 0.0133061960097 -0.131458525803 0.00141253536657 -0.00951623664201
-0.65900291638 -0.0221154981993 0.0851468215026 0.00783543377484 0.196240862755 -0.0976994905898 -0.010338936551 -0.593955659317 -0.100322196766 0.13556497511 0.0661916868909 -0.000305238638503 -0.00346007682166 -0.237984924463 0.0313618041726 0.114106389398 0.0701934304111 -0.00819574176579 -0.157957105109 0.113953410157 -0.0463277476827 0.0132645019863 -0.0693600528506 -0.0513182022632 -0.00102918255229 0.0272751169086 -0.00546862398435 0.0045542287814
-0.514061067789 0.0674924237795 -0.0641558554781 -0.0664147777093 -0.10183489361 -0.00548040012801 0.008454789556 -0.651018773425 0.226011660761 0.119818237546 0.023498117505 0.0529383420044 -0.0024050467897 -0.102903921523 0.0590345160446 0.122280153538 0.185052897202 -0.00114366666043 -0.124346778436 -0.114963119262 0.0305160217467 -0.000739683678191 -0.265377019663 0.102872372401 9.57359034525e-05 -0.213703511714 0.000555455336042 -0.00186337196033
-0.62463335676 0.0585732320226 0.162649897472 0.0631920420937 0.0987236845649 0.0524986409834 -0.00580085348977 -0.599386171688 -0.0560873651336 -0.111427356984 -0.10292780281 0.0799561265441 -0.000940578803941 -0.263646378825 0.0752631652447 0.154892411749 0.0595621900727 -0.00491753158379 0.223455478292 -0.0799019539441 -0.00785143902123 -0.00731459606588 0.0839051735232 0.0674186839003 0.00462002868496 0.0266380251768 0.00875150845073 0.00649766186255
-0.572228908986 -0.0676663889339 -0.0793073215632 -0.0363986688981 0.0207424538408 0.00625353873369 0.000526030508683 -0.664872452255 -0.119811604476 0.00705875780528 -0.0656995427874 0.0323251403524 -0.00598584488062 -0.0520938441639 -0.040529844073 0.040423568792 0.0175983857411 0.00979517378252 -0.228948968814 0.067443559655 0.0752082763506 0.0134237614264 -0.356790603021 -0.00457890883348 0.0096340552162 -0.0218185701279 0.00784676564865 -0.0297347400415
-0.586655176005 0.0534816072055 0.0822580048817 0.0254553519254 -0.0263384905039 0.0149178581177 2.09538815965e-05 -0.694217402675 -0.0997703053347 -0.0602750628547 -0.0902334140239 -0.00980631833606 0.00483950256359 -0.166554192465 0.0521503026936 0.0363391294517 0.0765413426369 0.0015621112728 -0.255508409785 0.0901278278921 0.00796594306532 0.0120251939554 -0.15243635864 -0.0324070851114 0.00807088767184 -0.0724234894182 0.00187249475148 0.000385943775011
-0.615891589719 -0.0166780926923 -0.0589564381122 -0.0569478113501 0.0105676091269 -0.00421396035879 0.000369069719446 -0.657273642102 -0.0469734367766 -0.0192201226208 -0.108233165527 0.0161980013874 0.00514669707617 -0.188378332728 -0.0470011273654 0.0129044310322 0.0310132890089 -9.97860137998e-05 -0.228407253423 0.0922124348948 -0.00418416848636 0.0131202028982 -0.255761233664 -0.0186284096975 0.00756672438736 0.0380138582049 -0.000100673851005 -0.00366188813224
-0.621999827999 0.0704966706671 0.0876571621428 -0.0132842507792 0.044405993328 -0.00881437984109 -0.00402006754569 -0.701471661676 -0.072621353958 0.0668085992779 -0.0843220585722 -0.0300519492937 0.00119110116824 -0.235299917092 -0.0738440297937 -0.0198049293048 -0.00512650848548 -0.000155668376492 -0.142255586889 -0.0438686925512 -0.0508686211832 0.0212379699652 -0.0051290233442 0.012565257558 0.00507977231311 -0.0410425653625 -0.00798017659241 0.00323434093197
-0.488688752704 -0.00850953705619 -0.0166777851048 -0.0508203523219 -0.0275183724851 -0.0151495287023 0.00412015434988 -0.528271451697 -0.0977032584691 -0.0264314704638 0.0496555918134 -0.0261389046672 -0.00535274395976 -0.367135652901 0.0169747505953 -0.0747928571308 0.0480739165473 0.00731110190265 -0.224920452135 0.0600352753423 -0.0152512059248 0.0077027254696 -0.393601393023 -0.0194336939342 0.00310613499931 -0.334467235658 -0.00556684926552 -0.00491084104562
-0.647152573481 0.0547844961946 0.0647875726683 -0.00575514854117 -0.0622777986015 0.0500171776943 0.000323608413498 -0.606363141707 -0.0511474629324 -0.00116790454974 0.0694828970526 -0.00402873397068 -0.000999132452435 -0.188603560601 0.0700855657533 -0.0753595451195 0.139850963768 -0.00142141945057 -0.0609493082617 0.177142321623 0.00321847856031 0.000637890767038 -0.292057780358 -0.0329997511573 0.0150431612046 -0.0698858857293 -0.00740251800837 0.00793777133547
-0.619742890199 -0.0430042408127 -0.0142919534934 0.0225753769676 0.049155617144 -0.0342179284524 -0.00282059920546 -0.663549079302 -0.0282299769745 0.0653793781972 0.0823984999257 -0.00460290764011 -0.0023378977167 -0.0876628362586 0.057175789765 0.0223170833343 0.0853222700738 -0.00368195544419 -0.126853597045 0.162145340025 -0.0151031940529 0.00175899964393 -0.290938897695 -0.0424596353145 0.00789959734748 0.0983950680716 -0.00349165694828 0.00339159823522
-0.624647574753 -0.0805548475474 0.0693741112056 -0.0132117612779 0.0668386301843 0.000469930042704 0.000687108588711 -0.661616649467 0.0347032740965 0.0577773989127 0.0874810559582 0.00174765087287 -0.00141870594119 -0.247002640783 0.0720843002203 0.172112110925 0.0389471911799 -0.00261284759192 -0.0384973503851 0.0157427542555 0.00628987324129 0.00212452869288 -0.0772668289277 0.0143519532686 -0.00106396692345 -0.196386146661 -0.00655429338939 0.00439601185418
-0.578240379511 0.0271866932658 0.0303029410923 -0.0433650258457 -0.086661338077 -0.00887916586728 0.00401970680886 -0.595309819513 0.0404550139499 -0.00224618858435 0.0852228555086 0.0190339879613 -0.00238409278705 -0.161080331018 -0.0316664141788 0.0691546417644 0.132545031361 0.00224722596344 -0.30297881169 -0.0502069815056 -0.00562100082735 -0.00282417413899 -0.265133433583 0.0693878781548 -0.000194185596678 -0.268414033034 -0.00253492927651 0.00198554579307
-0.502796087444 0.00707268268973 -0.0562957832303 -0.0336694812632 -0.00503298827787 0.016619832147 0.00956047259346 -0.489997283262 0.0285125822955 0.00214079707453 -0.0181060997551 -0.00279819936026 -0.00481061858399 -0.315273154699 -0.0052836449496 -0.073135417913 0.0461975040128 -0.00631251256841 -0.347581020599 0.0722530319467 -3.56287075145e-06 0.00416597415462 -0.363791336386 -0.0144539392874 0.00857837887854 -0.368146738491 0.00285357188286 -0.00338031490319
-0.690157274244 -0.0158521548533 0.0923798920051 0.0178572139666 0.0683674149685 0.00871860179387 -0.000912454922954 -0.661559650987 0.0198859138889 -0.0902306248361 0.0255857492861 0.0139927842461 0.00316557358431 -0.111045701456 0.0687519786106 0.134001642085 0.0430746518118 -0.00351045353139 0.139459657561 -0.0366621400028 -0.0387371207681 -0.00487276140203 0.00437077343307 0.038387597612 0.00507447220285 -0.0445209131409 0.00579412166773 0.00594991864674
-0.546249973438 -0.0102599545118 -0.000851566399649 -0.00436444696214 0.0113151024606 -0.0019006242553 -0.00379913113979 -0.666439132339 0.0269756362337 -0.0659567583259 0.0567682806593 0.0433385537056 0.000388327266846 -0.434614493053 0.0102065264499 -0.043658004991 -0.0115877315553 -0.00133513063352 0.176269399286 -0.0919803556146 -0.0238576195538 3.80015108869e-05 -0.109334267049 0.0191227751735 0.00377264076159 -0.0592696623314 0.00158132829132 0.00582758951259
-0.604183553922 0.02068515532 -0.0455466209497 -0.0339015046191 -0.0539110509368 -0.0132717895889 -0.00191329316259 -0.735308172074 0.0480106612822 0.110343716504 -0.0283010358231 -0.0171956742859 0.00314674620302 -0.202840063858 -0.0201934297614 0.00351083906063 0.0148407686119 0.00302593922061 0.0881549779325 -0.123372383802 -0.00309717526701 -0.00209028020846 -0.0649310426337 0.051966395759 -0.000993096362416 -0.0136829314693 0.00645920303016 -0.00358589279965
-0.643206732702 -0.0540982420831 0.0733045220853 0.0244317303566 0.0613644380433 0.0168645887357 0.00300495418797 -0.674509883994 0.0950209627872 0.0416410053038 -0.0591456104681 0.0370406558879 0.00345613352535 -0.100606377377 0.0496488275322 0.0798905338765 0.108211828853 -2.64744310944e-06 -0.1208846637 -0.072732633499 0.0416321541017 -0.00075029385439 -0.200095556249 0.0392657033673 -0.00486894812712 -0.0935915765246 -0.00641761239771 -0.000305813652755
-0.713117056567 0.0212222466576 0.106805090892 0.0143321486373 0.0514399196528 0.0172099183276 -0.0013931185078 -0.64824161851 0.0344119327216 0.0394751521687 -0.0665191259853 0.00695086930542 -0.00338374980183 -0.112796743936 -0.000339231287822 0.0848193059221 0.0819030515746 -0.00296011448443 -0.00705249772017 -0.0782372130546 0.0277959380843 -0.00770040318054 0.109966033695 0.0566135778047 1.50400433007e-05 0.00374342145783 0.0077560445497 0.00190237259773
-0.568508905583 -0.00591064318061 -0.00776056551895 0.00365786246868 -0.00610079691669 0.0101687046744 0.00315710121799 -0.769776244121 -0.0691459392637 -0.0521191696819 -0.134599883986 -0.0118400645231 5.27968364901e-05 -0.228718755392 0.000871429511048 0.0019033989393 0.00264019595353 -6.6369557905e-05 0.00840722005819 -0.00459601113906 0.015196746085 -0.004230479957 0.0155340777825 0.0217420767937 0.00425314227063 0.0693327892278 0.00494918473033 -0.000474632791431