-0.00252912817313 -0.0034612973685 -0.0396028434596 -0.00132115484338 0.0054237986739 -0.00702389088763 -0.00365880385606 -0.00771598121879 -0.0642328063161 -0.0131067093965 0.00889428477517 0.0273260804041 0.0100624422103 -0.260424636901 0.0555677732729 0.41751311627 0.0304467484247 -0.000461341176407 -0.344676193402 0.488508044787 0.105235861652 0.00807106850936 -0.605990524682 0.0920268612335 0.00631639016028 -0.0501095652152 -0.00747328976396 -0.00047068940418
-0.277373020622 -0.0753176087877 0.0737389252734 0.0423110282446 0.0239552092538 0.00221116088918 -0.00946721319365 -0.355407565023 0.0273444982735 0.114956315618 0.077311569204 0.0179474221804 -0.00216679972841 -0.332406042559 0.183067320644 0.292329524364 0.0140649553133 0.00936962883584 -0.441563308529 0.324782534725 0.052019204234 -0.00257746493803 -0.467146583516 0.0406068807784 0.00333289177124 -0.0980188289147 -0.0176726715429 0.0135756764752
-0.314057168264 0.0165142782005 -0.0733714708709 -0.0335355159981 -0.0239428162614 0.0291381089754 0.0158315824755 -0.298219738276 -0.0258156381304 0.0692658298211 0.0408224504133 -0.00883298047482 0.0235546525983 -0.306114730057 0.166937960691 0.330786755476 0.0132464264727 0.00178828566218 -0.445947085872 0.369991813145 0.0708258510589 0.00251025749698 -0.46935397688 0.0512449084173 0.00710577679495 -0.0277424607796 -0.0104180213532 -0.0202396520007
-0.379974078215 0.0789675564505 0.0299542769665 0.098072458571 0.0478979962786 0.0319833039272 -0.00257092412723 -0.402145032074 -0.0282489968512 -0.137349000777 -0.0508857202778 0.00863403158103 -0.00944081562952 -0.202725813723 0.00373411868334 0.318472345398 0.032870980216 0.000889514557818 -0.300865332432 0.391865437123 0.0870932169802 0.00652320099073 -0.497080600691 0.0888040766861 -0.000656301381655 0.0328739428289 0.000699521139205 0.00523516390734
-0.424158719242 -0.114412356481 -0.0434680226922 -0.154256733125 -0.053159785704 -0.0373003532365 0.00806388869645 -0.413228874614 0.0262820740407 -0.202093471377 0.00460385211164 -0.000594912790663 -0.00869378031367 -0.245520634097 -0.0464363959594 0.267352121552 0.0510619792 -0.0020054837833 -0.260452601596 0.339034330092 0.0935899234564 0.00585883570534 -0.465769630276 0.0731418870917 0.00611903683681 -0.118893595775 0.00097409009893 -0.00899469170861
-0.280540246171 -0.00460457941348 0.0423794659748 0.0433431345958 0.023354442758 -0.0089232081121 0.00223312325062 -0.275164188909 -0.0310098796256 0.0395905524269 0.036408702527 -0.0143958992796 0.000821490126603 -0.452583911275 0.0403362591822 0.0789565636131 -0.0144991629796 0.00185513520852 -0.460448699076 0.0083178374379 -0.00800182626116 -0.000477944560757 -0.541705814185 -0.0015365175108 -0.000155864827967 -0.344487739633 -0.000496239100557 0.00450853312415
-0.362371427982 -0.0411370457725 0.0109059293707 0.0420001460747 0.0338725472434 0.0108057800625 -0.00499871831797 -0.407670619859 0.00205303098606 0.0950367751945 0.0459007299822 -0.00699882264787 -0.0122432184505 -0.480189767812 0.0989728876739 0.166026173452 0.0391159214167 -0.00132118512497 -0.375581728657 0.155094471999 0.0494064921752 -0.012800906497 -0.458096306352 0.0594479734706 -0.0080434426358 -0.188525790235 -0.00973701113375 -0.00156359742518
-0.390148537901 -0.0456779232891 -0.0279009231602 0.0132349349692 0.0489061463514 0.002812023986 -0.00472198726937 -0.610488473896 0.0168233413265 0.129248371988 0.067763930212 0.00143711382937 -0.00517618116674 -0.310939026074 0.123935195686 0.202003023246 0.0300175927185 0.0064769755828 -0.346583402801 0.208323221171 0.0470971142339 0.000345695608875 -0.354174282483 0.0485135168587 0.00482296711362 -0.0201311924431 -0.00994881625333 -0.0129710565672
-0.494316995258 0.066263285855 -0.0337527547501 -0.0353659074387 -0.0442875570582 0.016504469443 0.0217207810202 -0.500716637342 0.0267259661991 0.0125671081341 0.068704700891 0.00738733990285 0.0110971105799 -0.253199694122 0.133470636828 0.214938509552 0.0316451187128 0.00665788049367 -0.350870921204 0.305430962406 0.0500124163751 0.0034565224747 -0.372206749688 0.0457408326509 0.0102322876801 0.017608918638 -0.0112917804432 -0.0205928427263
-0.531237957888 -0.082333283817 0.0640255183381 0.0229112721241 0.0534905425317 -0.00149141077322 -0.00793609671172 -0.437756569545 -0.00488462922905 0.0511867735385 0.0376384405091 -0.000693710690231 0.00213439141324 -0.277151854597 0.160287801247 0.252314186685 -0.000189851713093 0.0060069033009 -0.349895622269 0.279921133981 0.0458702391223 0.00580430250593 -0.363250352531 0.0310261816068 0.00583114430348 -0.0648482343352 -0.0252998889237 0.029036179692
-0.383635795801 -0.0127862117588 0.0026283687957 0.00052360945744 0.037502456297 7.2421535054e-06 0.00218868066847 -0.423164883083 0.0348927477142 0.0682666828031 0.032911833147 0.00606422125751 0.0103144671441 -0.274900488594 0.0603866193785 0.162468278956 -0.0140365474185 0.0175156847965 -0.522610937647 0.197883651745 0.00355385275323 0.010263183727 -0.495573776 -0.00654777340094 0.0153152129654 0.0230874174676 -0.0121270587822 0.00184241703293
-0.367941696546 -0.0315332752011 -0.0459929850517 0.0252214172738 -0.00909611801459 0.0311589670743 0.000911765191721 -0.385973122688 -0.0530429744523 0.0808688110187 -0.00796080266314 0.027127228899 0.00454595929942 -0.30314848744 -0.0351714764454 0.0586220665511 -0.0405890620191 -0.00128311784853 -0.546770003081 0.112837044293 0.0138211593404 4.83009533175e-05 -0.537262130931 -0.00555689908307 0.00221224173471 -0.0425426230351 -0.00712819053164 -0.0045511530641
-0.526813388127 -0.0796336385213 0.0175789305286 -0.123951417469 -0.0211954883671 -0.000728999650562 0.0024771299759 -0.518210295465 -0.0705220070997 0.00426675148118 -0.0505353528023 -0.00588767538227 -0.00131849981974 -0.220128853023 0.123852967363 0.261897466009 0.0150775413322 -0.00245348528025 -0.324617257185 0.243485430736 0.0688168613547 -0.00253578149769 -0.336853912784 0.0451514940407 0.000243841905741 -0.0728138944898 0.00470459072856 -0.0318852563537
-0.644285000494 0.00631365202654 0.0420007522144 0.0900938215127 0.0515717737274 0.0132981608411 0.00255628469837 -0.433340734094 -0.035232324978 0.00518130000989 0.0123311707416 0.0130224073892 -0.0144950907867 -0.217694425699 0.050426774636 0.249068713455 0.0218275307268 -0.000224183419183 -0.257349577707 0.280623379917 0.0619886460032 0.00514923461716 -0.336901415596 0.0553468437848 -0.00155046225385 -0.0665198693516 0.00193264249188 0.0160993570802
-0.402392038801 0.00410918064589 0.0102280106586 0.00140645788112 -0.00494793179345 0.0200288035836 -0.00357305301976 -0.475376699781 -0.0903366912369 0.00648949612994 0.00992160562682 0.0186087392284 -0.00082652515518 -0.086916492308 -0.00302519303366 0.20560932102 0.0141872383586 -0.0082480716033 -0.59850905335 0.108565840403 0.0104361036757 0.00260150624948 -0.424594834111 0.0269425617263 -0.00312645601807 0.0400076824005 -0.00591212215429 -0.00347408471826
-0.53697041221 -0.0748243285895 -0.0242879302691 -0.0759996860429 -0.034837207521 -0.0209132724813 0.00342598155648 -0.552187128914 -0.0570269217139 -0.00339132732956 -0.063755217061 0.00814129499548 -0.0132459565091 -0.0480565016835 0.00605976190968 0.236772407012 0.0460062989788 -0.0103359580585 -0.365387688816 0.24046166215 0.0302061464619 0.0109449090571 -0.358807827702 0.0275738380814 0.0107939026265 0.0539056874266 0.00228992125296 0.00556680610729
-0.386502984046 -0.0324261039461 0.032422897918 -0.100048425069 -0.042138195968 0.00324550015271 0.00440547763321 -0.341693157885 0.00905008264327 -0.0567668713765 -0.00523720273248 -0.00889363588114 -0.019084691243 -0.442214442595 -0.0530742239638 0.0664011561041 0.0255368849155 -0.00376158799301 -0.309156749901 0.105010053836 0.0193896544026 0.0070062752512 -0.454045516271 0.038337906681 -0.000443571569417 -0.445000157282 -0.00421658647605 -0.00468676019017
-0.485358099546 0.0727304312115 -0.00476442058565 0.0824964491915 0.0324543751609 0.00733470170427 0.0010131426896 -0.500867407557 0.0767628706041 -0.0708613098532 -0.0698538909327 -0.0100925124482 0.00102380713907 -0.366406167191 0.0310610851627 0.171481568019 0.0212689518124 0.00238026155635 -0.270270134076 0.236809966444 0.0976613255868 0.00236755257428 -0.41121093233 0.0680285504832 -0.00021375771912 -0.0827725870529 0.0105886820282 0.000754271899145
-0.462168606061 -0.00417568138458 0.00689132260608 -0.00719716195747 0.00461787805905 0.00804193727112 0.00204956863949 -0.647470804282 0.0679338752433 -0.14791066946 -0.0265445623941 -0.00377609008697 0.010266448837 -0.129823823305 -0.0117981503693 0.234461022463 0.031494848371 0.00538733607001 -0.221543286446 0.251986129877 0.0588762210058 -0.00369827511202 -0.36729628315 0.0737323559726 -0.0053513324073 0.101144593927 0.00123628494618 -0.00311183885505
-0.47967702278 -0.0605200401147 -0.0020498335902 -0.0357977453779 -0.0466716708843 -0.0230309977219 0.00272343926965 -0.573214651366 0.086336647555 -0.112100467116 -0.0242598658503 -0.00583563023464 0.0149116532113 -0.314242187798 -0.0269326265222 0.176166584301 0.0104560576952 0.0139196988341 -0.216479879749 0.264461594629 0.082534401025 -0.00311703712107 -0.388622558249 0.0543049865648 0.00281341890826 -0.0639581974021 0.00408923495415 -0.0166369335699
-0.294006229848 -0.00356354910418 -0.00726578068932 -0.0521832171927 -0.0170025620697 -0.0303339572494 0.00266993579425 -0.312447667367 0.0673582342341 -0.0474490949486 0.0383014640356 0.0167717605807 0.00773305605031 -0.462886558206 -0.014334536036 0.0719936462136 0.0124531159649 0.00284889394832 -0.41759797713 -0.0390917202379 0.0168085561298 -0.00177476251064 -0.506986443908 -0.00205634376378 0.00299226623347 -0.387523252414 -0.00143449107705 -0.00963349263782