-0.00533891658916 -0.00168384310197 -0.0244903346638 -0.0629828606079 -0.0302027806586 0.00896799724354 -0.0144362209203 -0.0127241971753 -0.106458770787 -0.00103051537089 -0.0243724900686 -0.0224066992814 -0.0224794314977 -0.338834916143 -0.647634010313 0.212754652464 -0.000592012828554 -0.0191700278899 -0.456489957064 0.407172428069 -0.0625103595621 0.0216955299821 -0.135188747753 0.065577735938 -0.00194070078165 -0.00698474391999 -0.00699440651437 -0.00180321203902
-0.395873048586 -0.0282411834969 -0.0576783971591 -0.00703467585457 -0.034092545883 0.0423306579351 -0.00305541777397 -0.488141415646 -0.196988671183 0.0282073474598 0.0094410437299 0.046296721289 0.00485621252365 -0.379761162598 -0.374773126161 0.0323262927399 -0.0291261663861 -0.0080997961847 -0.431396804263 0.224397974025 0.0126437938267 -0.00430269205886 -0.149313766301 0.0872517816322 -0.0105304508176 -0.0512515321545 0.00975924890508 -0.000313538043239
-0.440940020526 0.00654152363011 -0.00617081409503 -0.048558323493 0.0811973077583 -0.00770256552496 -0.000377513812809 -0.492543157784 -0.126173122458 0.06512184368 0.00998870957807 0.00386834642569 -0.00476084165955 -0.243821984312 -0.454918257139 0.054465356174 0.00410683497045 -0.00792618184709 -0.438066597813 0.183928565176 -0.0147970880091 0.000601798552461 -0.158316128027 0.0469794081388 -0.0107763534602 0.10289943195 0.0124254623829 -0.00753425454923
-0.45257043986 0.0426046758882 -0.0527875933868 0.0254464691694 -0.0713761930021 -0.0227785237354 -0.0112563645535 -0.531421171976 0.133713561671 -0.0919508181145 0.0535392662806 0.00126244631226 -0.028582995574 -0.286890058691 -0.445456406204 0.219689391201 0.0166264118227 -0.0195535245997 -0.217897505851 0.275920612855 -0.0723748601321 0.0220945835214 -0.0845724943709 -0.0169765410664 0.000114748350322 -0.0658750009 -0.0290673374243 -0.0118499965327
-0.550321295567 -0.102763576453 0.199779367271 -0.0905727943878 0.0956596525217 -0.0173270039321 -0.00710813039855 -0.447378973612 0.166231535891 -0.00302809820901 0.0036278476908 0.013901404257 -0.00803029538636 -0.280901404285 -0.345741356583 0.142955011251 0.0164720026253 -0.0166742647599 -0.239489573265 0.317308013156 -0.05360113459 0.0188175757678 -0.0743266027522 0.0247783921102 0.00636100200427 -0.117001420435 -0.0162114594862 0.00907895842425
-0.393740517545 -0.00183443229684 0.0657033144537 -0.077589909832 -0.00210687110776 0.00209137384263 0.000700400940105 -0.402677544811 -0.0390122868626 0.00329357820392 -0.0764410469556 -0.0189600009602 0.000239503244535 -0.594890336656 -0.0367804781181 0.0110470878669 -0.0143941125362 0.00177359763108 -0.426796649087 0.109065079546 0.0365762848013 -0.00627335358702 -0.260994137426 0.0494717741028 -0.0048610220871 -0.207603644173 -0.00613286463472 -0.000693294414902
-0.341869020716 -0.0149163662987 0.0140045808812 0.024341717362 -0.0580094700613 0.00617933602897 -0.00321294401939 -0.363234658242 -0.0404087778628 -0.0593622183181 -0.0531004126925 -0.00185181389726 0.000975298875015 -0.565601444268 -0.0070368302522 0.0284725771959 -0.00477261922513 -0.000382242650811 -0.535310327252 0.0923182354399 -7.67657246623e-05 -0.007363764757 -0.241101344069 0.0108335880605 -0.0116810399048 -0.2538753043 0.000297874462291 -0.00469480732435
-0.618805859611 -0.0148843473859 -0.106227621883 0.0352759893202 0.0208357014822 0.0255312402628 0.000931311430223 -0.519723625086 -0.022655674086 -0.00243890654364 0.0165748350768 -0.0148692634235 0.00183457703086 -0.240970090052 -0.266225835639 0.0611110147866 -0.024546482562 -0.00468105489161 -0.386794639522 0.174258963412 0.004587974005 0.00431341272338 -0.133293260992 0.0218434166199 -0.0085365903353 -0.00519093171579 0.00127649932632 -0.0211606619069
-0.643744704934 0.0231513095988 0.0817186011144 -0.0860552721007 0.0309979849253 -0.0284929718874 -0.0071177239632 -0.539578968258 -0.0446249890965 -0.0113902242896 -0.0291505342237 -0.0177282153435 -0.000289124947359 -0.175483794856 -0.241111927316 0.0228833684183 -0.0058968767315 -0.0033158637367 -0.349255678302 0.140258645977 0.000325069478231 0.00457254907772 -0.200115371195 0.0234864159896 -0.001005740964 0.0509446734209 0.0182462592406 0.00449302194997
-0.520137638472 -0.0256070410352 -0.0751250547732 -0.00637504163422 -0.0982888194662 0.00509612044082 -0.00210626236175 -0.536906779906 -0.0943171294283 -0.00726149313685 0.0662332703926 0.016738235207 0.00276149529288 -0.220776842003 -0.253481554568 -0.0173660365689 -0.0271334244887 -0.000267066919199 -0.302894788542 -0.00130299865041 -0.0312138556841 -0.0029536180327 -0.452260265605 -0.00742356287621 -0.00052436116093 -0.0102628194834 0.0083163871097 -0.00111208052653
-0.533423315129 0.00389224794732 0.00495002946769 -0.0117424645629 0.00690815648604 0.0226066832963 0.00184954161234 -0.735893484006 -0.0807879781119 0.0755884123973 0.0266509394788 0.0215850140669 -0.00336430264527 -0.142805537219 -0.247307292694 0.0185897908897 0.00832975826635 -0.00997573280414 -0.13794811001 0.169704596007 0.00547009543051 -0.000267309982256 0.108716220839 0.0727341170807 -0.0106996594115 0.111318157786 0.0127650637332 0.0067853266766
-0.549716256533 -0.0237891024387 -0.0304975046082 -0.00714176874576 0.00979949057746 0.00343728869462 -0.0015841208845 -0.709522406823 -0.0897047456162 0.0794032062752 -0.0181861704103 0.00660215590604 0.000655312245104 -0.172688941312 -0.279481466955 0.0181372250304 0.00988321255875 -0.00205608689289 -0.179392939887 0.121861714267 -0.0256611887301 -0.00388498067534 -0.0252969431271 0.033513214005 -0.0074407831868 0.140427817467 0.0121597721322 -0.0158701179301
-0.674901847408 0.0179084438238 0.104720322644 -0.0792391383178 -0.0116028249513 -0.00396471977414 -0.001311089059 -0.513432821705 -0.000957675450491 0.0155350506186 0.056274354102 0.00371295644148 -0.00629416472655 -0.171628981073 -0.288469895468 0.0413058072706 0.0363480917464 -0.00671282247328 -0.349673342451 0.0534438558257 -0.0183400794131 -0.00273107933718 -0.128612431928 0.0399559589782 -0.00945854600972 0.0124159771772 -0.00374134841905 0.0101608768411
-0.690086714754 0.0144373252684 -0.0925342518943 0.0842428375111 -0.0343786234823 -0.0111329950332 0.00788005226725 -0.504861593659 0.00883586967078 -0.0110163591598 -0.0612067768884 -0.0147366546971 0.00211953232874 -0.234201521314 -0.301631193811 0.0236668582024 0.00800250760609 -0.00391886055003 -0.189044130991 0.0728957110749 -0.0488368901681 0.00578072058563 -0.232932043005 0.0228958283089 -0.000500096285145 -0.0500827803085 -0.01082350653 -0.0119796597376
-0.461119832169 0.00311280686932 -0.00364029288045 -0.0195739786282 -0.0101665897547 -0.00556501442719 -3.69834605936e-05 -0.485971570113 0.00431177220094 0.0410438726339 0.00624434165177 -0.0359102633103 -0.00922423569207 -0.488634425257 -0.0980596982652 0.0209505806036 0.0959953059015 0.00138509640309 -0.33506860527 0.0679267163032 -0.104721866645 0.00309479257124 -0.389032366549 -0.00686345455765 0.00207503166198 -0.101162389653 0.00341793137548 0.00181452431993
-0.493722930956 -0.0619751703871 -0.0256636421391 -0.0507057842187 -0.0475649586078 -0.00101933610903 -0.00749279534747 -0.514462490534 0.0311455188356 0.0108528136375 -0.0901740814569 -0.0124621958674 -0.00373392948363 -0.541668553962 -0.209881862832 -0.0870139653458 0.0296771091086 -0.000627746956013 -0.148806166435 0.204846082712 -0.0357193504455 0.0151309032997 -0.136440185675 -0.0372770570317 0.0144476702882 -0.20198120535 -0.0122219161396 0.0104662314874
-0.634227396593 -0.0294571615357 0.149658148199 -0.00871788372549 0.0518731007013 -0.019471043969 -0.00295643108918 -0.588234016256 0.0430590620492 -0.051617696878 -0.0482903512252 -0.0258402455096 -0.00515995363328 -0.280418187685 -0.220640880805 0.0543996805944 0.0137863462802 -0.000204425471995 -0.17921110495 0.190152726021 -0.0157052140773 -0.00147114632159 -0.000562177394642 0.0675648320677 0.00252895352991 -0.116843417191 -0.0205406098246 0.0116579522028
-0.667281604506 0.0425559130634 -0.080237504632 0.0597732618461 -0.0297623901936 0.0289551583257 -0.00776007420794 -0.616321622512 0.0448078282976 0.0181914793069 0.0686278463471 0.0176939134418 -0.00223975171431 -0.141143058816 -0.250021619758 0.131267133255 0.00379568679329 -0.00704286392594 -0.166211286577 0.143108751445 -0.026300811518 0.00259803552647 -0.0397039321802 -0.00576003383878 -0.00349006818536 0.0545691744933 -0.0255435639026 -0.0112244165459
-0.488957699364 0.00399331574396 0.0575497679018 0.0243975714329 -0.0530506621907 0.0063211536269 0.0117777724396 -0.736289047483 0.123465908796 -0.0362818096962 0.064095374393 -0.0110624764998 -0.00446145876886 -0.184227649136 -0.209902307606 0.169215565538 -0.00480390716071 -0.0183420751516 -0.136274830153 0.202999277003 -0.0159549798186 0.00723873311096 0.0566114831177 -0.0451793819245 -0.00603389554793 -0.12938133217 -0.0399764704199 -0.0193154444063
-0.58943460055 -0.0213030241034 0.0406935298143 -0.0462298949021 0.0215036516966 -0.00437958635133 -0.00408974559832 -0.661485795047 0.0401139526825 -0.00342339886741 0.0975236698957 0.023550207945 -0.0117666939545 -0.146849276039 -0.250987694429 0.103257715244 0.0176134972086 -0.019827766632 -0.15067639512 0.266461184229 -0.0266716374295 0.0175540286834 -0.0609862830086 0.0113835668296 -0.000820004339504 0.0622459160612 0.00627451680995 0.00450352303199
-0.385833545992 -0.0333345053484 -0.0468982956766 0.0331120659135 0.0506971053712 -0.00663963301634 0.00504159552004 -0.413514077143 0.040214180148 0.0852751121477 0.0116198960547 -0.0155554879418 0.00113441882344 -0.622727559766 0.0643559931985 0.0938658409766 -0.00591783473157 -0.000372669212165 -0.319081747945 0.162292160504 -0.0121631452718 0.00318761433126 -0.155401594653 -0.00380760479369 0.00803800979687 -0.332311815608 -0.00682687943353 -0.00554461758905