-0.00975978447378 0.0264706943917 -0.0679075335566 -0.0579857249313 0.0579744650463 -0.0724286508413 0.0170616933685 -0.200745471783 0.289752976353 0.563002460528 0.0402813509068 -0.0540991132465 0.0185711037967 -0.0856395015295 0.0272780919749 -0.218737728396 0.159295205181 0.013791760287 -0.319763734603 -0.541406103711 -0.119134000934 -0.00346065546622 -0.174562469436 0.0721478707837 -0.0228408913841 -0.032174202628 -0.0888135247684 -0.00497443326071
-0.566420980863 -0.00484475854486 0.0387849757839 0.0163423606047 -0.0830070868929 -0.0647820863631 0.00930146671439 -0.680092090165 0.105427391379 0.216723580491 0.158442872831 -0.0335070387147 -0.000189747890018 0.00287430753888 0.0464603361036 -0.0814384643778 0.0536456036531 -0.00381822926398 -0.190475184119 -0.194707155508 -0.104990747021 0.0162607185554 -0.139827764264 -0.0234078475289 -0.00497533135776 0.039958833573 -0.0211779804144 -0.00474609583288
-0.551385933207 0.0325023441439 -0.150943355916 -0.0460641479549 -0.0318107691133 0.0259065989413 -0.0146171588896 -0.660142778098 0.046075388368 0.0991793134849 -0.153410847813 -0.0635841472717 0.0177968193183 -0.105390462713 0.0586267485986 -0.0801480843269 0.0675998365565 0.00150827821085 0.00762592105177 -0.366603922308 -0.0840679491762 0.0132895775297 0.0682691117742 0.0465340944047 -0.00543662663062 -0.13269157518 -0.0203772502921 0.0188029737503
-0.523365017665 0.0449110950721 -0.142975822601 0.0441720803652 -0.0517984122953 -0.0131032180422 -0.00262784730279 -0.537975869822 0.161095820738 0.0213587229845 -0.0346648041542 -0.0340800150563 0.0168195423506 -0.0859766245951 -0.0475951049915 -0.0888854951226 0.0657454105593 0.0128888297671 -0.537422161316 -0.139440980441 -0.0364219998384 0.00222898010222 -0.205759731999 0.0467475405888 -0.00848511418184 -0.0570740672274 -0.0225678532232 -0.0184253220716
-0.487706112424 -0.0473894298714 0.112586007846 0.0778347429163 0.00388091338472 0.000244804711111 0.00642306272633 -0.513709509112 0.152222859386 0.0434254717461 -0.0112932790707 0.0107523744518 0.011891029551 -0.0375060841651 -0.0289900540537 -0.0935703808658 0.0729010807037 0.00456925755663 -0.51628271827 0.161689638743 0.0372362669367 -0.0323559439126 -0.367703796624 0.0148027636114 -0.00198223439266 0.0410439957198 -0.0560604658438 -0.00691640403202
-0.655659615768 -0.00449776167194 0.0283212398521 -0.0411868238543 -0.023245985706 -0.017379458474 -0.00440014772848 -0.672110713426 0.0444543922915 0.00477836828672 0.0477149504394 0.00557797814208 -0.00433038519675 -0.00228886652902 0.0119638299944 -0.0355910404838 0.0829715367955 0.00726554342474 -0.120357086666 -0.269109701013 -0.0380153987924 0.0109118541854 -0.0266591714078 -0.0136095310595 -0.00703742564606 0.112659254741 -0.0145498238887 -0.000266454581292
-0.632835665252 -0.0221973535293 0.0815024016993 -0.0153430081683 -0.0356045806493 -0.0195245802447 0.00404650662327 -0.708645003087 0.0637267781749 0.0953411894461 0.0587001349503 -0.0205961824825 -0.00476365024891 -0.0605318210454 0.0753768294498 -0.0608280005342 0.000833063217891 -0.0011639869261 -0.134001718065 0.0888806874229 -0.053339462925 0.00858533843546 -0.163669183673 -0.034250578237 0.000523349311231 0.0364561154141 -0.00902814687071 0.00819476303057
-0.5407198066 0.0455149839325 -0.0186697259504 -0.0116009406084 0.0278576865462 -0.00777256572367 0.00436234147594 -0.689650572361 -0.00585506738524 0.0995603307888 -0.00486845555168 -0.0325279266783 0.000444377904781 -0.356485660367 0.143392264147 -0.0783669336683 0.0160510851895 0.00264087810864 0.0539391361006 -0.240918224912 -0.0404305487013 0.00253414688386 -0.0180375990628 -0.0167933693718 -0.00189086303114 -0.0058332948192 -0.0155324078938 0.00614538818924
-0.668356209617 0.00109438279117 -0.0592920875477 0.0863928946672 0.0454403112301 0.00148380531276 7.59755546851e-05 -0.62611062818 0.0131240632733 -0.00364534227796 -0.0477555278699 -0.0148057034049 0.00563094834769 -0.0715445365181 -0.0597443827837 -0.00173119218838 0.079820243235 0.00420343751482 -0.0821116668215 -0.340125452418 -0.0420944449094 0.00419462547695 0.0202033553641 0.0391912712241 -0.000817227084877 -0.0645109646791 -0.00997121849113 0.00422925195804
-0.61050278353 0.00249105549164 -0.011723886051 0.0613890256329 0.0628921226794 -0.0350370621489 0.00375244760066 -0.652987633336 -0.00798485812197 0.0364575345137 -0.0875330866715 -0.013395180756 0.0027959875425 -0.139051974043 0.0354363462527 -0.0634062273267 -0.00152247394144 -0.00520161113561 -0.200023314275 -0.254157502593 -0.0540394922682 0.00176742638565 -0.222192504161 0.0256435884036 -0.00385916626293 -0.0108352650956 -0.0131322446101 -0.00635780308035
-0.525698811728 0.0154069046858 0.00999116001825 -0.0028536578837 -0.0594738964908 -0.026234330595 0.00570762216218 -0.558190776987 -0.0545804694156 0.0609697652266 0.0470430228025 -0.00317962228098 -4.85774173087e-05 -0.097268341127 -0.0790401965332 -0.0412561841738 0.0183668993728 5.21392619015e-05 -0.473411317636 -0.00179275784292 -0.0225460462856 0.0060725296105 -0.372285659643 -0.0167458619516 -0.00410916767597 -0.130542348847 -0.00651910231808 -0.0121943007659
-0.465264099591 0.0032352017062 -0.00468946100753 -0.0531531503571 -0.0197446420252 0.0130771807414 -0.00444529130186 -0.519629691259 -0.104308961972 -0.00536198686487 0.0272129219013 0.0201925370672 0.00257221128635 -0.209139764744 -0.046516659942 -0.036932863046 -0.00959300048302 -0.00624659515033 -0.445639866142 0.158359846218 -0.0404873814643 0.0038046968381 -0.351999740711 0.0090351519529 0.00171085884393 -0.317921243676 0.00456105935917 0.0142862649211
-0.697947988479 -0.00804516973705 -0.027170670263 0.0776930393289 0.0890087964912 0.0511787039803 -0.0211940586943 -0.639465265009 0.0382590541903 0.0539056453994 -0.0213661627069 0.0174349719783 0.00866209358058 -0.0427494738061 0.0352666512138 0.00110446960566 0.0176283489415 -0.00164766082243 -0.186666245951 -0.0124301888853 -0.0178773144925 0.0108410219246 -0.180370123035 0.0322216721225 -0.00488840334841 -0.0908551183968 -0.0105098657443 0.0116188141992
-0.661697830081 0.0354908288579 -0.0844966641429 0.0322582842414 -0.0397045915329 0.00347582968506 -0.0104328579522 -0.688011348812 0.022632791759 0.00765136275696 0.0939438852406 -0.00100912214088 -0.00950712110227 -0.116597565666 0.00601460598531 -0.0835341398337 0.0509217024314 0.00128087014036 -0.174089930804 -0.0789274103859 -0.0352113931507 0.022442149882 0.0801927090937 0.00860883944202 0.00140553453192 0.00147274268749 -0.0132360562247 -0.00173941807884
-0.594125667045 -0.000134791125205 -0.0668762879969 -0.0184571732313 0.0136986251116 -0.0125731038391 -0.00653142872861 -0.565647737716 -0.00648088658134 -0.0300371139674 -0.0195529395051 0.020174106225 -0.00960153598899 -0.0206919377162 -0.0715936081066 0.0262017216367 0.0705387408202 -0.00431758744944 -0.463251511883 -0.0731203927156 -0.042451818141 0.00314024448099 -0.27595258314 0.0402610664547 0.00154817411488 -0.0913414040178 0.00230502267415 -0.0302171362429
-0.616359937442 0.0130184612699 0.0475322327693 0.106750675868 0.0754709913274 -0.00531104635007 -6.27193322854e-05 -0.578730077778 0.0350499492456 -0.0407426554909 -0.0323900041769 0.0394075802627 -0.00115485040478 0.0272424298979 -0.0353160140311 -0.00874363841912 0.0728991481159 -0.00507883874887 -0.408659227473 0.0636039780835 -0.00042293443157 -0.00833128254799 -0.279175461486 0.00366431373621 -0.000758116364718 0.0552491624132 -0.0222907385853 0.0102891815921
-0.687832388331 -0.0313934693081 0.104453040561 0.055042661934 -0.0163135608514 0.0109792633356 -0.00105283460877 -0.601317187409 0.0243839749037 0.0406053891268 0.00763104022951 0.0130505561863 -0.00247194867795 -0.010987571314 -0.00895931169322 -0.0563785545647 0.0567777427579 -0.0116774112021 -0.266598619446 0.0455485743549 0.0236011717427 -0.0141735275319 -0.250933685111 0.0255220514935 0.0109601577866 0.046779349541 -0.0208686904971 0.0224211045516
-0.42863594118 0.00802345792405 -0.023425157267 0.0315600731718 -0.0297667369939 0.0178463243038 0.00582852313181 -0.490106016653 -0.0557098957845 -0.121910725955 -0.0646664704366 -0.0268337688521 0.0089265279363 -0.260851665533 -0.0809660666326 -0.0609962289643 0.00992955420754 -0.000396179627438 -0.415359396612 -0.0224166983524 0.0165601083342 -0.012931936827 -0.537869798729 0.0092881790768 -0.0048499535363 -0.0942383507823 -0.00915058841569 -0.00286961619893
-0.510531419345 0.0045347423663 -0.0085320332223 -0.0101084661077 0.0253985525414 -0.016203736421 -0.00690789345644 -0.572381725122 0.0937875905473 0.00861305073505 -0.0114556725336 -0.0247556069176 0.012853913626 -0.127240728951 -0.0293619595991 -0.039080484281 0.00133605732963 0.014799896292 -0.439174437957 -0.0250172489877 0.00925573632289 -0.0193691516468 -0.432015999721 0.0273574927892 -0.00823251739168 0.00510210730995 -0.0197301253331 -0.0132542297169
-0.547400348743 -0.000854167745538 -0.00369722126749 0.013385358121 -0.0265308453934 0.00312344112086 0.0150288012837 -0.642022003916 0.0959180677524 0.0998325685311 0.0106745468894 -0.0186739317502 -0.000201518875168 -0.0986002037171 0.0165128282964 -0.0822904741447 0.0291300839171 0.0089211269689 -0.39105925068 0.120873965674 0.0334873243366 -0.0322871936361 -0.276279563791 0.00523305123294 -0.00512872384859 -0.0431417401695 -0.0372150687663 -0.0192741663645
-0.569730151767 -0.00378905144226 -0.00152490871067 0.0105864741878 -0.0179228484131 -0.0174800945947 -0.00198105754735 -0.619319972017 0.0955893186821 0.0632663787626 0.00539655016668 -0.0169588647875 0.00612177844233 -0.266238950868 -0.0578787233919 -0.126552727872 -0.0205950799593 0.0130842544787 -0.335652762722 0.157912229888 0.0468208478162 -0.0249699773367 -0.19966765114 -0.015549847365 -0.00909446895034 0.00925517215265 -0.0649279252086 -0.0429525680953