-0.0125808576189 0.00149476342505 0.0244523060079 0.114307221856 0.0335529377906 -0.0410304850983 -0.00033072754794 -0.0209466614921 -0.0949668158571 0.0755072700443 -0.0974704013745 0.0596729459684 -0.0296605738477 -0.191257527379 -0.120757555117 0.534750765308 -0.145212520942 0.0131730804207 -0.224317022573 0.56491226131 0.116002251605 -0.010379869431 -0.417065362993 0.187851941429 -0.0119278164981 -0.0513262045791 -0.0294259008108 -0.00174683610754
-0.371576357922 -0.0139308780995 -0.0171266153179 -0.0208676279293 0.00195107818366 0.0268561866952 0.0119198525945 -0.48091483121 -0.145158093998 0.0326644091889 -0.105983525339 0.0582931821461 -0.00870750276497 -0.166279107909 0.0507962995016 0.278659421762 -0.0705443461142 0.00850962272082 -0.334553950175 0.350439573881 0.0408219531675 -0.00573392286362 -0.479490270654 0.0717002549888 0.0182299762595 -0.077365110748 -0.00020156834855 -0.0358546583637
-0.462265868667 -0.00909551006668 0.0313701922017 0.0127893890526 0.0720545318839 -5.12857949834e-05 -0.0145113105969 -0.457684129863 0.0439789532857 0.0563876643259 0.0090033653729 0.00408819160442 -0.0217182537985 -0.471555302719 -0.248961385042 0.0618664747904 -0.107102023853 0.00561132089531 -0.218906324857 0.388035643221 0.0361112999986 -0.00732908859118 -0.248553882588 0.0367488163059 -0.0228103057164 0.0321388087028 -0.00735687089104 0.0160410982248
-0.63769105995 0.0135169374565 -0.193062514716 -0.0190900941819 -0.0373290443681 0.0354666573286 0.00346046583101 -0.565656824552 0.0471882015823 0.043731024309 -0.00981024799337 0.0287654440166 -0.0156026681849 -0.17780643381 -0.145957817389 0.251708302675 -0.0980847043874 -0.0185970717537 0.0489356977326 0.147192338956 0.0382730975547 -0.00521648859353 -0.242963159983 0.11681501608 -0.012536701629 0.0455397432594 -0.0233677151631 -0.0185475466104
-0.54643196949 -0.0594209049137 0.171431811095 0.016562547131 0.0886103539965 -0.0433218976762 0.00764956023338 -0.43487703696 0.108902472992 -0.00857445109667 -0.0226078720892 -0.013954181332 -0.00163268272691 -0.0886124367568 0.0156143400328 0.360453793789 -0.0566395442133 0.00856267232274 -0.269288274591 0.12028027398 0.0668112636876 -0.00250036144022 -0.429632151575 0.0375684904473 -0.000111648688624 -0.190421043884 -0.0304115974245 0.0270769023543
-0.371280415383 -0.0307903046874 -0.0294776051624 -0.0218075832042 -0.0269149043305 0.0164460855032 0.0113926359369 -0.374947213575 -0.0297283197078 -0.0256383389805 -0.0288761403347 0.0196450426419 0.00494455502004 -0.315014122877 0.166243028386 0.220978090499 -0.0503520686794 -0.000507711273132 -0.488107136249 0.182559801634 -0.00366444616261 0.000380779609017 -0.484661352511 0.00918767559667 -0.00688805018308 -0.130343252425 0.0112352980137 -0.115719729005
-0.480658989477 0.0184767260759 0.0136643824358 0.0249224460296 0.0383662613002 0.0127357359603 0.0023420232341 -0.562034975933 -0.107304983891 0.00396761251225 -0.00622699147681 0.0400196879938 0.0102881427401 -0.163000666629 0.053175358953 0.131551688962 -0.0714030266216 0.0170872867233 -0.362956163293 0.335735807113 0.0165456099846 0.00094032919707 -0.362045579248 0.0535877096838 0.0109196129718 -0.0548933541218 0.0239520126747 -0.0504001426691
-0.644869415137 0.00602188113031 -0.0545943838101 0.0171192692393 -0.00601712488346 0.0373226388804 -0.0130969770822 -0.623365908452 0.0492210129265 0.0318064856192 0.0178501791855 0.0111304461982 -0.00801933302506 -0.131159226116 -0.177430044075 0.0471955945359 -0.048936676411 0.00866062150382 -0.173146282817 0.234514142022 0.0249111237112 -0.00551151095535 -0.203470623372 0.0447363754411 -0.00603082771899 0.0622704913009 -0.0116018431397 0.0157328935728
-0.489570856521 0.0108165345033 0.02374312409 -0.0002128717106 0.00320153086294 -0.0173698501152 0.00573787223337 -0.581139535404 0.0056990802339 0.0215198499027 0.0813753025741 0.0551076173636 -0.000509794465411 -0.361861935424 -0.145903954613 0.0387602760664 -0.0710931210057 3.6729198272e-05 -0.306923119463 0.31515795876 0.0237953675473 -0.00330477453843 -0.23955493128 0.00345532893786 -0.0066071729982 0.011671922393 0.0119408335309 -0.0283521887177
-0.668355289907 -0.00816067921754 -0.0417835019778 -0.0474792998954 -0.143283567924 -0.00105293872044 0.00147626699569 -0.467135346895 -0.0219367991027 0.0306253019584 -0.02041209887 0.0185023320177 0.000296581385163 -0.0604843133327 -0.0581974409948 0.180712301677 -0.0132475165692 0.00439640701941 -0.15884033925 0.244623073313 0.0337528557338 -0.00934625464236 -0.425070719143 0.0350028053244 0.00249670382011 0.00889125394325 -0.00935760445544 0.00546108813261
-0.636109026008 0.00572417691596 0.07520259419 0.0398952049795 0.0583837259311 -0.00484767942271 0.00483235908347 -0.567303243812 0.0232954714801 0.0648280151581 -0.0847939976099 -0.00677031963658 -0.00712423166243 -0.245808997839 0.0901315385821 0.176849315835 -0.00300156280044 -0.00338132172241 -0.180681976842 0.183000883646 0.0547621196703 -0.00110070620052 -0.25479683795 0.0920518209667 0.0179632390251 -0.0733607777556 -0.0159784383142 0.0493254124693
-0.567336859712 0.0521540738317 0.00192849207181 0.0417901684333 0.0777217013619 0.0474662710308 -0.016634461172 -0.544414970883 -0.0290877077194 -0.0213782632135 -0.104723094508 -0.00835166959471 0.00310159980908 -0.374765186369 -0.168518554705 0.0609676434205 -0.0756876646307 0.00213745377452 -0.0788451127434 0.13219329466 0.0233416652923 0.00413521126908 -0.390829637115 0.0233483156884 -0.00031615590775 -0.0126886239356 0.00573832685711 -0.0176912901528
-0.569486404169 -0.0228258469734 0.00876706795551 -0.0585299448403 -0.0205497682284 -0.0445821682971 -0.0111491245247 -0.51279767461 0.0169013647872 -0.0139973249743 0.00415560849499 -0.0282821763483 -0.0112656626987 -0.522503328171 -0.144500691104 -0.00403970799414 -0.0734489856235 -0.00123072753473 -0.131988845846 0.260089404151 0.000213939757602 -0.00026733695643 -0.131668449668 -0.000302400820671 -0.00872789309691 -0.0152969181906 -0.0168395494347 0.0493911151747
-0.668681741955 -0.0454828120549 -0.0710896681677 0.046545277136 0.04660225725 0.0769237276954 -0.00309315517439 -0.555888569589 0.00718899135884 0.0489820710766 0.0573854518839 0.00718970795911 0.0149905390549 -0.277465701877 -0.152154940018 0.0179076863666 -0.0737972023816 0.000624848687597 -0.235397434393 0.0184294042049 0.0254800738966 -0.000350189322564 -0.217317438782 0.0786279176028 0.00903201999904 0.00808849767847 0.00652181178611 -0.0673762963332
-0.704367003897 0.0173613789525 -0.0456540820394 -0.0854337299802 -0.0523373632372 -0.0244425111528 0.00917574693529 -0.620718034705 -0.0235512057197 -0.0458785336288 0.0717664173337 0.00866934918957 -0.00638848757828 -0.12219079893 0.0116946490657 0.23954172398 0.0192208454406 -0.0120642563751 -0.121905579256 0.051209672703 0.00753472840841 -0.0103119708344 -0.0423287640745 0.0535510614233 -0.0215269777948 -0.0370490949338 -0.0150131574504 0.0146601406071
-0.460557341272 -0.0187886925413 0.0249968288857 -0.0147958867043 -0.0327596106237 0.00574699717308 0.00357022850954 -0.620783361299 0.0137371108951 -0.140204578887 -0.117966110145 -0.0140066307576 -0.00445333642019 -0.152391296198 0.0410523806302 0.143084683624 0.0429396530515 0.0108948230939 -0.23515662591 0.035666438031 0.0334268621771 0.0157578258532 -0.472915418114 0.0634529556632 0.00782276758303 -0.180159127809 0.0162316947098 0.0219857579998
-0.707280955818 -0.011152647486 0.131083429239 -0.0671263127453 0.0140017017099 -0.0426560301992 0.000977141162328 -0.532652127664 0.00734085748308 -0.0299859326636 -0.0638972362378 -0.01513174379 0.00140112086117 -0.1560186792 -0.119032358115 0.179763668436 -0.0481754359531 -0.00611533583367 -0.228934918257 0.125954645735 0.0550222441695 -0.00775336935763 -0.158131327142 0.0246854664399 -0.00362553800437 -0.120178290012 -0.0345490528458 0.0335737661923
-0.669878121629 0.0363625699647 -0.0153693424069 0.0469475411056 0.0873735047673 0.0561765419003 -0.00185240922747 -0.598336149075 -0.0315086549399 -0.0136091274132 -0.0937563157454 0.00544959181544 -0.0043767509044 -0.129867460475 -0.103144678558 -0.00252489845184 -0.0775329565404 0.000149711780988 0.151581581256 0.057068478472 0.0103769869969 0.00631584258086 -0.322657133189 0.0202357899368 0.00682336448281 0.062272087133 -0.0182480067475 0.0024879179375
-0.672217561121 0.00939864844674 -0.0326191742015 -0.038851896064 -0.0973022208504 -0.016017636661 0.000524135488832 -0.657490316125 0.110687911036 0.0481890746872 -0.0672881620465 -0.026725343337 -0.00359746881094 -0.0944101134931 -0.0883609132298 0.153401196842 -0.0449313325123 -0.00457975941049 0.0441748279433 0.110249571951 0.0150204670929 -0.00476237853532 -0.158714707485 0.0371873105726 -0.00891763267736 0.00702255734826 -0.0162123944655 0.00158546117304
-0.422512532508 -0.00709801001179 -0.00459837581907 0.00265310369875 0.0122006485089 0.00955890882995 0.00255551122242 -0.70712281463 0.0656074787631 0.051921937333 0.141526275129 -0.0151718537401 0.00386701891431 -0.105168521032 0.0485244378837 0.27092305021 -0.0293555120602 -0.0022186934104 -0.11464541372 0.0145211888249 0.0171973798745 -0.0119592652194 -0.423959952428 0.0324902411765 -0.00760681001828 -0.101881024252 -0.0339207303157 9.7446245181e-05
-0.543431910311 -0.0323118269246 0.0588595551492 -0.0242841850091 0.0818634464155 -0.0371999985947 -0.00170923789552 -0.461646844886 0.0206937039529 0.0198124727925 0.0644773063497 0.0110272974609 -0.0040066438621 -0.208198646788 -0.163779017911 0.148584920022 -0.0635954367103 0.00491956033126 -0.409056581575 -0.0996872395758 0.0228614606194 -0.000304793103309 -0.438461158329 0.0183066047862 0.00977328750465 -0.0791087475924 -0.014707587499 -0.00209321680173