-0.0027410053517 0.00456736152568 -0.0106256020788 -0.00149645088258 -0.0487346097879 0.00114940262115 -0.0123613990112 -0.0442884971645 -0.142426635402 0.06558032513 0.125666836352 0.00851653412334 -0.00303422953831 -0.421293866359 -0.709312981682 0.0411109850554 -0.103988086312 -0.0116061348611 -0.451715254808 -0.033959904935 -0.228802674672 0.0345722219788 -0.0209729492077 0.00788320686155 -0.00900510866688 -0.040791537293 -0.0255736467809 -0.00267035402544
-0.529331313732 -0.0373164554695 0.0534794859429 -0.197082179309 0.0553998678674 0.060492517292 -0.0108841995071 -0.401467964722 0.0124887982162 -0.0253031669712 0.103872033109 0.0211153073374 0.0218315623756 -0.282822104465 -0.476233537987 -0.0118733191305 -0.082380018255 -0.00719197599699 -0.376839787084 0.00837653028803 -0.105114222165 0.0168832117868 -0.163770427464 0.015359377514 -0.00240965892672 -0.0334109018464 -0.0190155644761 0.021544123718
-0.478861475054 0.0123488588625 -0.0549621191273 0.122566766117 -0.101085624713 -0.0468886513684 0.00183342808286 -0.408701477581 0.00436453709785 -0.0132568314598 0.0173701527224 0.0253502750867 -0.0274564042831 -0.279342596483 -0.450975251449 -0.0793618491604 -0.0968587346699 -0.0109387005971 -0.349783672526 0.0654089678498 -0.0837268822651 0.0195000960675 -0.37229489042 0.00511469723849 0.000888853320944 0.0193666397482 -0.0151037963732 0.0261548112792
-0.593499499286 0.0177359253764 0.0449791407574 -0.243436536136 0.0581344166257 0.0587727712059 -0.00447566937336 -0.4490609741 -0.0343386591512 -0.0730572225934 -0.138279596799 0.00775220981152 -0.00512616781074 -0.267057400819 -0.334746993165 0.11443533325 -0.040683556115 -0.00341661319059 -0.333095877294 -0.07997021931 -0.131015270468 0.0183479244962 0.128710698304 -0.0214108658384 -0.013848592582 -0.0379765421687 -0.00879590406881 -0.0142158037684
-0.554168412692 0.0155767188867 -0.0264627730782 0.205965539666 -0.0741956655323 -0.0955316600674 0.0126767232406 -0.395629001808 -0.0255180686951 -0.0712961094106 -0.0369457485001 -0.0239239297811 0.00215621288335 -0.337970797037 -0.269097948584 0.0451247095482 -0.00229171397644 0.000694993183812 -0.359611106088 -0.0686678566291 -0.193405547039 0.0168837927829 -0.313360525106 -0.00669008490683 0.00086208095793 -0.0968597965209 -0.0143531391151 -0.0480392747846
-0.442985417935 -0.0548729249744 0.0199429936979 -0.0672457547524 -0.0127707679536 0.00241764692041 -0.00329825638091 -0.445177140173 0.03781045795 -0.0483118930966 0.0678937712033 0.0128204758966 0.00301526355971 -0.211042608077 -0.288889889254 -0.0240427826816 -0.0432849667552 -0.00456630365447 -0.247531326653 0.0404731317738 -0.0636120049367 0.00539961919345 -0.620530110333 -0.00105204793666 0.00117515138558 -0.0747680831559 -0.0245108450103 0.0147817672867
-0.498619288838 -0.0346241467734 -0.00822485869079 -0.0398333757492 0.0496185658226 0.0280632061778 0.011052842645 -0.595190166185 0.0290018150476 -0.119659540498 0.0555119793031 0.0113718312657 0.00411383354034 -0.186919331731 -0.256073005216 -0.0343071574396 -0.062999178821 -0.0158681522332 -0.300168687898 0.0342497796461 -0.0455604558901 0.0147107902085 -0.415022671633 0.00216133049804 0.00523537788011 -0.00013843461756 -0.0217388420819 -0.0170413296193
-0.526257855964 0.0359199540524 -0.0109314950731 0.0317748284382 -0.0435246134379 -0.00573994632561 0.00105868276398 -0.620331529541 0.0229906446162 -0.113731607876 0.097728044047 0.013100881768 0.00454209677531 -0.209695306645 -0.237074120042 -0.0497676311846 -0.0558642736387 -0.0113261552436 -0.319024839761 0.0574948573886 -0.0365605073456 0.0113392219261 -0.313065078608 0.00439837160533 -0.000155149686989 0.00631788189674 -0.012294969635 0.00412466399569
-0.435019773033 0.0699336475046 -0.0247700952135 0.0413599781004 0.00877167523189 0.0126995276014 0.00146134632733 -0.520309023681 0.0207081539745 -0.0980509231909 0.0139700569538 0.0012602231392 0.00047377729806 -0.162233822722 -0.262316167232 -0.0726622072111 -0.0586306901004 -0.0240722815394 -0.197663832352 0.102649235412 -0.0493086302574 0.0205718335286 -0.604071846092 -0.00289638135756 0.00128278609616 -0.0216959458028 -0.00824839503807 0.000929102416426
-0.611147255774 0.0714183812393 0.000807564087771 -0.136330094657 0.0049123869242 0.0183047189125 -0.0126057534864 -0.511514015997 -0.0271792734663 0.0499142609489 0.0516481205699 0.00503529476146 -0.00259780364979 -0.213619117706 -0.318257952626 -0.0176014941585 -0.057278277635 0.0144243893202 -0.262541014291 0.00581984777783 -0.0854455956933 0.00442657811592 -0.320621755952 0.0252081929246 -0.0109265094604 -0.051497131037 -0.00176830920599 0.0388210402827
-0.529028999213 0.00115651811339 -0.0206176591225 -0.0354530763116 0.00390174154735 0.0421487138485 -0.00228215161747 -0.580424371958 0.000415433912265 0.0643656652254 0.0674696912741 0.000897783564925 0.0061340124897 -0.217715648358 -0.187830046858 -0.026420029175 -0.0862999744209 0.00104277738946 -0.521800165033 0.046529516937 -0.00430374113431 -0.00393966090728 0.0739589653169 0.00111646030593 -1.67546766374e-05 0.0141317157428 0.00288810874275 -0.00641697687254
-0.582136331039 -0.0519116256411 0.00788755224708 -0.0209023892079 -0.083720806433 -0.0130893163356 -0.0051783424138 -0.615099251907 -0.0161533569273 0.065010879042 -0.104361697634 0.0143215138967 0.00905010731608 -0.186695560086 -0.17402612661 -0.0460945811492 -0.0702777098632 0.00866482560282 -0.416759294119 0.0619230075882 -0.0106579516713 -0.0085192341693 -0.0689924206125 -0.0126287463181 0.00368487329237 0.0253546316455 -0.00724376946858 0.0329676849709
-0.451782898594 -0.0779796560699 -0.00928724198226 0.0625339578701 0.0299420898196 0.00740843346757 -0.000347426475806 -0.502403390198 -0.0196169260848 0.0885149868017 -0.0149979717512 0.00623971595514 0.00887697907379 -0.146314438308 -0.252325239001 -0.0591519092977 -0.0622679935344 0.0105865569337 -0.172356044405 0.0923047177558 -0.0455241168375 0.00399634241828 -0.625179229268 0.00185166168711 0.0065649002487 0.00516268538913 -0.00060029015019 0.00945917627828
-0.512201635092 0.0431800671557 0.00535379517645 -0.0670765432798 0.0405714742399 0.0345585506365 -0.00162318726038 -0.445425498392 -0.0292373207953 0.0328201314021 -0.00671642638211 -0.0106047540246 0.00098186495297 -0.37030247919 -0.226220469377 0.149961934303 -0.0358105122565 0.000759960910437 -0.490282860157 -0.202817150246 -0.103108488407 0.007949708099 -0.0638033081769 0.00667594459052 -0.0115138484331 -0.138334545087 0.00369982463907 -0.0156117205176
-0.47762720762 -0.0314349603574 -0.00148987152703 -0.02801204198 -0.0372606180245 0.00268751142874 0.00111594298021 -0.528230255864 -0.0298320857561 0.0441796623701 -0.0605959434375 0.0194912538421 -0.000773324368312 -0.227052408493 -0.112666289373 0.000839344008169 -0.07528251269 0.000793545226773 -0.629813316636 0.0586290476493 -0.0081056691544 0.00124719167845 0.0802412387247 -0.0774635560451 -0.00630759202413 0.00568462492759 0.00209174544116 0.0133623400453
-0.678909670786 0.0406785429659 -0.0144032122791 0.0727473164373 -0.0852156701816 -0.00266290012896 -0.00268696358944 -0.589121597713 -0.0115003883299 -0.0339165853648 0.0371881555803 -0.0308250608262 0.00627343067424 -0.180595487771 -0.2403342158 0.0418023483921 -0.0205646705996 -0.00325974184873 -0.234831304708 -0.0931185223555 -0.108343320177 0.0070095765562 -0.0530664946699 -0.0142468606651 -0.00043065412004 0.0479163203668 -0.0120226001074 0.0176563844051
-0.314054624692 -0.0110169754337 -0.010262485948 0.00526023143514 0.0363945341211 -0.0261260038153 0.0022551724627 -0.320220679848 -0.0164654259129 -0.00505203359285 0.0553931337869 -0.0250352813094 0.00823529495944 -0.418301370408 -0.14827256194 -0.0155102373111 -0.00583485784362 -8.5190552078e-06 -0.454016443 0.0362792485542 -0.0990209041077 0.00182565277605 -0.573230068262 -0.0188457373736 0.00256131555347 -0.217589720297 -0.0059769277547 -0.040936293687
-0.384796180617 -0.0243452770853 0.00572972345311 -0.0394753061362 -0.00289792701481 0.0321632588868 0.00963565836829 -0.394284057324 0.0066984710994 -0.0551106749286 0.016009120805 0.0223776925879 -0.0162671105455 -0.306693819025 -0.165693008612 -0.0504679721716 -0.0237716907371 -0.00445365015589 -0.27527575062 0.0916984877286 -0.0926198125226 0.00849604678959 -0.670892663562 -0.0181880002736 -0.000218294722968 -0.134837118907 -0.0179805537051 -0.0513163344803
-0.550118217292 0.00284868780869 -0.0361355422993 -0.0673362985836 0.0249501517514 -0.00659400415699 -0.00155340476074 -0.700024070932 0.0144362384444 -0.103806209092 -0.0967354793592 0.00845363358381 0.00602258731209 -0.0887855673199 -0.153884296861 0.0238704980571 -0.0521869996997 0.0116043609646 -0.367602688744 0.0523031941325 -0.0159010890176 -0.0040774647979 0.0697374654092 -0.015918490189 0.0108455619872 0.0417905291474 -0.00829685734258 0.013874308752
-0.721145656997 0.0404151195574 0.0147902217015 0.156956942464 -0.0444366951481 -0.0277013419488 0.0113506731211 -0.578075173097 0.0277108993831 -0.0363632769418 -0.0637153960232 0.0158964381947 0.0168730502926 -0.0786368602578 -0.142523713856 0.00424037816224 -0.007633209753 0.00596665419897 -0.156748619979 0.000654592837949 -0.107336911881 0.0113314103679 -0.215345389825 -0.00628507158555 -0.00285025793971 0.0105197154435 -0.0116458445042 0.015363324327
-0.167363498558 -0.000592352071001 -0.011168628835 0.00136178183898 0.00625605570898 -0.0018434947164 0.00591967852853 -0.167762435736 -0.00509874399692 -0.00212624333405 0.00560411345709 0.00731152536769 0.00354214604155 -0.522120020269 -0.07245464744 -0.0430439811445 -0.00247702656836 -0.00152092214923 -0.442653296353 -0.0498661997729 -0.000692679367238 0.00138228901286 -0.525311193851 0.00758154311306 0.00120890052806 -0.432974011322 0.00239656019541 -0.0433422283005