-0.00467834631091 -0.021918166591 -0.0037104377945 -0.0512793242232 0.0785643476727 -0.00943633139815 0.0421775108818 -0.191999636784 -0.139716450819 -0.57821611043 0.28720835304 0.0603916463239 -0.0149332786933 -0.169094481923 0.0282732285979 -0.383938525536 -0.431862939454 0.00268491778649 -0.178463299525 0.270261494629 0.124085633693 -0.0101570352702 -0.134012836872 0.0192282048278 0.00339416279568 -0.0953726080812 -0.0243677137588 -0.00128870230525
-0.432313845438 -0.0555156403642 -0.0694249354329 0.000569830064767 0.112792918211 0.0673616205 0.0143606734804 -0.404322793951 -0.0681465938223 0.00105484397327 0.0769685948771 0.0429974328836 0.00797152016851 -0.0123561784588 -0.120848697669 -0.0149442825695 -0.0881227979435 -0.00313898528066 -0.587535714404 0.366502312495 0.0374424805607 0.013644907312 -0.296001187314 0.0388847443118 0.000412495810007 -0.0472548421912 0.00432209157015 -0.128574063056
-0.507415537166 0.00557314261997 0.0511569581808 -0.0416025244625 -0.156471829193 -0.0675575685248 -0.0125930860961 -0.38367926778 -0.0233922067893 -0.00977884781641 0.00134659588063 0.0100195069319 0.00115362081407 -0.124978963997 -0.166322297138 -0.00702398327835 -0.118981731937 -0.00490455105698 -0.52039392599 0.450178147067 0.0196379394989 -9.67049325715e-05 -0.164413493372 -0.000720981579257 -0.00140701932169 -0.0319334672302 -0.00203371393968 -0.0395157849625
-0.615018423032 0.0558247881609 -0.0535709232926 0.131505106421 0.00663950607711 0.0411879030079 -0.0115504099927 -0.688233330863 0.0786300286176 -0.146507997615 -0.156063335544 -0.0463483695107 -0.0199058455741 -0.0163804614524 0.0792902576214 -0.141820009504 -0.164018721707 0.0058855499655 -0.000244854051348 -0.00373576644232 0.0269853100996 -0.00459379456831 -0.0842385452714 -0.0176616484452 -0.00111605613062 0.00881185317417 -0.0330998929063 0.0737233762155
-0.575526136879 -0.0337774995975 0.0604530842285 -0.0920022499047 -0.093864135074 -0.0524713491891 0.0178954838406 -0.657836126185 0.0125705471134 -0.238418174586 0.0431297567755 0.00299944803139 -0.00779827983741 -0.184660352598 0.107073771787 -0.164880818687 -0.163504359259 0.0129389040118 -0.0517766403795 -0.0708340732974 0.0414996840675 -0.0201030547763 -0.157603945999 -0.0463631241881 -0.0117642045821 -0.0683843072725 -0.00243767557295 0.103253276121
-0.105217548101 0 0 0 0 0 0 -0.106347599712 0 0 0 0 0 -0.465285273187 0 0 0 0 -0.44410824089 0 0 0 -0.509326861134 0 0 -0.529664641732 0 -0.15472057511
-0.554673923042 -0.0336197597447 -0.00583835684085 0.0332758076734 0.0667796336207 0.031182985138 0.00361964218595 -0.510031232498 -0.0136603690962 0.00411174479504 0.0259354782701 0.0316957549644 -0.00357966431353 -0.139538354226 -0.105420614958 -0.0185595665005 -0.09118275698 0.00374259644377 -0.481787141544 0.328105359229 0.00665034412071 0.0012467499968 -0.197917386623 0.0134681947328 -0.000119458747082 -0.0117955164879 -0.0103190756556 -0.0626213942917
-0.516636238115 0.0171899387373 -0.0121525192437 -0.0294274679898 0.0021097390735 0.012111379078 0.0113957471975 -0.589757305544 0.00479662241318 0.0442048081521 0.0638152245911 0.00505223800473 -0.0140423866446 -0.0707471040326 -0.0890693841484 0.0200440697748 -0.0636958007608 -0.000471353778032 -0.446071538912 0.364722257811 -0.0415605373115 0.00136653750832 -0.140567351608 -0.0728919007317 0.00268907760264 0.00814001232473 0.00618116308056 0.0331353231478
-0.383323809163 0.00584907998884 0.0152748144501 -0.00396159800422 -0.00874460736461 -0.0381637629099 -0.0168635995638 -0.369501768631 -0.00397948249309 0.00919496053639 0.010221988925 0.0096574729212 0.00356482965481 -0.170240954486 -0.0758551419539 -0.0400618314422 -0.0658323222081 -0.000699558785515 -0.547854842883 0.113043907587 0.0118466028162 0.00207179623558 -0.577560694751 0.0329859845644 0.00385275387596 -0.10570385912 0.00349130455569 -0.120462970079
-0.492405006395 -0.032065112873 -0.00997102140088 0.0255722693863 0.0521532609591 0.035788690899 0.00914389525934 -0.4735211103 -0.00359640860848 0.0251090206654 0.0377437724066 0.017996948427 0.000392694528913 -0.280328403418 -0.189976573436 -0.0051533060619 -0.0763113463218 0.00378955328425 -0.465885336121 0.252285456065 0.0264490983157 0.00305372882445 -0.271245951879 0.0571897164636 0.00685468582696 -0.146327164211 -0.00326451521039 -0.157471758476
-0.600378853073 -0.0172721644173 -0.0315714030375 -0.0491423162241 0.0112135933236 0.00346860583727 0.00451726223663 -0.623889909959 -0.048391397888 -0.0155900565672 0.0383994544957 0.00531426204347 -0.000808913358981 0.189619724907 -0.0739159643079 0.031614878195 -0.032792350872 -0.00088457030999 -0.323191920692 0.23846745332 0.0146098002803 0.0158252214581 -0.152161220624 -0.0165828838471 -0.0108420164334 0.10122499224 0.00682184279075 0.0568605141982
-0.637791392627 0.000326421894013 0.0249029036949 0.0580215359794 -0.00405954737193 0.0256774995949 -0.00920011458179 -0.642267586593 -0.0312287839801 -0.0173779401181 0.0460119572625 0.00680259541309 0.0123468495714 0.0583548870076 -0.140372034438 0.0255655521833 -0.0710615603532 -0.0054715060032 -0.241641595156 0.251406400513 0.0195917188355 -0.00303094270863 -0.08094268049 -0.0190204691688 -0.0114250226057 0.0897162426623 -0.00976655067858 0.0797123730797
-0.183033092155 0.000840750450568 0.00492151876756 0.00323168458541 -0.00458775760558 -0.0133835024218 -0.0110702902198 -0.182627744177 0.000427183464038 -0.00215454850525 0.00262156447916 -0.00350514291465 0.00590747768582 -0.555223897736 -0.00322359555869 -0.0305804192206 -0.0170679040785 0.000286612241547 -0.4880042237 -0.00909318252533 0.0148582388037 -0.00124406970757 -0.552643865904 0.0385187489609 -0.000385974573897 -0.272704720452 -0.0042478782164 -0.0589947473794
-0.711099964353 -0.0506966777461 -0.00856235165323 0.0291230849696 0.145583538459 0.0179878359403 0.00301134026535 -0.62733097952 0.00451787504164 -0.0862771043351 0.0657112956947 0.00193367867937 0.00131828249204 -0.167539570203 0.0686697622018 -0.112817729598 -0.103817305798 0.00615541020154 -0.0046725643407 0.0248328552813 0.0238027318308 0.0115386175394 -0.0616959630186 -0.0214269004968 -0.00762588826107 -0.0415461350002 0.000756317821852 0.0163991661291
-0.657781862846 0.0402292156937 -0.0162103375498 0.0504666718147 -0.0792292961292 -0.00993752625152 -0.00437464970009 -0.685902740062 0.0319218960335 -0.0826379037515 0.0224557933142 0.0250276587699 -0.00865839052147 0.181690562304 -0.00287404092624 0.0394217358992 -0.0315607309328 0.00134972066799 0.038211484146 0.118179135813 -0.0114044853173 -0.00403092955124 -0.075932540581 -0.0677297962831 0.00276767203419 0.0877523648345 -0.0146002335255 0.0869756992056
-0.65270368431 -0.0774283527125 0.0180233283779 -0.0758283080662 0.066897227495 -0.0125049901946 0.00509542668033 -0.71063862035 0.0198166946224 -0.108842879655 -0.00963772633502 0.00521412875748 0.00707817140849 0.0603006531873 -0.0122679441853 0.00999691459517 -0.0482238616936 0.00462580523321 0.083907687315 0.0846130923015 0.0326705934434 -0.0146921803508 -0.0727622736498 -0.0671792843087 0.00740136063303 0.0371935084228 -0.0113709947594 0.0821097541608
-0.486711887494 0.0670190173785 0.00115730917729 0.0333949828141 -0.0650278538739 -0.0133464220442 -0.0061835745235 -0.524346845411 0.000746371267044 -0.0350320847274 0.089169827132 0.014441902049 0.0110232539785 -0.232154154948 0.154415171723 -0.0839625604632 -0.0947816164806 -0.00269754894062 -0.439979651505 -0.282113805961 -0.00339600819157 0.00252119336299 -0.305651052622 0.0196164529641 -0.00555929743191 -0.0854174460012 0.0222740221351 -0.00328808328335
-0.435002492987 0.0531708111982 0.0053460463657 -0.0310845568365 0.030766594555 8.82739074645e-05 -0.00314489003808 -0.570608907968 -0.0077903116164 0.0743035026315 -0.0899438433706 -0.0190534126852 -0.000480348340829 -0.179791296922 0.170897730294 -0.0478071640843 -0.0789322011023 -0.00129519880858 -0.4808510773 -0.310330731645 0.00255872599449 -0.00247385445575 -0.249392818575 -0.0209680778406 0.0148516061841 -0.0763001232812 -0.00318598856442 -0.00959714314283
-0.614841779529 -0.054951560944 -0.00452080529619 0.0700863653642 -0.0948067741239 -0.0357438160123 0.00279011440675 -0.508332902445 -0.00533110284466 0.018098517154 -0.0547071181896 -0.00107373173128 4.94363823793e-05 -0.123919529662 0.150604187611 -0.0772532102332 -0.0876917002732 -0.00289068665993 -0.381209326804 -0.254428234882 0.00840935495811 0.00295354074416 -0.276702351919 0.0114409795518 -0.00725409500596 -0.0266302467077 -0.0293992894138 0.0428073534687
-0.593338614133 -0.0282277738314 0.0296712374706 -0.0578009237774 0.121307973615 -0.0134649822225 0.00425875969516 -0.474112776794 0.0140281474658 -0.0163928724206 0.0213961413154 -0.0147626783204 -0.0047559622733 -0.175167222289 0.19606191314 -0.0408483072029 -0.0818588866634 0.00255209661725 -0.425314591356 -0.245433896388 0.00502446672332 -0.00361062858813 -0.27812821955 -0.0321557204201 -0.0020632128649 -0.0500260448625 -0.00281933517654 0.0499680053276
-0.526779185307 -0.0252867125579 -0.0195072091147 0.0629381554252 -0.0751664597152 0.0148531088264 -0.0029908703994 -0.473376723576 -0.0045933140678 -0.00727875840953 -0.0444694575568 0.0132562155263 -0.0107752265043 -0.229825082152 0.164421517372 -0.0472837565278 -0.082410574736 0.00324300113823 -0.470419768727 -0.253928987122 0.0293907050819 -0.002726189439 -0.313900606637 -0.0554865573247 0.00121414784461 -0.0734603178565 -0.000563462713728 0.0516307553236