-0.000808320888844 -0.0024562275985 -0.0360482325923 -0.00209191537371 -0.0133119372101 0.016284697734 0.0102074243952 -0.0106829797753 -0.0877764406745 0.051508249886 -0.0731468303672 0.0893946352712 -0.0124888441446 -0.2779715577 -0.499368527329 -0.241666593083 -0.518581312638 0.0301174264437 -0.184774953496 0.371651006094 0.0474707568333 -0.0263849584192 -0.148492938017 0.303040163322 -0.00288922213225 -0.17375321218 -0.000902142315066 -0.00094509510051
-0.357169362181 -0.0364416217004 -0.0190003006964 0.0224113236215 0.0846149452034 0.0562569373348 0.00532898133776 -0.321675922894 -0.0121499561133 0.0135203895261 0.0523636950306 0.0364054172027 0.00146268117443 -0.21097793058 -0.104441202729 -0.0334841735726 -0.121692399994 0.00139413174817 -0.776398031587 0.266968511313 0.0131714517174 0.0089028597587 0.0266266681874 0.042752198741 0.00852861071191 -0.0595264876345 -0.00034046916535 -0.0136720477432
-0.340337940812 0.0437199021785 0.0245260083585 -0.0282495896346 -0.082646598446 -0.0541910186974 -0.0139210086816 -0.323535389255 -0.0302548108049 0.0305822458059 0.0703278805861 0.028875147207 0.00571535580895 -0.244551153061 -0.132719818306 -0.0918788282045 -0.112800317157 0.000565856001733 -0.764921805677 0.225881926887 0.00773480820959 -0.00502484678883 -0.08913150708 0.0493265234647 -0.0165334655607 -0.108864275331 0.00852854237514 -0.0344388444727
-0.618666701031 0.0360899708697 -0.0698219873751 0.0477343470077 0.119617439766 0.121926767198 0.00163984766894 -0.545811079282 0.0102973189496 -0.00552607918031 -0.107018099165 -0.014914511628 0.0017326677982 -0.231261396225 -0.20967011205 -0.098979440016 -0.187622786343 0.00450148851915 0.0038834745062 0.0794550649859 0.0152907968182 -0.00467895694971 -0.28965478517 0.12139182158 -0.0095154554134 -0.108919998651 -0.00929416039211 -0.100848522055
-0.646354403455 -0.0291752786616 0.132900085785 -0.0451472046521 -0.0876330583188 -0.107697396986 0.00475981127527 -0.523289747021 0.0622539300262 0.00671480821557 -0.00136624776784 0.00125427059954 0.0152190255724 0.193779963233 -0.145547288891 -0.0510901018151 -0.126927464857 0.0145637834236 0.294673003963 0.0779968448847 0.00751045376988 -0.0161996330737 -0.251082692822 0.0908553694295 -0.00822025504163 0.0665870529203 -0.00452482047669 0.132906345927
-0.109145040456 0 0 0 0 0 0 -0.109152921647 0 0 0 0 0 -0.463663664167 0 0 0 0 -0.446673384634 0 0 0 -0.510882488051 0 0 -0.533494321701 0 -0.126707481807
-0.456375218911 -0.0266882776067 -0.00295328675101 0.00805907960093 0.031992757844 0.0137066444523 0.0102477145092 -0.490496675522 -0.0111113365237 0.0116937043095 0.0476639756877 0.0397719701229 0.0116963656581 -0.184185479126 -0.060478002829 -0.0321945175386 -0.090073327468 0.00306857553027 -0.667690689688 0.201410982545 0.0119114406161 0.00561430718347 -0.0740513174348 0.0339751103071 0.00680841360202 -0.0489065698011 0.00534026330765 -0.0488403113126
-0.324322768818 0.00755348231508 0.00442579846193 -0.00200193019767 -0.0151210193058 -0.0171723563507 -0.0127540405969 -0.326913673212 -0.0053881171662 0.00325141753185 0.0161734076822 0.0191339628352 0.0171798176981 -0.311277268709 -0.0935212327242 -0.0526699919427 -0.0533319551914 -0.0091229168574 -0.71519955281 0.0946050322742 0.02769525044 0.00272701583916 -0.326689412139 0.0691942407351 -0.00998336042498 -0.189982381825 0.0214779066965 -0.0739488139006
-0.10914504045 9.67643244129e-30 -1.20467242421e-25 -1.43771772565e-26 -1.0098495933e-15 0 -3.5946318674e-38 -0.109152921642 8.72235360766e-18 -1.59868390538e-17 3.84961875783e-15 0 -6.41413949536e-29 -0.463663664145 7.30905174205e-16 -4.80100883966e-11 0 -1.00645588455e-13 -0.446673384613 -5.73224650407e-12 0 3.20030252898e-25 -0.51088248812 0 -1.43245238275e-23 -0.533494321676 0 -0.1267074818
-0.109145040456 0 0 0 0 0 0 -0.109152921647 0 0 0 0 0 -0.463663664167 0 0 0 0 -0.446673384634 0 0 0 -0.510882488051 0 0 -0.533494321701 0 -0.126707481807
-0.579753996996 0.00906233333307 -0.00237788901626 0.0166007897173 0.0451806595836 0.0214289918681 -0.00698726783587 -0.537655554195 0.00254950102684 -0.00666847126032 -0.0103829101368 0.00508503629185 0.00416825186884 0.0259024322721 -0.0912082206072 -0.00397123290029 -0.0937207471721 0.00142992111295 -0.46523857002 0.213830587809 -0.00334286138806 0.00796800551041 0.179847874107 -0.0133663119257 0.00593099303276 0.12695705146 -0.00397511575282 0.207286644565
-0.629465569957 0.0655372668063 0.000198770135436 -0.0309333314765 -0.0745878978353 -0.0455548921816 0.00459622155878 -0.545783635703 -0.0205561452897 0.0411157223156 0.0368369288394 -0.00698540264334 -0.00115014280533 0.011796916447 -0.103973269957 -0.0509152023613 -0.0803992286858 0.00526460686062 -0.429029287672 0.173223935441 -0.00885962484429 -0.00813745932349 0.100290035952 -0.00237475186294 -0.0219832010621 0.109312688526 -0.00134244176727 0.180865317594
-0.109145040428 7.47193721579e-29 3.12025283533e-23 1.09633712868e-14 -8.32146377349e-15 1.44489376422e-25 3.0744182027e-15 -0.10915292162 4.00967236106e-17 1.4150138653e-14 2.5520959419e-14 6.40605668497e-17 -1.90372823439e-17 -0.46366366405 -2.11547908016e-12 1.5043061305e-09 4.65762254422e-15 1.00582019426e-13 -0.446673384516 1.31772330506e-10 -1.74642463224e-13 2.59857311339e-16 -0.51088248842 6.69955809385e-12 -3.92408513427e-15 -0.533494321567 -1.56381533238e-15 -0.126707481775
-0.109145040456 0 0 0 0 0 0 -0.109152921647 0 0 0 0 0 -0.463663664167 0 0 0 0 -0.446673384634 0 0 0 -0.510882488051 0 0 -0.533494321701 0 -0.126707481807
-0.751035493463 0.0453028701701 -0.0367031788777 0.0293987643749 0.0855013677423 0.0450325208951 -0.00115715577584 -0.600578901796 0.000958381128262 0.0218539603268 -0.0366167627117 -0.0214124150395 0.00619911085904 0.0171056607331 -0.113755085779 -0.0617103447423 -0.0951350692938 0.00282264392525 0.0700253626598 0.0474463801188 0.0120340481087 -0.0181719916678 0.0672894120142 0.0772588565756 -0.00428381721449 0.0669885711299 -0.000777394916382 0.102948182613
-0.65776757399 0.0160707229502 0.0672689158904 -0.0205032731221 -0.0247405788122 -0.020501630834 0.00500624878951 -0.567925939991 0.00134342738678 0.0298337466119 0.0256868651905 -0.0328186761897 0.00215601152267 0.253973231576 -0.0579887718348 -0.0154399934121 -0.030026265823 0.0108556299432 0.325484616241 0.0318344152495 -0.00102016611059 -0.00778125316399 -0.0870009306508 0.0470833396627 -0.00547192754852 0.117020696204 -0.0200702662169 0.1893582625
-0.109145040567 -2.80917018963e-25 -2.57535048008e-21 -1.71759485947e-14 -2.90241110517e-13 0 -3.0744182066e-15 -0.109152921759 -9.59539472417e-18 7.98025736757e-18 -4.31069579463e-13 0 2.02833605698e-18 -0.46366366464 -2.02187883383e-10 -3.55273919187e-09 0 -6.42791901574e-17 -0.446673385264 -3.02809616575e-10 0 -6.92808302402e-19 -0.510882486424 0 -4.45361259698e-18 -0.533494322245 0 -0.126707481936
-0.109145040456 0 0 0 0 0 0 -0.109152921647 0 0 0 0 0 -0.463663664167 0 0 0 0 -0.446673384634 0 0 0 -0.510882488051 0 0 -0.533494321701 0 -0.126707481807
-0.622420529083 0.0203579209555 -0.0177135848112 0.0228517844263 0.0288001424289 0.0377994092909 0.00284691986956 -0.606625349801 0.00519199230937 -0.0238324379103 -0.0458969443044 -0.00661552508333 -0.00229817761548 0.00533168366027 -0.116067234258 -0.0177421156366 -0.0968517306861 0.00165609886909 0.199950263801 0.0519348527683 -0.00107483150826 0.00979643015356 -0.402701161843 0.0240597930785 -0.0068581381131 0.0755752139187 -0.00956628000491 0.0613314606018
-0.619528529982 -0.0353798598985 0.00327044525169 -0.0297350705788 -0.0259498585737 -0.00356559641362 0.0103769611193 -0.655248522545 0.00663182196692 -0.0301396028768 -0.0604541124509 -0.0170979651301 0.0035903070639 0.114434241953 -0.0966589251653 -0.0290012092239 -0.08403522328 -0.000199484070714 0.2514995246 0.0473637148642 -0.00606378481587 -0.0102539258726 0.0500572414917 0.0258669361895 -0.00520373638503 0.174530573056 0.00888657456705 0.221947873413
-0.151125528787 0.000625552884577 0.00269245067276 -4.24446871823e-09 -2.32619028481e-08 -0.00485548809915 -0.00556029907519 -0.150911146232 -0.00254867479314 8.38022318717e-10 1.78936134739e-08 0.00441756328193 0.00430678877564 -0.196190375609 2.60900732346e-06 6.31390084514e-07 -0.0251555330278 -0.0014290434381 -0.615407960395 2.34195341378e-10 -1.18782926658e-07 7.27803912466e-09 -0.703872588695 8.61427893769e-08 2.22838592653e-08 -0.174904890239 0.0190024800123 -0.100191356661