-0.0272462049705 0.049641198534 -0.186856195187 0.0780497318039 0.00366166149446 0.0189027014248 -0.000265598558733 -0.138382549858 0.37380990297 0.00609439430448 0.17198395713 -0.06946997549 0.0130107424882 -0.342667739137 -0.0235667041483 0.554981026563 -0.0882554342754 -0.00792943894417 -0.121665242804 0.421696490205 0.0611584515163 -0.0239361465579 -0.36058959274 0.0136244714671 0.000219865821057 -0.0135626057477 -0.0273722851489 -0.00112917971729
-0.502999485274 0.0827625813244 -0.0510734197151 0.00291351106501 -0.132223811299 0.0139864789848 -0.00264357494899 -0.615797145052 0.181102744204 0.0205613524475 0.140043179115 0.0706347574593 0.000682309711117 -0.26938861731 -0.0158179137811 0.309181852305 -0.028028276885 -0.00417696724857 0.0285813397437 0.212527799721 0.0390863573506 -0.00554700740631 -0.253698517468 0.0141779638953 0.000529249293345 -0.0232691796268 -0.000679631500202 0.0307199803706
-0.494181843618 0.0145308850092 -0.0240971316217 -0.0493077651945 -0.0469316502848 -0.0116792430067 -0.00253262178469 -0.519633033403 -0.025733930607 -0.0120472899436 0.167621309875 0.0134049644079 0.0139961037076 -0.152318489641 -0.0723734591542 0.230653525097 0.0876197952245 -0.00278174736708 0.00928196711409 0.198341004499 0.0548835336149 -0.00321726443825 -0.5308573457 0.0879778909398 -0.00131788136979 -0.167886455754 -0.00546313875781 0.0371172559778
-0.493271089033 -0.00506970517332 0.0642292975061 0.166460175442 0.0705910664159 -0.0366985388623 -0.0166490109888 -0.483918568409 0.154611237814 0.00466740000782 -0.121829901675 -0.0803273329327 -0.00400375265851 -0.318071105776 0.0903938828819 0.0970276558135 -0.0880841474694 -0.00116493901845 -0.438196744562 0.272297303671 0.0350015517525 -0.0192132052755 -0.201119943482 -0.0251231394815 0.00271316232496 0.00135330473275 -0.0266823835191 -0.0522398166938
-0.553416947546 0.0158748012964 -0.0504669461768 0.0378538311437 0.0445365840121 0.0846083429222 -0.00311590115794 -0.58458221057 0.0177214310612 0.087906443989 -0.171037732203 -0.047647595262 0.00393113719298 -0.293236206468 0.0438236336777 0.290475274621 -0.105150169352 -0.00414320895281 -0.100960765848 0.25308315084 0.0276876047706 -0.0255294867458 -0.189289899861 -0.0243554792311 -0.00573648889369 0.0516709815712 -0.0215428297462 -0.0204352249521
-0.554450738673 0.0288433637065 -0.0302130539097 -0.0415794454265 0.00899975322023 -0.0170804984607 0.0143620648204 -0.6862022714 0.000480739679522 0.0159786718825 0.139627736511 0.0196500344447 0.000500758065839 -0.219857891438 0.0146084268213 0.219067753275 0.0101739242852 -0.00246842699955 -0.166903731041 0.157330192535 0.0511518867376 -0.0020379413923 -0.189705224867 0.0201685941791 0.00243135060647 -0.0952637430188 -0.00800152882294 0.00994537120425
-0.471212956075 0.000881483907696 0.00133706970044 0.00696482345514 -0.011856121493 0.00405778315166 -0.000358599604982 -0.551068522046 0.0336319353529 -0.000385601466774 0.117050249533 0.0449538143171 -0.000357582282218 -0.274448904007 -0.028839707367 0.114387379777 0.067913262048 -0.000228693195274 0.033975355562 0.147036764833 0.0442702319873 -0.0107029903174 -0.547347423048 0.0848440230075 0.00107132825375 -0.17747761338 0.00777075384206 0.0131854148951
-0.477782971345 0.00232529175039 0.00214446953554 -0.00989451978138 0.00979307202403 0.00175754249062 -0.00606737072321 -0.559851289309 0.0122293990851 0.0335407148667 0.0799598314468 0.0506283560291 0.0029270261244 -0.228164206356 -0.0223060384012 0.125469529296 0.0682169253042 0.00102604540091 0.0969250113522 0.160429438157 0.0298481568218 -0.00314309500118 -0.558889588326 0.0758041188872 -0.000232194040357 -0.14321507464 0.00588567940617 0.0130663856212
-0.563954581559 -0.0267494609838 -0.0505568992839 -0.00821739180037 0.0394471767595 -0.00725612227434 0.00944164967049 -0.600172037691 -0.0640830625904 0.0450275295604 0.0298458730476 0.00168928915237 0.00139669105174 -0.0607522942981 -0.0495724876965 0.0505318121731 0.0566008644241 0.00315005999372 0.0444202150382 0.154268082712 0.0432048495471 -0.0151959236485 -0.501226484335 0.0584200756895 0.00143870658836 -0.120389499801 0.00662992838431 0.0267746383831
-0.534972368204 -0.021651169443 0.0280669130893 0.069466487536 -0.0483115418899 0.00212093938035 -0.00760991180983 -0.578591669968 -0.0340879609594 0.0376877726102 -0.094504607565 0.0280777344123 -0.00267610674402 -0.294538472148 0.0430878662455 0.0186875485946 -0.0842631349212 -0.00334890705266 -0.461367801894 0.128384923441 -0.00179090424353 -0.00734072142194 -0.165868200371 -0.0446994810386 -5.77040203044e-05 0.0480346868616 -0.00184772723829 0.0309425249139
-0.642220865166 0.0419717273442 -0.0546730505758 -0.0214019967986 -0.0828926715914 -0.00642180684984 0.00256130075529 -0.607444981646 0.0488294619428 -0.0217934431023 0.0653056409581 0.00495797305589 -0.000710042524298 -0.176677812991 -0.0582485433926 0.130365810161 -0.0393346377039 -0.00542420527622 0.166535645597 0.131567755686 0.00400713055647 0.00492018219125 -0.313457400046 0.0343323301214 -0.00843715397187 0.0361908617207 0.00151726640087 0.0142885572046
-0.624843969435 0.0437002205593 -0.0527510347388 0.00698725682969 -0.00256600892331 -0.0360044249636 0.0005572195931 -0.686551806975 0.0418305646898 -0.0304357903111 0.0978020727656 0.0058872855359 -0.00200395810421 -0.0385672097672 -0.0355138744156 0.226514591434 0.0337877117672 -0.00331567773957 -0.122356598109 0.0944352422955 0.0223176138912 0.0134823598784 -0.189990012345 0.022080551782 -0.00540967010497 -0.0560010756988 -0.00669865247118 0.0178610278001
-0.608999745472 -0.0386200718607 0.0223454853353 -0.144935924263 -0.0272276425687 -0.000327633043226 -0.00871340824447 -0.55708551991 0.0168056197652 -0.0781611010789 0.0852511070804 0.0208923979773 0.00376460802439 -0.118076414138 -0.0587851420746 0.100740017089 0.0497124876232 -0.00309053886199 -0.298492431525 0.0972817051551 0.00362219730014 0.0127923109599 -0.366202968984 0.105740777877 0.00349952310337 -0.0792719239935 -0.0138938191883 0.0176057316658
-0.735537012028 -0.00688100393923 -0.00178295234518 0.125006932204 0.0776329615162 -0.0053532913422 -0.00519633678812 -0.542179338204 0.0360748037401 -0.0532096153665 0.0589523647402 -0.0218414027765 -0.00236623731308 -0.0852356060132 0.0196410679174 0.0927698050881 -0.016369903503 0.00580144302248 -0.183330153953 0.219754877441 0.0454546450333 -0.0143723686122 -0.17108380729 -0.000839198163808 0.0070793701455 0.0701228254039 -0.0121053264117 0.00765256240143
-0.507048015585 -0.0409979308766 -0.000532479822562 -0.0497418339263 0.048831351904 -0.0165135680576 0.00226941097647 -0.623510746494 0.0276123022834 -0.00564786256227 0.109827583481 -0.0442663952999 0.0010259335852 -0.2452238472 0.0503053626605 0.140161144303 -0.0569749448929 0.00148162542946 -0.373876610753 0.192869327127 0.0133829993999 -0.00960504088332 -0.229062750561 -0.0927714475944 -0.00406658213313 -0.0153497669104 -0.0313773191817 -0.0858863235307
-0.495174367667 0.00136639056894 -0.0192287021495 -0.00691765042053 -0.0304890016048 0.0149397511696 0.00433988053983 -0.51638077926 0.0372494949448 -0.102192515458 0.00370215837879 -0.00928756443544 -0.0122611773151 -0.258989235322 0.00530694182847 0.215098960733 -0.0639438739126 -0.00160502835326 -0.457434722163 0.205920705767 0.0139749075365 -3.05194603747e-05 -0.308740189136 -0.0704235029663 0.00664807036772 -0.0575236945837 -0.00773573385546 -0.0384750752405
-0.59316423224 0.0107394476986 0.00661546606575 -0.0448146623025 -0.00728120443185 -0.0121044078571 0.010043059303 -0.595697182404 0.0395886552754 0.0431668117495 -0.00506343388854 0.006410569928 -0.0062247888971 -0.197657086993 0.0903447683523 0.138527517615 -0.0632230698309 0.00169140385729 -0.353874563597 0.231680058802 0.0268855534293 -0.00972577711796 -0.171398898183 -0.0441198630824 -0.00300969591705 0.0710780575257 -0.0228695806825 0.0157515375449
-0.570480924051 0.00216584380222 0.0433955319569 0.120510864183 0.0351586648995 0.0132187446103 -0.0110753677883 -0.520470370331 0.0633009982106 0.0274117530961 -0.0780247527699 -0.0431248503701 0.00367238866099 -0.289544599091 0.100512221894 0.0367627393286 -0.0606735283106 -0.00273419479308 -0.396271001708 0.182356111126 0.0300036295729 -0.00762765839231 -0.283324791256 0.00892544619713 0.00324414733473 -0.0315987564285 -0.0098784774407 0.0362938468422
-0.366618905654 -0.0175378663795 0.00856425784124 0.0250130659459 -0.0256668970218 -0.00815061432724 -0.000738809465436 -0.427064094816 0.010049935011 -0.00201806878432 -0.0829930079843 -0.0381338310779 0.0143710665718 -0.43202715689 0.0471260784246 -0.0333211038786 -0.0784721642953 0.000536981243178 -0.636640595976 0.10993248357 -0.00870638256526 -0.00406005998381 -0.189075109681 0.015668587317 -0.0124660601407 -0.0895016649406 -0.0259238646177 -0.119843574152
-0.519499495229 0.0634928785093 -0.0573318526663 -0.0797299470016 -0.00521498699462 0.0101117912543 0.00392722097029 -0.442736851099 0.00834958422708 0.0743850484428 -0.00266963734971 -0.0201228925652 0.00299481536563 -0.189258537789 0.231025205654 0.105908259334 -0.0587899996306 -0.0193143771986 -0.399224352613 0.192772450468 0.0299595038468 -0.0109878069162 -0.456266380685 0.0389411872656 -0.0071021623847 -0.0353172000234 -0.00930110291702 -0.0372003089722
-0.622069997533 0.0196170227714 0.0692344891008 0.0264197607634 -0.00274688067267 0.00955379627036 -0.00591082017046 -0.694689600836 -0.10228955211 0.0584140782349 0.0242572863206 -0.0260002821333 -0.0102584397726 -0.186295279335 -0.0616355661768 0.168181276948 -0.0567140880074 0.0178142761464 0.126780700115 0.060593727522 -0.00178969151984 -0.0146486118857 -0.128552049641 -0.0184602646251 -0.000256966542995 0.0403215140401 0.0130066489248 0.0152444209394