-0.000612394594334 0.000188478032575 -0.00556404256966 -0.0285213863484 0.0219741807479 -0.00753228118322 -0.00155366509235 -0.00788576333616 -0.0468547323377 -0.0196935934596 -0.0920102620805 -0.0322792369791 0.00526563276239 -0.105472324357 0.216700522014 -0.0449349338815 -0.347406851948 -0.000861529304891 -0.349446890231 0.748807413014 -0.0966228452032 -0.00601803422114 -0.31812620405 0.0683982737385 -0.00492351850002 -0.0848270336757 -0.0183533398973 -0.000276719885654
-0.525768205158 0.00202556189671 0.00710515021662 0.104638680318 0.0604533016979 -0.0054820376761 0.000898920793784 -0.492213170628 -0.00917718983489 -0.0127633154339 0.0054610543026 0.00655947497393 0.00198817147729 -0.191332965003 0.0538952191717 -0.0930603850576 -0.178335009607 0.00379314808924 -0.42437082859 0.368690566518 -0.0793239965822 -0.00391062453892 -0.241814629818 0.0459781828607 -0.00177718170897 -0.0571387128837 -0.00932798321681 -0.00394085724433
-0.536038712743 0.00711751157963 0.00247187298999 -0.0926257713613 -0.0644020721471 0.0027010759748 0.000122513390244 -0.501857251048 0.00175669071883 -0.0023859932969 0.0304211275287 0.0109392331497 0.00551853044738 -0.189619592549 0.104678183872 -0.0954985241839 -0.181868124163 0.00178171239338 -0.420003839147 0.415206284933 -0.0736470490199 0.00216269153444 0.0105188414359 0.0365853650747 0.00330444399252 -0.046087436329 0.00129787123185 0.000322295564862
-0.414333947809 0.0146843804921 -0.0506151062211 -0.044803417882 -0.0656060759082 -0.00685990037848 0.00490107776969 -0.393077431936 0.00205079503947 0.0580371176018 0.00629840322997 -0.0157002475138 -0.00146176381447 -0.0032091248365 0.166106859723 0.0473865236093 -0.100568880279 0.000324449835308 -0.253756197743 0.417116860231 -0.0454551637382 -0.00535935454622 -0.615195206084 0.0285450021833 -0.00681516486725 -0.0340437004107 -0.00858691210544 -0.00155771432594
-0.626356872769 -0.00482100506314 0.0878196275009 -0.0143314776399 -0.01111465543 -0.0113627763543 -0.00537455108263 -0.622289540434 0.0160517807464 0.0461887719107 -0.0770648639598 -0.0251367306388 -0.00650283605504 0.0549045187366 0.0435690045908 0.0349024755476 -0.202108897931 -0.00276292413048 0.117746491045 0.353471673051 -0.0213919701819 0.000156834196755 -0.122774445502 0.0273276755042 -0.00721132138122 -0.0276115300041 -0.0170405703702 0.00550530266462
-0.463998204827 -0.00171083705448 -0.00722104967724 -0.00271359025539 -0.00958118820423 0.0164670954981 0.00201913793634 -0.462733188154 -0.00142645852335 -0.0193852802034 -0.0113992942918 0.000801318416673 0.000228623780161 -0.0926979918867 0.101140738484 0.0121245951569 -0.0723366509034 0.000603145309954 -0.292855899471 0.0857381274679 -0.0616064940645 -0.00435933584089 -0.669025007771 -0.0190208749504 -0.0057205034595 -0.0223908084079 -0.00233797781871 -0.00419952385938
-0.60710260181 -0.00976821074062 0.00764645790996 0.0406386422142 0.0306483058939 -0.0151054425364 -0.000421528728578 -0.597588712036 -0.00879881633223 -0.0147680935903 0.0392463499726 0.0242160712916 0.00189609929282 -0.231465263081 0.0430401987108 -0.0671986748909 -0.112795789103 0.00424566369152 -0.331400749764 0.274453202543 -0.0520437365578 -0.00502371721765 0.0215173561546 0.0370886528056 -0.00139684334872 -0.0804425677347 -0.00516408406941 -0.00266467933034
-0.635471331693 0.0147691373139 -0.0101538631399 -0.0414606747781 -0.0312213623044 0.0194655790153 -0.00491827659676 -0.619160156092 -0.011511421405 -0.0122585259793 0.0427921754007 0.0189089745467 0.00445786881215 -0.0834522550326 0.074688924097 -0.0574697154528 -0.110141364832 -0.00152592661673 -0.275890901798 0.300616256217 -0.0542854640408 0.00292454596005 0.0914710630094 0.0189948194129 0.00338968772405 -0.0272972599758 0.00123682671621 -0.00108907157567
-0.459262194439 0.00112020344335 -0.000895626437045 0.00856495202513 0.0108065688999 -0.0143405358236 0.00220963815829 -0.458733629357 0.00320956903663 -0.0100849846322 -0.0241247226456 -0.000827562642711 0.00418426107135 -0.120993160302 0.0969959040457 0.012906382973 -0.071083533538 0.00141970970113 -0.253814921429 0.0781796472956 -0.0514899403649 -0.00135238442277 -0.687635834995 -0.0196326301526 -0.00252398717816 -0.0427541662485 0.00214181192567 0.00181045544771
-0.456451206324 0.000174840940281 -0.00409335804827 0.0221405141495 0.00772554903251 0.00374523295325 -0.00300188402778 -0.45550464102 -0.00091445781727 -0.0059407591907 0.0114920719682 0.00886837876389 -0.00443383091315 -0.132965905775 0.0959640907356 0.0261565995327 -0.0708468695244 0.0019588824798 -0.266635643319 0.0645706075701 -0.0648922494724 0.00228784412757 -0.681580297446 -0.0193057664158 -0.0013310735289 -0.0793959374399 0.000541731227324 -0.00221784031886
-0.652631206662 0.0166016158446 0.00174482383398 0.05484288029 0.0379339993151 0.00376736081531 -0.00256611077671 -0.62709988757 0.0106032830893 -0.00938427993316 -0.0241778542856 -0.0213302935254 -0.00392260215713 -0.054933720414 -0.0647284732744 -0.0826748219904 -0.103871056287 0.00292413453273 -0.218319622768 0.265037151163 -0.0216458933899 -0.000541401863751 -0.167706433457 0.0503640836482 0.000629925605174 0.0278127832653 -0.0127762797962 0.00035118516846
-0.660916334022 0.00364731407529 -0.0161892504578 -0.0750073113556 -0.0225403692982 -0.0177857343483 0.00083740556015 -0.597683766598 0.00829654291174 0.00621308057013 0.000342962122948 -0.00054443881699 0.00157549507623 -0.085394988505 -0.0264885311097 -0.0588267420533 -0.114413605963 0.00373161280303 -0.245631013006 0.292890250663 -0.0148609677018 0.00161826342152 0.160974394034 0.0377851841037 0.00261906372063 0.029360817951 -0.00388097022731 -0.000802861815991
-0.464389617889 0.000467156321649 0.000235387966025 -0.00841507969604 -0.00114816565025 0.00231081188435 0.0015646762761 -0.466580363772 0.00217527998109 0.00266876436868 -0.0166479458969 -0.014359336219 -0.000617677932388 -0.121016451915 0.0873485619748 0.0161691868791 -0.0752996376012 0.000837958588692 -0.22170355062 0.0756027229717 -0.0476207681126 0.00162661404007 -0.690764436517 -0.0253369214893 0.000788240364081 -0.0538672569158 0.00251727431251 0.00419699197534
-0.434004926525 0.00338175991373 -0.00629371254007 -0.0174698143272 -0.00449634829241 0.00875061279882 -0.00191875844827 -0.439578444717 -0.00326101437341 0.0440483478027 -0.00785194238722 0.00758610999705 0.000299234155144 -0.131102820219 0.0767581165859 0.0053579772877 -0.0706131512901 -0.00200377712429 -0.284460205567 0.0842272424211 -0.0467429382167 0.00289720820146 -0.703603362268 -0.0108299398179 0.00107163793524 -0.0489169346158 -0.00327089773962 -0.000307590784418
-0.644263342151 -0.0182313173997 -0.0298446032335 -0.0277341974012 -0.0680018959008 -0.0313409618391 0.00684933553889 -0.55412381365 -0.0325327114136 0.0159618391513 -0.00996145280762 -0.0227821835599 -1.39126799531e-05 0.100259525038 0.136548997877 0.0374068087837 -0.0591208370645 0.00291177131154 -0.0519912039147 0.372908112191 -0.021379793901 -0.00794821843248 -0.302759774251 0.0235438374295 -0.00653416653932 0.0111027644848 -0.00117398956847 0.00498589015363
-0.662396061956 0.00701380392443 0.0507014836356 0.0608015791618 -0.0417136241336 0.0197914397231 -0.00460432688568 -0.629216132586 -0.0154338093797 -0.000990071248882 -0.0409481563654 -0.014554138931 -0.00065288283636 0.0392071232839 0.140064038713 -0.0315744547808 -0.0878710734299 -0.0035851158022 0.0163554782451 0.307511749912 -0.00127719791829 -0.00792781519308 0.169701935671 0.0277155073495 -0.00494016086479 -0.00238416226129 -0.0181609008449 0.00349529563665
-0.486852214314 -0.0052843730199 -0.00140255838311 -0.0387980490198 0.00422417675551 -0.00257871773812 -0.00477471034239 -0.48094371305 0.00280096706856 -0.0185545183546 -0.0125922711329 -0.0185383288486 0.000462868148594 -0.100327758192 0.120873077614 0.0255693028267 -0.0718607029095 0.00119693398558 -0.106441035743 0.124535169194 -0.0347071632771 0.00226209959489 -0.684823583289 -0.0138089379052 0.00169557921636 -0.038170660801 -0.0042221073908 0.00597939225414
-0.417817141771 0.00783175989231 -0.00227085460472 -0.00983925028101 -0.00926968935522 0.0110683276217 -0.00235380551358 -0.443240355539 0.00579439309765 0.0514908646478 0.0126469549005 -0.0294988335952 -0.00295466541071 -0.119961433605 0.0791892575006 0.0195008141296 -0.0741414402092 -0.000178574078699 -0.319642054219 0.0581123817939 -0.0549400223988 0.00104685718303 -0.697834802036 -0.0162334732042 -0.00157069048689 -0.0498980716398 -0.00285049510279 -0.00468100715255
-0.522888657968 0.00757379538968 -0.0304407015536 0.0221754074824 -0.0128295000247 0.0190834081041 0.00123013549152 -0.513755506734 0.0183643613026 -0.00800953899667 -0.0196357063103 -0.00846539225316 0.00163713654866 0.0438347048714 0.0710818875683 0.0100610678409 -0.0700479948148 0.00145317013212 -0.258266840742 0.183510423778 -0.0480128326158 -0.000354930965626 -0.586867387167 -0.0200905910925 -0.000287862854548 -0.0119492046842 -0.0113186876829 -0.00448115816575
-0.559870905297 -0.00771961256921 0.0187142521369 -0.0191145613083 0.00937731814388 -0.0113162750754 0.000302655613895 -0.555191838938 0.0184490597807 0.00242283797388 -0.0219835479762 -0.0133644798708 -0.00560049223441 0.130586730825 -0.0772298339933 0.0126748662841 -0.0889924693858 0.000665892836145 0.160497350073 0.131085869113 0.0114253820056 0.00520829472702 -0.546471983518 -0.0123577315847 0.000910642563384 0.0569046689023 -0.00609960337134 -0.00408060308917
-0.457431885066 -0.004905940233 0.0104090958587 0.0416440365277 0.0128759644506 -0.0228369831163 0.00226612893913 -0.439235274125 0.00653589634803 -0.00045496751704 -0.0135842185159 -0.0171676542909 -0.0025117534949 -0.184246001096 0.0954401486945 0.0201643398199 -0.0704610110118 0.000162548057172 -0.246739665017 0.0831783730211 -0.0778853402056 -0.00152143253278 -0.680488751646 -0.0221371001655 0.00181202759902 -0.0940644692048 -0.00221354868714 0.00593443042785