-0.035982051395 0.0647811537921 -0.405295661231 -0.000437594144004 -0.000234935160962 0.119321948116 -0.0026135689306 -0.116927782844 0.740658110058 0.000743749852957 0.000393146054223 -0.183472660797 -0.0157640326462 -0.179686257206 0.00499120485832 0.00246760737017 -0.42178194995 -0.0657152436422 -5.33824258968e-06 2.65121336085e-06 -0.000410247825763 -6.82764923378e-05 -1.31453678955e-06 -0.00020840661275 -3.20388660258e-05 -0.0489658273868 -0.0538960156934 -0.00142661455974
-0.639399289811 -0.0336907221724 0.111007556045 9.23292817171e-05 3.84831571399e-05 0.116094809834 -0.00670823830729 -0.637175676577 0.145412700181 0.000103300820246 4.90744238741e-05 0.0628289479604 -0.0135849811096 -0.323065429116 0.000625429845094 0.00030498217928 -0.0690575258871 -0.0152336674282 -1.22194876279e-06 3.03840013533e-07 -5.00743802875e-05 -1.5800376541e-05 -3.15693466694e-07 -2.6173964889e-05 -7.21748897318e-06 -0.153270073121 -0.0064167140194 0.00352103730257
-0.678594479383 -0.00401025808718 -0.0187694939494 -3.46463926703e-05 -1.58810482853e-05 -0.0159215283717 -0.00417504318786 -0.694341445741 -0.0554974307279 -2.30393511546e-05 -1.59980083781e-05 -0.079227020223 0.00120556546042 0.00835284549383 0.00102162207847 0.000498310764321 -0.0964722446301 -0.0114229247323 -9.76483818857e-07 5.41465903915e-07 -9.63849350274e-05 -1.24929154178e-05 -2.53727859537e-07 -4.51748304395e-05 -5.88183462177e-06 0.194239770496 0.00713363917344 -0.0106497866318
-0.66777043683 -0.0385254241654 0.132361530564 9.13740834881e-05 4.90588859088e-05 0.0123802369706 0.00339689219227 -0.690298293713 0.169864766904 0.000138596552667 7.02693049507e-05 -0.0226759088398 -0.00420009908156 -0.0760228283912 0.000869712901602 0.000432846288467 -0.135729936206 -0.00503527864877 -1.04524596831e-06 4.64378749076e-07 -0.0001289441869 -5.3383917513e-06 -2.32255181703e-07 -6.56337353591e-05 -1.46851160187e-06 -0.058865637158 -0.0250874019264 0.0263336250636
-0.724233849768 0.0218397869596 -0.245865496126 -0.000188530359018 -9.9327114588e-05 -0.0758578044899 0.0115502583266 -0.614769571071 0.0499046126226 3.31195836837e-05 2.67483719518e-05 0.00148798243324 -0.00811414210659 -0.0839514189549 0.000835219408601 0.000419772352457 -0.0601562530109 -0.0158132292001 -9.92583734928e-07 4.44318647418e-07 -4.45543637364e-05 -1.46240736659e-05 -2.41990802935e-07 -2.4331318247e-05 -8.26105534052e-06 -0.12848483265 -0.0151481991423 -0.0226964832319
-0.559305802146 -0.00196176178622 0.0264974542243 5.11219686022e-06 5.69926082849e-06 0.0443984989033 -0.00434348891738 -0.560759522943 -0.033451631966 -8.35442276772e-06 -4.35369310356e-06 0.0259747326274 -0.0109301599534 -0.451681967108 0.000109031923267 5.64355972485e-05 -0.0656640088869 -0.00298077255602 -7.56697170257e-07 4.61426782573e-08 -2.39318700237e-05 -1.77330432546e-06 -1.92406710268e-07 -1.21983658019e-05 -1.10140648105e-06 -0.399409340018 -0.0148710189032 -0.00550668574993
-0.664104816232 -0.0188534664542 0.0263398972151 1.01683797325e-05 6.89803173678e-06 0.0298766910847 0.02115534784 -0.734256709457 0.0959248939043 5.47388955042e-05 2.61572279395e-05 0.0471631260746 -0.0345512184333 -0.0604384989751 0.000425524877187 0.000207800600918 -0.019880641458 -0.0216852971511 -5.63500835691e-07 2.11055719899e-07 -1.9838544112e-05 -2.34285435387e-05 -1.50458648558e-07 -1.00022112497e-05 -1.21018421773e-05 0.00146662022425 -0.0135404714606 -0.0108953045742
-0.706741358671 -0.0109073250617 0.0423422599291 1.87199683746e-05 1.04351360587e-05 0.0428995795673 2.67072574404e-05 -0.691497387784 0.0034205419281 6.85659791954e-06 4.45389437302e-06 0.0292640061435 -0.00595436155932 0.00319132530966 0.000510498249365 0.000249786617294 -0.0385414294398 -0.00922670286552 -4.97756664417e-07 2.69084838583e-07 -3.58981906567e-05 -1.09326427972e-05 -1.30589408504e-07 -1.67019252245e-05 -5.44656012461e-06 0.126469020321 0.00687472258478 0.00833715466853
-0.672992072565 -0.0139992315725 -0.0344388770658 -2.12603226951e-05 -7.48381554586e-06 -0.0124661498659 0.00257464973049 -0.680416669869 -0.0372374237307 -2.47902541637e-05 -1.19902866584e-05 -0.0224648767168 0.00390037360804 0.160550294582 0.000672400973424 0.000329259160746 -0.0591996491079 -0.00538739166843 -2.27169370134e-07 3.87762802952e-07 -6.70406156712e-05 -6.5718827078e-06 -5.70063806393e-08 -3.32207052334e-05 -2.18233248567e-06 0.226314841774 -0.00603871532934 -0.00994018004153
-0.617301902623 -0.00410574257352 0.0488242219286 1.61115281557e-05 6.62812344548e-06 0.075996159412 0.00736116724371 -0.592303615132 0.012154157572 5.84443997765e-07 -8.3260208396e-07 0.00731178639881 0.00822462111858 -0.420815505445 0.000145310948716 7.45863276958e-05 -0.0730396985951 -0.000534789952198 -7.78927948253e-07 6.59204822678e-08 -3.33073863966e-05 -3.30916909014e-07 -1.96570608305e-07 -1.72987862374e-05 5.70683620616e-07 -0.277024724701 0.00874567186739 0.0193831654629
-0.684475694295 -0.00320931612081 -0.00776374800939 -6.01575762267e-06 1.04688574816e-06 0.0122781389531 -0.0100545480084 -0.7009072133 -0.0521992463521 -2.57469511536e-05 -1.16457071929e-05 0.0120413506979 0.00963384372818 -0.161944005437 0.000371375808145 0.000183297486518 -0.083101745805 0.00862054506127 -6.75875227334e-07 1.84507201855e-07 -8.70231030327e-05 7.69967213555e-06 -1.62327885696e-07 -4.05667461763e-05 4.14190922227e-06 0.060263750176 0.00939116092746 -0.00330813515355
-0.700825121199 -0.00154443839426 0.0169159719216 1.03356563365e-05 2.27640336733e-06 -0.0464909022343 0.00373359312158 -0.690113971008 -0.0268572553001 -1.00630456515e-05 -5.70569715773e-06 -0.0149771337193 -0.00118291082076 -0.148651776043 0.00038401691055 0.000184699909339 -0.0820818477775 0.00249035532658 -6.59457571099e-07 1.90263209346e-07 -8.09545919051e-05 2.48732363609e-06 -1.67383041454e-07 -3.64736573152e-05 2.45323769122e-06 0.0159724639431 0.00867315070139 -0.00210628558904
-0.640972500517 0.0147576951635 -0.0805289857768 -3.37612604139e-05 -1.6842725319e-05 -0.0604117306903 0.00029080906373 -0.634040650003 0.0731462117937 3.00669331291e-05 1.29642323899e-05 -0.0197490958374 0.00202195768412 -0.326247318677 0.000214181260603 0.000105692060394 -0.0963316706882 -0.0104956391269 -7.34193744821e-07 9.83545358506e-08 -5.41393303947e-05 -9.63439411524e-06 -1.89134417072e-07 -2.62237699358e-05 -6.15427936283e-06 -0.233748767026 0.0166697891864 -0.0174974862082
-0.654488080124 -0.0687353440653 0.0741638082227 3.66780689801e-05 1.57425526297e-05 0.0179960553859 -0.00271594117287 -0.734596430111 0.127853477212 6.20653877201e-05 2.78700682471e-05 0.0185822851976 0.00022414520089 -0.0146411380991 0.000449011368432 0.000220774528494 -0.0479817477806 -0.0168900152018 -4.62997890101e-07 2.36706020844e-07 -4.15281001634e-05 -1.64557371775e-05 -1.10753039978e-07 -2.05921725909e-05 -6.18220481239e-06 -0.0230344726966 -0.0306611846211 0.0221964965395
-0.65925877429 0.0614163191716 -0.0678115358385 -3.83870498386e-05 -2.05853424574e-05 -0.0188060278946 -0.00590014981794 -0.727981410097 0.113073871295 5.68457474758e-05 2.80097250676e-05 0.0213187083587 -0.00726197569864 0.0355360871184 0.000500350948952 0.000247352288514 -0.0564234494775 -0.0249300239787 -4.08717137824e-07 2.71898700981e-07 -5.73885546535e-05 -2.55037052394e-05 -9.38445371493e-08 -2.94440570966e-05 -1.24693778994e-05 0.0907697725308 -0.00364107252617 -0.00696471960548
-0.687890490397 0.00767326525546 -0.010461988299 1.57248237968e-06 -4.46358111377e-06 -0.0186258620686 0.0138864144397 -0.708556626596 0.0497158936895 2.36062104642e-05 1.49515133514e-05 0.0297723575875 -0.000522093112825 0.0342915311744 0.000537764250988 0.000267225309856 -0.0470401159645 -0.00881515895822 -4.66253765624e-07 2.855178541e-07 -5.35684135997e-05 -7.68925910207e-06 -1.10333127216e-07 -2.60363435077e-05 -5.69928550096e-06 0.130512802364 -0.00808794736028 -0.0110452061696
-0.576112638683 -0.00571610553915 -0.0181267433117 -1.0365083049e-05 -1.71943792143e-06 -0.0562969578528 0.00451439769252 -0.574390062839 -0.0451385727248 -1.55336085597e-05 -5.78604196036e-06 -0.0227033337706 -0.00118553039321 -0.426294871876 0.000129797961312 6.6392517157e-05 -0.0664971353326 0.0101497813554 -7.56804058719e-07 5.92246027349e-08 -2.51112447831e-05 7.27944710537e-06 -1.92081701324e-07 -1.31476275578e-05 2.83278347742e-06 -0.381689905593 -0.0100067038154 0.00504184656705
-0.680820905888 0.0313729171367 0.0810429317586 4.05668292286e-05 1.84258887388e-05 -0.010645393798 -0.00187963502885 -0.690200535468 -0.086970537908 -2.55771955767e-05 -1.54648897911e-05 -0.0399995085247 -0.00921052795787 -0.15863015184 0.000339137385523 0.000167518292268 -0.088530927701 0.0294066901583 -6.57520061482e-07 1.70155612454e-07 -7.67194711921e-05 2.30933267638e-05 -1.54226515216e-07 -3.63157589987e-05 1.16776459818e-05 -0.0936894460075 0.017282048106 0.0156790577201
-0.614686772523 -0.00259760897893 0.0612579220545 2.330059638e-05 1.38631056959e-05 -0.0448854503414 0.00501761062649 -0.590689174273 -0.00278867193957 5.68703626443e-06 2.0462461293e-05 -0.0138238090384 -0.00869976374905 -0.445264896475 0.000137172868362 6.86680569266e-05 -0.135579815131 0.0115431305117 -7.76917141189e-07 7.30305204072e-08 -6.98283864743e-05 1.14021987374e-05 -1.68319675225e-07 -3.78825601698e-05 5.24965920303e-06 -0.222112274638 -0.0306301864401 0.0111664645199
-0.720467090789 0.0940919435587 -0.121860836995 -6.70787592755e-05 -3.82621222738e-05 -0.00295046039693 -0.00907667436758 -0.658350466302 0.0872825486493 4.36655885931e-05 2.42307201033e-05 0.0143125345546 -0.00382017850069 0.0482292433392 0.000490880620027 0.00024843663793 -0.0424524687441 -0.0140786626667 -3.61160988132e-07 2.7686890424e-07 -3.8928829421e-05 -1.25202827526e-05 -7.7094019361e-08 -2.21122261e-05 -5.57565723634e-06 -0.102483801917 -0.00129337522162 -0.0322227197176
-0.601054735844 -0.019638246283 -0.0737721317642 -2.05465238241e-05 -1.59940801733e-05 0.0281182578388 0.00971470041963 -0.616762147609 -0.0415721169445 -7.3553603493e-06 -5.09416022134e-08 0.0825131891346 0.00120300173211 -0.418965268009 0.000130782001782 6.73898568791e-05 0.00130044675913 -0.00645834529556 -7.85228916555e-07 5.36258453545e-08 8.61711665825e-07 -4.03675052906e-06 -2.01058529833e-07 1.46337886633e-07 -1.90764790524e-06 -0.25951971632 -0.00834768890874 -0.0095423619553