-0.0484592501427 0.0144110896054 -0.0352970111543 0.0223460740703 0.228524583091 0.124917431486 -0.0131639435392 -0.224591016619 -0.385178614768 -0.503173287756 0.0661877991851 -0.0845411844468 0.0303205933785 -0.160712948583 -0.319295328055 0.275956220464 0.0210001747193 0.000303883306158 -0.266138285032 0.377695122559 -0.0290904434489 0.0106423859027 -0.167329640368 0.124166478171 0.00853477106268 -0.0280481736695 -0.0131363662664 -0.000896773612064
-0.551968357434 -0.0459004432608 0.0881705287492 -0.172094723847 0.041035596026 0.0718051266839 -0.010062904621 -0.475451018761 -0.018409115621 -0.104247264643 0.0532765344168 0.0362080935499 0.00493377662676 -0.15180760755 -0.220788838427 0.107232341359 -0.0384851094895 -0.00495011110902 -0.523586729513 -0.0804831880342 -0.109621933553 0.00652091685702 -0.164667871764 0.0365948814852 0.0128253649605 -0.0334947106311 -0.0154200629155 0.00136852913915
-0.50942365491 0.00679345972019 -0.131904100405 -0.069907713438 0.0149345426584 0.00628497991272 0.0162773658183 -0.60101777116 0.0263514690666 -0.0569995192049 0.224796462768 0.0514768446152 0.0174050446331 -0.22162313053 -0.180673304418 0.171139358013 -0.0336013285792 -0.00165076557316 -0.388325065265 0.136737072501 -0.0525437763988 -0.00566504989412 -0.11536762811 0.0240063497883 0.00909617058074 0.0120204524727 -0.0104832748711 -0.0169292227902
-0.423718911579 0.0555334086716 0.0972210777112 0.0435000054715 -0.0160301623727 0.000287424530087 0.0101365546429 -0.598516177696 -0.141091153988 -0.235510001546 -0.0242281862322 -0.0512607904732 -7.12918952434e-05 -0.271087244927 0.0473264716962 0.0309871411324 -0.0509366727875 0.010159405889 -0.156716303293 0.154632791485 0.0569422430387 0.0138989534863 -0.447231012085 -0.00212067479807 0.00185843756825 -0.192699255709 0.0165113276329 0.0120109450694
-0.504691824944 0.0997932864862 0.0242934827596 0.0950684121405 0.098747050425 0.00172726288666 -0.00574837859923 -0.649070774592 -0.128161855753 -0.157662772638 -0.166418339926 -0.0383445165496 -0.00357764556585 -0.0174355045323 -0.284645996153 0.204218508832 0.0539563991071 -0.000689186590425 -0.072641649728 0.229177080749 -0.00791801249014 0.0100238213713 -0.183581967845 0.0508027135603 0.0146305241866 0.0607107324758 -0.00522020820379 -0.00643879151539
-0.376337313645 -0.0251505133956 -0.0142457149754 0.0560819378354 0.0082567250539 0.0253001604089 0.00454417710332 -0.401823610876 -0.00872036146687 0.110584336326 -0.0282362000913 0.00871967173032 0.00575456244877 -0.315904925309 -0.115096746677 -0.0318055944284 -0.0609634433931 0.00080046265431 -0.432467406515 0.0963658885127 -0.037496864475 0.00096083589365 -0.57165463189 -0.00417202184584 0.0027837939479 -0.191410048303 -0.00148981374224 -0.00628545351985
-0.582614944962 0.0101415044158 0.0366584870398 -0.0508144952845 -0.103659927841 -0.0207158569226 -0.00458239026428 -0.572539097507 0.0576846843282 -0.0794342913049 0.0210721645289 0.033247190704 0.000929075449596 -0.317531158124 -0.158009052863 0.140388035013 -0.0269433675955 0.00574967269696 -0.386323773094 -0.0412371287472 -0.0418043536446 0.00651834581624 -0.0596329332088 0.018479765331 0.00950592522903 -0.0572902401677 -0.00536557292171 0.00711373800079
-0.512940805951 0.0426851816865 -0.0214046436417 0.0862357945401 -0.0608245286245 -0.0123800878386 0.00127708477085 -0.507033035269 0.0446609216117 -0.0682212809135 -0.0160864425877 0.0271118230758 -0.000478154013823 -0.325635850395 -0.131595667682 0.138443496654 -0.0158200626035 -0.000752506649646 -0.275813970332 0.0914507542916 -0.0442331485644 -0.00277690776099 -0.470822463911 -0.00752561911899 0.00209464094003 -0.0841170673853 -0.00959662815158 -0.0227615907139
-0.578183809856 0.00760741389799 -0.0542529533278 0.0155672504778 0.0427498675581 -0.0104519461729 0.00903291249087 -0.650662454532 0.030670176666 -0.116740673506 0.0793145612786 0.03662333094 0.00197763961373 -0.314714829644 -0.0231343634281 0.0531063027112 -0.0219849979324 0.00364380991293 -0.218024242756 0.1751160356 -0.0366123866239 -0.00154334248979 -0.164505253919 0.0667867884383 0.00798134217997 -0.0261031320248 -0.0125676933345 -0.00296734286021
-0.709006361316 -0.0197574076757 -0.0454329196144 -0.117765680531 0.123342747443 0.0409738349071 -0.00455046947603 -0.550723478026 -0.0208982749159 -0.0675231322677 -0.0335928725314 0.0016530393018 -0.00313096741263 -0.0602839919293 -0.0817396164646 -0.00371049647239 -0.0103791648504 -0.00325652383184 -0.309707834573 -0.0332266790272 -0.086035392363 0.00408487463261 -0.197268274356 0.00446663419454 -0.000689155395503 -0.0276123744648 -0.00688459441856 0.00241937554129
-0.617706621513 0.00192158374882 -0.0170063080435 0.0544562933298 -0.040187211239 0.0227548578587 -0.000620663047139 -0.626313618726 0.0500628505759 0.0100369797924 -0.0475704275208 -0.025133248762 -0.00931854627285 -0.0464653298224 -0.0706084965852 0.0504067459484 -0.0685522672891 0.000639097596601 -0.435680286593 0.0333925134382 -0.00617849395326 -0.00865977650869 -0.0467588967123 -0.0058225875829 0.0152892098196 0.0840339395165 -0.0155933270356 -0.000127552586241
-0.609150246749 -0.0297345487078 -0.00788435469899 0.0451723554124 0.0605465007577 -0.00355525829751 0.00522388309844 -0.621876156772 0.00759426560415 0.0112591492785 0.0798688264455 -0.00878339622483 0.00115518483402 -0.276218221375 -0.163739397256 0.0619774463909 -0.0709092433606 0.000877562088467 -0.325783408858 -0.0436856737305 -0.0180022939942 -0.00369801600638 -0.0906617478614 0.000985982037162 0.00478316697311 -0.00994919792002 -0.00705420634401 -0.0110020699459
-0.600618401342 -0.0546210447088 -0.0275742253608 -0.0491815523961 0.0710541879029 -0.0177377242619 -0.00278173740321 -0.682341857669 0.00782401421964 0.0307054409265 0.118164724341 0.00133626764435 0.00959782684322 0.0199910700387 -0.178542317157 0.0905461541726 0.000235488231245 3.69027490187e-05 -0.299012552895 0.088142622787 -0.0332216289092 -0.00226543537756 -0.0323521530956 -0.0225530676836 0.00122106791042 0.0820365090376 -0.00291080461039 -0.00390362793343
-0.625785335728 -0.045611001122 0.0745608720975 -0.0342211305417 -0.0338569618431 -0.00270953205633 -0.00304904327956 -0.697753534942 -0.0254758145862 -0.0936152966284 -0.0761110988704 -0.0210927332306 -0.000962253469986 -0.122559185587 -0.0252962538077 -0.0284642153642 -0.0378922598519 0.00945089691413 -0.053704787217 0.137108978221 0.0233499168347 0.0154280258 -0.216267032502 0.0193455720369 0.0106312409436 -0.08978870988 -0.000122754710394 0.0111527926834
-0.636400642768 0.0429363776778 -0.0651692460442 0.127709741337 0.0644478583617 -0.00327352477967 -0.00103822946949 -0.610115214697 -0.106554946116 -0.053709645113 -0.0415476475416 0.00495894332335 0.0068684727471 -0.159948963739 -0.000312930343127 0.140312377332 -0.04044738228 0.00294442778236 -0.150641640412 0.1207096421 -0.0260351668992 0.0011494693702 -0.301781569131 0.0128294651418 0.000280764268303 -0.0594888974224 0.0219074125517 0.00606714151886
-0.704608291838 -0.0342579663657 0.0397558745168 -0.0891293331898 0.109483188142 0.0146348876954 -0.00248589629662 -0.619486306846 -0.0835692357133 -0.137325982927 0.00093708630879 -0.0155625639158 0.000517506465195 0.00264886733631 -0.164204726764 0.0617724655386 0.0168826987551 0.00069846674949 -0.146644829258 0.00788056859649 -0.0404435138041 0.00570659658504 -0.106006669745 -0.0384057649502 0.000230531083867 0.0612071638271 -0.00201170407182 -0.00193360432401
-0.668643468295 -0.024519473377 0.0429024115676 0.152542372012 -0.00809645265688 0.0245579228115 -0.000384572472596 -0.532122549206 -0.0204081202887 0.0243154803497 0.0109719583417 0.00127609602134 -0.00214049383544 0.0184206666054 -0.148995331125 0.164039550267 0.0210198143097 -0.00460514827134 -0.109723011132 -0.00554255759252 -0.0334319697893 -0.00766971268428 -0.418186145286 -0.0143909361283 2.52518458514e-05 0.062829666186 -0.00487979971547 0.00565093894794
-0.477502018824 0.0318305424143 0.0357816516524 0.0650739111335 -0.0201849492449 0.0385579732065 -0.0017025569489 -0.466944423102 -0.0244927569937 -0.0565785192723 0.0420027390673 -0.0217575669765 -0.00189723211566 -0.451180435081 0.0518565873818 -0.0345834848017 -0.04157890512 0.00370819482728 -0.310707654092 -0.00141597915797 0.0788842473917 0.00773905972433 -0.435151087797 -0.0112929492212 -0.00593906736294 -0.194556694052 0.00116267072433 0.00995218272794
-0.452149441911 -0.000841133506745 -0.0148494222191 0.0155910975802 0.013240366618 -0.00322816050786 -0.0013646644327 -0.479976352058 -0.0302228034131 -0.047270023752 0.0495506073548 -0.0256680384635 -0.00791359231283 -0.479091753273 0.0554550086797 -0.0529698810699 -0.0474889644143 -0.000201524764191 -0.296962903058 -0.0017414095321 0.0793125326082 0.0100626246286 -0.429681206766 -0.0168526682493 0.00129722548586 -0.202167024303 0.0132475055777 -0.00122596387575
-0.601563935426 0.0799753714826 0.0386045711215 0.00923098786982 0.0806076971069 0.0277902795035 -0.00455473634899 -0.641013546868 0.0282779462122 -0.042374251433 -0.0969832864335 -0.00470695362164 -0.00419923168244 -0.136336916334 -0.18971270807 0.135123745854 0.0077354394483 0.00176983396666 -0.1500133245 0.253437198298 0.0149307507721 0.00716422338337 -0.181466646592 0.0817821725868 0.0148364085198 0.00929865426403 -0.00609169814268 -0.00696998886454
-0.53517752138 0.0440859798494 -0.0200549738322 0.0574538223019 -0.0193010549915 0.0025976555543 0.00185754313418 -0.681707198751 -0.0256591555451 -0.0715148709338 -0.117596969256 -0.00293024013229 0.00351332857092 -0.132978733761 -0.213027778861 0.0778805334464 0.0589538710167 0.00357369755575 -0.0995332921653 0.230818294885 -0.0246919327717 0.00943146273208 -0.27450555926 0.0784256804323 0.0160894296452 -0.069065628152 -0.00434457594108 -0.0124874557856