-0.0418809625565 0.0306369289656 -0.292955483046 -0.116900639318 -0.00883178285445 0.0262693267899 -0.00370050517212 -0.0369660955211 0.192645572276 0.212847469797 0.039200085509 0.079379255489 -0.00856622560623 -0.171730276457 -0.395714319626 0.0245801520742 -0.328511793334 0.00166852279575 -0.276417336312 0.588341953902 0.221283641478 0.0321335448697 -0.157084881499 0.0747106134598 0.0117175527598 -0.086459702426 -0.0176822916136 -0.000706893943394
-0.588689368552 -0.0261257555162 -0.232285600777 -0.0268480918329 -0.0156725838108 0.0337237899988 0.0025899855035 -0.53237844327 -0.0406903577442 0.128840004488 0.0429688019429 0.0769143375096 0.0147781241832 -0.179652306055 -0.00957454480514 -0.0737022262393 -0.137795495455 0.00195250843237 -0.370382313234 0.251136169818 0.0333032354048 0.00817317760599 -0.0344108001247 0.0164990931842 0.00115827944657 -0.135603879143 -0.0040815915712 -0.0946113449517
-0.358944869876 0.0309942368037 0.0579774605947 0.0364981255048 0.113860513366 0.0112106645577 -0.000894965936675 -0.372564265175 -0.0287610127099 0.0167553529789 -0.151363851905 0.0407097724455 -0.00153326636812 -0.302292944376 0.00402116960351 0.00343681340686 0.0394559881534 -0.000613016950626 -0.511652202561 -0.0272587846117 0.0227014533098 0.00430635487141 -0.479482204601 -0.0042242041291 0.000171086299394 -0.315332451559 -0.00195313061072 0.0504035538975
-0.580581185191 0.0183574702511 -0.12190970049 -0.0396804371456 -0.026312926179 0.0365352560205 -0.00520503306449 -0.614852253467 0.0813598373421 0.0170609388281 -0.165949660836 -0.0311937169631 0.00682621257252 0.148437628984 -0.201862427093 0.0359483286131 -0.101197585418 -0.000365390252832 0.241031874639 0.176613765911 0.0759492528324 0.0123520298272 -0.00319172784403 0.0307684841763 -0.00359302575167 0.244946222094 -0.00620403943413 0.00726914265285
-0.542526963788 0.00791130803934 0.0144713755738 -0.146356150167 -0.0538142065782 -0.0333416839677 -0.0190907939351 -0.63241376194 0.254328111794 0.0943875814083 0.00992480636459 -0.0662812958859 0.00368815968868 -0.150082668539 -0.107241607709 0.0155139108057 -0.116084893278 8.17926059814e-05 -0.237351132476 0.278567361291 0.0769083460303 0.0190891978773 0.0197886459912 0.0279517404546 0.011637898505 -0.110474137442 -0.00514234746652 -0.00775147079459
-0.10715779404 0 0 0 0 0 0 -0.107165751979 0 0 0 0 0 -0.485939135604 -2.08269311506e-15 5.78559487442e-16 0 0 -0.420063293952 4.61741306406e-18 0 0 -0.507406912097 0 0 -0.529524680307 0 -0.163047639796
-0.57643447528 -0.0340567144957 -0.0617961546649 0.126167453298 0.0177791873414 0.0196028358129 -0.00228371609827 -0.555554685944 -0.0630358693349 0.0161425201444 -0.110462909085 0.0159269591598 0.00425183095256 -0.206619331704 -0.0330609419862 -0.147575821365 -0.0365406847063 0.00494596559494 -0.343573246442 -0.159069058374 0.022995121466 -0.00292408717343 -0.264672914956 0.0255675485717 -0.0033732131659 -0.197082181366 -0.00879487435037 0.0181833250118
-0.486402905462 -2.09137031287e-05 -0.0202850307335 0.00788220402945 0.00631861052907 0.00713157799324 0.00356646711086 -0.558529755652 -0.0033182326299 0.0573507554658 -0.120176799173 0.0108709441415 0.000173958376603 -0.253088180245 0.000584568442347 0.0137437233611 0.0273091337059 -0.000260800383374 -0.400584314922 -0.0746167429917 0.00778115547551 -0.000293570511191 -0.358470829119 -0.000663259074035 -0.00394056737003 -0.26873545827 -0.0038542146614 0.0343964322634
-0.541904284186 0.0694983286339 0.0295350651934 0.00599651017701 0.120739938771 0.00233153841163 -0.00139704549825 -0.552722033571 -0.0428559857539 0.0035913692337 -0.126622170002 0.00641836677741 0.000772136488817 -0.299928754392 -0.016943931918 0.00556784751768 0.0168907607125 -0.00304272337389 -0.312618068809 -0.00640762500713 0.0132061636741 0.00491044199455 -0.308652992297 -0.00894189342986 -0.00115190392077 -0.277777253456 0.00251634461292 0.0391887114452
-0.554762281033 -0.00874620361731 0.0117735159081 0.0193654137181 0.000668416179241 -0.00588466166104 0.0120562958074 -0.693254923743 -0.0158209415286 0.0221966571797 0.0765248970288 0.0467445695991 -0.00101150609278 -0.124369458401 -0.125310367556 0.0237116005007 -0.0898205081089 -0.00402714422302 -0.226114519036 0.302962581748 0.0202852326586 0.00685569236544 0.0964641617335 -0.0150212649207 -0.00246889258175 0.0828275120811 -0.0055882512355 -0.0496267159156
-0.627758544357 -0.00593059642281 -0.096586671049 0.0470157427175 -0.079823827451 -0.0102167988082 -0.0027403885702 -0.549695390222 0.0043522480574 0.0349846712306 -0.00723497970946 0.0333107523776 0.00388335773201 -0.0896771578114 -0.0319629999827 -0.0767168583899 -0.0156048423999 0.00268025296118 -0.39472353284 -0.0763190239965 0.0234758085562 -0.00160459573725 -0.307419759022 0.0175688625675 -0.0111920337457 -0.102668510646 -0.00125064917739 0.0201976612266
-0.428801971097 -0.000621227446431 0.0199623308284 0.0103542829123 -0.0160255981288 0.0243020935191 -0.000609201786336 -0.421688062916 -0.000664799788751 -0.010967522879 -0.0107099262574 0.00577743493893 -0.00303262647908 -0.159288512015 0.0318330018687 -0.025635348585 0.0389518638682 0.00265425006298 -0.362995751234 0.0711964333912 0.0330818974244 0.00348731539737 -0.66146098023 0.0106471539422 -2.11463494932e-05 -0.178096440747 0.000259009003377 0.0283674354177
-0.521808101517 -0.0118996508931 0.0469654212673 0.030783151886 0.133528190818 0.0114034541964 0.00205032126168 -0.464078289406 0.0146018364022 0.033973289933 0.0144044974149 0.0176346212133 -0.000617627332627 -0.209161126589 -0.0219281472665 -0.0327211603725 0.0238446767802 0.000475834864143 -0.440864075439 -0.0501100170693 0.00365764363068 0.00315683010093 -0.454681737243 0.0095528992699 0.00451138453387 -0.19495072558 -0.00436606383231 0.0395765220007
-0.651006853228 0.0191960389067 -0.0097856972918 0.0322096159289 0.016975330136 0.0268399031176 -0.0036527209078 -0.646018080006 -0.0105112689094 -0.00963612642971 -0.0424147729527 -0.0109198164048 0.00127050362251 -0.059537003729 -0.207299649635 0.0588230409956 -0.0868307615922 -0.00841478605483 -0.0138865365098 0.193472069843 0.0355137393218 -0.00206235916972 0.150907523228 -0.0173697469791 -0.00440897589404 0.184361780112 0.00358293006043 0.0250895809893
-0.691144069955 0.00542373693694 0.00115046737265 -0.0413394827872 -0.0684619588731 -0.0443813112751 0.00362969453301 -0.640595881803 -0.0264082734865 0.01058246176 8.99040145382e-05 -0.000165445395561 -0.000496347165219 0.0644237608032 -0.0657775969847 0.0510454322192 0.0105538503179 0.00144703987771 0.113357779939 0.0463743325192 0.0440541440071 -0.000141061701118 -0.260495518802 -0.00814854046789 0.00527288847352 0.0623105789816 -0.00218938596517 0.0525396645681
-0.638208596487 0.0327306270348 0.00823288272569 -0.0293338598936 -0.0440110329275 -0.0189201714972 -0.00550745372788 -0.687956462956 0.050250177228 0.0804624320885 0.0387105598201 0.0201283782386 0.00541233681481 -0.146201670932 -0.0531086177872 0.0749913187142 0.0122113504584 0.000833579418606 -0.129006518755 0.103747815517 0.0724731392795 0.00941708567711 -0.131053364785 0.0106223250575 0.0022043260826 -0.146634614635 -0.00702615322575 0.0508781348765
-0.580160079647 -0.0265400593015 0.0280082452787 -0.043360558046 0.114382936572 -0.0080469445869 0.00142532566595 -0.542449265443 -0.00809145666169 0.0120484537278 0.0741817398547 0.0087802578015 -0.00687840277739 -0.205952177008 -0.00839216670868 -0.0692299149457 0.0205683465297 0.0070495790348 -0.319893117022 -0.0673275893386 0.0133976369514 0.00155002475292 -0.389072356666 0.012858641566 -0.00579154826754 -0.196721444908 -0.00271040144395 0.041524177812
-0.66534946494 0.0375576041167 -0.0490246026188 0.00959762725601 0.04977254835 0.0514690721292 0.00443188877517 -0.611492164546 0.0309745482034 -0.00922835985819 -0.0273241967156 -0.0176295529888 0.000802616676182 -0.0389440453987 -0.105479180895 -0.0111341727184 -0.0698464601852 -0.00270309963631 -0.174823063192 0.129227167817 0.091457593105 0.00713801002971 -0.253508419474 0.0846381054428 0.00472205383362 -0.0145538916646 -0.000940206702491 -0.165036461717
-0.631142088522 -0.0265735624606 0.014616248842 -0.0464638134303 -0.0374627060816 -0.0149450163844 0.00404472027779 -0.601089994845 0.041954624384 0.00558345369166 -0.0459181694635 -0.00778285374723 0.00919016391061 0.106145971393 -0.135513597128 -0.0317189589966 -0.056553312947 -0.000393592487761 0.263926541423 0.0277007092587 0.0124104971819 0.0154852911451 -0.30018124137 0.0114232929039 -0.000928918502631 0.186530063362 -0.010108045621 0.04235805362
-0.662571906486 0.00715602330205 -0.0141722977549 -0.0426977809684 -0.0463455231018 -0.0346931671133 -9.34291946944e-05 -0.608383199381 0.0595526002223 0.0324318799883 -0.00352980766822 -0.0162176165533 0.00870123572436 -0.168073886 -0.195598197955 0.0664912029197 -0.0804835995587 0.00129444621462 -0.105455954587 0.244709415368 0.0412692283404 0.00567592228948 0.153948861128 -0.0156343255874 0.000947010664047 0.077150321309 0.00132610437081 0.0211127990445
-0.394292619835 0.00312369487603 0.00276417904042 0.0101083934316 0.00421318290706 0.000397732351106 -0.00164026341875 -0.464784031928 0.031235306379 -0.0224441762778 -0.0626607642237 -0.0495299156995 0.0198569583602 -0.364963073015 -0.0513226423651 -0.194070388151 -0.0842111318862 -0.00921911588476 -0.416107048235 0.0821863894666 0.0208140947159 0.00853675386945 -0.419686560962 0.0780922699669 0.0153107339485 -0.194794801425 -0.0385661817721 -0.192707111606