-0.0280107194731 0.0167343388341 0.17347350325 0.138565530209 -0.0484832781526 -0.00161906979023 0.0549099832268 -0.0751900503295 -0.245333763775 0.0226636630983 0.0683071217484 0.202651474513 0.118770981425 -0.189551909321 -0.398521139853 0.324891332733 0.128834465299 0.00660710132929 -0.289680173093 0.590468008509 -0.0372489022754 0.0496466318112 -0.244726105046 0.0511597717333 -0.0154217797603 -0.0385833856697 -0.0173811447906 -0.0132723084476
-0.509715300279 -0.0827737530336 0.205514043454 -0.0137244474281 -0.031125088813 0.0514251479051 0.0132174765031 -0.503057817225 0.113318216289 0.0159427706774 -0.0270253713355 0.134897265913 0.0793225721875 -0.194442297526 -0.156334904225 0.194498560414 0.0560485272766 0.0140928158685 -0.334015479027 0.368299730244 -0.0268284499004 -0.00682104038916 -0.179008646651 0.0383458444878 -0.0200120545473 -0.0855001873887 0.0115684789287 0.0546789239262
-0.277032317916 0.0203576127551 -0.00107517345974 -0.0270486866406 -0.0141276120073 -0.0481450743978 -0.00206345664693 -0.335084390996 -0.0646677494073 0.0674415112314 0.0150381178451 0.0934391502966 0.0530514963106 -0.409773391614 -0.228209712004 0.0737147594968 -0.0455645543838 -0.0118667885208 -0.55528991356 0.138609120357 0.000830943979303 0.00692996216632 -0.44510187232 0.0300323454569 -0.0116083309754 -0.17797903603 -0.0112519589281 -0.024340235069
-0.617753619838 0.0312708180502 0.161022228766 -0.0546416110856 -0.0853314658465 0.0832128751542 -0.00521525435663 -0.65302336977 -0.161860489601 -0.151729859626 -0.0525131007569 -0.0541008937903 -0.00368695269941 0.0139469253006 -0.124751391766 0.131794354152 0.0781680474334 -0.0174213047121 0.0510413447053 0.18634215329 0.0309629875921 0.0287696916648 0.10565281846 0.0394289441414 -0.00482506871484 0.0240620799049 -0.0180749679702 -0.0243969099347
-0.564842305666 -0.043900228249 -0.131087037211 0.0769257935314 -0.0715590663105 -0.00956975154224 0.00713786805564 -0.548688834179 -0.0705491027555 0.0640316694006 0.0201179816024 -0.0778802766439 0.0271370823275 -0.155905779438 -0.24785667949 0.196878431571 0.125796378986 -0.0154646464895 -0.116799800485 0.367164988557 -0.112451938454 0.0373004532705 -0.154751699324 -0.014177078084 0.00368010131703 0.030397341598 -0.0265464657097 -0.06688196006
-0.335277811052 -0.0638338937111 0.0729343731444 0.00734777315676 -0.0310892145252 0.0304426464727 -0.00318714725855 -0.403595217629 0.112579748482 0.0270432329058 0.0262960708719 0.0166870958428 0.00282995277599 -0.154732482313 -0.0164940029407 0.0714015241639 -0.00171087321413 -0.0200210274135 -0.41735743656 -0.0357920717235 -0.00694164247388 6.70438815378e-05 -0.440474196662 0.00466128305148 -0.000151807503481 -0.547425703868 0.0026180001705 -0.00330387360758
-0.399387378219 -0.058987629665 0.109639543084 0.00690658449578 -0.0224812338559 0.0259588247955 0.0101753801334 -0.40401807216 0.0665617436258 0.00280859138878 0.0340731636599 0.0454416359807 0.0425974102572 -0.238008263422 -0.106111737852 0.0914489321277 -0.0384929418372 0.0207278958544 -0.468416564084 -0.00146864222422 0.0340249571452 -0.000290329102096 -0.471816063761 0.036851446658 0.000171129930743 -0.355000476414 0.00372536283629 0.0467530175509
-0.248145566538 0.00115280728295 0.0497307520511 -0.0140741983382 -0.0112997066427 -0.0195962676834 -0.00589535172604 -0.253523933733 0.0352443172235 0.0388282637998 -0.0106849882502 0.0262069548634 0.0217605456012 -0.445849184832 -0.0331401970613 -0.00943580882006 -0.0664245750029 0.00567397708281 -0.525487284152 0.00901282211596 -0.0025435428627 0.00126138988534 -0.544706050162 -0.0047851071587 -0.000628988597384 -0.298965791773 -0.00396488804673 0.0119353557734
-0.188657447165 0.00721767306435 -0.0319808831872 -0.0051043089083 0.00328794422282 0.00808880976017 0.00174127304638 -0.208236402739 0.0946672084105 0.0303046325927 -0.016094897618 -0.00401233687934 0.000877769168023 -0.568482241655 -0.00509161827967 -0.00912988497157 -0.00615143347916 0.000905179867696 -0.428053867053 -0.00673554372469 0.013029381273 -0.000846934575282 -0.464996000822 0.00421721638684 0.0011325349861 -0.429762263182 -0.000647851667556 -0.04480260451
-0.642620576143 -0.0310400415908 0.0612186524467 -0.046512845542 -0.0163391627293 0.0561621230346 0.0029659396689 -0.607058873588 0.0597755469454 0.0509449855284 0.00386148136186 0.0403877655416 0.00753746497655 -0.144824957428 -0.157514511346 0.164066419852 0.0417338210719 -0.0139914095121 -0.287945455418 0.173246837562 -0.0430299782857 0.00312569816792 -0.0951969716059 0.0315146722021 -0.00865104913385 -0.0176492634582 -0.0169885715495 0.0135268346
-0.662557273295 -0.0377352568603 0.0524984294537 0.0461331040422 0.0411690356887 -0.0132034530014 0.00506489286297 -0.607035815875 -0.0487728596941 0.00565568542371 0.0549399555567 0.00695391286495 0.00215102884754 -0.149661203449 -0.0885865960654 0.170143301852 0.0186486690068 -0.0165007104329 -0.0984410786248 0.319779035396 0.0290035869866 -0.00131266960154 0.0179109896399 0.0520894671561 -0.0142408114456 0.0512767178256 -0.014675242695 -0.012304657886
-0.551246988653 -0.0049356168039 -0.0246976044921 -0.0338645148193 0.0382347858755 -0.0321590594332 0.00760003537334 -0.593721673239 -0.0778640930413 0.022854854094 0.0570761802171 0.0160699390132 -0.0011374769153 -0.230865159211 -0.236089666714 0.101218795417 -0.0192699793774 -0.0143304439645 -0.369732480645 0.131609743776 -0.0157872363541 -0.00684897614907 -0.225910192438 0.0257617550797 -0.0229446631308 -0.0252706938803 -0.0353112134155 -0.0299089210556
-0.45132359516 0.00302949638045 0.014714676729 0.0288855616524 0.00701424173746 -0.0583971943095 0.0110094378453 -0.444704089222 -0.0678857130217 0.0113437179088 -0.00884429384271 0.00362949662811 0.00573350682618 -0.340714970484 -0.185893860397 0.0269281307444 -0.0336428508005 -0.00331199884693 -0.444634597485 0.135774337753 -0.0100583244402 0.00995778879362 -0.442975164127 0.00292951800469 0.00022545024582 -0.147053809048 -0.0301369477444 -0.0377940278303
-0.65407718123 0.0521637375255 0.096377043531 -0.0177568635769 -0.0138493857281 0.00738773467939 -0.00130708991076 -0.645128438501 -0.0323969026265 0.0819958411276 0.0298817978174 0.00400221998927 0.00349629244844 -0.0801256430508 -0.174291234676 0.107417025465 0.0014478155377 0.00351600765624 -0.220381830247 0.167647608319 -0.0345007206277 0.00232167097237 -0.086396981819 -0.0286124144484 0.00768629589131 0.0114291482947 0.00184742339305 -0.00539372233442
-0.651698295596 0.0664338662031 0.00155496129795 0.00338794280635 0.092631193309 0.0150253291166 -0.00028967593684 -0.640795138341 -0.0722862541137 -0.0285706296723 -0.052785767403 -0.0219673216166 0.00153031265798 -0.259688410401 -0.045066643545 0.0523063964757 -0.0166375066883 0.00560371079074 -0.12064049103 0.225837282149 0.0237659538109 0.0024240200946 -0.0382366228288 0.038444051931 0.00258578422867 0.0172641119537 -0.000950921878425 -0.0154334761408
-0.649640579084 0.0162794040308 0.0259115175869 -0.05251222061 -0.00132176087662 -0.013530332917 0.00387441003038 -0.649283539937 -0.0395975091038 0.0443998199501 -0.0454943065868 -0.0204646465921 -0.00443409731591 -0.232292259029 -0.0983809419898 0.0901051584951 0.00342325981882 -0.00139253219238 -0.0241396055354 0.264161636603 -0.0178880071983 -0.00412714321065 -0.0412950467153 -0.0172510373972 -0.00226931444639 0.0413619106192 0.00127070709676 -0.0162498318464
-0.709290603177 0.0148581935752 -0.0880330384184 0.0255222941625 -0.0399748492037 -0.0222538663862 0.000794765707386 -0.613976085765 -0.0216312446188 -0.0214983839492 0.03577737108 0.0312320503892 -0.0176742665031 -0.00607712378133 -0.11329617652 0.130159186965 0.0838202520708 -0.0032679103709 -0.0940366746951 0.166501620687 -0.0776258298021 0.00936817440748 -0.131925480395 0.00945013077971 -0.0174175848589 0.0790435643663 -0.0232540768675 -0.0401335570323
-0.687372895089 -0.0492338385026 0.0989808237608 -0.0402467957781 -0.0457743435436 -0.00284644791346 -0.0138569719144 -0.639377584264 0.00585136083834 -0.0720601922658 0.0258982265641 -0.0295171074982 -0.00693733115305 -0.0166990248302 -0.138665278751 0.0562514954789 0.079302032898 -0.0172926671919 0.0159090915942 -0.149423356272 0.0213557691728 0.0303821500489 -0.185777755417 0.0165810620609 -0.00489251494261 -0.0802785923464 -0.0355362379377 -0.00480708879447
-0.569756904215 -0.0307719603176 -0.00203280475832 0.0183619913353 -0.0425107731851 0.0201781123716 0.002415338124 -0.772738847261 0.0945047000165 -0.0622612527604 -0.0995223542824 -0.00335102253631 -0.00261198619659 -0.0903146310624 -0.00763217384007 0.0969684640472 0.00463270315166 -0.0101240516499 -0.000574362756594 0.11757426367 0.0585545035376 0.0175627887237 0.10664139867 0.0632956639636 -0.0054496917099 0.0107563501135 -0.00670667941377 -0.0337783543598
-0.649130036765 -0.0405187002023 -0.0369188350997 0.0797576021876 -0.0120438387637 -0.0101489458954 -0.000502252349237 -0.626694255893 -0.0442487590697 0.017734000148 0.0119595889611 -0.0363172108111 0.0382314896405 -0.239867149168 -0.136245420046 0.0578619575777 0.0861044152545 -0.00763937210335 -0.0922374433769 0.247204561593 -0.064345241332 0.0282853756876 -0.0524389822363 -0.0189997340594 0.0139717711623 -0.0718282770111 -0.00497662070488 -0.033262019677
-0.551690894249 -0.0108523971838 -0.0423269097384 -0.0131940246508 0.0259400834841 0.000646371354649 -0.00159177749978 -0.65827197496 -0.00610208105809 0.103093490755 0.000393826756113 -0.0317399094552 0.0325020643031 -0.165898028644 -0.18614491129 0.136785530734 0.07653754177 -0.00320669268744 -0.172901632267 0.222564827708 -0.0860009247842 0.0473167439735 -0.239091782127 -0.0207969019348 0.0221995816348 -0.0792688013524 -0.0181524848648 -0.0794192295796