-0.0799229545651 0.115176971731 -0.158421907604 -0.367772923388 0.115411697196 -0.0211317927625 -0.00830103325907 -0.261330878755 -0.0332028751953 0.724304562527 0.0980085498308 0.140566338222 0.00379137020835 -0.0231557251505 0.0266732855063 -0.0355378024115 0.130125794154 -0.000535755309042 -0.33164971061 0.16804094555 0.141484011163 -0.0143625361476 -0.027334519517 0.00657326768797 0.00954811798096 -0.0340811628137 0.0531242787249 -0.00154252354726
-0.500970961435 0.00110375882557 0.0716972711482 -0.052207351518 0.0795862759412 0.0250680778172 0.00477814679837 -0.684147323796 -0.153937156587 0.17644733946 0.142165544742 0.0609976162363 -0.0030344608617 0.011438885736 0.0509927409967 -0.00621609552533 0.0379991588808 -0.0277833500619 -0.336273868259 0.231748251402 0.0947043513111 0.00461976531823 0.0451236985686 0.0349344209534 -0.00447126103032 -0.0516153872405 0.025347550897 -0.000550736334557
-0.489196512157 -0.0837707726816 0.0339333158787 -0.110450219491 0.145791503631 -0.00623616528249 0.00166133878094 -0.625194933496 -0.120412354614 -0.0164698705097 0.22315710043 0.0328884079358 0.00538380512387 -0.307634241907 -0.0319838950772 -0.203258097244 -0.0058633718763 -0.0157134976863 -0.29150081084 0.11153870843 0.0711213541168 0.00738628680544 -0.0297180390504 -0.0447782593915 -0.0119776096616 -0.137225968054 0.0187623525758 -0.0217901892413
-0.573891647813 0.0238103681208 0.180326864508 -0.0188021510606 -0.0989911192847 0.0510163211347 0.00555761453911 -0.663971021841 0.0530275752607 0.263653712928 0.0546882301886 -0.0396316052658 0.0224417644566 -0.0380926141856 -0.134947208576 0.161361575196 0.0102768072065 0.0194853763653 -0.0174153787426 0.0423767828048 -0.0317903386629 -0.0151434087575 -0.236212060881 -0.000978544859277 0.00707209622044 0.0288543189139 0.00843430578408 0.0159695717256
-0.520354980139 0.0789637344405 -0.117657658236 -0.0599275747503 0.0435435036853 -0.0655301760733 -0.0149692497606 -0.637080670025 0.0931304404701 0.207366215952 -0.168690353357 0.0191616929033 -0.012316042082 -0.0609624037699 0.0997734083807 0.0968785128407 0.070247332228 0.00997757926693 -0.296101223416 -0.128357669259 0.0606262117139 -0.00686778324395 -0.272485249525 0.00185586229007 0.0103216230708 0.0447717402158 0.017045210421 0.00263920549402
-0.459490083198 -0.0765025823968 -0.00804324047315 0.047502102136 0.0410967574947 0.00939005543887 -0.00124662087823 -0.594866073882 -0.0425443811106 0.170750907665 0.03250864444 0.0259090181209 0.0076512477109 -0.380217708359 0.0282927122791 -0.0608976616939 -0.0403035963699 -0.00894882685574 -0.443684905469 0.134370845479 0.0542708185793 0.00692063353232 -0.0283534475151 0.0392971073842 -0.00572518602455 -0.145561097888 0.00631603279305 -0.00231097568708
-0.402546483018 0.05905296442 -0.0198497812899 -0.0261169756827 -0.0197571076737 -0.0236222762462 0.00842861435015 -0.644751227704 -0.0239235287379 0.144236499387 0.0690640297438 0.0228686200458 0.00691645614096 -0.341870602748 0.0828695930515 -0.0820561644615 -0.0178308742339 -0.0165491418497 -0.466430962657 0.175329506099 0.0237990236963 0.00508897978826 0.0192126467675 0.00056336223562 0.0117405492463 -0.0946235222991 0.0205277989704 -0.0105597160543
-0.409207554299 -0.0267589514123 -0.0172297023351 0.000890443138474 0.014118981473 0.000652888844786 -0.00297703539633 -0.617882174512 -0.0394405217341 0.152014909024 0.0500316670295 0.0402901772622 0.00583009035826 -0.360030002271 -0.0339021358509 -0.162458948062 -0.0601478631526 -0.00428102054756 -0.465577290213 0.155028886461 0.0152577912084 0.000464801728438 -0.081399533579 -0.00757561108178 -0.00576076643702 -0.107601245957 0.0211220051529 -0.0124156565674
-0.434591644064 -0.0338564380549 -0.0118316017766 -0.00806172738487 0.0286129487303 0.010594322441 -0.000600181472417 -0.680089765139 -0.0104492295301 0.181884580197 0.0420965269788 0.0391275641432 -0.00222279664646 -0.328170683952 0.0074623213994 -0.193300010141 -0.0348610290535 -0.0105336155116 -0.355989987724 0.16211437875 0.037262782926 -0.000347126432427 -0.0760327181647 -0.0219801110162 -0.00807358323482 -0.0463649540367 0.00178811367573 -0.022420341508
-0.656318192883 0.143641609637 0.0672179786728 -0.0229936957158 0.0808512123209 0.0138465691746 0.000571829269438 -0.675930052217 -0.07249534747 -0.0272857748677 -0.0763820978886 0.0153040290264 0.00665006563572 0.0564834104519 0.0443498341225 0.153413710788 0.0477178538613 -0.0199763909451 -0.0259429850982 0.0280122955466 0.0686037142763 0.00260442059755 -0.167861487078 0.0150866201326 -0.0144809350303 -0.0292460958239 0.0288494171616 -0.000952323028056
-0.58662649127 -0.0222614677324 -0.0946196057391 -0.0304977176501 -0.0342989649112 -0.00483898859113 -0.000275818551274 -0.519204210664 -0.0413292093827 0.101524414007 -0.0687528595306 0.0108402339727 0.00540874350991 -0.0168471763026 0.187466933752 -0.00760187570075 0.0112159515927 -0.00104283877748 -0.533840110442 0.0491976260337 0.00819458344293 -0.00235120551951 -0.171159179108 -0.036019779464 -0.00480799373354 0.063649323555 0.00702431464285 0.00464404244872
-0.580940952063 -0.0018369071272 -0.0195287443652 0.0316601702623 0.0761746662768 -0.0314796745997 0.00484199685196 -0.592626676216 -0.080676787036 -0.0249620313978 -0.0371328084085 -0.0204270381639 0.00676550914013 -0.0931124906084 0.1849081273 -0.0638584415326 0.0467931004195 -0.0111125528883 -0.456131710734 0.0700252747888 0.0171362880367 -0.000285303380726 -0.162919975983 -0.0681406588824 -0.00522208960746 -0.0145891809061 0.0107001534838 -0.00879637156362
-0.49422452 -0.110302849945 -0.026604033102 -0.100650021216 0.0120716522739 -0.00786129160797 0.0019797261556 -0.559298877628 0.0447077744045 -0.103853578306 0.0757825598991 -0.00927040362533 -0.00418864535539 -0.432964569349 -0.0843235948951 -0.112815153526 -0.0218823074466 -0.00145574415657 -0.0860870448194 -0.0663676188447 0.00343752271346 0.0102824744656 -0.337407478431 -0.0922561493786 -0.0148059722747 -0.242311825543 0.00814256984487 -0.00373682936904
-0.547597240575 -0.0686352124052 0.0695644817912 0.0465076150168 0.030900079091 0.0107881947833 0.00159544923559 -0.540460334363 0.0322413394905 0.0540562962681 0.0753614967537 0.00355247941161 0.00561121695446 -0.0335072241842 0.0919263394119 0.10350872177 0.0230708417825 0.0103515932812 -0.559123869454 0.0585309290688 0.00879030741227 -0.00163478933744 -0.216416658811 -0.00989574542479 0.00507338491695 -0.035232766887 -0.00512374598622 0.0169917049258
-0.41660826205 0.0160597015011 -0.0389542716031 0.00982735813487 -0.0404610172922 0.00103184156749 -0.00108244625086 -0.479201624926 0.0792552059434 -0.0687209781327 -0.0440094861648 -0.00683915554721 0.000545829656049 -0.0717903441021 -0.000244909719332 -0.00870442800114 -0.00160639910435 -0.000822329034521 -0.726994991126 0.076667910973 0.006279140371 -0.00130897160404 -0.185815000321 0.0198622829928 0.00180841674732 0.0740294848887 -0.00774073990734 0.0128527059184
-0.521078688069 0.0377602194351 -0.0360072509388 -0.0421994511997 0.0598615156789 -0.00973725739204 -0.0101840670812 -0.657733612011 0.0731289014954 0.0651312800035 0.0771122093907 0.0147432852177 -0.000122359748877 0.0241534329697 0.188954949606 0.068184354063 0.0454340674241 0.0135762867624 -0.446141071979 -0.0124119550197 0.0389273546079 0.00271043619317 -0.157782761692 -0.0208764136281 -0.0031728044174 0.0507538193007 -0.000994131008357 0.00172005314069
-0.566023235666 0.0624324939286 -0.0324947430506 -0.0491076108131 -0.000349366404898 -0.00826246038069 -0.00606539135205 -0.733820581226 0.0334819350564 0.124291722778 -0.0627946005472 0.0298037543953 -0.00125989481501 -0.111698474173 0.0246554891749 0.101953571308 0.0257558785665 -0.0105942363456 -0.0967741292838 -0.145883798357 0.0802294747035 0.000521993007615 -0.161968991228 0.0285784750114 0.0082214908761 -0.15406563144 -0.00700935470534 0.00308975571363
-0.601380591186 0.0689953083615 0.070753475584 0.00363125278985 0.0481921964093 -0.0138575858662 0.00519964822009 -0.645169130757 -0.0125464643827 0.0572875110302 -0.0813274552171 0.00742950047389 0.0149045081083 -0.163245849711 -0.174129279423 0.15596420919 -0.0678565651353 0.0135243292149 -0.0297712655987 -0.144942151023 -0.0253977741071 -0.0131661460222 -0.289233199503 0.00961394668725 -0.00347615766605 -0.0814527126431 0.0151801299121 -0.00505008831662
-0.619153450437 0.034251016492 -0.0300140485005 -0.0782686848754 -0.109837333318 0.013839349849 -0.00558240055394 -0.675661709839 -0.134002315311 0.0404455138034 -0.00816389727064 0.00521288800062 0.00015343347421 -0.219931905933 -0.21537045642 0.0439402357786 -0.0291598057989 0.0191424450779 -0.0298397947042 0.0137750371488 -0.041245778718 -0.0154182591424 -0.131111914055 0.0107480601179 0.00400752890946 -0.025482074282 0.0322666725718 -0.00485992529877
-0.518716892124 -0.00125745666895 -0.0751724527188 -0.0286662421766 0.0114534051302 -0.0171356882651 -0.00396733518193 -0.562389775 -0.0138404099631 0.0979483368771 -0.11944521519 -0.00416635741611 0.0080472416082 -0.0726103688158 -0.0068391147661 0.0253811440491 -0.00103115849518 0.00589769643271 -0.560093900464 0.0519425454075 -0.00828285777208 -0.00174503453755 -0.228563874223 0.011031166854 0.00160069241881 0.0912842678263 0.0206437649437 0.00155330039252
-0.553801075311 -0.0120603898975 -0.0654818121346 0.0223068903715 -0.0168170893336 -0.0148567076871 0.00134969896511 -0.648564264126 0.020773298049 0.142019335123 -0.0560697687766 -0.00956140270973 -0.0136082298081 -0.21751135925 0.0139517357309 -0.0238148289974 0.0587338911969 0.00325068423343 -0.186725604551 0.0246927072098 0.0106108829693 -0.0013713668273 -0.38911214234 0.0524811785457 0.00386217315531 -0.0409840584972 0.0136689493192 -0.00657133578634