-0.00663072388794 -0.0144637223786 0.0697729898164 0.0252263437251 -0.0766523363956 -0.00369733218324 -0.00732153661525 -0.316225736183 -0.135288565217 -0.397722200972 -0.566725408312 0.0256040528695 0.00608304870169 -0.165383843882 -0.321656691766 0.312691874448 -0.0166325448047 0.0210234067379 -0.17062907571 -0.145316847283 0.032947319992 -0.000383296057949 -0.307254088428 0.0974227405467 0.0252369106214 -0.0100406516262 -0.0683019996887 -0.00431941721752
-0.489699683775 -0.0144174247722 -0.0348061735939 0.154386125283 0.03648119236 -0.0121738802674 -0.0127484975461 -0.629538109479 -0.244840164762 -0.0393244633424 -0.0918233534013 0.0630539260689 -0.00385551666766 -0.160363442692 -0.0634615100179 0.211345447758 -0.00674640334195 0.0182239667178 -0.287372841886 -0.233052732711 0.0103324570466 0.039622492818 -0.175831060353 0.030775316405 0.038650058823 -0.122639605404 -0.0358570734752 -0.00438219689452
-0.580063221234 0.00484136465527 0.0129946317462 -0.077217371419 -0.107954460958 -0.0426853886135 0.00514020906622 -0.587895344242 -0.107333252166 0.0267160786944 -0.0335797461846 0.0826799440474 -0.0218406733335 -0.358626089 -0.189664729091 0.187853068876 0.024717480901 0.00384153025005 -0.115476953193 -0.177819261217 -0.0632052396076 0.00314982476538 -0.126885997816 0.0471902834324 0.0203642946887 -0.0807324437754 -0.0504783273673 -0.0175136496641
-0.394268454499 -0.000923169784602 -0.00705385636137 0.00486122877558 -0.0581818885735 -0.0082189930384 0.000831096727144 -0.653279743253 -0.00483527302426 -0.301474466745 -0.0390417328699 -0.047915432414 0.00775422442803 0.0280979558445 -0.179594590135 0.0937116864884 -0.0214242332786 0.00825098742465 -0.10448159841 0.0262215556133 0.0392396093952 -0.00951214205668 -0.507396446151 0.0621774701713 0.000476685702208 0.0428531715243 -0.0246707984947 0.0105122715313
-0.490817256506 -0.0609118856696 0.005011703065 -0.162189677879 0.0653360412284 0.00225468103058 0.00428347356091 -0.558033544288 -0.041683419761 -0.215103808734 -0.102821935284 -0.053827180798 0.00196330185176 -0.141334468712 -0.107616411978 0.16654961525 -0.010625539989 -0.00348548481171 -0.204248518097 0.0133308553397 0.0417110382536 -0.00284267342508 -0.491633765186 0.0653467289541 0.000843054958147 0.0453093215896 -0.027244765267 -0.00704804886282
-0.54283063296 -0.047864659532 -0.00214739703976 0.0469906275666 -0.0502735059474 -0.0595964437734 -0.0148811960171 -0.550547470919 -0.0483469228377 0.0592156448851 -0.0729902992922 0.0135637793276 -0.0031621015713 -0.317498947919 -0.0225941418664 0.07765752913 0.0061759918724 0.0171983485859 -0.438981890035 -0.09666436181 -0.0286854203305 0.0271537995152 -0.162288297562 0.0781225032329 0.0239451593649 -0.18662008487 -0.0278741713942 0.0124319448276
-0.54036378692 -0.000546451401761 -0.0207152097618 0.0288293175615 0.0870834965174 -0.0130760820614 0.0115128617893 -0.530577093155 -0.031418655822 0.0371537670551 -0.00909505990524 0.0553138433957 0.0200821036629 -0.283321011787 0.0207102283559 0.0142257051418 -0.0351295487244 -0.0118876321458 -0.442667080896 -0.0208336671596 -0.0217114462555 0.0557275277727 -0.323376895721 0.00104190180588 0.0231005766415 -0.145493454166 -0.0420637687952 -0.0338598567728
-0.607215704519 -0.0407767042048 -0.0125655435828 0.0493351631848 -0.0856444059926 0.00820004532713 -0.00247471619843 -0.588341805192 -0.00893468279329 0.0853730256768 -0.0179742418341 0.0344163635749 0.0176923901961 -0.305264612585 -0.0758905030049 0.0771719684993 0.00207760609692 0.00474509424408 -0.278073929445 -0.123636112685 -0.0508736156811 0.0247299098148 -0.236702962561 0.00147891532587 0.0242204526612 -0.0775391814602 -0.0165462269249 -0.0254759664678
-0.56392688445 0.00945320745113 -0.0168355347585 -0.0223138013879 -0.0468039072294 -0.0208152218058 0.00452499792043 -0.569766837801 -0.0197877434582 0.0837789671997 0.00264180092348 0.018453383612 -0.0130753632881 -0.369834245279 -0.100135493251 0.181375626591 0.0812120207596 0.0133816483551 -0.309859406828 0.0617728301014 -0.0456607696578 -0.0208896270351 -0.185844112287 0.0897279815884 -0.00235848789926 -0.118800973927 -0.0148180005825 -0.0124171437849
-0.647563710325 0.0446972188671 -0.00875450443079 0.0932685404133 -0.0422606660575 -0.0366889417467 -0.00179245003239 -0.670776679006 -0.110249880929 -0.0776780916725 -0.012269874669 0.0233439874056 -0.00492416175601 -0.138623853521 0.037971769466 0.078802165365 0.000831612390981 -0.00297300139655 -0.125679955604 -0.159591519913 0.0596148063135 0.0188686089496 -0.159214364219 0.00787903572416 0.0169750685124 -0.0111792340625 -0.00372919494281 0.00339802322904
-0.550336507924 -0.0179053233542 -0.0065060079313 0.0649852168428 0.0259008572088 0.00326700156587 0.00212491056363 -0.774143186321 -0.0754163929699 0.0212453263559 -0.0956963808846 0.0169318768653 -0.00703142106199 -0.0441321586172 -0.100923132062 0.168503563403 0.028105584192 0.0150859429603 -0.115796143911 -0.124434434721 -0.0404395552698 0.00642376370343 -0.0243840912631 0.0147033080238 0.0264173866648 -0.0524117203373 -0.0223446230388 -0.00766666560903
-0.536176891317 0.0615780835991 0.0220666405539 -0.016340005132 0.0206081283286 -0.00624592622927 -0.000113350223284 -0.765990204278 0.000465636790269 0.0608219786457 -0.122918273116 0.0113624160134 -0.00187449068667 -0.216189771699 -0.129313623543 0.100093878939 0.0140691877009 -0.000479383742095 0.0707503679724 -0.118867163974 -0.0728249096516 -0.00521665805515 -0.0454047671715 -0.00428874561004 0.0197913524452 -0.0231509411273 -0.02592286021 0.000675357816063
-0.649977533152 -0.024335797402 -0.077857172925 -0.00960459087259 -0.0873377579167 -0.0158426554035 -0.00323572092863 -0.693731999221 0.0650261169062 -0.0616765330504 -0.111565025368 0.0346968736049 -0.020181628899 -0.153253238282 -0.07002371058 0.00736730144692 -0.0113098557364 -0.00664136899352 -0.0997808239656 -0.078584778069 0.0282937539097 0.0170445976777 -0.105213173877 -0.0151521993928 0.00950580484665 -0.0243216133135 -0.0402593127024 -0.00990547458766
-0.606311068622 -0.0461295301926 -0.0222427619177 0.0133254725823 -0.0546773396509 -0.0396180130461 0.00289473344781 -0.701501754266 -0.0320680168134 -0.105845718754 -0.0849572988505 -0.0453719384189 0.0121987980571 -0.129714670267 -0.113557431414 0.0822103628637 0.0121348537838 0.00305862089805 -0.148542571488 0.046992223835 -0.0156690428766 -0.00209404857292 -0.206839343069 0.0812078518788 0.000946707674719 -0.00941868621474 -0.0134752199235 0.0212058977551
-0.540586550564 0.0026569587043 0.0356435454201 -0.00857203105504 -0.0132565551122 0.0339919573367 0.00286175859408 -0.516939609654 -0.00726376423539 -0.0267979393073 0.00882851419076 -0.00992477597108 -0.00048860018654 -0.000602768194076 -0.118311007856 0.0890251826369 0.000803973266605 -0.00563345166684 -0.391852565574 -0.0827186224043 -0.0335370484448 0.00606472370893 -0.50066538635 0.0362312053426 0.000578490125387 0.0321430411159 -0.00775847877722 0.0179274084
-0.612771378995 -0.011951523045 0.00743031971812 -0.0494956061634 0.0588574950454 0.029775999112 -0.00533461147551 -0.58358107451 0.0181604718203 -0.0531307349265 -0.022442195291 -0.00509380647869 -0.00562888577775 -0.0566399130156 -0.165071903463 0.123296223209 -0.0211465200965 -0.00515507723108 -0.319561311113 -0.0449939133742 -0.038898043113 0.00348476551199 -0.340507510267 0.0345963130568 -6.99603602157e-05 0.0603733646148 -0.0106949776991 0.0223620648985
-0.652446425468 -0.0194495279486 -0.0722184282116 0.0602378409911 -0.021334666281 0.0265511246342 0.00480367902618 -0.64848519521 -0.0504973792444 -0.0505697302228 -0.0636182147965 0.00235103817359 0.00362081924689 -0.106131138434 0.0135307789856 0.0696573723128 -0.00706368147713 -0.00113245830183 -0.27464461898 0.0331213323394 0.0116984938899 -0.00391262111501 -0.196858512635 0.0446199941296 0.000740524473429 0.000917226639121 -0.0205705493184 -0.00199778696123
-0.504288349828 0.0187723715492 -0.0105667616842 0.0420987875356 -0.0443766525709 -0.0258317488486 -0.000487456036315 -0.542987378171 0.00234562659736 -0.0937710872517 -0.0111937992428 -0.0212798124428 -0.000650618016858 0.0117472358718 -0.109938989967 0.0417538213556 -0.045416415896 0.0136128718364 -0.192573410416 -0.0229978893996 0.0540205898882 -0.00343661214276 -0.613855918011 0.0182893947529 0.00105131591709 0.0437506992067 -0.0240479273715 -0.0141853434555
-0.521259806819 -0.00150929499149 0.0263885213774 0.0100617163877 -0.0016579986353 -0.00755521189348 0.00598167144773 -0.65004466272 -0.00590491622197 -0.147034850993 -0.0434240773697 -0.0373460775754 0.00354463575688 0.0824749108804 -0.0908645134651 0.051133188023 -0.00407153911969 0.00601946783634 -0.255476641454 0.0464917715659 0.0568840096169 -0.00814040163071 -0.43690326576 0.0153560693885 0.00276960334319 0.00554496287023 -0.0163648935377 0.00183552647132
-0.488832596061 -0.0110448419993 0.00983385759077 -0.0288736547658 -0.0102247301332 0.00479285757892 -0.00359992085889 -0.616381120704 -0.0689424334796 -0.0706914889703 -0.0409811679584 -0.0541439523551 0.0100495078535 -0.088029347455 -0.0520512470423 0.131586904998 0.00560072166675 -0.00315434161502 -0.158125606728 0.146591013282 0.0599934746373 -0.0041460056719 -0.533509644766 0.0412595429776 0.000868935888464 0.0275071693108 -0.0150736498751 -0.0147754386686
-0.481211790014 0.0208129563498 0.0144356024389 -0.0199864057025 0.0461869650905 -0.00145193911744 0.0038199974936 -0.533235861439 -0.0185934634302 0.0139608748969 -0.095488797601 -0.0515928155214 0.000932889249046 -0.210665404862 -0.0134798371432 0.0870078574313 -0.00487187854372 0.00372338008876 -0.426227732174 -0.0968584465373 -0.023085184493 -0.000104637434754 -0.472070758141 0.0326504924882 0.00196304128218 -0.0109772397225 -0.0197594863073 -0.0199133795062