-0.00267492674029 0.0140512978109 0.0449101470887 0.0094127928315 0.0338469838182 -0.0219730389122 -0.0117994181039 -0.10863768857 -0.225260747565 -0.204295936069 -0.218071373207 -0.0421586066006 0.0312187569748 -0.0727670721321 0.114540872503 0.0729760403722 -0.185705418268 0.0126280274426 -0.342512407129 0.707810998146 -0.00426368521571 -0.0274807602968 -0.358908779679 0.157838097503 -0.0514551936724 -0.0408023009159 -0.0759023297675 -0.00781637869009
-0.447631570908 -0.0238959116767 0.00833016082354 -0.0425855926568 0.0810679269835 0.057566648592 -0.024931170314 -0.442321478002 -0.0262134129153 -0.0116617824508 0.0859809180782 0.0392583752588 0.00853459102006 -0.086852939938 -0.143983183117 4.51807075162e-05 -0.0809087531742 0.0108358254861 -0.665499616163 0.288555579537 0.0247305925942 -0.00552422113298 -0.114978606225 0.062787602083 -0.00365974432341 0.0432352656108 -0.0201408784562 0.00110673437718
-0.344361173255 0.0202869988899 0.0135674959688 0.0686153117531 -0.096043509909 -0.0548818036955 0.0052487199133 -0.303426066483 -0.00125336236602 -0.00555775966751 0.0411738337622 0.0211922191083 -0.0095415249197 -0.512290670002 -0.148657623897 -0.0365211641894 -0.10301082201 0.00352431143023 -0.622311397866 0.286487039199 0.0104067276364 -0.00162152302823 -0.0394902693719 0.0341806461023 -0.0195230486726 0.0118019868072 -0.0156561745888 0.00797794961245
-0.490028064087 -0.0484516686377 -0.0860316062267 -0.172809773368 0.0132398787222 0.0321896895477 -0.00454625303155 -0.391165753273 -0.0966642647774 0.0199816863328 -0.0765489694302 0.0136714365638 -0.00814155101975 0.0997640506898 0.0230731453445 0.113052983495 -0.0383237554663 0.00321403056638 -0.0665132368278 0.326105076363 -0.0277707952604 0.00381854386188 -0.639958732176 0.00152969043214 -0.00851376520937 -0.0611572827527 -0.0214421926843 -0.00630390319948
-0.585074018649 0.0401630601289 0.0995035298519 0.211529737716 -0.0315817568368 -0.0492503891466 0.012373451153 -0.465568105564 -0.0956138679728 0.0216999647351 -0.125321610603 -0.0113939314187 0.00161917846308 -0.0335394866556 0.0625889121947 0.0853834903638 -0.0600079174576 0.00437231008002 -0.0582818743665 0.33514067288 -0.00835741510807 -0.0221820542666 -0.454364931583 0.0235242722253 -0.0228507117319 -0.116082708759 -0.0458321146766 -0.0178742308124
-0.192102063258 -0.00146811863866 -0.00893707262118 0.0116059643791 -0.00291281897179 -0.00941301866446 -0.00465640507971 -0.193888807801 -0.010035138084 0.0323218597914 -0.00769587839149 0.00217760620333 0.00394026179915 -0.552832630183 -0.0472138501068 0.00939304842918 0.00108698276146 -0.000835922516959 -0.37827322935 -0.0292907445564 -0.0379645100799 0.00152815937534 -0.574523631179 0.00291214729613 -0.00022232163676 -0.374401432398 -0.00111466720778 -0.018561381705
-0.536451863342 -0.0215751019726 0.000729422824774 -0.0598747192099 0.102653047717 0.0315468209873 -0.00464855595486 -0.445027100489 -0.0113162660317 0.0201415213419 0.012214487649 0.015144016159 0.00334072515332 -0.38750504016 -0.0891827383073 -0.0408990256713 -0.0740770132905 0.00310392719997 -0.527374572031 0.212010609364 0.00089095226112 -0.0038113002637 -0.0857004075041 0.0393778887068 -0.000996486305406 0.0180830920641 -0.00679349370118 -0.000906626153753
-0.558589886924 0.0206032981764 0.00737497934222 0.0550464056597 -0.0902960618341 -0.0291922373088 0.0011112249866 -0.473407382061 0.00236413528142 0.00928348057905 0.0176144903154 0.00602802391752 -0.0100430454013 -0.315195404821 -0.124335166508 -0.01438695736 -0.0832618833314 0.00264437861061 -0.516663087957 0.233720948365 0.00146977353703 0.00240430231705 0.0272345877407 -0.00873832372201 -0.00878871202967 0.0771791196812 -0.00365137594983 0.0203572411498
-0.195922638705 8.62733825201e-05 -0.00419868718337 0.0023247126888 -0.0093835377301 0.00296858481616 -0.000457355323575 -0.206443054807 -0.0203618126059 0.0501904515419 0.022247018733 -0.0177999765585 -0.00153813112965 -0.556462486917 -0.0327013870804 0.00756276435172 -0.00685270363821 -0.000619747346309 -0.415161542845 0.00470827448182 -0.0307167477842 0.00440088948067 -0.529604727222 0.00169785308715 0.00128301647482 -0.38753350487 -0.00164049971689 -0.0169843256168
-0.670007537661 0.00581134316445 -0.0552098605552 0.00662612219946 0.0952281147327 0.0209054806845 -0.00275807246252 -0.56880263663 0.0434146306822 0.0216981955303 0.0283618610621 -0.0235972541784 0.0136947825216 0.155958226882 -0.0735791308082 0.0416971231976 -0.0270566722998 0.0161580186325 -0.374045338061 0.177563803559 0.0131559612948 -0.0129759726286 0.0212401655943 0.0153297838895 -0.00424290503852 0.0763259636163 -0.0125699640145 0.00857130263847
-0.571055843832 2.67860412749e-05 -0.015396990605 -0.0167695543374 -0.0118161402694 -0.00336108284384 -0.00512164136968 -0.602974413142 0.0198993512369 -0.0813752681119 0.0591475180167 -0.00966225761008 0.000157667071621 -0.314057302233 -0.151902625978 -0.0301776514057 -0.0889461280149 0.00408994642185 -0.339508038638 0.171258427801 0.0119679114066 -0.00372033059235 -0.116244144751 0.022095147432 -0.00253865241977 0.0906796153765 -0.015294206442 0.0353611194505
-0.548827164596 0.00980172390068 0.0202798478901 0.0429630756023 -0.0195250294524 -0.0216641960558 0.00858805602831 -0.556582482697 0.00421999764676 -0.0772272866743 0.0485220441266 -0.00471353773615 -0.00388917289029 -0.366827299195 -0.137838437533 -0.0324452612775 -0.0837384670106 0.00197420246674 -0.394241742458 0.228914691776 0.007805756628 0.00277154336228 -0.0513780749231 0.0200747609124 -0.0127750531021 0.0633160591067 -0.0139952558535 0.0203808468249
-0.451090419444 0.0401578535167 -0.0131896797344 0.00648106453944 -0.0560605303655 -0.00354331379182 0.00252797582153 -0.451986787763 0.00617924679876 0.00493169407498 0.05361297103 0.00567563519176 -0.00674776471712 -0.40410020948 -0.120852612639 -0.0299439231399 -0.0699861380072 0.0024963351338 -0.578065417037 0.252306241846 0.0140358991873 -0.00586868126854 -0.0265854893175 0.0325508386176 -0.0172601497267 0.00333038247462 -0.0172277364056 0.00977248148095
-0.297589800894 0.00418159650001 -0.00315382374395 0.0221483513773 0.00739085851207 0.0159709843628 0.00122183676705 -0.298263840255 -0.0172583975896 -0.00872003532549 -0.0173134402634 -0.0244329416013 0.00334722182436 -0.548053024229 -0.0649134811405 -0.0364415549915 -0.0392608288398 -0.00108639898172 -0.582730719474 0.0901496167087 0.0151130641742 0.000859086681031 -0.333561105849 0.0609704810874 -0.00267423928992 -0.223098538134 -0.00691123093281 -0.0134933689641
-0.540177022977 -0.0544576207196 0.0332038842888 -0.0810927355786 0.00952617096027 -0.0264501522182 0.00953977687669 -0.615665439206 -0.0352884107731 -0.045491559568 -0.0970226289207 0.000195985381061 0.00450018875675 -0.27971824585 0.154809558043 0.0662152097157 -0.0884597265824 0.00779173026285 -0.104954097517 0.238572936743 0.0155361454874 0.0041976993191 -0.349339030704 0.00418787300801 -0.00591576764105 0.00240451996917 -0.00675276413243 0.00890100792729
-0.568643169135 0.084817043394 -0.0429563396786 0.0687561003761 0.016962226916 0.0265432501135 -0.00686278467779 -0.665055543099 -0.0500356049681 -0.0484588111617 -0.086545835507 -0.00790667937872 0.00663622577955 -0.293740190896 0.154414796323 -0.0157437879202 -0.0703597141363 -0.00435077189473 -0.0769876859366 0.245388500639 0.0430607311393 -0.0171474174229 -0.151145363712 -0.00415599146514 -0.0073543850742 0.00848191392657 -0.0212403917433 0.0040994119754
-0.330123041226 -0.0170909422566 -0.0185066571062 -0.00452680586922 -0.0333991651616 -0.01812941672 0.00517945934604 -0.333998512608 -0.0254797126155 -0.0058586759436 -0.0396850458724 -0.0233048786646 0.00369530592553 -0.51670036291 -0.0725124202072 -0.0280497209117 -0.0488960713317 0.00122186664594 -0.630756171593 0.194951004885 0.0180080946189 -0.00515041884438 -0.185432021724 0.031420153293 -0.0147818867195 -0.163510974783 -0.0185340743558 -0.0150287214856
-0.276001287276 -0.00481403290701 -0.00101761904501 0.0134492196718 -0.0352277984011 0.01125079783 0.00510407167406 -0.282398907219 -0.0199009498542 0.00601279491315 -0.0284582178094 0.020174133214 -0.0122760617995 -0.268924876109 -0.0687563467133 0.0424118217273 -0.0597540544773 0.00335145065193 -0.505770136294 -0.0119734977998 0.00677461806038 0.000179752155227 -0.700909530871 0.00193265179641 0.000849967895832 -0.102518750447 -0.00986006505036 -0.0191943606106
-0.578263825825 0.024985986541 -0.0386344585603 -0.0882840022628 0.00628012826027 -0.00435934457212 -0.000193506815865 -0.602838913447 -0.0578440406704 0.050339826366 0.0112236041587 0.0188028186876 -0.0101082717161 0.211745611623 -0.076077253409 0.0535201212187 0.0163114459755 -0.00468152797556 0.00804982058718 0.214983936047 0.0138463443812 -0.00422275756495 -0.428840953532 -0.00588446852013 -0.0114048218915 0.0333741695252 -0.0114322632884 0.0135065871598
-0.60598768457 -0.0256434780091 0.049039550346 0.0759465025598 0.0366724993886 0.00828427294905 -0.00405684644427 -0.536651597073 -0.0477055971436 0.0396711632694 0.0253934132726 0.0183407758962 -0.00683034100756 0.150439480007 -0.0428930126176 0.0631595669633 -0.00523235048982 0.00948341716579 0.0263417099901 0.232974203262 0.021495254091 -0.0108696909638 -0.492902369661 -0.0010309998096 -0.0101518518361 0.014278416719 -0.0353159354365 0.0317631095593
-0.163960612249 -0.00012466309571 -0.0067224423202 -0.00666948506799 -0.00620607745091 0.0029062214407 0.0068718111198 -0.162843463255 -0.0214331851027 0.00227534079473 -0.00399150606206 -0.0037784113499 -0.00158701006382 -0.479784066328 -0.0139600193428 0.0181342563249 -0.00301055028518 0.00048280114429 -0.473695505327 -0.0278484049963 0.0074371542451 0.000269730443584 -0.550753930814 0.00747668189056 0.000693603393648 -0.430659479768 0.00247299431845 -0.0333715335604