-0.0033552572092 -0.00963362044783 -0.0376856239205 -0.0543392465267 0.0604219585995 -0.025780856532 0.00592324186264 -0.0891388662377 -0.358882442544 -0.0593210992635 0.281413139846 0.147465420827 -0.00980835360433 -0.293229278415 -0.547530112959 0.428177233983 -0.271826193593 0.0104865877242 -0.125891720992 0.0477370271648 -0.0774993992743 -0.00713924670066 -0.133224242879 -0.240770719419 0.00214415674852 -0.0760305931908 -0.0328333168104 -0.000680833112449
-0.499362524233 0.000587004328272 -0.0271214632179 -0.0646916141951 -0.100412412949 0.02277768227 -0.0152084731939 -0.46548421339 -0.0135427476716 -0.017657215434 0.0102481489193 0.0121443983998 0.0312067756826 -0.458569798138 -0.257274642979 -0.0158392687887 -0.123359388863 0.00905141019227 -0.445930066848 0.116638807556 -0.00313550966401 -0.00263643495056 -0.0649193992328 -0.0801981621645 0.00397530916611 -0.0218330975231 -0.0145965523969 0.025151016866
-0.48540154067 0.0278318622378 0.0270593948797 0.0687747366581 0.16394932159 -0.0435003176095 0.00809216047778 -0.394532018633 -0.0156197258351 -0.0553701686519 -0.0302509489247 0.0230769927826 -0.00941018766693 -0.539534548753 -0.310392193108 -0.0270365142504 -0.133391026688 -0.00649957818829 -0.383109350688 0.0665124276811 0.0140794362739 0.0119939795243 -0.0268249983025 -0.0468257744483 -0.00190141537683 -0.0903256693372 -0.00342390968682 -0.0133252604876
-0.526692725645 0.0213038287224 -0.00471203994634 0.00193433421116 -0.106128360581 0.0263581040988 -0.00419777159082 -0.576116155637 0.00655951327074 -0.148649798884 0.0601389995924 0.0103158006866 0.00603084644055 -0.0265992848031 -0.0760950623882 0.380225216646 -0.0535583564402 0.000403656563395 0.0560145649929 -0.189332468388 -0.0574911146364 -0.00562406050382 -0.371448271473 -0.13186762989 -0.000236559540956 -0.016114396041 -0.0109144633662 -0.0181493477971
-0.577819570538 -0.0212270079488 0.00672386588044 -0.0611681889491 0.074705284819 -0.0309076682759 0.00638857446304 -0.653322961121 0.00619447033241 -0.187489664511 -0.0297705273712 0.0618793131559 -0.00390736475647 0.00405862061345 -0.110416505217 0.327672928596 -0.0361610825481 0.0044505654048 0.130879181763 -0.0341978227807 -0.0580054424828 -0.00469213567404 -0.191470126414 -0.0945522578447 0.000874217085853 -0.00640598450081 -0.0121990644377 0.0132541389934
-0.625107330813 -0.0924054002884 -0.00732608678234 0.013163843473 -0.102704280582 0.00480909580359 -0.00776427343417 -0.661175255373 -0.00343435230873 -0.0703214599915 -0.0949236832404 0.0203510329922 0.0098979911242 -0.244804237643 -0.145166196063 0.0366450937181 -0.0556994587989 0.00601205050818 -0.198354365203 0.0493934278668 -0.00956661718981 -0.0185389224277 -0.0278877012919 -0.0946740220491 -0.00208081945003 -0.0249187080867 -0.00932455927279 0.00741619290031
-0.636483844324 -0.0173713116471 0.0109977088986 -0.0105359894508 0.112536598559 0.0049430504202 0.0100613427817 -0.579358554638 -0.0177380641282 -0.0434574072956 0.0313044785698 0.0403345580129 0.00212554896532 -0.272530662534 -0.116557197411 -0.0435096513068 -0.0729923718771 0.0051503742613 -0.345304208529 0.115255642027 -0.00816748101412 0.000682881743124 -0.107799087154 -0.0368074456093 0.00812701827558 0.0152875729557 -0.00869481433677 -0.00711996176143
-0.637174111582 0.00539066824275 0.0291278622337 0.0426893863078 -0.0937523703221 -0.0272900253746 -0.00107355585018 -0.580563565229 -0.00225367265796 -0.0456460450516 0.0102925721778 -0.0223273332816 -0.00523873241659 -0.356005376262 -0.234851957912 -0.0404890720694 -0.0977384694367 -0.0102418182574 -0.19911846123 0.0471252774791 0.0160349694363 0.00721274955205 -0.0738974951414 -0.00135947918259 -0.00569358568011 -0.0288230371013 0.00467778616708 0.0167659361239
-0.509294008032 0.0443557334658 0.00225406935817 0.00508248980464 0.0823351388656 -0.0338808842059 -0.00765532874855 -0.462383434537 -0.00510963812934 -0.0115259863396 -0.0544732128922 0.0135128557309 -0.0030019184989 -0.533604032255 -0.320798348271 0.0533643681039 -0.0774888629314 -0.00751651817536 -0.269312641749 -0.0463523139442 0.0195865873019 0.00595291677901 -0.103606578865 -0.0712457905116 0.00781660309893 -0.149248360537 0.0187654493207 -0.058053510767
-0.622531526094 0.0792812473844 -0.0351808863711 -0.0676271538876 -0.0995497471553 0.0198322668803 -0.012844137168 -0.563291228284 -0.0136611427578 0.00851111375173 0.0827248146662 0.00765870788442 0.00544296435786 -0.36588778318 -0.257762032799 0.00563250934533 -0.0818953987136 0.00759751956791 -0.22341682371 0.0138590769268 0.0203140719708 -0.000729758041398 -0.0179136122234 -0.0395659319726 -0.00917173639795 -0.0668140455556 -0.00422147947622 0.0362968277273
-0.458609916514 -0.0028823427404 -0.0317243305521 -0.00127110107684 0.0226479308574 0.0220697404771 -0.00483702588764 -0.444756840838 0.0175452828562 0.00810352072135 0.0107900240884 0.016342676286 -0.00303025298853 -0.207831376425 -0.0517063625233 -0.0645138939538 -0.0512701464244 0.00078346293817 -0.669952872617 0.192274329265 0.00271798758384 -0.00106857531383 -0.224710076881 0.00802882915278 -1.36000509197e-05 -0.00405254377026 -0.00275208434041 0.00239944995842
-0.430311541009 -0.00517590009065 0.0268878499218 -0.0153245031255 -0.0333131293632 -0.0224310974859 0.00622050578969 -0.407458518625 0.00605444280389 -0.0147598742523 -0.015923309478 0.00956371606086 -0.0032516423617 -0.266881227561 -0.05812890991 -0.0619268527266 -0.0634771731591 2.84857601668e-05 -0.689151396842 0.213532433762 0.00663199373855 -0.000508462239309 -0.203682094582 0.019906927103 -0.00636890178061 -0.0213568241894 -0.0111360115861 -0.00458553537269
-0.620541267271 -0.0510449347446 0.00400374346744 0.0123306577289 0.119783478175 0.003490238359 -0.00184035702043 -0.547182750475 -0.00491022113596 -0.016306594017 0.0622147514123 -0.00406301731949 -0.0116274165456 -0.342840473224 -0.189163529904 0.000399586558962 -0.0810109422041 -0.00195843581879 -0.334743848032 0.0494730506608 -0.0101413326393 0.00745062282299 -0.104936607799 -0.0582593990648 -0.00956617072114 -0.0693178752043 -0.00939266632568 0.0114338140079
-0.653834429703 -0.0565698427905 -0.00627682852416 0.0435694855748 -0.071407463152 0.0470623351852 -0.00671750231474 -0.593520823944 -0.0364356034474 -0.0141200136658 -0.0589861330883 0.0237657341525 -0.00613469991908 -0.137891241017 -0.0945311975801 0.200378897251 -0.0408235822625 -0.00955893429744 0.0291032197837 -0.195582287016 -0.029626163738 -0.000406935149355 -0.289412471286 -0.0563938251867 -0.00476857355471 -0.0703355997437 0.00701950676324 -0.0182191256805
-0.606378692081 -0.0201645059566 0.0179161496115 -0.00531709372738 0.0235800549477 -0.0160095471903 0.00145181521522 -0.701748810216 -0.0583944587561 -0.0739387786967 0.0717508046191 -0.0142593798964 -0.0107863424023 -0.0443710154686 -0.104623399309 0.190068748983 -0.0140787837767 -0.00068426584405 0.10196539007 -0.149138815405 -0.0288987308185 -0.0143692427352 -0.175385640307 -0.0738856805024 -0.00816937534975 -0.068157597118 0.0091920607228 -0.00140789495498
-0.633025997604 0.0218034474682 -0.000415219893526 0.0100163935475 -0.0290350477801 0.0165188318685 -0.00159327731142 -0.690269206029 -0.0515457801135 -0.0391408833078 0.0848883786977 -0.00588375641276 -0.0106497186898 -0.0581524335421 -0.147497159753 0.151362154487 -0.0270063737599 0.00158271109968 0.109309460018 -0.146002055248 -0.046931759764 -0.0174098559232 -0.141041164678 -0.0552341203382 -0.0140904971055 -0.0407826824823 0.013549844705 0.00547909110228
-0.620479322701 0.0458655434857 0.00153892664811 -0.0538114537918 0.0498316930858 -0.0372319536829 0.0118740028501 -0.624363511138 -0.038704438806 -0.0175563469465 -0.0736892594586 0.0361132107773 0.00707377025617 -0.0975201332717 -0.0380189629583 0.230552467256 -0.0283998903532 -0.000287853786683 -0.0315079681602 -0.157729942568 -0.0220447560163 9.6437039913e-05 -0.325222718436 -0.0700253029793 0.00163200805612 -0.074832290842 0.00410584852563 -0.00245685116108
-0.49388527289 0.00975557443215 -0.00149789066157 0.00604945074896 -0.0196033066033 0.00690406101119 -0.00439528414362 -0.527514671728 0.0174792116892 -0.0108153191216 0.0701153052661 0.00633260409648 3.32195926539e-05 -0.0060245528105 0.0128895338627 0.232427953298 -0.0281599539902 0.00395597190758 -0.528121653343 0.0530453503886 -0.0213860181681 -0.00169539867854 -0.354326174139 -0.0913830831099 -0.00168456557897 0.0211959649346 -0.015026008452 -0.00674014888412
-0.590952793941 0.017783328417 0.0168184820992 -0.032791529556 -0.0751238168628 0.0136779310681 0.00325126688701 -0.583019273473 0.0302791444444 -0.0385255682865 0.0519263942156 0.00277240520973 0.00232782169589 0.0394737877987 -0.0472440503857 0.206499348833 -0.0188931684407 0.00458115125964 -0.390440477869 0.175042773664 -0.0095244531394 0.00303324371826 -0.247936246658 -0.0696252024724 0.00241792788549 0.0404425728566 -0.0167905815115 -7.51923457347e-05
-0.59901153665 0.00844690856679 -0.0067860109961 0.00716490404358 -0.0140201042069 0.00389716998914 0.00404185035398 -0.634565139053 0.0408301977451 -0.0212046426139 0.0480344303408 -0.00383743383834 0.00530865015233 0.0420409304687 -0.0530634991573 0.173430585282 -0.00690388794562 0.00321995100431 -0.326233843043 0.226236908408 0.00572132495538 -0.00191076632899 -0.20102922274 -0.0102080740234 0.00511490708662 0.0171800274767 -0.0109645829731 0.0179603546497
-0.593438843359 0.000938874087106 -0.00167531028867 -0.0131759602334 -0.0169553627413 -0.00296562734373 0.000457973237421 -0.62108717761 0.0405830408084 -0.0503437648398 0.0258489847515 0.000241918990772 0.00530101692655 0.0489314065138 -0.0677747416032 0.171821001829 -0.000695020061245 0.00239748690721 -0.332271066603 0.246251267997 0.0122101638539 -0.00590275602846 -0.215617672202 -0.0325030017598 0.0022067638937 0.0179667146426 -0.0235820776233 0.0235412168131