-0.0709094143797 0.0131181732323 0.0871171209992 0.307586824692 -0.274766046037 0.0488205047154 0.0364918692938 -0.163819314079 -0.413589761702 -0.247672981068 -0.283763637947 -0.0822789317345 0.0553613973081 -0.219596251496 0.0753175819031 0.528420455385 0.0280158297492 -0.0310814249053 -0.101800909857 0.243142762209 -0.00350600954345 -0.019168785052 -0.231471225022 0.0599692883747 0.0242274250787 -0.00726667689191 -0.0351540623789 -0.00328806096858
-0.634555860433 0.044801389152 0.113130403822 0.190713851418 0.0257855984874 0.0252687638138 0.00491750126386 -0.555312843361 -0.0579878212365 -0.085948444133 0.0102331972979 -0.0235495178351 5.91980595566e-05 -0.398503105492 0.072456847289 0.113874325426 -0.103718119361 0.0227517718625 -0.145666370467 0.0868329329783 0.0522663595326 0.0041733861845 0.0347119824375 0.0429003964154 -0.00254464725566 -0.0369955425047 -0.0104250754987 0.0268003908823
-0.542630106227 -0.0263332458109 -0.0790575394698 0.0587596446072 -0.0811896290209 -0.0117414348216 0.0105583801039 -0.53904714524 -0.0893086171248 0.0108416147349 -0.0586551453039 0.0454493452167 0.00186031727739 -0.478118508938 -0.100424756356 0.273769649918 -0.117379593124 0.0115546271429 -0.110894833507 0.125272591152 -0.0657657599138 -0.00830755248592 -0.129193558542 0.0208543654892 0.0121046445577 0.0824216572975 -0.00669463638982 -0.0100493707162
-0.552634567363 -0.00545101994896 0.0238036201235 0.0786017849641 -0.118723869194 0.0384152424478 0.00890868485835 -0.726522283567 -0.0779495800543 -0.197472951699 -0.178481626349 -0.0339598081617 0.0316211181164 0.0183315674633 0.033140838402 0.183033981138 0.0623346126691 -0.0513924111057 0.0177587220057 0.0737202712196 0.0111754252473 0.00287442659869 -0.0713352590585 -0.0239475159371 0.0185285037665 -0.105352095545 -0.0269257930443 -0.00891469147375
-0.513013739592 0.0301214916831 -0.0570199140163 0.102387205954 0.0652335927769 0.00718209574124 -0.0110518986451 -0.598714517911 -0.0984246711229 -0.191805097394 0.0515203172328 -0.0216002674545 0.040000334446 0.0619664064619 0.0357570297204 0.223991329 0.0663842471893 -0.0113466134204 -0.0701584559652 -0.00404976479345 -0.00983847339369 -0.0122269825952 -0.487762417163 0.0543492480241 0.0242699987057 -0.0348872324676 0.00223526209447 -0.0200303297623
-0.696482063123 -0.0593795685394 0.0138796567093 -0.0237638335432 0.112914063417 0.00982453288387 0.00521718000705 -0.646915298424 -0.0268647515337 -0.0115778036791 0.0835532324068 0.0077036609876 0.000997321127909 -0.182512209217 0.0505694938164 0.116573064486 -0.0304914006675 0.0231831153708 -0.0532244895313 0.0811010485571 0.0247029537728 0.0014067216301 -0.0777723427848 0.0534090162735 0.00979056136642 -0.0352306849332 -0.013204071253 0.000342354881175
-0.643915753431 0.00202812896427 0.0486222481191 0.0559066356251 -0.0357578051663 -0.0136422038019 0.00408182153298 -0.64400212329 -0.0572138219669 0.0119945535217 -0.0604438704215 0.0161500306819 -0.00201044093895 -0.220445827417 0.0369027136738 0.0354494482207 -0.0741327083228 0.0189845424664 -0.231784359605 -0.0771207692365 -0.0409293575367 0.0225281929999 -0.184385855255 -0.0230583445151 -0.00242804209583 0.0527261580155 -0.00237233087139 0.00873649460775
-0.564221367275 -0.004431445738 -0.005635048149 -0.0542366956766 0.0024731966411 0.013672453643 0.00604995229263 -0.589639460143 -0.0599517419324 0.0232291093686 -0.0358507155006 0.0226612251553 0.00164421307764 -0.289104173575 -0.0390273759662 0.174220134415 -0.107718060768 0.0135966459353 -0.330460735962 0.141641441288 -0.041498790891 -0.00166721096107 -0.253308024521 -0.0410077560819 0.0212347614646 0.0111392076402 -0.00408583403357 -0.0121122996519
-0.585743210932 -0.000533946876308 -0.0123910506375 -0.00866079801571 0.00316359842894 -0.00989544276385 0.00182682128557 -0.652872231907 -0.0420446722199 0.109353183725 0.00853658029448 -0.0271195112558 -0.00437416777577 -0.246979491962 0.0353213176059 0.138043566282 -0.0629182174074 0.0158480718801 -0.258731997059 0.0876568495109 -0.0663866081413 0.00983814701042 -0.200728023635 -0.0662582783223 0.0260256929476 0.0688518140189 0.00140611159544 -0.0320189600353
-0.585840462357 0.0127816501375 -0.00304665138946 0.0237112125875 -0.0222221897202 0.0328363268847 -0.00948610839694 -0.608848495657 -0.00672074870378 0.0371497788831 0.0610959645787 -0.00918593405284 0.0117000310836 -0.368504921784 -0.0337192139651 -0.0240522763421 -0.0821104472243 0.00278085666201 -0.31642458539 -0.0534730873798 0.0279207185934 -0.00943100061003 0.0863716771794 0.000850226142715 0.000411322202184 -0.148231235036 -0.0227858284538 0.0158746046696
-0.68674257036 -0.0546095307342 -0.000626327571812 0.0224888181641 0.109735658937 0.0381108235494 0.00268756217843 -0.591747302779 -0.0519102739711 -0.0122469036381 0.0548473741456 0.0338759782058 0.00190321888837 -0.266171476572 -0.0599963173455 0.133428369779 -0.0611912266705 0.000297232590292 -0.128643751352 0.155516752185 0.0476227697627 -0.0126199190557 -0.0917562840626 0.0591099449735 0.00459920537373 -0.0511192205511 0.0044710254307 0.0224048079805
-0.525044612802 0.00814822818197 -0.016587851978 0.0372197727173 -0.0191729531889 -0.00706231755339 0.00414998558234 -0.577608899401 -0.00171292137724 0.0308507330567 0.0503341988323 0.0371123369943 -0.00902440896835 -0.294118321909 -0.0376044910075 0.101534231213 -0.0193348088511 -0.0102477311449 -0.484050065219 0.205275713841 0.01304037513 -0.00659244640112 -0.00491931872595 0.0662017383117 -0.00574893177514 0.0612265479736 -0.00159737778853 0.00570598958328
-0.599504843584 0.0368091547318 -0.0289904813184 -0.0491296146144 0.0730382013437 -0.035371030655 0.00644766896948 -0.613469283001 -0.0307528793117 0.0698570816102 -0.0256676981745 0.0110095364181 0.00223845830205 -0.344586215002 -0.104017048677 0.111495278528 -0.0499957157472 0.00342586801826 0.0535895721478 0.0719941904185 0.00438128199733 -0.0158669459334 -0.297764924896 0.0222459486392 0.0108183487841 -0.0649186586458 0.00400187489415 0.0082611947294
-0.596594329532 -0.0140470248782 -0.00956769203873 0.0960412353199 -0.0134214884832 0.0115134204437 0.00635585742339 -0.595620711289 -0.0368397195456 -0.0167513721187 -0.0905104280651 -0.0256704148922 0.00277970524264 -0.433888140447 0.00882901554337 0.148810489887 -0.0356727725608 0.00692473440108 0.0345518546576 -0.0537340620379 0.0176949280771 0.0225125989234 0.0216023435453 -0.00498347158546 0.0219936854394 -0.226182067118 -0.00374746092773 0.00990293440796
-0.633166863444 -0.0479538988101 0.0255051332374 -0.0810247735325 -0.0299481927557 0.0230684363794 0.00608029031201 -0.649122734222 -0.0386775712625 -0.00621644834776 -0.0992524732667 -0.0415868819851 -0.00117582926755 -0.219952598779 -0.000928627191746 0.125794143195 -0.0417681141459 0.00128176606257 -0.0290533515248 0.224401811234 -0.0272583259536 0.00634950331324 -0.179724982783 0.0266751246234 0.0281580087046 -0.0424293557903 -0.00536172912913 -0.00856021877303
-0.596671797353 -0.0364707411072 -0.0743148024432 0.0751778467438 -0.0217631137412 0.0227345307075 -0.0027676458004 -0.621082719742 -0.0293667262946 0.0125218889118 -0.106766180173 -0.0386640214217 0.00718476694909 -0.128019334846 -0.0077565634663 0.206005608823 -0.038265914105 0.00869285248365 -0.292345716434 0.09868177801 0.0498720131994 -0.0042987419932 -0.260468779239 0.0612699547016 0.0158756572548 -0.0264810603452 -0.00261578787767 0.00874141061138
-0.564884160661 -0.0307740742482 -0.0576030571636 -0.0622587341338 0.0556707108044 -0.00104425799309 -0.00508187501978 -0.602335192733 -0.0593832532466 -0.0575253258792 -0.097618468847 -0.0246179073195 0.00574913460077 -0.352253773119 0.0285996805332 0.0935228258621 -0.0276093306614 0.00696056540192 0.0429351573461 -0.00358926782347 -0.0421137273356 0.00578203908003 -0.312949511154 0.075848060111 0.0155345725444 -0.218513813285 0.00373198779902 -0.00341774862688
-0.467471561303 -0.0257827993911 -0.0198046134457 0.00372601262932 0.0613396342802 0.013493645131 -0.00728359372843 -0.66145338958 -0.0933953771904 -0.125358631584 0.0978262907713 -0.0199805204299 0.0183287936108 0.0620040999751 0.0583050726249 0.133783410176 0.0478168014208 -0.0294974988482 -0.412521872887 -0.0389209010988 -0.00572877006464 -0.018291166836 -0.318771292569 0.00251088897748 -0.0125600179161 -0.0337046991515 -0.0171586800863 -0.0239562548247
-0.454248137675 0.0253870614281 0.0211545575251 -0.000154228441103 -0.0317866835409 9.29620787986e-06 0.00591207932728 -0.646025361029 -0.0915457739305 -0.120123926948 0.0434930347096 -0.013752026216 0.0141223231457 0.0836143514282 0.0570674203597 0.134533098387 0.0414988560737 -0.0313034185113 -0.459483923046 -0.020977953335 0.0223390774401 -0.022493137952 -0.323837517742 -0.00818613400584 -0.0137594951256 -0.00192652593331 -0.0166274402616 -0.00740528529429
-0.416764393449 -0.00383469546885 0.00404236866162 -0.00719508830735 0.0172912150118 -0.0148648816497 0.00144537724698 -0.577218467879 -0.0893795823896 -0.103778955306 0.106123801637 -0.00779124973662 0.0221573605043 0.0826515763923 0.0478227682657 0.130352612495 0.0460456381333 -0.00903237086898 -0.570015142896 0.0661955978564 0.00882008530442 -0.0101565881252 -0.321395560483 0.00350155284414 0.00548888088704 0.0257067782276 -0.00189050392511 -0.0124444673618
-0.426825952174 -0.0333383152166 -0.0239123977229 0.000882875118385 0.0368222073959 -0.00427933000185 -0.00228972282424 -0.627968748459 -0.0883711236335 -0.12486395326 0.0248805643214 -0.0138776147463 0.011032387823 0.0905192776192 0.0499913220587 0.112504432985 0.0481483391939 -0.00963477440324 -0.487287751867 0.0124192522549 0.0266914494304 -0.0158048099087 -0.360885941666 -0.00821854756097 -0.00821567821974 0.0120744508138 0.00792925302558 -0.0341789053171