-0.0226454837725 0.00673307253432 -0.178603026132 -0.0849510084778 0.038884024887 0.0507083576582 -0.019804043846 -0.138321843337 -0.0265398004694 0.408731435428 0.183723432777 -0.0893041741124 0.00365244313657 -0.162977542325 -0.494336943408 -0.0118233741638 -0.0878609495916 -0.00939553390297 -0.405658934198 0.492247048104 -0.0122526972823 0.0155400847574 -0.178733827606 0.085998677199 -0.000774176684862 -0.0158400327146 -0.0384415629957 -0.00141477953374
-0.598682992894 -0.0236388079096 -0.130181497848 -0.155372584552 0.10540998989 -0.00962173039833 -0.00235172684716 -0.65494037846 -0.027141960537 0.0653558963772 0.24092202169 0.0154637464013 0.0037157345144 -0.0959736835089 -0.124507342225 0.0195150550172 -0.0500898858705 0.0166353035984 -0.0631814483088 0.176302265041 0.0638665634339 0.00182286418663 -0.153298260903 0.0465071076779 -0.00420785758769 0.0603620809639 -0.0102817161812 -0.00219181282208
-0.553691623303 0.0366526136335 -0.0581823663041 0.0166629109901 -0.140621467418 0.0600561557579 0.00213858772185 -0.554764295228 -0.0518713277871 0.127386160619 0.0918777841405 0.0159436907975 0.0128984816577 -0.140744683366 -0.0808543921858 0.043561678547 -0.00147143901104 0.00523590283052 -0.446557621829 0.241923132473 0.0814436325127 -0.0130590485051 0.17272055118 0.0618397849862 -0.00234049146617 0.0500693573882 -0.0173572473998 -0.0014744356576
-0.443340977464 0.0254723419194 -0.0878132095361 -0.00501987123428 0.0749174698819 0.0210130558925 -0.0260856387346 -0.435228000189 0.0202409309504 -0.0432609175922 -0.107253628367 0.0210948076605 -0.00148067922145 -0.0910661731534 -0.30896694521 -0.0943150271813 -0.072528122696 -0.00731831111017 -0.3816281289 0.195812240228 -0.0358341300195 0.0071510338223 -0.510153650704 0.0182384727961 0.00192401705551 -0.143413970656 -0.0152510943225 0.000183621307218
-0.468849148145 0.0133524623022 0.0106650851124 0.0932505233699 -0.0249879774676 -0.0450118301259 0.0207353736579 -0.504527372977 0.0638451937215 -0.0563621827913 -0.132416094138 0.0355825415957 0.011880738251 -0.13642921264 -0.261453887714 -0.00845904153371 -0.0553769508731 -0.0172361229502 -0.363653023077 0.191271885563 -0.0839920401926 0.0120432305798 -0.435319728363 0.0299990446267 0.0101727911255 -0.173347280887 -0.0190660579197 0.0040423886003
-0.641918912696 0.0326652220433 -0.0671007975729 -0.0406256564868 -0.0280290297013 0.012446089919 0.00731388176898 -0.616184060038 0.00840757249367 0.012979344849 0.0795274815951 -0.0134161980324 0.0205387624974 -0.0185563962053 -0.0799836243075 0.134625151514 -0.0549116375751 0.00960503715334 -0.0392353199511 0.151466761824 0.0230344527567 0.00328982021359 -0.365148255392 -0.017520148797 0.0123767637062 0.0773710948435 -0.00308970310479 0.0096067215423
-0.487351393625 0.00421241513361 0.00852241363122 0.0392069525771 0.0278007183408 0.0282944004104 -0.00699859057864 -0.562573959963 -0.0179218710944 -0.102690954912 0.11050426854 -0.00874909402677 0.00724845236128 -0.370683895761 0.0793196772391 0.0804187180935 -0.113034358828 0.00479453630783 -0.404415764599 0.00522672809628 0.0987272166396 -0.00333242128426 -0.24107535695 0.025534872726 0.00736005823704 -0.152770472062 -0.032202939532 -0.00634039818537
-0.507530815133 0.0491788200065 -0.0133968611592 -0.0146733757764 -0.0299634366759 -0.0141245509761 0.00638919554728 -0.635718469188 0.00455628676591 -0.0850632306856 0.102591384278 0.0148083429789 0.0135698964409 -0.314898222083 0.060802455328 0.0782274937159 -0.0936479967475 0.00538068170121 -0.373981868818 0.144871677265 0.0613189676749 -0.00965805366358 0.151747015485 0.0138001193159 0.00700814825709 -0.0984813244417 -0.0227405458995 -0.0132616583563
-0.662733028882 0.0246658372758 -0.00694644209549 0.118519944243 0.0478157194496 0.0567082554497 -0.00274356856751 -0.52175533833 0.00338039147443 -0.0235880432742 0.00787046091543 -0.0128791618164 0.0143885445762 -0.104215501406 0.000297913766949 0.0151012867278 -0.0278571693412 2.1027833115e-06 -0.357306936166 0.0916365505668 0.0934619789516 -0.00563138130201 -0.32408912068 0.0495697427632 -0.00736750245612 0.0520706822239 -0.0190709780709 0.00475973980408
-0.692477297226 -0.0304454936334 -0.0887905860338 -0.0286099031145 0.0422677659018 0.0308120047346 -0.00332820499894 -0.638667774346 -0.0200058447684 0.0128531158058 0.0753814035018 -0.0120994870038 -0.00673855799576 -0.0121292445376 -0.142227570845 -0.0476106525745 -0.0406314411707 0.0121668495909 0.034191472418 0.0523826392189 0.0061114558144 0.000256808076794 -0.236971330811 0.0375588491593 -0.0142844425953 0.0841354754393 0.0207332505797 -0.00959795780198
-0.67798737668 -0.0273934983579 0.0135432230194 0.0153232350443 0.0714856653971 -0.00842541551426 -0.0023860669572 -0.672119663876 -0.0231172862691 0.0467292403502 0.0359207914896 0.0342511804699 -0.00408284301226 -0.105915162784 -0.0669298055477 -0.0124106497717 0.0526789976794 0.00396072363518 -0.187384650497 0.142938637233 0.0255970103863 0.0138864593946 -0.0300464850981 0.0304841766472 -0.0072372197918 0.00222487531001 -0.00995290790955 -0.00335365263666
-0.675343703261 -0.000479362629442 -0.089085336484 -0.00876393794232 -0.0329263944127 -0.0361623211241 0.00883838870563 -0.596233048616 -0.00331491395479 -0.0541325061138 -0.00185899491323 0.00678965314279 0.00341825526149 -0.01978934527 -0.0483952970608 -0.0108089375221 0.0354414566423 -0.00361039286781 -0.405400415538 0.06773826856 -0.00579232354529 0.0108802588195 0.000901330152819 0.00602115674215 0.00205820024051 0.0398059561607 0.00974953809548 -0.000898099811471
-0.6475407609 0.0121502989463 0.00166099002552 0.0321306580571 -0.0921398054737 0.0239743711105 -0.00155072414703 -0.680462026963 -0.0409923596572 0.120166537257 0.00501373061176 -0.00479972640619 -0.00486690577701 -0.0726870140318 -0.0884143254665 0.00128476526658 0.0390764617586 0.00401026388899 -0.189452003732 0.15064394123 0.0198559307676 -0.011821388147 0.0630957141468 0.113063094481 -0.0153380213441 -0.0194082639696 -0.00217446053531 0.00863818181136
-0.613746025987 0.00832185445359 -0.0414642119315 0.0430875151209 0.112017740498 -0.00696514910273 -0.0087102910973 -0.481546382259 -0.0407020090057 -0.0467783196309 -0.0150842864107 -0.000815509406474 0.000480154320891 -0.126991936761 -0.23677045234 -0.106556616454 -0.0610523042283 0.0127353548059 -0.310164670838 0.137137404921 -0.0125423290532 -0.0167635270929 -0.398587923555 -0.0282836017743 -0.00709193229576 -0.0909407577619 -0.00561416200071 -0.0116466483258
-0.554707123914 0.0157250206023 0.0288229996228 -0.0141544848335 0.0400462942607 0.0162944078601 -0.00989334513783 -0.576431465435 -0.0394267142475 0.00485784550244 -0.0800938637684 0.0388581209154 0.0204694534966 -0.178310912217 -0.107240745956 0.00817401908757 -0.0284503910667 -0.00814107260742 -0.226419453829 0.0610013516806 -0.0614254956315 0.00999194829355 -0.429007783413 0.00305735394311 0.008915587913 -0.243958967267 -0.00308776273535 -0.00997400574091
-0.624973447386 0.00935623455802 -0.0117669740931 0.0328615302681 -0.010571255592 -0.0173981522388 0.0102484548522 -0.642227164368 -0.0153134073657 -0.0217700452604 -0.0170495332076 0.0668288255727 0.0191046022595 -0.179078757962 -0.0900459355497 0.0463181657552 -0.0105363363213 0.00330080310801 -0.203892876225 0.0680810887137 -0.0943204504357 0.000104807460064 -0.255762394461 0.0376286930275 0.0140642681258 -0.153770990623 0.00485960069803 -0.0324220717725
-0.501145196558 0.0148125857463 0.0307481498176 0.0329610347886 0.0067024346044 -0.000389177985619 -0.00469608996955 -0.520352769147 -0.0582702659622 -0.0432289689896 -0.0400740920382 0.00746282427634 0.0173934278655 -0.216251451538 -0.138854518192 0.0299573617368 -0.0415223260818 0.00370783748813 -0.312323855868 0.104530273945 -0.0311351318451 -0.00454421328447 -0.437199893219 -0.0248174180025 0.00568826297897 -0.313845641508 -0.0012918773492 0.010178532162
-0.533081687966 0.0511056822014 -0.0234094166113 0.0502815928128 0.0575500953415 0.000282056791187 -0.00514360280269 -0.525149343917 0.0064334292466 -0.0281746470093 -0.0836184641017 -0.00403961242064 -0.0336197988765 -0.0904245613941 -0.258484569711 -0.117339613003 -0.0674255315396 -0.00366180615171 -0.368915239378 0.123250009813 0.00308848277565 0.0140131795511 -0.415636429295 -0.0262939635427 0.00991978052112 -0.0586400136672 -0.0148702633886 -0.0049452579667
-0.591106387465 -0.00740228015958 0.0078930912614 -0.0508985256152 0.0164251129207 0.0255618752414 -0.00848504754019 -0.657266260138 0.0917793056397 0.0368326545025 -0.0547647903171 -0.0229772671289 -0.0315225348057 -0.0220629271454 -0.207676289693 -0.0201453918305 -0.0221626153515 -0.0247986069022 -0.223943765132 0.133177193401 -0.0310114031171 0.023061784261 -0.279731738681 0.0624900062146 0.0101330237325 -0.0579280663185 -0.0147437675056 0.0158483324916
-0.624213730943 -0.0302135223162 0.0183555935297 0.0766516442574 0.0071414455333 -0.0192127614845 0.00163508641521 -0.684298024877 0.0995321807085 0.0670351042057 -0.028228261348 -0.0449643873144 -0.0134704963364 0.000227125441555 -0.15719326098 0.0104005898403 -0.0281307639288 -0.00749848680064 -0.182452035317 0.147444844875 -0.0346778271462 0.0108076433024 -0.179506169586 0.048552160437 -0.000412253646528 0.00933055950482 -0.0199878369819 -0.00805020961388
-0.494149990995 0.00314640345017 0.0105638407559 0.00472459288151 0.0159417761385 0.00154000453413 0.00349713222616 -0.585411878729 0.049360373546 -0.0232656705545 -0.0849623461896 0.00510978243324 -0.0344787083071 -0.0955067005562 -0.257924790311 -0.0591519422786 -0.0527988733046 -0.0222460277172 -0.34310124509 0.117784277671 -0.0155783917827 0.0191698748078 -0.410634116696 -0.019776226129 0.00991140422271 -0.129002175516 -0.0210057770193 0.0215024912377