-0.0126852495771 -0.0144373501912 -0.158736524128 0.0657899544137 -0.00790309391031 -0.0135265179573 -0.00577662017729 -0.052629211264 -0.229960204614 -0.0765189861528 0.273620402372 -0.06235429128 -0.00740825938138 -0.141832611662 -0.433142539942 -0.20229335431 -0.147950863111 -0.00204170535609 -0.25306938075 0.640670580776 -0.166239885345 0.00403586318518 -0.218764375778 0.0917780687362 -0.00779100257243 -0.0201114585057 -0.00788584040088 -9.16320711621e-05
-0.580786060641 -0.0399066080698 -0.114788822879 -0.101387010207 0.173355157295 0.0686882613858 -0.00541552569375 -0.512783224446 -0.118422553113 -0.0746383978506 -0.045494853866 0.0704023745344 -0.0029746051103 -0.0728964112966 -0.109002191157 -0.0030483862446 -0.0695308649363 0.00308200153758 -0.516209540026 0.0666221918407 -0.0537226869336 0.00441241962008 -0.115567034057 0.0622489632389 -0.00901942965611 -0.00759822905885 -0.000838632776024 -0.00526206435522
-0.614511051209 -0.0223083951365 0.107462021592 0.108222077335 -0.0621521503356 -0.0929676162445 -0.00491568988492 -0.575192784675 -0.0181443585809 0.117555752978 -0.0204496969896 -0.0198759691722 -0.0101221239606 -0.127851420961 -0.116002424537 0.0298321646267 -0.0568665429434 0.00426623290575 -0.345828346712 0.049745629389 -0.117092268876 -0.00583303787645 -0.259547801471 0.0389446663021 0.00507956050768 -0.0385345491593 -0.00324859671856 0.00365118702836
-0.695473577958 0.0112982368118 0.204048900655 -0.0900401703628 -0.0592656298603 -0.0201437307915 -0.00590988364464 -0.564952330296 -0.0461106817017 -0.0402486918429 0.0219049125191 -0.0551990123874 0.00984046639282 -0.0580771215179 -0.167528727345 -0.0784424207812 -0.0328513737741 -0.0045833590369 -0.0161133532407 0.30781555103 -0.0273851419104 0.00535679928284 -0.0354337044435 0.00942929963168 -0.00209499552813 0.00406231800057 -0.0077226360699 0.00676251199051
-0.665422998058 -0.0464780754757 -0.22978289142 0.0056973868357 0.0407067549458 -0.0159653853911 0.0067592027409 -0.584504222728 -0.0807971895797 -0.0681642115282 0.0838528578 -0.0572339870405 0.00539394335553 -0.073888739252 -0.137599852328 -0.120836983644 -0.00357651312897 -0.00225620582619 0.109331298928 0.278382051421 -0.0155189967915 3.19474846071e-05 -0.0861073011437 -0.00946512862349 -0.00345793281489 -0.0293774167096 0.0024920793557 -0.0041457324502
-0.289570256738 -0.000204569137117 -0.0225061576699 0.0392137606715 0.0693784617583 -0.0122765808601 0.00151141934395 -0.279572626038 -0.0288264324142 0.047912551143 -0.0375998028238 -0.0126604009871 0.00212951536703 -0.549461795721 -0.0439666601543 -0.0266186712538 0.00607217446303 0.00034314015654 -0.473877428038 0.00548582602301 -0.0304845210516 -0.000167913725504 -0.408106338415 -0.0172905941545 -6.52182825728e-05 -0.359454530019 -0.00120893471119 -0.010369216994
-0.664242674134 -0.0286303039167 -0.00933225087589 -0.069361332714 0.0949306015591 0.03825965731 -0.00468416565077 -0.575856846414 -0.00373207842824 -0.0631445467236 0.00578723737361 0.0317012736201 -0.00292005285212 -0.097587835168 -0.161648264917 0.0131401895914 -0.0693228553084 -0.0031971068741 -0.390367833217 0.0654458772132 -0.040683567182 -0.00124698744384 0.0767634385574 0.00137733125067 -0.00729281598994 0.0299134904988 -0.00858803250428 0.00466721452307
-0.691221854819 -0.0232178388898 -0.0388943279692 0.0221372276375 -0.0732801734401 -0.00091259392435 -0.00161402597071 -0.67541442013 0.0282735150241 0.0728656110051 -0.0418608438906 -0.0231254800911 -0.00593150676564 -0.0362110530309 -0.103841010249 0.0650264825078 -0.0151269269032 -0.00160421392692 -0.15523779032 0.0636691142117 -0.0574981105345 -0.00527543390373 0.022201838538 0.00693699602142 0.00711506941811 0.0298094222302 -0.000261073970776 0.012670382999
-0.588736563345 0.000133884005937 0.0758851538709 -0.000209176726137 0.0444899834806 -0.0729061544874 0.00356784998348 -0.524946280628 0.0200138763395 0.0996791225347 -0.0443554787431 -0.00323626666482 -0.00514267431907 -0.130878508695 -0.132565904451 0.0228513768625 -0.0625904423879 0.00641420864264 -0.375894162567 0.106298615975 -0.035854534139 -0.00392675759109 -0.388598785523 -0.0108745577185 -0.00171349888107 -0.0904847945696 -0.00198561875336 -0.00340715209624
-0.537687652787 0.00141109952576 0.0245155030669 0.0287794354921 0.0721389372978 -0.0168011689032 0.00546069478315 -0.56895577048 -0.0507045066198 -0.0728627258005 0.0518495613577 0.0357417099875 0.00054738076106 -0.243697130034 -0.104544929892 -0.0880024572924 -0.0794896111168 0.00237386365693 -0.396433346375 0.00129507895758 -0.0302481399083 0.00891077915748 -0.349615525743 0.0128829100265 0.00334208443187 -0.0568551556526 0.0140461153171 -0.00280777484891
-0.709942890323 0.00652682302798 -0.0576761643848 -0.121719334817 0.0551356063899 0.0256271680899 0.000753484078224 -0.64039365152 -0.0314185554976 -0.0093230677352 -0.0753762648682 -0.00536685613535 -0.00225291955977 0.0962884933762 -0.0551849056523 0.0197586793506 0.026280785452 -0.000367539563325 -0.167241149033 0.0369180264387 -0.027189161783 -0.000562463015622 -0.0753622430738 0.0477853569916 -0.00802503070348 0.0754205277232 0.00060776595892 0.00441088366015
-0.740396215023 0.0730174217434 0.0669933420598 0.129028413184 -0.023438698587 -0.0431406445197 -0.00467834078738 -0.600241482851 -0.0467373774467 -0.0600257075805 -0.0179442274275 -0.00308015199274 -0.00590227154352 -0.0111283923726 0.0261508750022 -0.00350398017931 0.0196730052646 0.00160728319963 -0.165333605017 -0.0272821046434 -0.0969771231095 0.00631829116497 -0.128403533113 0.0280563767435 0.00223427680069 0.0202380453884 0.00414513842155 0.0054301341511
-0.58164478049 0.00271618828269 -0.0246647228242 0.0520840448011 0.100879649932 0.00891026479926 0.00349687407026 -0.530327963308 -0.0181386137643 -0.055288252692 0.0243822782153 -0.0105185347666 0.00402630261883 -0.305035160157 -0.178014414663 -0.0514919508133 -0.0582012238865 0.00229419201568 -0.309795743769 0.0205139526353 -0.0345334107787 -0.00451422191607 -0.340867629969 0.0276794172842 0.00174814708577 -0.131432111952 -0.00846622208296 -0.00669507458193
-0.618790914172 -0.0264830269403 0.047189673952 0.0588473810005 -0.0133017736274 -0.0236412539697 -0.000503082822552 -0.670133245555 0.00783205971352 0.0923094162011 0.0461294303243 -0.000166610117858 0.00568843975237 -0.223423128438 -0.133897533167 -0.139359636404 -0.016757132456 -0.0088393010743 -0.118663569448 0.111584909079 -0.0537862557756 0.00751778315565 -0.169838899571 -0.0415519413427 -0.0064298317132 -0.048506170613 0.00447141117621 0.00741809650513
-0.662007426686 -0.043281886169 0.0262568377995 -0.119209082351 -0.00496137259344 -0.0081982794082 0.00343909007996 -0.617416556216 0.050699611902 -0.0342394455195 0.0317508622252 -0.0193498467226 0.00355825698732 -0.0379625783692 -0.189752496204 0.0278469265074 -0.0446576832521 0.00573399342281 -0.304148558209 0.10169899844 -0.0174999918416 -0.00668419152956 0.0818430894846 0.0293744220077 0.00221613061242 0.0850165728277 -0.0163231800629 0.0042054955487
-0.698398342132 0.00190128532078 0.00487749635544 0.155409825996 0.020753341521 0.00330788409857 0.00335589341455 -0.576064873598 0.0585941906314 0.00771497943557 0.0436062455684 -0.00304044437355 0.00507388332847 -0.11939970803 -0.241423861238 -0.00120531541487 -0.0357300548665 -0.00140910356152 -0.240697600012 0.10302511416 -0.0190329551094 0.00104502424941 0.0281275483344 0.0309069396896 -0.0031156946495 0.075713345923 -0.00508300696341 0.00883436259375
-0.67453364913 -0.00393475457629 -0.0580222298796 -0.0799422900859 -0.0623904178553 0.0138196874638 -0.00286141157348 -0.642086031177 -0.0892814039255 -0.0390948728741 0.0645176121732 -0.011148775175 -0.00539650995003 -0.162345030191 -0.0749436553548 -0.066147356429 -0.0320914590488 5.39207355045e-06 -0.0419133349179 0.162508683678 -0.0279827384072 0.00489342374496 -0.145994370986 -0.0483878600689 0.00082346292364 -0.122379619436 0.00788729784596 -0.00195595242265
-0.625624394051 0.0608841296593 0.00830260840229 0.00649441542725 0.0960014113184 0.000332828918286 0.00577640372945 -0.703350913727 0.00607858660954 -0.102663752582 -0.00893664092867 0.0373710109907 0.000130039114137 -0.119827765162 0.0519204728991 0.0511685295821 0.0358690824203 -0.00483281054882 0.101420008096 0.175883094622 0.00784859668937 0.0021754851876 -0.129780337824 -0.0518785512166 -0.00188530678662 -0.0825494421 0.00780171808727 -0.00936186945165
-0.699345177645 -0.0542462069405 0.0263246366909 -0.0743617875199 -0.0737349697865 -0.0337378793833 0.0023710519809 -0.539878646947 -0.0213109063914 0.00517741336619 -0.0675951117657 0.0072766122949 -0.00120921872286 -0.164846639935 -0.19105088011 -0.069190789356 -0.0529562380138 7.22109783284e-05 -0.242527608335 0.235523350719 -0.0155765590817 -0.00134278360219 -0.101930018939 0.035542430756 -0.00518236196814 -0.0323533885568 -0.00157761604621 0.00811687203408
-0.734607214627 0.0539800015845 -0.0309584960547 0.0675193676117 0.080590194523 0.0227296498598 -0.00316927875506 -0.533787778992 -0.0294446839271 -0.0100953748251 -0.0531112472108 0.000774662206141 -0.00265402041831 -0.153203057762 -0.233360950437 -0.0774370687423 -0.022978206656 0.00113873308325 -0.133849955888 0.214374105294 -0.00378039861416 -0.000587937142622 -0.0873288852473 -0.00918129287577 -0.0045247043082 -0.00544812909309 0.0045817150317 -0.00707892498375
-0.623089305808 -0.0211070305297 -0.0115172614291 -0.0158695951761 -0.0427567085015 0.000502755025837 0.00480658994671 -0.654042746551 -0.0520117263621 -0.0495172333853 0.0102235245138 0.00142687497901 0.00597088290954 -0.167845333142 0.0546188648544 0.0230229800019 0.0455961005282 0.00415428922358 0.193481943347 0.180862914047 0.00489704596901 -0.00438704428553 -0.22071353283 -0.0297210445144 0.000436069951215 -0.14930475813 0.00635166302093 -0.0102567113519