-0.107660604015 0.0452513198239 0.0627099871708 -0.157206152543 -0.295932727999 0.0282587832158 0.00820743698996 -0.0321344346181 0.0713943621731 0.0733595499006 0.111953276273 0.0585042153632 -0.00184939739622 -0.223813775777 0.049917655574 0.514735904835 -0.0220938527154 -0.0088166111168 -0.225235772837 0.446989638309 0.0246023555248 0.00418486710907 -0.520639019828 0.0277186979081 0.0170965916926 -0.00589859372491 -0.0196006854387 -0.000652621257106
-0.478259144815 -0.0089087190609 0.202824245273 0.00136238440707 -0.0363354720812 -0.0418278495117 -0.0104099414679 -0.444355716217 0.0409120747256 -0.092898445001 -0.150838100749 0.0544148261229 -0.00427960033004 -0.116169840853 0.0307063901311 0.155638117535 0.000419253891698 -0.0161148467503 -0.36913745109 0.251893559102 0.00866991426126 -0.00115639791265 -0.492610612935 -0.0151125166139 0.00702419595033 -0.108196439949 0.00194991588205 0.00445027150411
-0.454790869876 0.0839635020108 -0.0916133274915 0.0256215658302 -0.113693696648 0.0131695050254 -0.0153893117876 -0.497747765432 0.137360668191 -0.0875790907577 0.104751591861 0.0574211948088 0.000278120269501 -0.181269721485 0.0886471465981 0.314945031145 0.00455188996116 -0.00476082404582 -0.406071549764 0.2813393861 0.0179538455703 0.00443228468482 -0.282595660193 0.102799257422 0.00361507411931 -0.00638466224438 -0.00718814200699 -0.017208359076
-0.502487919042 -0.00821464034004 0.146916301011 0.0714726791258 -0.171827822404 0.0454712154708 -0.00242691903339 -0.436298407783 -0.00675822599619 0.0659311617893 -0.0226818520541 -0.0147180412562 0.00905885965525 -0.131811606542 -0.0951639650038 0.284334978574 -0.00245578771896 0.00365570079807 -0.0336993934401 0.0919292743872 0.0203306465101 0.00615163410762 -0.610947274171 -0.0374586977474 0.00777543883821 0.0150621047575 -0.0357503045848 0.0051083520556
-0.429100948353 0.0137501589338 0.0563224746438 -0.0746484375914 -0.0217881498666 -0.029389811001 0.0119900755188 -0.438642644807 -0.019973902236 0.02769756401 0.105775773758 -0.0169461655573 0.0113769276574 -0.385740592317 0.1683234235 0.264468937597 -0.068503371796 -0.00153010351157 -0.212263369355 0.383551573299 0.0303887805833 0.0163234242647 -0.392611360451 0.0141254912756 0.0135409067039 0.0250125603939 0.000195184239201 0.000828323179501
-0.662140816002 -0.0226039442198 0.0904413888399 0.0544079647159 0.043494248212 -0.0475279795835 -0.00320446341872 -0.471161005461 0.00308345550816 0.00385208301142 0.0134633035273 -0.0181413063682 0.00723455640302 -0.0663580565506 0.0831105460943 0.231177266312 0.00520764978121 -0.00815223443678 -0.166519213522 0.0753078503825 0.00820970873266 -0.00783305342757 -0.471564215458 -0.038414752607 -0.00342991454756 -0.0290260650389 -0.00208868333713 0.00974561799273
-0.218118308707 -0.00682608132773 -0.00250955323234 -0.0101962924364 -0.00621423931214 0.0169168479121 -0.0071911427783 -0.232340631717 0.000894950336786 -0.0427048014787 -0.0264703068022 0.0176983995236 -0.0161644572434 -0.66439688236 -0.0257748986846 -0.0135487224939 -0.00834557995735 -0.000492571934964 -0.409842482139 0.0273813853626 -0.0579074924359 0.00372239391189 -0.427945902279 -0.029713982778 0.00233449489846 -0.310187360197 -0.00330503419143 -0.0112792993074
-0.697868169087 0.0915929386425 -0.0925042176534 0.00205097407326 -0.0752287230881 -0.0171864532235 -0.00237576048938 -0.555104204744 0.0314556865299 -0.0275972067161 0.0606621827715 0.0048093568095 -0.0166055288302 -0.125976225693 0.0784631679162 0.196344759087 0.0209970349051 -0.0122844940132 -0.242560121517 0.192818003212 -0.000948034554709 0.00514101336818 -0.125697309117 0.0340243569551 0.00565374120609 -0.0441603075516 0.00442734007564 -0.00532900489145
-0.279471830812 0.000586931027666 -0.0041609871708 0.0411439510322 0.0076742773342 0.00253236571835 -0.0048502145319 -0.277836799682 -0.00394545582455 -0.0115361470562 -0.0161771148477 0.0212442423564 -0.00902180490412 -0.498863281604 -0.0092548684417 -0.0509915326115 0.00881956240178 0.000778462327256 -0.463550319987 -0.0543106967251 -0.00997426794948 0.00239984617783 -0.473928943438 0.0732271734864 -0.000658431018262 -0.377342330054 -0.00602140488474 0.00158034297635
-0.710963784934 0.0219105400002 0.15006904713 0.0106343939522 -0.033247068894 0.00816294833323 -0.014739104061 -0.512988835878 -0.0100170119246 -0.0327699186358 -0.0208055219703 0.0267452619344 0.0076065453599 -0.0164666882305 0.0220824592323 0.17032617728 0.0444030473447 -0.0183623521015 -0.194214279279 0.110178422992 0.0351263487807 -0.00740195909252 -0.34489853077 0.0174387838871 0.00528604368533 -0.0207844466022 0.0236955545945 0.0313582164016
-0.344390306219 0.0032376407748 -0.00199132091636 0.0158523193657 0.0313019331429 0.00840343338387 0.000273896752395 -0.341574996958 0.00441729746768 -0.0150334051152 0.00242958544596 -0.0129855292299 0.0137397631394 -0.497409168532 -0.0255970344046 -0.0359957433647 -0.060272830752 -0.000509114883543 -0.500538990166 0.236573429873 0.019505453843 -0.00355113313454 -0.443183390072 0.0282908682868 -0.00217580057855 -0.0741330801189 -0.00793956865123 -0.0110541723478
-0.618992955705 0.0204264771219 -0.0664253056208 -0.0644066061565 -0.0575042356412 0.0315140316545 -0.000753633065317 -0.506939519522 -0.0499383813215 0.012702743547 0.0822017051456 0.00798770961093 0.0224274262695 -0.17371652148 0.120972667782 0.127088743909 -0.0594388037628 -0.00960320492941 -0.27358921068 0.239135205517 0.0152092551152 0.0148725358446 -0.369590768591 0.0296028304755 0.00651956085321 0.0276564585034 -0.000342887716147 -0.0352672209262
-0.548021671024 -0.0207533156445 0.0444390635789 -0.00261522455779 -0.00605928725119 -0.000901993553399 -0.00624959558108 -0.626426907697 0.0429684106182 -0.0596216495013 0.0909269983164 0.0200289823404 0.00509421339567 -0.15821614576 0.0532985846285 0.23732036516 0.0131513751357 -0.00128311126194 -0.309853900501 0.243007006939 0.0385837452831 -0.00447451011701 -0.198821861496 0.060699996185 0.000515127171333 0.0789078115716 -0.0106778546424 -0.0134981021989
-0.593858921588 -0.0317133806005 0.0812737279579 0.0241907433717 0.0605414720126 -0.00704284189284 0.00393333426894 -0.486191845995 0.0139405199751 0.0260328830299 0.0159946208774 -0.0281179124159 0.00691648408781 -0.0730328240584 0.0323573867154 0.230735286931 0.0130867387436 0.0047274769088 -0.313285007191 0.134371535299 0.0162183714605 0.00710286173444 -0.467658654605 0.00510349609768 0.003352583083 -0.0306618010767 -0.0241325142378 0.0214883613307
-0.446051995578 -0.0235803129748 -0.00652728283677 0.00108882679737 -0.098138653445 -0.0333148726812 0.0019418848955 -0.409377962382 -0.0149484295764 -0.0128889320417 -0.0541521184788 -0.00207751712962 -0.0119092315429 -0.50636673942 -0.0834433401396 -0.00933893198693 -0.0543856080068 0.00179612441352 -0.473136022725 0.111547932279 -0.0144397418073 -0.00374804032347 -0.338212729736 0.00621358807865 -0.00134307713451 -0.0305065934389 -0.0105978940247 -0.014890615721
-0.537097228617 0.0460174584824 -0.0468202472978 -0.082306539489 0.0315390712701 0.0405253346857 0.0129071909703 -0.513982234777 0.0440077180725 0.0797031704685 -0.0484006926224 -0.0152860741699 -0.00672829947917 -0.297620853504 0.0763755742002 0.0982768230439 -0.0568851904573 -0.00862315237048 -0.407166363131 0.180365237804 -0.000331559174297 -0.0123996813694 -0.336991870437 0.0366169157951 0.00093197469958 0.0407151615682 0.00645503569308 -0.00978505874119
-0.618456021984 -0.0330522636205 0.150749018601 -0.0447956140041 0.0195924337693 -0.0240436534703 -0.0121790131239 -0.501483321988 0.0150910122066 -0.034280014965 0.070764603431 0.0105265757242 0.00964982465259 -0.245720979742 0.168439911891 0.203226889275 -0.0364938827994 -0.00483655874579 -0.223416870146 0.166894700068 0.0195913475788 0.0115529064079 -0.34022023443 0.0730525798866 0.0145154715205 -0.0153787766907 -0.0309927624388 0.0170268875511
-0.598025755854 -0.0127998744347 0.0801486167095 0.0413420904674 0.0582503262942 -0.0503086262758 0.00280071970576 -0.448303008551 0.00988108262316 -0.00241368224527 0.00657584039896 -0.00105221278263 -0.0128089928559 -0.0902302801767 0.0128152996327 0.252789632146 -0.00644868757633 0.00758097719254 -0.297971308717 0.0717964890037 0.00584926318803 0.00304484925787 -0.501641059694 -0.0254342116614 0.00264407964509 -0.0882753949686 -0.0213218575357 -0.00342004923507
-0.654536402344 0.0249847616783 -0.0162118701869 -0.024197028285 -0.166927926831 0.0244965892472 -0.00376670790412 -0.552792497717 0.0464695671795 0.0056289219869 0.00595475892567 -0.024118301918 -0.0061346020051 -0.0551686791604 -0.107471987822 0.108748016452 0.0137501929963 -0.00418144432214 0.182110317069 0.0339892594582 -0.00264393720492 0.00136133211374 -0.404729539689 -0.0226002099496 0.0019117650096 0.0873753895296 -0.0166029097615 0.00442532408017
-0.623392874016 0.0855627243402 0.00482293548982 0.0182764430925 0.0972095646845 -0.0632106765407 0.0138014868239 -0.546767767024 -0.0272053725481 -0.0225829391617 -0.0644817954579 0.00269481925463 0.00301119598875 -0.268810626968 0.0585712354979 0.222781880031 -0.0299546880938 0.00091078249337 -0.102795038333 0.238032022293 0.0305814342935 0.0127247950005 -0.29814127832 -0.0429208360777 0.0124528672472 0.00222995517316 0.0154560720091 -0.00396928809793
-0.575205070065 0.0689076996506 0.0500718648028 0.0116878593135 -0.136795437983 0.0279508362157 0.00613247189198 -0.568243664594 -0.000529675765274 0.0509972137994 0.0860761577211 -0.0210518942803 0.00970243069205 -0.351861024199 0.00561898345817 0.0836009892273 -0.0768064696575 0.00815111168759 -0.150271827277 0.184658074505 0.00563329116731 0.0100872352289 -0.335516756131 -0.0388208139854 -0.000536186955415 -0.0293332123914 0.0106834786322 -0.0103561796131