-0.000974476271244 0.000295074371087 -0.0101125020909 -3.08872526971e-05 -5.06066632228e-06 -0.0495195177596 -0.011511693209 -0.257199546807 -0.829128032194 -0.00138359941792 -0.000648215584424 0.115268125139 -0.0349250403329 -0.300941253341 0.0045893438876 0.0022529279168 -0.355415275171 0.0236651326343 -9.83414733157e-06 4.31619167472e-06 -0.000656229903047 5.6305122125e-05 -2.34537998691e-06 -0.000325262271502 3.37999038344e-05 -0.0614332828415 -0.0890797445034 -0.0040794111686
-0.586263303659 -0.00316910122333 0.0632394020297 7.10597073982e-05 3.61988626451e-05 -0.0600686475363 -0.00808985586785 -0.585137716619 -0.0588270442113 -3.72921657117e-05 8.66329590633e-06 -0.0594902841548 0.0214926690331 -0.50956547963 0.000799559136343 0.000385859427892 -0.165042693623 0.0130634023501 -4.59494464399e-06 6.25888812605e-07 -0.000256976024801 2.66139534572e-05 -1.08677358383e-06 -0.000125660417206 1.8380360386e-05 0.0889215805133 -0.0575668676513 -0.0218173391758
-0.428278974785 -0.000855568790903 -0.0102247382965 -7.34130448064e-06 -1.03288800973e-06 0.00903429369641 -0.00388015435871 -0.433261464093 -0.052211568849 -3.64262044949e-05 4.54800001491e-07 0.00446560358695 0.0013099269085 -0.715594408536 0.000309212809702 0.000148964307659 -0.152641337719 0.00292852499756 -3.97035165107e-06 2.1880014508e-07 -0.000142769894696 7.65833807106e-06 -9.31762017401e-07 -6.99350519873e-05 5.58892605986e-06 -0.298519932223 -0.0264975111067 -0.0266878689661
-0.645369947532 0.0291045331018 0.0851695707535 0.000109386189494 5.71769892367e-05 0.0126302918299 -0.00653545337589 -0.715359244561 -0.203977404168 -0.000289336571908 -0.000146427768379 0.0488936970055 -0.0126180044545 -0.0771917392497 0.00164107883765 0.000806984889099 -0.0975042573942 0.00467052103198 -3.35501444234e-06 1.53450469347e-06 -0.000189044441698 1.10478781231e-05 -8.19294455603e-07 -9.4903864665e-05 4.65255931545e-06 -0.0542145937683 -0.0108803675933 0.0273944176283
-0.688969788767 -0.00021638573985 -0.0306863676749 -5.53686745408e-05 -2.664164712e-05 0.0480215029799 0.00435080610984 -0.699357426306 -0.0696509442814 -8.97237315344e-05 -4.8534284685e-05 -0.0446774487467 -0.0232865160209 0.145058755273 0.00217135528597 0.00106848053233 -0.0281935663272 -0.00678708212282 -2.63433571823e-06 2.14623151092e-06 -5.87104235325e-05 -1.4483287913e-05 -6.54908023369e-07 -3.10914980746e-05 -6.6055304604e-06 0.0555042266316 -0.00516689441342 0.0238172307715
-0.681474094092 0.00373894270932 0.00731349190215 2.35570360962e-06 -6.5182268439e-06 -0.0110595869724 -0.00398648539629 -0.69175159632 -0.0321268969405 -2.60096559627e-05 3.9585223365e-06 0.0185413699568 -0.00342180318728 -0.119522908788 0.00071904937847 0.00034334359934 -0.0842904951795 0.00919111085462 -2.22043566476e-06 6.20286248726e-07 -0.000157549909494 2.19417990844e-05 -5.42114702687e-07 -6.91105839229e-05 1.57164503834e-05 0.177829841349 -0.0419515346394 -0.024906756053
-0.64470855743 0.000282610904964 -0.0147665837645 -7.6708117005e-06 4.87370183423e-07 0.00482110269946 -0.00282180747366 -0.649400643265 -0.00749530916111 2.78495708375e-07 7.63073454477e-06 -0.00257361634063 0.0261699149538 -0.379610444248 0.000358877516719 0.000171727212038 -0.111478423397 0.00679985231074 -2.76095443768e-06 2.80438989091e-07 -0.000158742785217 1.55563596437e-05 -6.51952059777e-07 -7.55536755855e-05 1.14450566714e-05 0.0403063893108 -0.0309482308972 -0.0497224440228
-0.662159525056 -0.00252713129699 0.00835517485186 4.4719971126e-06 -5.42054521852e-06 -0.0090384849843 0.0091786884798 -0.666666914641 0.00370074404908 1.03002622249e-05 2.00964906511e-05 -0.0225894725116 0.0108671938693 -0.308742142289 0.000457151376244 0.000220516909599 -0.131251010505 0.00399156864317 -2.65810863648e-06 3.72852275369e-07 -0.000192591158465 1.17467483464e-05 -6.27338656412e-07 -9.19770220208e-05 1.08407925471e-05 0.000805328859976 -0.0210484998343 -0.0566331356933
-0.404823331445 -0.0116113268281 -0.0559304416352 -1.54993587906e-05 -6.70331597243e-06 0.0276338673073 0.000571362121599 -0.41066258859 -0.0613691542672 -1.43246440098e-05 8.47731553234e-08 0.0384335029219 -0.0068206062525 -0.719675102475 2.13633195149e-05 7.86453465384e-06 -0.0545364287739 0.00239003384795 -1.99647675751e-06 2.40149090099e-08 -1.66411879128e-05 3.49627371417e-06 -4.6895954987e-07 -5.95461643449e-06 2.9138469617e-06 -0.368800231735 -0.00994733573991 -0.0336561619744
-0.660572248736 0.000354638630557 0.0325579794512 2.08351073209e-05 1.35710150868e-05 -0.0148014022723 -0.00344452426547 -0.669117490099 -0.0406136172261 -1.36322714664e-05 -7.50780993051e-06 -0.0371256491397 0.00135839589997 -0.318723037504 0.000426529740849 0.00021164861317 -0.088180870294 0.00853128653045 -2.69801916594e-06 3.25841490733e-07 -0.000135035778819 1.61944520303e-05 -6.30433754911e-07 -7.03242579664e-05 9.25036168427e-06 0.0302961472681 -0.0339194983106 0.0101836255978
-0.565444849396 0.00161214336804 0.0356231550691 1.64738703059e-05 6.91007673229e-06 -0.0210240909856 -0.00100960536322 -0.572286129762 -0.0546389773394 -2.04067438854e-05 -9.95906578096e-06 -0.0338984409395 -0.0119285614255 -0.539089305575 0.000160002274986 7.92749656257e-05 -0.0957225895528 0.00655429492875 -2.65876546771e-06 1.04936597267e-07 -8.1516920229e-05 8.29152010338e-06 -6.21866679372e-07 -4.2280164335e-05 4.07601601045e-06 -0.216261738829 -0.0125651478966 0.00437483476002
-0.393561126274 -0.00718279268112 -0.00890329120684 -2.34553543439e-06 -7.44962570235e-07 0.0421934196461 -0.00762511407974 -0.406436722966 -0.07458558258 -1.76974297418e-05 -8.07078860579e-06 0.0463814409241 0.00595846220397 -0.683412802115 2.05285217375e-05 9.98948732187e-06 -0.0180385669487 -0.000510148594926 -1.95736286144e-06 1.98242492824e-08 -6.31448418378e-06 -6.36797169156e-07 -4.57914901106e-07 -3.67947551252e-06 -4.49643995878e-07 -0.450212729388 -0.0104118986841 0.0046014097989
-0.579219669811 -0.00526202818131 -0.0216079182451 -1.41114084022e-05 -8.00382659115e-06 0.0165149388842 0.00760724744101 -0.595770733391 -0.0812576884041 -4.06133368683e-05 -1.69171279696e-05 0.000973071677125 -0.00482038283276 -0.500228643357 0.000191881520392 9.45928348863e-05 -0.0646898080965 0.00196688235844 -2.70332878573e-06 1.25019542305e-07 -5.7959110474e-05 3.72898112157e-06 -6.3377740456e-07 -3.23145260688e-05 1.14015637343e-06 -0.21685124625 -0.0237514489348 0.010179671559
-0.651941501948 0.0074680467178 0.0241408064266 1.67742992131e-05 8.35818224187e-06 0.0208926188253 0.00232254455458 -0.733734825731 -0.108327223493 -0.000103465154974 -4.90823611909e-05 0.0457721646515 0.00756251964653 -0.11674005652 0.00070895894072 0.000347855759212 -0.0628522490033 0.00390688111489 -2.03160200368e-06 6.23594677488e-07 -0.000115953727863 6.67908895804e-06 -4.86769052272e-07 -5.55876789922e-05 2.58998242136e-06 -0.061002270249 0.00328795428044 0.0176441611671
-0.664456102474 -0.00989090181534 -0.030559263801 -2.98915891378e-05 -1.19819443443e-05 -0.0146670901446 8.18741526613e-05 -0.711547753914 -0.0893772997456 -7.66298618762e-05 -3.86479481156e-05 0.0329927198268 -0.00243885242472 -0.177576084846 0.000626671230907 0.000311394179834 -0.0840293689692 0.0015857856742 -2.29540635171e-06 5.23271242215e-07 -0.000139990039295 2.41564697107e-06 -5.39134927561e-07 -7.13011711553e-05 1.83355255412e-06 -0.0536509264329 -0.000459632945988 0.0198093994355
-0.644210436834 -0.0358999945298 -0.0384737909395 -4.3400960302e-05 -2.09489922655e-05 0.00516428406846 0.0047049481327 -0.749015363786 -0.121190893405 -0.000123398973706 -6.0180521704e-05 0.0221920020203 -0.00115805194067 0.00537574556961 0.000898097384705 0.000442974971519 -0.0310761582957 0.000275801915437 -1.49210252682e-06 8.57465359875e-07 -6.61415993018e-05 -3.70954887415e-07 -3.58847622756e-07 -3.16707333376e-05 -9.37675153384e-07 0.067773612672 0.00446691655081 0.0190011326741
-0.683328647193 -0.00120374653438 -0.00379704082805 -5.35993886734e-06 -2.03101170038e-06 0.0135773582066 -0.00285908060188 -0.710365961954 -0.0583119001007 -6.47252718842e-05 -3.04656691668e-05 -0.00730592990797 0.00197315457019 0.0946729102936 0.00112382622349 0.000555405275089 -0.0224376062069 0.0025425718177 -1.21637388412e-06 1.12315531547e-06 -4.68980533839e-05 4.86400523767e-06 -2.93753932993e-07 -2.67107218486e-05 4.72884432858e-06 0.123185711566 0.0018173634846 0.0111244843541
-0.686964421559 0.000506484557468 0.0117796439763 1.24412091047e-05 5.86399637508e-06 0.0148713913254 -0.00756225972008 -0.708664713961 0.0441248909346 4.0044885595e-05 1.94361228595e-05 -0.0462450776799 -0.0177857501479 -0.129225613183 0.000719391522416 0.00035269845789 0.0268004331848 0.00663680338871 -2.24572536704e-06 6.21991272573e-07 4.35137269224e-05 1.05542499979e-05 -5.70570522248e-07 2.18212185476e-05 4.09523857346e-06 -0.056892188411 -0.016488460361 0.00917014108768
-0.659107938472 -0.0224823673023 0.0190223475509 2.03400363133e-05 1.00405915459e-05 -0.0265893547794 -0.000511444117034 -0.739420783448 0.103672804358 0.000105418121745 5.04011047773e-05 -0.0480877471739 -0.00824018243128 -0.0572578580627 0.000803472934645 0.000391448608253 -0.0248587986754 -0.00126291209663 -1.84511627912e-06 7.34070142643e-07 -5.46633860575e-05 -3.51655660509e-06 -4.63261879643e-07 -2.85322931379e-05 -2.46333808139e-06 0.00921475451624 -0.00826739884034 0.00886513595238
-0.590353816643 -0.0020589685572 0.00355433064325 4.23413184851e-06 1.99121395402e-06 0.011472551374 0.000688701964364 -0.771381050901 0.143212491818 0.000146521547582 7.12412450653e-05 -0.0353803866852 -0.00788913561841 0.0274701607414 0.000898117299911 0.000439210270181 -0.00425871943946 -0.0118079009257 -1.21937391977e-06 8.8430855214e-07 -1.56330521445e-05 -2.53781555956e-05 -3.14628707945e-07 -8.35394429661e-06 -1.41225587911e-05 -0.182395538881 -0.0160711111155 0.0064216570255
-0.672410281784 0.0236335239099 -0.026159229216 -3.03045661816e-05 -1.58931764306e-05 0.0366150624688 0.00511930449691 -0.730252231155 0.0944751830992 0.000109366575797 5.35672644862e-05 -0.0166062428246 -0.00703438294808 0.0497658794372 0.00102053281894 0.000500321066239 -0.00490794793473 -0.00832517944455 -1.32378555696e-06 1.0057912258e-06 -1.54141437615e-05 -1.80718014669e-05 -3.3836867826e-07 -8.7734212189e-06 -7.92537060421e-06 -0.00571434916432 -0.00991661556988 0.00576386028085