-0.0119496660938 -0.0061055389171 0.0697702371742 0.0269593184754 0.100073844277 0.0233775433159 -0.0313375514237 -0.0199968953542 -0.0639041042094 -0.0708374191359 0.166830858317 0.0318619113351 0.0153735912187 -0.0361665215388 -0.115646351648 -0.0188960866567 -0.163804019885 -0.0265133055491 -0.375495156278 0.772855762084 0.136321194976 -0.0109106410095 -0.375808965534 -0.0324247173927 0.0274013478897 -0.0320759166836 0.0211923167361 -0.00217285939974
-0.520831654853 -0.0270257992915 -0.0902786313725 0.128562780383 0.22160603663 -0.0030404760475 0.0132268050864 -0.356305670582 -0.0456218804673 0.015868208173 0.0199224818066 -0.0538461736952 -0.000603436747611 -0.014035801665 -0.0243635175394 0.0465211837193 -0.0318958010749 -0.0170457069044 -0.523974463969 0.235435473739 0.0891657230767 0.00231575607954 -0.419147684126 -0.0473018216719 0.00187674441395 -0.0306922931776 -0.0140199005041 0.0136508224344
-0.643114038359 0.0517175821118 0.179659430799 -0.0322339195799 -0.182105591444 -0.0308406907977 -0.030539680696 -0.467437743731 -0.0414633382418 -0.00203712357714 0.0818052418279 -0.0672530035224 -0.0172603001079 -0.199806303315 -0.0952343173039 0.0096968224558 -0.102072148673 -0.0209371703383 0.157737271736 0.387701327466 0.0469370086441 -0.0164849346258 -0.155494460887 -0.00114476277273 0.0184374708181 -0.145726166378 -0.013372075576 -0.00928860251955
-0.489479470872 0.000749234746715 -0.103801995743 0.0944203408203 0.213385592002 0.000307753333001 0.00403911768044 -0.348162887225 0.016221441015 -0.0328774404969 0.0286146572218 0.061076773966 -0.00544040152945 -0.00435851102835 -0.0118411976838 0.0145697743619 -0.0365256298377 0.00609927093541 -0.541738149587 0.218560094967 0.0614328542015 0.00480540448532 -0.467973108811 -0.0371551110127 -0.00821606078294 0.0148374873326 0.0239324252892 -0.00089411955798
-0.567781187692 0.028804533945 0.1853156651 -0.0639341848972 -0.0877096774331 0.0164693319604 -0.00434860572538 -0.452065621639 -0.0397386641607 0.0583559519188 -0.0228226962244 0.0860772821769 -0.00446414990583 -0.00718940432787 -0.0255903981945 -0.00820787023525 -0.0509155423208 -0.00786845387761 -0.476724002646 0.392604271231 0.0805870078752 0.00905525625397 -0.0319306595227 0.0380089596136 0.015241566815 -0.132910604403 0.0334313646628 -0.0140136126828
-0.559829579846 -0.0184748664561 -0.0367734314354 0.0401348164717 0.0992061625919 -0.0170514300641 -0.0134182402342 -0.505565096636 -0.0180314657407 0.0224175030622 0.0209934301481 -0.0390200684354 0.0116258841935 -0.185501080558 -0.00966333951478 0.0977467349952 -0.133109344651 -0.00497283137683 -0.460514680483 0.180570078402 0.113800707831 -0.0049305221048 -0.30396375754 -0.0420557762292 -0.0150281207135 -0.0176920622482 -0.0157268477775 0.00687125453163
-0.526497313626 0.039785061702 0.0375130784335 0.0230507807137 0.0522532877878 0.0161197487374 0.00443897907802 -0.603850660789 -0.090546092376 0.052942342838 0.0113705964523 -0.0704681799717 0.00951830535195 -0.0265209653872 0.0756303583002 0.10917492478 -0.00521148297126 -0.0197330439655 -0.429802387393 0.0831941099318 0.0188349139114 -0.00998350667573 -0.349012971955 -0.0372965419084 0.0129486844826 0.0189874367602 -0.0284704177743 -0.00646471990422
-0.544996017233 0.0118667355167 0.00514131355781 0.00824237381252 -0.0385370397011 -0.015818314227 0.0108328450617 -0.714360364164 -0.105610737499 0.027797886354 0.0884311908633 -0.0498329794495 0.0209981526803 -0.0674227120855 -0.0404879631013 0.0584864689768 -0.0233076162023 -0.0023134148484 0.11435092269 0.232341977803 0.0161388570253 -0.0575504608188 -0.284214793574 -0.0638497764732 0.0113203602929 -0.00226576026898 -0.0357352692049 -0.0293109328192
-0.434396190381 -0.00273349719439 -0.000979710468478 -0.0447239437727 -0.0620807719924 -0.0156664297414 -0.0116679765939 -0.411437181843 0.0230431456405 0.00839679612701 0.000942680322794 -0.0386491304201 -0.00759024880644 -0.398684842231 0.0145246699522 0.187102089378 -0.158853104011 0.00763310877115 -0.466929920343 0.166758603574 0.109189096679 0.00245668040279 -0.378914613699 -0.00612512597155 0.0148390200784 -0.109031328751 -0.0167035512216 -0.0199983612985
-0.590273731197 -0.00390330189101 -0.0618854002711 0.0613611599205 0.114807113982 -0.031523812307 -0.00619757422723 -0.475621064554 -0.0020868754848 0.0134932172513 -0.00248508670184 -0.00288179131472 0.00334598679953 -0.141592260402 0.0181354869351 0.0454567402527 -0.0887859333834 -0.0138951075407 -0.461669741309 0.194178022737 0.127281792624 0.0080728719044 -0.317003306849 -0.0282598522336 -0.00542363775907 -0.0646284814358 0.0134712184779 0.0044091760601
-0.567611554326 -0.0160525173927 0.105273604783 -0.00688147795398 0.0719980504764 0.0108060647217 0.0119347472964 -0.438979127336 -2.01214041838e-05 -0.0274587794547 0.0527280563516 -0.00302357419899 0.00231275267574 -0.109310215772 0.054907322013 0.108853324476 0.0547490484286 0.0144197613252 -0.339779463144 0.0690948110413 0.0124159862433 -0.00585727522554 -0.496483882524 -0.00479513957791 -0.00788525766677 -0.258873796567 -0.0101329002685 0.0245943146517
-0.602472526528 0.00261352031323 0.00447103122381 -0.000477348755767 -0.0137892153458 -0.0340530051645 -0.00032206804154 -0.64550150869 -0.0102831603646 -0.0642101131093 0.0629947593506 0.00453313396655 -0.00587238756861 -0.216531930984 -0.0187623175035 0.103151604874 -0.0052764872687 0.00385933199488 0.269629320509 0.224010864417 0.0137755116534 0.00102592748795 0.0385844384726 0.00374175410718 -0.0348055200937 -0.164193351302 -0.00265451813562 0.00722953743188
-0.343254120048 0.00233217868297 0.0120738495424 -0.0350081610945 -0.0642952554014 -0.0173038773565 0.00734739925433 -0.293515282518 0.03042771193 -0.00601392914649 0.00392715603668 -0.00176478285959 0.00118537178974 -0.619324991686 0.0834402211931 0.109912910621 -0.00130590021261 0.0029379189163 -0.402977110658 0.219467949618 0.0330410185316 0.00725180397095 -0.361423747809 0.0541961974039 0.0102992006758 -0.202579172693 0.0110756306865 -0.00547795565199
-0.572094442793 -0.00985651661386 -0.073019478437 0.0323511464561 0.109187779297 -0.0251072372752 -0.0212167845813 -0.471659175329 -0.0252122636356 -0.0317869149501 0.0093595079901 -0.00459233255076 -4.21865735607e-05 -0.0733422664527 -0.0151992909109 0.035875215246 -0.0664023032108 0.00779445097511 -0.47700115144 0.184011854081 0.0893126932099 0.000193770591666 -0.381470280055 -0.0329583940462 -0.011563712173 -0.0334797812523 0.0203323613723 -0.0021122813662
-0.597128045522 -0.00312344225509 0.122079845401 -0.0303827711194 0.0506045926879 0.00552425834802 0.0229950215258 -0.492682604589 0.024328547966 -0.0656650946664 -0.0483588193325 -0.0050356330157 -0.00371309939818 -0.132941162617 0.0342746279424 0.0768975002244 0.0439364046763 0.0168593021951 -0.322544662191 0.1427016227 0.00873648498799 0.00086390279971 -0.380614993688 0.018153052026 0.0135038882467 -0.27729315967 0.0226434485992 0.0151074181962
-0.593476517161 -0.0124671354281 -0.00611919798854 0.00324404722304 -0.00695088922357 -0.038904517419 0.00571754352871 -0.663258739662 -0.042736950767 -0.0444842528777 -0.0370688299033 -0.0126366494954 -0.0142934958374 -0.137064435197 0.0214930601538 0.141620010622 0.0498395873575 0.013540706148 -0.193058202622 0.237202366394 0.0621468873114 0.00796560959672 0.167001229873 -0.0176111366344 0.00816312490036 -0.180854019566 0.0101137284292 -0.00460051086539
-0.351229581344 0.0062976493683 5.13155462325e-05 -0.0712229627595 -0.0305003569264 -0.0187108027937 -0.00394637128635 -0.310034981711 -0.0113289056985 -0.0193011104557 0.0421179220425 -0.00335573264172 0.00581016748073 -0.566044315223 0.0601065135518 0.0808434663174 -0.0643816095452 -0.000882843316413 -0.436599014882 0.198357691859 0.052195736529 0.0147734691713 -0.386158989842 0.0674157403695 0.0172862738672 -0.222126468261 0.022789903881 -0.0189322878493
-0.498722731214 0.0196908115803 -0.0691017505545 -0.0131253103909 0.0938357435702 -0.0231856710309 -0.00108084301913 -0.459797405763 0.0328396917687 0.0481141163058 -0.00197201287801 0.039069305139 0.00519663658943 -0.108535564438 -0.00260032276321 0.0323625415909 -0.104901273871 -0.00290793282558 -0.549950265295 0.152470591187 0.0587004181912 0.00210069793217 -0.40263650666 -0.0582259498448 -0.00739303760626 0.032875838959 0.0237940395984 -0.00589437940702
-0.521827769417 -0.0168758286451 -0.00295166584091 0.0808411222404 0.027293242787 -0.0010550665832 0.00542736510723 -0.561453529228 -0.00849127510389 0.0782163144404 -0.0185981145481 0.0679127202903 -0.00148388182327 -0.00405339549898 0.0733849066693 0.065480499222 0.00843608125289 -0.00309846131968 -0.442286145896 0.0748491134336 0.0053214148525 0.008084683044 -0.421324476914 -0.0382142541811 -0.0174066500543 0.0565874449468 0.00501841440396 -0.011090794685
-0.467383736288 0.0224162136522 0.009915798619 -0.0149221803985 -0.0178972005281 -0.0203418810306 -0.00464165717756 -0.556575818485 -0.055335682122 0.130878202286 0.057406476946 0.0366903854675 0.00371335110555 0.016630876015 0.0649117048981 0.0225224857933 0.00446294190115 -0.016404741723 -0.486178348649 0.0735325414141 0.0242951632111 0.012552620556 -0.442106419153 0.0189110718638 0.010689477196 -0.0386904831524 0.00732047166281 -0.0076731179737
-0.484850305309 0.0432367889151 0.00132940091987 -0.0450036741294 0.00579085187989 -0.0162258812945 0.001018950597 -0.641017261494 -0.015737541545 0.0818350044281 0.081124039588 0.0453073693928 -0.00393824894588 -0.155561723856 -0.0134622697313 -0.0801521594955 -0.106502307955 -0.00848092702924 -0.336310338521 0.293393761768 0.0270670980315 -0.00754641510219 -0.300268840151 0.0243433266453 -0.0060764906969 -0.0218467122244 0.0276291628277 -0.00181148694092