-0.0314331146756 -0.0486214349299 -0.103624644337 0.182774808873 0.0526321997734 0.220125308963 0.0308220833532 -0.169933245308 -0.483159945788 -0.0452524210997 0.363479082059 0.333330071796 0.105488358049 -0.159303187294 -0.264917777208 -0.377016658925 0.0225110824544 -0.0243159877968 -0.0642878689129 0.137167156115 -0.260776841175 0.062561732192 -0.118504424084 0.12651217855 0.103396767635 -0.0795572476204 0.0275977821491 -0.0104978333956
-0.567662634685 -0.138565597037 -0.187953883975 0.0422453958359 0.112504825986 0.0611506421995 -0.012330992745 -0.556007716684 -0.102243662556 0.0603950425914 0.15665841297 0.0240756621517 0.0650335499363 -0.0439035614979 -0.108709954498 0.0388362566545 -0.0411432810131 -0.0115133461493 -0.241244047154 0.376288636581 -0.0310189980148 0.0152539707692 -0.161912071648 0.0144116673991 0.0416436395237 -0.0770662795462 0.0105378912361 -0.00533853917356
-0.524511892169 0.0768061174309 0.122310415799 -0.0452151400036 -0.10955461579 0.0517451057579 -0.00305203426311 -0.596174723193 -0.165697383241 0.0201110948918 0.165672770869 0.0808496662874 0.0310938259885 -0.144154648451 -0.0218341038574 -0.0451457509699 -0.000584361824893 -0.0279648094846 -0.402807048706 0.0808188392874 -0.0388354902567 -0.0100392409722 -0.259235607194 0.0116774067762 0.0036234482012 -0.078510549734 0.0162497042446 -0.0284057329753
-0.725545287989 0.0468042667997 -0.234622653061 0.0595586988628 0.171408338366 0.0107840706927 -0.00646139175951 -0.544644187677 0.0129394040528 -0.0811047454081 -0.0577132729278 0.049948858957 -0.016463178089 -0.083432418875 -0.0709660816366 -0.124284977828 0.0625512694841 0.0214203454634 0.142707075739 -0.0884589746456 -0.0984295579083 0.0116135144713 -0.0492937250226 0.0262069431503 0.0141365800673 0.001664898717 -0.0195610902206 -0.0157854002154
-0.696790264152 -0.0136679206861 0.221704578157 -0.0511438898861 -0.0667397224975 -0.0109666010745 -0.00915686173547 -0.601940084623 0.033011728279 -0.0318860153757 0.0172597409054 -0.0164921210473 -0.0127610634432 -0.142092097803 -0.0582002616005 -0.103070679628 0.0690633385987 0.0102208748169 -0.0508073087288 -0.199561768454 -0.0690023013965 0.00103050951228 -0.0478217396818 0.0447837849743 0.0148864257848 0.0300892308105 0.00184295416367 0.0321210162281
-0.303715631696 -0.0329857609002 0.0344717744707 -0.0356923920551 0.0395953583075 0.0272582232563 0.000133324834745 -0.483846479653 0.0516886794928 0.0435660706636 0.053666011532 -0.0274085124009 0.0173628227963 -0.606907966902 0.0571447422576 0.0803184742907 -0.0173033274299 0.00481625605783 -0.139919944861 0.186674768517 0.00920247132365 0.006891735375 -0.062450517617 -0.0062536932592 0.0254200416268 -0.47061136793 -0.0148575056052 0.00842312113124
-0.513414625805 -0.0278077657653 -0.0308710741292 0.0262403617277 -0.00539871688039 0.0194884794182 0.0150093408849 -0.637837225856 -0.105791241433 -0.0241729705406 0.113784362836 0.0119397839458 0.0488050720644 -0.24082127254 0.0658626854861 0.0799482522546 -0.0323938547121 -0.0552347008444 -0.322344675785 0.267765086786 -0.00729803139859 0.00590765168171 -0.208776418795 -0.00123748942499 0.0126621224117 0.0670288419086 0.0283862952148 -0.0413193928276
-0.478112213137 0.0387453390694 0.048997138914 0.0243525688593 -0.054330430858 -0.00877226953711 0.00496440358121 -0.5398048892 -0.0902963118375 -0.028667511096 0.0892556493992 0.0233815574219 0.0338260376403 -0.308125569136 0.159251339898 0.0930370198809 -0.0295223657961 -0.0329963307304 -0.477623955463 0.112618669152 -0.00285610898843 -0.0124101717287 -0.281055833749 -0.00253174686639 -0.00730562654892 0.00416207486592 0.0156220419384 -0.0513461720933
-0.39884012692 0.0182720670251 -0.0318245180238 -0.0158583252666 -0.0710612762176 0.0191036241575 -0.00138567667107 -0.455274322833 -0.040946308593 0.0224113502499 0.114679543927 0.068360420128 0.00458642329243 -0.473718413011 0.0523386719108 0.0860116812499 -0.0573526781412 -0.00660248578045 -0.374277837633 0.0467031081956 -0.0165320146395 0.0111189574496 -0.425963704892 0.032444710594 0.00596051224811 -0.206857488299 0.00102453152545 -0.0273296512964
-0.293755499754 -0.000556563302012 0.00416048025894 -0.0015979354171 0.0490507226531 0.0300072572102 -0.00262288003759 -0.296641561325 -0.00956306885295 0.0349737550539 -0.00655566325422 0.0419173882208 0.0187429206386 -0.638382084915 -0.0218387965367 0.0523651448132 -0.0396490190053 -0.000598437850503 -0.391843662665 -0.0148099676285 0.0248385165732 0.00386748764186 -0.262100967496 -0.0145423562052 0.00393712337855 -0.428086314834 -0.00154762706648 0.00347201124369
-0.777130849486 -0.00267493131011 -0.13019720993 0.073155215424 0.022802515279 -0.00666745083562 -0.00237509494314 -0.539395809618 -0.00396253598716 -0.00145872327008 0.00168114265347 0.00342793402486 -0.00291494419195 -0.079459673204 -0.107325474161 0.00103100186989 0.0501638917767 -0.00161997875884 -0.0491724878113 0.14935793587 -0.0437476738262 -0.00284218982373 -0.178198266729 -0.0194029584509 -0.00223841864531 0.0469404336611 -0.00420658957002 -0.0290021324667
-0.806441705591 0.0156340908418 0.155087618342 -0.0601347487279 0.00984346281249 0.00807658388456 0.00588304098124 -0.533587123771 -0.0148458677808 -0.00627390262968 0.0222482405655 0.0110273719814 -0.00415887702431 -0.00563715649265 -0.0674824687256 0.010653809982 0.0417442066647 -0.00319444591182 -0.0723057874874 0.0884168834406 -0.025617777283 -0.0140838390783 -0.117638412299 0.00801327798893 -0.00105535067812 0.0300628974848 0.00974982558123 0.0260420787192
-0.493881751324 -0.0152335869957 -0.0373267349085 -0.0171981203291 -0.00302905990273 0.0248138360446 -0.0110619341713 -0.551828539763 -0.0727070397624 0.0268496440527 0.0747129815123 -0.00492607933464 -0.00406840134852 -0.350695371641 0.189939034256 -0.110772503391 -0.0307429653591 0.00634271585186 -0.479937936049 -0.0603250474029 -0.0176358078306 0.00442275067227 -0.138559260894 -0.00807283251678 0.0121617474265 -0.104722706704 -0.0060363286866 -0.0149160560502
-0.459186911769 -0.0202690160246 0.0417106717983 -0.0396292480448 0.0752022654436 0.025543759415 -0.0041233900282 -0.488953196754 -0.0405225751151 -0.117521788816 0.00109024177407 0.0176239734716 -0.0110322502214 -0.425012488848 0.1461362873 0.0102428413089 -0.00934923950826 0.00156837214042 -0.426974075182 -0.0816734435697 -0.0203432441605 0.0118734560061 -0.296965784925 0.0247429106913 -0.00710973908742 -0.208127870756 -0.0137099737867 0.00801102385334
-0.781386028632 0.0173140741015 -0.127210309842 0.0470535919592 0.0717249611507 -0.00882686904999 -0.00385401506627 -0.571970742669 -0.00380086396432 -0.032161334108 0.0131029901174 0.0117809906483 8.65305701044e-05 -0.0886204647671 -0.073197018552 -0.0338304940856 0.0584160786868 0.00372018174809 0.0976472949991 0.0164061811686 -0.0399223524027 -0.00294131603777 -0.0165934114191 -0.00508053526232 0.00475206726704 0.0785930787237 -0.00595830995456 -0.0356041930605
-0.787628388995 -0.033474599344 0.144594343932 -0.04259911962 -0.0597076808142 0.0215519465233 -0.000529781803567 -0.568697061094 0.0120468869431 -0.0309014010206 0.00351864182291 0.00593759784736 -0.00937478444736 -0.0159860731472 -0.0440319752947 0.0171075729482 0.0554759047988 -0.000331039024707 0.0392873021652 -0.0535776877915 -0.0365013498699 0.000501117317351 -0.0636281826813 0.0116492513514 -0.000526817498433 0.0978341670233 0.00572836920339 0.0449092815724
-0.529095385127 -0.0192151634588 -0.0109868911094 0.0449987650702 0.00258777939592 -0.0181975757876 0.00536786372586 -0.578813073029 0.0198255747255 0.111069534432 -0.0161993130206 -0.0110429869175 0.00367827531693 -0.40655603146 0.130209666055 -0.123350760539 -0.0219370852479 0.00290418066417 -0.372871671309 -0.0177367902755 -0.0092122635074 0.0105701529688 -0.104906860392 0.00402560915866 -0.00784026037189 -0.140666871104 -0.0244992931438 -0.00788676856656
-0.560229237117 0.00774037974963 0.0386579877063 0.0620714935485 0.0310502397323 -0.00142669274751 0.000717322065995 -0.562198837885 -0.0734288750224 -0.0026429960864 0.0397165524978 0.0335602790906 0.00494016668425 -0.412858148539 0.13401844174 -0.0366808547757 -0.0177670916701 0.00258123462906 -0.293737518554 0.0806164644861 -0.0138821654948 0.000667239120414 -0.203833720751 0.00292678383317 0.00488536032599 -0.175399519326 -0.000261889089541 0.0132172913886
-0.611967321179 0.0621246564898 -0.056113096347 -0.00783340476896 0.0206304770891 0.00346716145822 -0.00861420227482 -0.708934701879 0.09580841754 0.0085955233802 -0.0670446709659 -0.00342151109678 -0.00195488644943 -0.00842305130579 -0.0235027410444 -0.022536340512 0.0445227053431 0.0314437200787 0.235318009945 -0.130712483676 -0.0553708707477 0.0110296314206 0.0648453754215 0.0288046136138 0.0215071687305 0.121458438713 -0.0178307768798 -0.0352874484979
-0.729452061425 -0.0310591497219 0.117645406081 -0.0122752635038 -0.052832219374 -0.00310255385081 0.00382283323225 -0.615569798988 0.0312271740375 0.0159634626099 -0.00530618160041 0.00376748435863 -0.00762073762013 0.00720434322222 -0.00320373412971 0.0107088812462 0.0334953108347 0.0271052765557 0.109403447697 -0.184732911689 -0.0342861187244 -0.00690166451099 0.0315523595958 0.0326898021665 0.0132126735643 0.131950218751 0.00852925115262 0.0282395318056
-0.566228265841 -0.0544601034922 -0.0986061260121 0.0154271284621 0.050167874651 0.0164066881359 0.0078299536672 -0.531677691083 -0.056963971899 -0.0391087897136 0.0420860780352 -0.00391228990665 -0.00543478464038 -0.395270111614 0.07096462661 -0.17550534068 -0.0257748792502 -0.00067607754488 -0.336922124873 0.00549906915432 -0.00202875993109 -0.00137113357672 -0.105336374587 -0.00998119360016 0.00367955912572 -0.237851754573 0.00487963572043 -0.0154673326962