-0.0950179622549 -0.00451650190887 -0.100660552234 -0.244573175872 -0.185000678496 -0.093062090239 0.0347602168184 -0.215075400281 0.414311724996 -0.284692184469 0.0409183842278 0.0618462398653 -0.0115668463933 -0.335170639713 -0.239358778805 0.308966972577 0.260691274276 -0.0284296518626 -0.227961682111 0.271223610873 -0.163369236975 0.0141617566891 -0.18424716308 0.187621562115 -0.0191508195348 -0.12850151409 0.000202036854213 -0.00250826794904
-0.530720817582 0.00841936290075 -0.000824275698778 -0.0722781405758 -0.0730694182598 0.0553424786409 -0.0117104141177 -0.493616430511 -0.0106293342895 0.00527791162143 0.00766820873797 -0.0319914387746 0.0173559834845 -0.544641066713 -0.159710557806 0.241117298344 0.168581564285 -0.000211988158223 0.0644876056271 0.134397472946 -0.150290399211 -0.00365405740478 -0.0417998950472 0.0434096130389 -0.00579543076433 -0.0392403638408 0.00208601708183 0.0242734296058
-0.40462421267 0.00162244413101 -0.0729302616239 -0.0826635830163 -0.0858297998696 0.0007867603586 0.0177294270602 -0.364821463457 0.0475226606124 -0.0671311040504 0.0220264661365 0.0467777247453 -0.0037742153674 -0.500053222329 -0.00489779378592 0.205897414429 0.167536566785 -0.0014999472745 -0.25543374912 0.202333502997 -0.0260813270151 -0.0262180441147 -0.353472232123 0.123254520738 -0.00802942329317 -0.314584817251 0.000693941043337 -0.0814747130216
-0.542481495797 -0.0477835694183 0.0685960098823 -0.0553569345431 0.0425978617371 0.0706971430091 0.0395793247175 -0.604379504936 0.210640913318 -0.0313018488935 0.0483954998799 0.00208057373253 0.00411398267116 -0.184407939361 -0.232196073423 0.041883143761 0.101750717482 -0.0297959800739 -0.329235838199 0.077962495665 -0.0541889227331 0.0224211672259 -0.214217174953 0.0803072101273 -0.0249643140108 -0.000102334618872 -0.0109494728071 0.0488138484351
-0.429585397278 0.00690596966653 -0.019098273787 -0.0858101136492 -0.0150348540533 -0.0963928592394 0.00319355753181 -0.495369372239 0.199088213987 -0.0196823757193 -0.0257001917207 0.0097589940172 0.0178486102194 -0.163708870881 -0.136390510994 0.00679195041955 0.0563446784347 -0.0153033364011 -0.65666351763 0.0634929840956 -0.0302610504849 0.0111608812163 -0.129976604603 0.0710627381514 -0.0146180197808 -0.0643390862821 0.0144722810337 0.00458068794252
-0.604334564612 0.01862251341 -0.0328308877819 -0.104898115203 -0.00229143362072 0.0427263341258 -0.00660408429678 -0.520582311464 -0.00395161163965 0.00726896587925 -0.00608525052263 -0.0229136249447 -0.000846358677583 -0.476729732379 -0.159209609245 0.237692472844 0.0441458913809 0.00410379077883 -0.153586690334 -0.0768778098355 -0.0454828750883 0.0142927910937 -0.0423923575427 0.0621587189735 0.00991861280812 0.00118597340908 -0.00458856202161 0.0142765433351
-0.67808759402 -0.0492458694698 0.0595732439982 0.0783066624674 0.0462142403805 0.0122513060637 -0.000200538601603 -0.594388126613 0.0265338702229 0.0136128970309 0.0544101934673 -0.0125127279864 -0.000586927736212 -0.261339559036 -0.0482981555019 0.0669575571813 0.126054515272 0.0117923856578 0.0659396206067 0.162002446768 -0.0996662502025 -0.000889669103114 -0.19002930578 -0.0039274983776 0.00181858640687 0.000244377036598 0.00782595541776 0.0252968903705
-0.550378033387 0.0169162748716 -0.0766349982476 -0.0134777708898 -0.0944893217502 -0.0294086406407 -0.000100235765978 -0.410311150778 0.043280699466 -0.0219787878468 0.00720713888922 0.00450158284679 0.0038081320734 -0.486567007081 0.0972853708721 0.146021931392 0.0669799033055 -0.00237494751844 -0.200146138808 0.203303658007 0.0134518084608 -0.00782866665801 -0.295100962242 0.0441137963966 -0.00265090039451 -0.239620508359 -0.00153125149202 -0.100173023914
-0.342147343876 0.00224070230898 0.0265586222701 -0.00510975615974 0.00258276496555 -0.00445802936201 0.0140752802815 -0.350145627743 0.0277481923783 -0.0251008179178 -0.0162626526239 0.0286905054231 -0.0213995559653 -0.576871479645 0.103552960079 0.139501052257 0.0459585163648 -0.000539064163394 -0.320013093862 0.134384940215 0.0738508551415 0.000455799125785 -0.323850537763 0.0572138566705 0.00320412685172 -0.391395073573 -0.00854719118478 -0.0632590199382
-0.592396320436 -0.0421041462986 -0.0132137127492 -0.0988521682773 -0.00545042026758 0.0456526702276 -0.00961426845458 -0.526475599893 -0.046525434524 -0.0493772950754 0.00249511434997 0.0244828715253 0.014047255899 -0.484048008118 -0.0920175479495 0.232532323148 0.0583116987299 -0.0100846134732 -0.118439102543 -0.00201043425233 -0.0758207321479 -0.0105155303116 -0.0996781970065 0.0747362868258 -0.0172123902197 -0.128358623618 0.00441976324883 0.00343125555007
-0.652563260225 -0.0284447919199 0.0403242763892 0.0780207738041 0.00512116306794 0.0292008590062 -0.00636670999979 -0.638323198663 -0.0353448580304 0.0425440582913 0.039205261297 -0.00927630727032 0.0103942945826 -0.26704816283 -0.101376912235 0.0472093757638 0.122676426869 -0.0106713325556 0.0398973687808 0.130458618668 -0.0733215280257 -0.0107948789989 -0.170205082879 0.0126985572642 -0.00568490946171 -0.0117974553446 -0.00262330515152 0.00866610377337
-0.620104679985 -0.0186803167015 -0.0242851252481 -0.0566893729514 -0.0350930569349 -0.0345233854897 -0.00557345518046 -0.581229996525 -0.00041207597135 -0.0409128428345 -0.0064166152964 0.00881361498134 0.0129523979347 -0.349528570914 -0.0513422152807 0.142998761116 0.140795716827 0.00414891457678 -0.0789354456978 0.13119262535 -0.0129445206236 -0.0383320537115 -0.195131546335 0.0943692696348 -0.0147218852023 -0.176990134982 0.00320862566327 -0.0191102430118
-0.539189862711 0.00104352653393 -0.0279151707669 -0.0229602904309 -0.00623143300276 0.00724249325753 0.00943907752286 -0.536679493049 -0.00597909150881 0.0277096823176 -0.00749015989711 -0.00420591628778 -0.00365935868305 -0.287661934552 -0.0522537720306 0.110624388074 0.132190854617 -0.00667615010024 -0.424937977744 0.0729114216977 -0.0545075509576 -0.0082258517786 -0.2712975229 0.10872140598 -0.00139328117488 -0.16742371751 0.00493755869995 -0.0350335502878
-0.615908120148 -0.00858665312365 0.0249797793078 0.00713527877329 -0.000982726914046 0.0162606091773 -0.00255064311521 -0.625107792419 0.0280850320325 0.00141809725191 0.00841680316868 0.0301909354897 -0.00904322103428 -0.328093207376 -0.100709476945 0.168049170557 0.102236840686 -0.0353544797316 -0.141216657086 0.0680945081724 -0.00779723766331 0.0207329769039 -0.182131181795 0.0732225334956 -0.026023689115 -0.0576721171208 -0.0077558766399 0.0403139897173
-0.650372107225 -0.0599535206807 0.0709573454308 0.0180457774487 0.0301484704336 0.0150729935884 0.00425535260824 -0.689743749683 0.0957474752878 0.0365180378054 0.0553328788274 -0.00978071828322 -9.16788173337e-06 -0.090188613138 -0.11778731397 0.0662701869128 0.0877514104904 -0.0161454317499 -0.155895020013 0.0506042446822 -0.0532201956815 0.000388477399047 -0.108342058069 0.023203592802 -0.0107994068739 0.026517702766 -0.00727179587612 0.0171942663257
-0.567268545966 0.0400570217856 -0.0479696295254 -0.0219969558975 0.0157047761301 -0.0306059875347 0.00557654403408 -0.642746067488 0.0856812059135 -0.0340303276718 0.0381009779901 0.0244470742046 0.00511543282998 -0.0956477350651 -0.108976021121 0.0805589117425 0.0935002584707 -0.0140255309638 -0.449727030684 0.0285820873574 -0.0299877789732 0.00716267071362 -0.0746024236837 0.048607076665 -0.00764253395961 -0.0210341886611 0.000100040597139 -0.00105680869436
-0.521680029337 -0.00979252126889 -0.00255551647437 -0.0494273099537 0.00269517118223 -0.0157534598101 -0.00250510769035 -0.59729510868 0.06443209 -0.0736303431767 0.0531988749274 0.0116949772161 -0.00260465685209 -0.25845462259 -0.0858290111376 0.185299003525 0.0668273253818 -0.00800506045388 -0.450442762744 0.0642979696662 -0.0159610738437 -0.00510378463383 -0.12760410546 0.00946539141118 -0.0123797055141 -0.137033674978 0.00210318082557 -0.00903201553579
-0.601802038713 -0.0041706405476 0.0181280673846 -0.00446633399823 -0.00321919089044 -0.0145426415713 0.00736774552388 -0.607541023813 0.0306090256159 -0.0194988135625 0.0040855144396 0.0012848993666 0.021771569454 -0.312508037874 -0.0923053623628 -0.13856227414 0.00285026823577 -0.00543694306239 -0.291765717666 0.0727262019698 -0.00448741403161 0.0316854273361 -0.211744603277 0.0317362500407 -0.0161701600028 -0.0515361108411 -0.0120076799901 0.0226466558395
-0.565517572627 0.00525076530948 0.0218619976088 0.00169913935672 0.012998534851 0.0366540795581 0.0153022533854 -0.581637995919 -0.0356554780274 0.0770767542989 -0.0343294319775 -0.000173116317198 0.0128142046429 -0.238357031924 -0.102288753927 -0.0818563172153 0.00740796547238 -0.0114725684555 -0.48360243202 0.0339068699392 -0.0144721522471 0.00613713373329 -0.141205290622 0.028064212673 -0.00737033617779 0.0173299783471 -0.0101651748026 0.0214606154068
-0.56097786642 -0.00592342427333 -0.0259880014359 -0.019592536462 -0.0137691971016 -0.0370056075088 0.000155235583067 -0.570519025864 -0.0212366251927 0.0696980202125 -0.0369648604701 -0.0110596594139 0.0168598313847 -0.246058196677 -0.0855111547985 -0.108854539301 0.001631584142 -0.00478188101118 -0.493598904561 0.0550684981617 -0.0169740674906 0.00782631984356 -0.14417438457 0.0400915412906 -0.00851074477588 0.0229790213615 0.0102754241018 0.0149558076428
-0.517178961953 -0.00273084320974 0.022295017278 -0.0617979001834 -0.0213872147822 -0.0456472410543 -0.00603409560578 -0.521762058515 0.0320895952458 0.0533649860318 -0.0522477522682 0.00167955545405 0.0245308169512 -0.383686445956 0.0393799758524 -0.137324725303 -0.0289044833638 -0.00145903852856 -0.464498489665 0.0472392839266 -0.00800431968728 0.0144886682904 -0.188527164909 0.0464069620954 -0.00994179850342 -0.143346807405 0.0328904987531 0.00511235472013