-0.00400675966275 0.00714375690794 -0.0820582414211 0.0498243844953 0.0415572403767 -0.00621168544127 -0.0199968619563 -0.0581193847085 -0.00963823256909 -0.402928019121 0.00855260420719 -0.0504347251527 -0.105205348027 -0.227619351404 -0.606769182536 0.221002629879 -0.508301827164 -0.0479183294052 -0.184980996985 0.072203244914 0.108338977491 -0.0276830942989 -0.0208884398185 0.0951454986526 -0.0805146265448 -0.0967811528372 -0.0471807621113 -0.00755236572228
-0.666889087914 -0.0272157435727 -0.0811736847298 0.150601749901 0.13739420503 0.0509266042726 0.000411144837729 -0.571736603245 -0.0538819132234 0.00181789450276 0.0487188066655 0.0136580020261 -0.00721459656819 -0.127844828917 -0.239408663743 0.095957219438 -0.142574381738 -0.0200146519532 -0.248572839556 0.0211802690951 -0.00947446198216 -0.0230983029448 -0.00829173591526 0.0264791105065 -0.0369583696487 0.00999522384997 -0.0208859952188 -0.0474022623522
-0.69557164961 0.0480111208885 0.109833974082 -0.154127849456 -0.16495217283 -0.0306000624724 -0.0143197873009 -0.575322272178 -0.0755915547031 -0.0166677199625 0.0992227249748 0.0137648613839 -0.0137842877196 -0.0775046994254 -0.239191135276 0.116231127938 -0.138201609226 -0.00294399373453 0.0425696349712 -0.0145444465606 -0.0241156861641 -0.0256696944099 0.00250756173759 0.040504507194 -0.0191454642593 -0.00143935374814 -0.0145068798871 0.0341415468349
-0.648560622693 0.056334731828 -0.141774696035 -0.0556262098401 0.149948545664 0.0719959679673 -0.00392683725196 -0.604067412573 0.0585835915198 -0.0184162352923 -0.138785488318 -0.0274258881919 -0.0252465994898 -0.150748335788 -0.113579793703 0.038641618738 -0.143813282174 -0.0274208449888 -0.215868350926 0.0711794034387 0.0756658091879 0.00890453317383 -0.107737825758 -0.00633946541958 -0.0124566470373 -0.0768701027502 0.00145802144545 -0.0475520276321
-0.67964107383 -0.0690477250016 0.173152553095 0.0554122060605 -0.146152293932 -0.0523810909906 0.00572362653263 -0.630870538614 0.0802609984132 -0.0246482641597 -0.149742570401 -0.0294888849206 -0.00830419774574 -0.0295344893043 -0.0606951558673 0.065761149621 -0.137300912614 -0.0111953196599 -0.0409671475056 0.034981890373 0.0861133507982 -0.000689333954508 -0.0449589369268 0.00941229477852 -0.0197785785768 -0.0713130182192 -0.0221470816768 0.0383397031118
-0.581307801669 -0.0393645779987 -0.0618301101979 -0.00276613634725 -0.00127753255173 -0.00899376600266 0.0180951189946 -0.628587628192 -0.078146142311 0.0554945058463 -0.0292387219027 0.014283481648 0.00729769364764 -0.100459412867 -0.135190240807 0.0441899565717 -0.0608983393113 -0.030292279502 -0.338128443101 0.116305254764 0.0189074893417 -0.00635136436169 -0.286524347642 -0.0102616197748 -0.0130998327735 -0.0552661255305 0.00167760983665 -0.0472940350288
-0.656042696261 -0.052657818273 -0.00391942291305 0.0720541138708 -0.0216962569814 -0.0102950287888 -0.00545052775759 -0.709224703012 -0.0133554318521 0.111902545565 0.0332485093381 0.0185410399633 -0.0101999804693 -0.0507519962498 -0.12691833466 0.0585826750052 -0.078520834714 0.0124503405436 -0.056541583309 -0.0477265690329 -0.0327018595789 -0.0193772568645 0.0827653959689 0.0111254881515 -0.0138050996744 0.0125917913928 -0.0276395035278 -0.0180259325963
-0.619688062406 0.0602059647864 -0.00329546820897 -0.0515653634237 0.0262540130925 0.0113948813092 -0.0075911599601 -0.747360991185 -0.0378225491731 0.1105191175 0.0307028224264 0.00743657986476 0.00892490881074 -0.0154172957754 -0.104857628419 0.0743530077623 -0.0685392663247 0.00136707085239 0.103947720422 -0.0227894008954 -0.0288264068606 -0.0292262200686 0.0226340217854 0.0200639212935 0.00644363525433 0.0106543755481 0.000983744795679 -0.00176028021702
-0.59813268954 0.0441514467012 0.0706707358139 0.0148498383978 -0.0441379204621 -0.00351109124113 -0.00601680356417 -0.64417979908 -0.0908118310467 0.0487974135737 0.00838318409317 0.0244519842266 0.00377148100749 -0.139651845918 -0.135738821887 0.0414362485836 -0.0612332801402 -0.00429463325747 -0.323468349057 0.0887043409418 -0.000649731588642 -0.0182866473075 -0.209919889683 0.0144153147655 -0.00920828449171 -0.0768333266702 -0.0154187566806 0.00711985935529
-0.637183675629 -0.011414903654 -0.0818927578639 0.031213769457 -0.00688465173374 0.0124059490413 0.00738808497486 -0.607070191124 -0.0407625417656 -0.0766299605717 0.0138491242696 0.00992894512404 0.0241932050588 -0.0757722330533 -0.124804071721 0.0664190105307 -0.0521002506672 -0.0343630989523 -0.332749021924 0.0955422802793 -0.000955537842438 -0.0118162867959 -0.235926171736 -0.0217619734179 -0.0348247073767 -0.0172489603359 -0.00225151128067 -0.0414885341035
-0.638027353509 0.0256574711844 0.0197260595151 0.0254735092055 -0.0344170633093 -0.0311554654343 -0.00752627814981 -0.716649200822 -0.0241018787955 -0.130592021538 0.0132262613682 -0.000820353353579 -0.00217638803494 -0.0873916255686 -0.12770376921 0.0932746145301 -0.080799330837 0.00793299889641 -0.11198504971 -0.0523167306868 -0.0318644036341 0.00744525804227 -0.0111138973644 -0.0233206324367 -0.0140808381127 0.0328765123651 -0.00787649208971 -0.00414225650906
-0.631544960895 -0.0157382164972 -0.0228890921824 -0.00988394836515 0.0252801265934 0.036657421661 0.00134391133412 -0.711087239738 -0.000349223954256 -0.101843004964 -0.00592027695084 0.00414210607681 0.022661368685 -0.0687316511301 -0.0962523385575 0.174718989931 -0.0663846542611 -0.00329305841914 0.0499648621031 -0.149407855192 -0.0491061684285 0.003347325542 -0.06316061035 -0.012930392749 -0.007383231883 0.0157505848301 0.0106134214544 0.0311051270814
-0.648702563148 0.0151262005852 0.0795346648819 -0.00456192547647 -0.0277478943375 -0.0122337101515 -0.00528736636671 -0.635077051041 -0.0443797935472 -0.0828417734952 0.0067310809679 0.0112021002202 0.0182171722232 -0.0526573165483 -0.141765934897 0.0752034177242 -0.0648649944487 -0.00109269619983 -0.296254578683 0.0760072810406 -0.016501061362 -0.023246530472 -0.172110108235 -0.00185293034493 -0.0233891700876 0.00861071001547 -0.0319689384611 0.0253871294634
-0.622183818469 -0.0251552334041 -0.078183698931 0.0226142097748 0.00705423193142 0.00964719240475 0.00266903042794 -0.611819002078 -0.0468117952325 -0.0123121272192 -0.0485718641607 0.00178320948047 0.0255043813979 -0.114212715436 -0.136339918156 0.0532958643431 -0.0544073316865 -0.0321129097662 -0.392457641683 0.0545760646287 0.0150557352458 -0.000295188083792 -0.154168613453 -0.0401403731995 -0.0333792311181 -0.0470949124215 -0.00811404573013 -0.0364929286222
-0.707171176481 -0.0422038523396 -0.0280495571793 -0.10138014192 0.0169320669656 -0.0251050606409 -0.00896325174332 -0.663726175571 -0.0535472372941 -0.0519864307493 -0.0173972087656 0.00246053025549 -0.00728550508947 -0.0584415547092 -0.0501169548863 0.12612612303 -0.0573867589116 0.0102380406155 0.00708849016341 0.0421882347215 0.0407364803743 0.00767609381053 -0.0953375342511 -0.0384145947423 -0.00804952542877 0.0128485161263 0.00184120949835 0.0046873287908
-0.660118539145 0.0671762377008 0.0114961638288 0.0789946035857 -0.00390390988398 0.0245519294787 0.00861370439967 -0.680082339218 -0.044361552365 -0.0788466192172 -0.0222792668637 0.00805708521207 0.0202875250305 -0.0663385656553 -0.0125348851103 0.213243589262 -0.0359181449875 -0.0129924218503 0.117902200225 0.0173585521487 0.0429216270466 6.91585776599e-05 -0.103962134092 -0.0223080690001 -0.00203182149445 -0.00401262363173 0.0215694054518 0.0408815064043
-0.634713559538 0.0206253674672 0.0708526004303 -0.00943268128232 -0.0241843765434 -0.0150673011037 -0.00847018248623 -0.625141604419 -0.0460634639842 -0.0119837112584 -0.0349849330448 0.00658197139081 0.0275445884812 -0.0894060760426 -0.159481014033 0.0643774545827 -0.0645043339646 -0.00624174092713 -0.367703745459 0.035476133659 0.00751273894775 -0.00231725165897 -0.117927182835 -0.0174891260888 -0.0344543394745 -0.0190326223114 -0.0312791651469 0.0242575448221
-0.490284472124 0.0346878654705 -0.0444175390388 0.0330588205221 0.026365842151 0.0136006826907 -0.00688967998532 -0.557489637036 0.0867452069688 0.0698657935483 -0.0874914885973 0.000489466772551 -0.00223457866101 -0.209444314717 -0.149233398663 -0.0301791394862 -0.0610635641171 -0.00437193801383 -0.558078842726 0.0204288626184 0.0241750527739 0.0155208793448 -0.148762787552 -0.0251640192943 -0.0119227934296 -0.124137886014 0.00287110076169 -0.0418184284962
-0.630999648288 0.0565675359734 -0.0427768790607 -0.0701312047767 0.0212550146497 -1.10694217151e-05 -0.0111624338693 -0.740960265274 0.0941552642238 0.0404232765491 -0.103737925684 -0.0214973773426 -0.0119951841029 -0.0739608396391 -0.0318613429272 -0.00317987939214 -0.0791006591113 -0.017767245934 -0.00387168668533 0.0284670783018 0.043925675247 -0.00549085973289 -0.0128181260199 0.00994160186795 0.0157724392366 -0.0543650527655 -0.00228240319177 -0.0331704268899
-0.598493314875 -0.0455469375234 0.030603980152 0.047334142921 0.00224974050644 -0.00112385379857 0.00344463190631 -0.771916392432 0.113867155408 0.0421481876937 -0.0930512091376 -0.0233980966507 0.00441149813383 0.00430280659669 0.00112820935796 0.00495786278629 -0.0652314957102 0.0014867294799 0.0702059875467 0.00794341745909 0.0641149745453 -0.00756873794227 0.000539495556399 0.0124037345792 -0.00560651934062 -0.0507000931178 -0.0211615229778 -0.0069088444312
-0.50739927147 -0.0405258188666 0.0462196805377 -0.0204754458846 -0.0234327196695 -0.010579339855 0.00331843642835 -0.613697511546 0.0998891690008 0.0844007149484 -0.102023730322 -0.00474385093794 0.000470371518985 -0.179459404554 -0.14538946724 -0.0188960758526 -0.0596841438004 0.00712429065872 -0.493987052451 0.0328367041558 0.0155957832268 0.0127719007988 -0.127732777883 -0.0195815423251 -0.00605905090303 -0.115670977776 -0.0238745553334 0.00337655705912