-0.370345688928 0.0801348724087 0.52216346276 0.0196827537796 -0.543698786562 0.0043989626852 0.0100465851401 -0.0410853245204 -0.206196961253 -0.0807582738759 0.0390140967687 -0.0944372944896 -0.00666470672302 -0.234258329127 -0.192163963686 0.203380054459 0.038046280187 6.20109448316e-05 -0.0541173760731 0.193047376381 0.0202789297097 -0.00298663037694 -0.223098493166 -0.00724821659816 0.0142704146652 -0.0100312180171 -0.0328295730131 -0.00106358352478
-0.639934948987 -0.00859890677806 0.028526658455 0.0987344412643 -0.250192960786 0.0364592218525 0.0104536872125 -0.498149759245 -0.0970104899365 0.0112486066769 -0.00866862083183 -0.0110919313482 -0.0058751757752 -0.426121055603 -0.0765387830883 0.132595279668 0.0798227570341 0.0010386229264 0.060319042462 0.0614843720994 0.0321407372266 -0.0047586334367 -0.105030283901 -0.040223200144 0.0262566596926 -0.157008975359 9.74998638444e-05 -0.00566157425448
-0.584996498058 0.0323148441123 0.201502440423 -0.0835289456411 0.00185964404208 -0.0344937382873 -0.00340994688843 -0.454966087149 -0.0771402992799 -0.0064509215725 0.00573984788617 -0.0263082019747 -0.00449146844419 -0.185043027672 -0.163189658628 0.258503195516 -0.0287302388768 -0.0142248925347 0.223735147699 0.236180474126 -0.00848966662286 -0.00188111894477 -0.296772564375 0.0199278611663 0.0131937171331 0.265029262559 -0.0263141769827 -0.00148361576946
-0.365665464933 0.00957432125238 -0.0789199431546 -0.0312708856425 -0.107644674112 0.0191410725322 0.000932959537912 -0.314034968005 -0.0370596433811 0.00979451537684 0.0460270727287 -0.00855694810655 -0.00492213648252 -0.34734411128 -0.103166213861 0.122778890188 0.0453473834808 0.00268699693849 -0.708305277036 0.0195314537366 -0.00997680706488 -0.00699438226383 -0.124368498002 0.0220527809126 -0.000276498429297 -0.279487942028 0.00141722935858 -0.00279136135325
-0.379764973423 0.0398219661818 0.147643622694 -0.0328652458326 0.00541242210422 -0.0331722554151 0.0121097693094 -0.303074445228 -0.0673934259222 0.007499992357 0.0671907610446 0.0236020542292 -0.00218715807119 -0.0184027100312 -0.098971545029 0.109065881869 0.00109226616556 0.00644738966112 -0.774631255233 0.0241920790038 -0.0238359126589 0.000227176233278 -0.296867899712 0.0318596764401 -0.0100044459792 -0.125085856095 -0.0183500946743 0.000959223631286
-0.477057521393 -0.00754225136903 -0.0417468592109 -0.00998339057025 -0.0160617452487 0.0017712639662 0.00113585288954 -0.495832678891 -0.06216385998 0.0360954761272 0.0322306498223 0.00369333288559 -0.00083757971915 -0.299136099646 -0.109621024018 0.0497481274655 0.00117642665598 0.000525921823251 -0.567348941203 0.0735108078087 0.00312109411878 -0.00415585745968 -0.176875579199 -0.0170226003939 0.0124134373476 -0.234851364145 -0.000704328922203 -0.002837695516
-0.689341577792 -0.00801331944663 0.0516622955839 0.0574508211165 -0.0906782239181 0.0189882096886 0.00636508380825 -0.643740211998 -0.0637424294057 0.0410035181414 0.00193293521888 -0.0146578190298 -0.00497129128434 -0.171904488996 -0.0580696663978 0.0661975159119 0.0579108948485 0.00324032824056 0.184329935697 0.0461847040764 0.0144746250662 -0.0233642162769 -0.0569646362865 -0.0430800057683 0.0312898560126 0.0768668881072 -0.0093478223519 -0.0122614825138
-0.628712361552 0.0693234216974 0.0704954339871 -0.0346337605877 -0.0167226558032 -0.00263883190432 -0.00394165522669 -0.610107910319 -0.0464302580532 0.0413279616283 -0.00792449636902 -0.000241805577347 0.00239896989669 -0.111210109141 -0.110773473389 0.14231698496 -0.00913745472774 -0.00769794608201 0.290908397163 0.159366749055 -0.0191232035828 -0.00798922583295 -0.14014803489 0.0220685792984 0.0161889925729 0.202141920918 -0.0230914701208 -0.00206862358188
-0.36654119954 -0.000559556908639 0.00350443870789 -0.00382891994692 0.0147568687893 -0.0026846060339 -0.00223960008277 -0.365634996951 0.00574458157549 0.0148884811335 0.00573021388014 0.00490492283742 -0.00393667827598 -0.300097611752 0.013462847571 0.108960396474 -0.0470272853148 -0.007156389547 -0.748599916489 0.0433208417982 -0.0138323689557 0.00304655819127 -0.243952579381 -0.0226473837516 0.0147253501147 0.0652424246298 -0.00440127511347 -0.00127761817564
-0.517649989595 -0.0196224183355 -0.00951597069804 0.000792477449823 -0.0695448246486 0.0276517283143 0.00955650441227 -0.492819862695 0.0156375518922 -0.0131745428816 -0.0389784751862 0.0121578029613 0.00536004676032 -0.303157702461 -0.0676463550129 0.0274595226175 0.00929872054754 -0.0040591797139 -0.564752122844 0.0794932691989 -0.00896214843552 0.000365308991902 -0.151437800731 -0.0219599123451 0.00803288863843 -0.186289389708 0.00121498821331 -0.00410946883422
-0.697574795624 0.0105758434276 -0.0379017831597 0.0748130928865 -0.0930875140324 -0.0348470287477 -0.000796541154753 -0.569561470052 -0.0745046088249 -0.0359138536996 0.0184587587144 -0.00205018957199 0.000298398703644 -0.275467694925 -0.0319514830456 0.167367287558 0.0379930531803 0.000587103764817 0.145269435525 0.0456090551671 0.0354936646469 0.0140240475556 -0.0684425602945 0.035580745114 0.00682756050658 -0.165977479981 0.015154791287 0.00193014298493
-0.74593215981 0.00750554140941 0.13889619324 -0.0385739440167 -0.0352785610866 0.0121986553207 -0.00413470782233 -0.543375592144 -0.0368343932605 -0.0370297713395 -0.0104578169335 -0.0010203224249 0.0014806398747 -0.0178415942959 -0.0669382479069 0.156385534684 0.0353422503689 -0.0133947851783 0.204284589502 0.145447677898 -0.00891868386822 0.00448829243235 -0.0386268879607 0.0345756057712 0.000704364434781 0.163272158119 -0.0102791201984 0.0108781986014
-0.325439583879 0.00029517830906 0.0111500458736 0.00224509428553 0.00430577284757 -0.00458827489266 0.00427633747867 -0.324700468304 -0.0149616073059 -0.000495199647885 -0.00063072960879 -0.0028643378933 0.00528359005218 -0.339760941986 0.0419378238128 0.0492874025737 -0.0594078972249 -0.00053536937533 -0.714095218683 0.0212836407355 -0.0152769688288 0.00192422024039 -0.387181453488 -0.0201853207526 -0.000850653792273 0.0619076490816 -0.0143539981432 -0.00879327802998
-0.492398043522 -0.00824896604771 -0.0338477502267 0.000709229323206 -0.0857137272897 0.0200344769576 0.00393414370698 -0.451676215188 0.00851732314121 -0.0102839303284 -0.0271394387755 -0.0214842506567 -0.00256188146235 -0.310978163113 -0.11236775157 0.0237253542815 0.00994869548117 0.00263093798516 -0.574576639778 0.0679406257245 -0.00784459878994 -0.0017864478966 -0.236989303749 -0.0174888836644 -0.00459810398545 -0.204491344126 0.00364878293951 -0.0054041003793
-0.550556338137 0.00462591348115 -0.0446355174876 0.0395404727581 -0.0698577922414 -0.027708547376 -0.00119042786 -0.459011404893 -0.0204307801084 0.0195143246679 0.0235021166636 -0.00542502324437 -0.00172408255722 -0.227385221869 -0.0435846420292 0.135187849729 0.0400701020649 0.00213286974497 -0.597915671704 -0.0534077429147 -0.00113064567505 -0.00434132699036 -0.0524519413347 0.0367494387816 0.00910238951806 -0.193667941202 0.00498939625656 0.0021941890663
-0.641615208261 0.0454134242888 0.121878307758 -0.0867054544659 -0.0123556836895 0.0130611548485 0.000401180715432 -0.412091740145 -0.0345387114681 0.00236472270126 0.0229434293276 0.012182067664 0.000240795886815 2.25861706866e-05 -0.055591377988 0.128907597241 0.044705867732 0.00194689642461 -0.544055400287 0.00481283189353 -0.0176265544581 -0.000735878332745 -0.258207379777 0.0527529344555 -0.00639983399471 -0.0623755891572 -0.0143936719663 0.0156704934993
-0.288815383391 0.00507200068101 0.00944368935626 -0.0168324621121 0.000427823190385 -0.030058918037 0.0111280797518 -0.283752432782 -0.0303785739374 0.000866494263845 -0.0205748878347 0.00965351640859 0.00249065955054 -0.434695703375 0.0286440183587 0.0604216925238 -0.0583222396686 9.43368376984e-05 -0.681836830789 0.0360393475051 -0.007661601314 -0.000921787287098 -0.395356916695 -0.0277982609081 -0.00359335306409 -0.112925921797 -0.00432643149615 -0.0155377598391
-0.522079433213 -0.0061799229946 -0.115381226475 0.0277381672439 -0.0250503068975 0.0137833271515 -0.00153930615053 -0.466963156777 -0.0173953545484 0.0332035620266 0.0380290597274 0.0117536152623 -0.0067566244124 -0.319182504483 -0.0814513632853 0.0588890342747 0.0199211968307 -0.000346302718037 -0.5069699964 0.0634782361221 0.00544694022983 -0.00461528660728 -0.19552466735 0.00711630003684 -0.00505271040741 -0.28199970071 -0.000625676322842 -0.00985332393706
-0.519139083469 0.0120986922433 -0.0122507344734 -0.0100194578545 -0.0662940287083 0.00319942323478 -0.00506109425775 -0.48615423047 0.00706109738861 0.0243683220409 0.0186855806471 0.0169139827144 -0.00810383587025 -0.265275011397 -0.0542205205023 0.100785350422 0.0481024178085 0.00266819900473 -0.601977602053 0.00356135616737 -0.00845934247828 -0.00587703372347 -0.0586171692656 0.0197758547927 -0.00299614446475 -0.189232754933 -0.00548517012657 0.00402245242287
-0.625675352572 -0.0154877322387 0.135389142736 -0.0604417011362 0.00313575951361 0.0238505127803 -0.00272549419768 -0.421277409118 0.010968020747 0.0149438516948 0.0461174306432 -0.0222097946666 -0.00157771338511 -0.069766600295 -0.073598533898 0.0557534132175 0.0525360008664 -0.00179536727758 -0.600903241161 0.00383941687758 -0.0179766642837 0.0018910783056 -0.115110616975 0.0437699333585 -0.00721526820898 -0.10955824749 -0.0136473114596 0.0170446223561
-0.576017252318 -0.0749659554761 -0.160108143367 -0.0268624430148 -0.0262745218602 -0.00577633937478 0.00542446033547 -0.44175187356 -0.0744710690232 -0.0120517598738 0.0104361718306 -0.00186521155623 0.00130084013833 -0.172230326473 -0.0692846428491 0.0216572189308 -0.0232018606738 0.000417451733428 -0.49732126253 0.0523244576847 -0.00463870620918 0.00253645841848 -0.347630702289 -0.0416111282183 -0.0101733706851 -0.161253304861 -0.0082779699978 -0.0143607180262