-0.0356585082912 0.0074948823359 0.011672845629 -0.0146332424105 -0.237245837988 0.0394823585465 0.00116800509759 -0.234215099091 -0.630643065563 -0.0567504135112 0.0256184498158 -0.0577619476278 -0.0362766354532 -0.237066218673 -0.0501420914348 -0.0190133834664 -0.0705002534623 0.0550104509084 -0.190430084504 0.544581289186 0.116186985599 -0.00611416189204 -0.22335055537 0.108826105722 -0.0140621978655 -0.0256768407316 -0.0576156008383 -0.00569255366369
-0.504871086466 0.0821665617653 0.0397614073973 -0.017411668667 -0.135543949241 -0.0450870969082 0.0129808975641 -0.559175350169 -0.191755102413 0.0254415431252 0.0586264859547 0.0771182616687 -0.0226695220224 -0.218966474389 -0.025126914124 -0.105523788703 -0.109475390052 0.0281516134187 -0.369698305585 0.377717614778 0.0214504392173 -0.00668434691895 0.0313558977532 -0.00030430297398 -0.00662521661955 0.0395218065019 -0.0236664749648 -0.0202933494402
-0.495012076363 0.00652800511121 -0.0362671959445 -0.0185960075819 -0.0718508438138 0.0088094593783 -0.0141994984604 -0.643158230232 -0.207035114781 -0.0207673135471 0.133601770917 0.0739832072352 -0.0203520623711 -0.201493171341 -0.0279795958278 -0.0963128827974 -0.101161640782 0.0390688141328 -0.223558901042 0.341319205413 0.0390657056505 0.00184320713443 -0.166002058941 0.0385382621943 -0.00815218444917 0.0769824705455 -0.0324561789572 -0.0248901350448
-0.500593082211 -0.0436244724992 -0.126067845536 0.0126289632747 -0.0777475875887 0.025954757653 0.0163600545295 -0.51098780627 -0.148346945491 -0.0259516730797 -0.0405841591498 -0.0433187272725 -0.0107125425938 -0.246154988335 -0.0269899761286 0.169348204885 0.0349723100623 0.00521352984875 0.0426232611794 0.125872232252 0.0727872042651 -0.00422898478593 -0.511371248992 0.0546289481133 -0.00340063161395 -0.240355700364 -0.0146106887747 0.0181854154555
-0.548933493856 0.0697330124573 0.133688257606 0.0184217946122 0.0299909627082 0.0154567130976 -0.0180028734502 -0.615595970259 -0.207351139004 -0.0157546194698 -0.0325968743784 -0.057667221131 -0.0145707559087 -0.0630200375933 -0.00477490243748 0.13660335245 0.0418831026919 0.023002898374 0.00345297849756 0.152323465947 0.069051324342 -0.00243574430779 -0.424741284515 0.0635964875553 0.00187078052189 -0.0965707992212 -0.0209224664628 0.0137884240017
-0.625545608754 0.0955908571513 0.0267680932545 -0.0607890011091 -0.0881343331502 -0.00509058247415 -0.000943416126242 -0.489880177139 -0.0353801463239 -0.0031260943112 0.0529970866033 0.0101968108085 -0.00370573814048 -0.284106442563 -0.0320036048921 -0.0957730474318 -0.0845707904504 0.00728041869932 -0.439138724683 0.224860839583 -0.00035484587091 -0.00360227599824 -0.0132547884195 -0.0356403686696 -0.00485831074199 0.00205416295689 -0.00716147959558 -0.0107940899912
-0.302731052494 0.0105387803628 0.00745803263216 -0.00260074340726 -0.0141599424564 -0.0151172657429 0.00108369992495 -0.32922261165 -0.0224880444048 -0.0156289245165 0.0649281096745 0.0257774610412 0.0025000389077 -0.317439733798 -0.00607518575049 -0.0911257860579 -0.0671745615571 0.00609516235673 -0.671955190747 0.0506811827973 0.001564998656 -0.00143526386168 -0.464798761357 0.00989759593063 -0.00159855631696 -0.0661504891314 -0.00686110565501 -0.073550968083
-0.350804615656 -0.019787884633 -0.0399317215358 -0.000774399630134 -0.0264390206554 0.0138875331533 -0.00256145020471 -0.389567158515 -0.0802906037861 -0.0411190810052 0.0252228710412 0.0170637331469 0.00332704995408 -0.279931942604 0.0643555871556 -0.0461690905487 -0.0573006436949 0.0095409375744 -0.586048487723 0.0672393623827 0.00402454370086 -0.00274164874473 -0.510787868656 0.0194405926528 -0.00279962652601 -0.110152049414 -0.00560383416112 -0.0612415094038
-0.570277168196 0.0520213298712 0.0501769677869 -0.00108725202589 -0.0298221450753 -0.0237517462622 -0.0062523496157 -0.633901961766 -0.100400721626 -0.00111490573077 0.0188219107489 0.0345306560864 -0.00401685770576 -0.125240727684 -0.0405382293179 -0.0505990771721 -0.0787882624964 0.0230418964067 -0.0173460395309 0.123542594736 0.0134934890242 -0.00554151444862 -0.456238323559 0.0189402815951 -0.00807324034619 0.0395397288328 -0.0138646384217 -0.0430518537118
-0.649713575284 0.00276543017207 0.0111268708526 -0.025087198584 -0.0269811974046 -0.0132588797357 0.00406416353987 -0.664988095204 -0.0389641031482 0.0354392104497 -0.0346625907241 0.0286337645986 -0.00628754275118 -0.245521440276 -0.0526155075714 0.0125004131228 -0.0398683716634 0.0018799696156 -0.150610525756 0.182827819436 -0.00240915981975 -0.00462371405834 0.0477625236656 -0.0498154318202 0.00521552859925 0.0252445685031 -0.0157434185173 0.0503643117202
-0.614905851569 0.0221905236183 0.0413943281486 0.0102938482304 0.0101824713525 -0.0336554984164 0.00841553279969 -0.630414626328 -0.0645786195988 -0.00557171253123 0.0244796764177 0.015762326676 -0.0144328904125 -0.0592198472595 0.0273353007561 -0.0399276957931 -0.0175055805554 0.0206154383802 -0.236408665949 0.382020517003 0.00871757676163 -0.00181463356317 -0.0331984372161 -0.00172439752737 0.00942151261075 0.075838267117 -0.0116298698165 0.00481690209532
-0.651683006979 0.00723432399681 -0.00983770008934 -0.0557130000863 0.0195189527373 0.00951533842981 -0.0172444710638 -0.647023656923 -0.0327979085819 0.028806279748 -0.00246881430269 0.00569005217472 0.00360776578094 -0.152170774048 -0.0063588497501 -0.0531122473682 -0.0146502843572 0.0180622677643 -0.108907092309 0.308852491538 0.0427947935098 0.00774393141851 0.0425070305605 -0.0144445801652 0.0043897658521 0.109446523686 -0.0148803805988 0.027492177287
-0.63269313798 0.00142744499376 -0.0147976625282 0.0281732952914 -0.0200799695069 -0.00241002464597 0.0070910374518 -0.646321096829 -0.030084000521 -0.0423706035888 0.0154258857705 -0.0207175636713 0.00942620624595 -0.119128546326 0.022745337426 0.0204813981797 -0.00302681244965 0.00578860963003 -0.253541589679 0.188713320307 0.000569491355508 0.00287136302202 -0.238687177652 -0.000536780409475 -0.000429396272221 0.061851662387 -0.0180042581431 0.0289911180074
-0.413973958554 -0.0143047272207 0.0158556551408 -0.0402389129572 -0.0608467190166 -0.00629240855912 -0.0061635470509 -0.454273534274 -0.0449748172672 -0.0767023369913 -0.0211954958157 -0.0610222212369 0.00336445794424 -0.30261761766 0.00162985015408 -0.0721037509821 0.0157447650356 -0.000817556199802 -0.557515653871 0.0877103517422 0.0337498388359 -0.0011925819511 -0.421412276127 -0.00398838983818 -0.00472323263054 -0.0992126711281 0.00155782316934 0.0126002941114
-0.623184857601 0.0155929715788 -0.0540657623198 -0.0147839538015 0.0181245127819 -0.00761837065569 0.0243907420325 -0.636810057247 0.0441403306926 0.0396156183412 -0.00516706183818 0.00862921947646 0.0113188028908 -0.214303551232 -0.0628279797662 0.0320413060589 0.00760377237865 0.000876128276266 0.311541466276 0.0778341941602 0.0474741362083 -0.010551257674 -0.196238786416 0.0448980305562 -0.00581556421598 -0.0129420190554 -0.028174775088 0.00629971461647
-0.645149603297 -0.0432981836193 0.0328828318462 0.0440655474989 -0.0631807011249 0.0299387919203 0.00407097535581 -0.646897227439 0.0508711377637 0.0495424317942 -0.0227730111339 0.0135283659414 -0.00642410025895 -0.0980242476225 -0.0393703955635 0.052687508093 0.00309752509382 0.0240688418982 0.264418858562 0.0791408679745 0.0287501429726 -0.0112700169098 -0.235736554631 0.0142381797182 0.00297128545515 0.0351460738135 -0.0288820696878 -0.0144119539821
-0.560799877052 0.0152805462924 -0.0274377161957 -0.0234230209094 -0.0318545203119 -0.00527325509772 -0.00353609021506 -0.610793396862 -0.0115644009101 0.0317797558647 0.104189077183 -0.00172186898925 0.00992344008182 -0.18302089037 -0.0387986803434 -0.116399132669 -0.0304001117887 0.00478380194988 -0.269456592849 0.135023249312 0.0326733667957 0.00968371542075 -0.393869903516 -0.00309335497874 0.00230416949046 0.00929438194444 -0.02123053658 0.0237002018905
-0.360408950312 0.00294548779359 0.0323383524468 -0.021830566596 -0.0398396048239 -0.000500898264383 -0.000279330003812 -0.357845704746 -0.0304604129661 -0.0190882774966 0.00468649799533 0.00881749388959 -0.00301906189596 -0.346736564335 0.082613851002 0.0264908020288 0.0371538318253 -0.00625663883286 -0.581318111875 0.0524643429999 0.0147119136351 -0.00165701524062 -0.459508799057 0.0172235361159 -0.00231986563226 -0.235868773267 -0.0117951787125 0.0152856485356
-0.540977207575 -0.0229297615968 -0.0802737372287 0.0455328166534 -0.00795533901806 0.0338445100171 -0.00215650809782 -0.547582733025 -0.0421915795272 -0.0441044453225 -0.0320647633623 -0.0451090891 -0.0196276095075 -0.084101683123 0.0415921549767 0.156192526681 0.0308404688418 0.0109480038046 -0.471363698096 0.11623018547 0.0483619934284 0.0172646586797 -0.266236038396 0.0379528993815 -0.00101736542733 -0.212033098377 0.00812370496551 -0.0109374487185
-0.514836200596 -0.00728013424736 0.0203878485263 -0.0487292630632 0.0105125990549 -0.0197676085783 0.00684814792178 -0.634935415291 -0.0539469713981 -0.0516286003773 -0.0512614168453 -0.0494583595739 -0.0285683218891 -0.0893549003178 0.0523722617919 0.156628768674 0.0474105398287 0.0159960227158 -0.42004830881 0.137026684629 0.0791116327024 0.0076532002486 -0.221838657667 0.0768973391947 -0.0102164780269 -0.149473080665 0.00839947420456 -0.00182708478628
-0.425921791043 0.0232691763635 0.00303915196655 0.0199198135322 0.0270045308841 0.0104695037593 -0.00367839964633 -0.527344350221 0.0087252878188 -0.134212452813 -0.0562888914318 -0.0516093079428 0.00430799419304 -0.273776229389 0.00348737848495 -0.000745338147472 -0.00658097683116 0.00467896908716 -0.483767603881 0.109836763926 0.0547804435226 0.00438360149416 -0.376301213543 0.0248088585075 -0.00317878097807 -0.219734806664 0.00542325721557 0.00845025017535