-0.00560691879418 -0.00237240084827 0.000639148087286 -0.0280860838999 0.0586298666909 0.0506021651014 0.00699314081254 -0.177240758545 -0.456858259811 0.0544228426874 0.176658436959 -0.000584426896233 0.0701938822977 -0.38339269378 -0.464371883649 0.375145837312 0.00794342451395 -0.047349366588 -0.21925801397 0.30963754192 0.0827437119169 0.0192212139527 -0.1714075274 0.156884584378 -0.0014154061635 -0.0325394175609 0.0437706404546 -0.00944993514882
-0.510638816093 -0.0367459570326 -0.107296534397 0.059124671739 0.0718065479709 0.0325572548267 0.00462617096697 -0.501738374213 0.0327332636343 0.063972252287 0.0995899626585 -0.00972581273387 0.0194343523472 -0.500714113905 -0.26195604039 0.180624884786 -0.054633762524 -0.0268959973157 0.0663386758052 0.23089874882 0.0707263397584 0.00871520957935 -0.0148172116012 0.120550299327 -0.00187248337146 -0.125315083534 0.00987054513975 0.0183579213507
-0.540265535348 0.0440469243335 -0.0451334437734 -0.114480686524 -0.0418967149704 0.00710733544977 0.00317414857512 -0.571077643418 -0.0752161733348 0.106693960134 0.0744469588979 0.012080272344 0.0212150460522 -0.367237154073 -0.304981132061 0.193776006472 -0.0288710185985 -0.0289535134968 0.00579000276074 0.223949137901 0.0722773060459 0.0221627103883 -0.00356509509807 0.0930406857797 -0.00830195610751 0.0566083243397 0.0405408646226 -0.0576136207064
-0.33681146321 -0.00904665431853 -0.00574032303494 0.0460162807169 -0.037589070737 -0.0171653939576 0.000588259552797 -0.400121687042 -0.167966894173 -0.0401140799022 -0.00563290647895 -0.0287366219847 -0.00467014620379 -0.24589214103 -0.230702183098 0.116527811249 0.0246334815781 0.000900669992929 -0.661179895551 -0.0366099798115 -0.0154198731043 -0.0015485960388 -0.299561526858 0.0124489250582 -0.00165932372913 -0.187221559065 0.0160572681851 0.00155027869929
-0.378063234583 0.000811364475511 0.00295809933615 -0.0289882355231 0.0121821127728 0.0108787207103 -0.00493518882781 -0.429278383689 -0.144067206231 -0.0222967381428 0.0983912248797 0.00186387762326 0.009405220312 -0.182818038374 -0.281284006378 0.269087632346 0.026436173336 -0.0097456593936 -0.640834749124 -0.00554252035711 -0.014064200096 -0.00478840557195 -0.179267882437 0.0532930509025 -0.00080571560951 0.09280684627 0.0181720023627 -0.0059410844758
-0.263976403582 -0.0564319303455 0.0788849990792 -0.0137668734225 0.0235616919081 -0.00761727364267 -0.00167397236566 -0.411184034089 0.201932035149 0.0445347095267 0.0760405556368 -0.0143264154527 2.94151420198e-05 -0.551885843213 0.0262865110986 0.0737200067609 -0.0160026540968 -0.000451724635139 -0.420760861621 0.00822260126152 -0.0064073135007 0.00041474724239 -0.245115791864 -0.00823659288293 -0.0019655317232 -0.39239305772 -0.0029859181946 0.00638912814938
-0.346060793174 -0.0189299064629 -0.00488867848263 0.00882527013071 0.0352267914303 0.0124694511543 0.000113869697797 -0.459405116848 0.0859098962565 0.142061935036 0.0955456722642 0.0307763552748 0.00349865967405 -0.441117898743 -0.0885333426664 0.105740979226 -0.0447802610041 -0.00180551710553 -0.504822617857 0.0106595120666 0.00419640749662 0.00242722247264 -0.376841107785 -0.0164491844883 -0.000829296634595 -0.129007932767 0.011165480081 -0.0061456530423
-0.349420558278 0.0165535652421 -0.00782126056668 -0.035849605646 0.00117093430181 -0.0114047514123 0.00204032420788 -0.474692093982 0.0791537069343 0.149379720177 0.106848100564 0.0299112467041 0.00373248576922 -0.42944690027 -0.122309117029 0.099543711012 -0.0408243992786 -0.00134073891669 -0.492457230061 0.0182158570616 0.00706084198205 0.00264671149866 -0.37321533169 -0.0155340025362 0.00249254958955 -0.125552430494 0.0153067271743 -0.0226430445062
-0.353906295174 0.0292119812931 -0.0405699421923 -0.0561788741267 -0.00848060352355 0.0117625583051 0.00208495888542 -0.426257779593 0.0785417769976 0.116467817178 0.0735298965368 0.0232631662951 0.00254551343749 -0.472347624295 -0.0420382853329 0.117055839219 -0.0371792953675 -0.00182734445016 -0.53838134221 0.00893231730645 0.0139848645881 0.00150904361206 -0.336210219477 -0.0210571343426 -0.00176150385549 -0.13187582002 0.0062134312554 -0.0219966985564
-0.270563133285 -0.0227460306335 0.0398088616103 0.00650165723237 0.0245789715838 -0.00438046852496 -0.00206748475575 -0.344476593006 0.0786126030141 0.0662443814377 0.111135804823 0.0122747622349 0.00213045436127 -0.508064950933 -0.0171187747227 0.0705655569189 -0.029628944064 -0.000236885601561 -0.568528085893 -0.00200847422373 0.0172934972527 0.00105622290849 -0.371135834605 -0.0164635588265 0.000343481859232 -0.237452729018 0.00214080101826 0.00863797886517
-0.707753940738 0.017409323302 -0.114368104949 0.0216969782463 0.0549642971098 0.00947493120632 0.00796237964088 -0.537538482859 -0.0242836106863 -0.02598069743 -0.00395420646371 -0.00482631371106 0.0153051974495 -0.0993226542654 -0.138141727824 0.111256902181 -0.0138616803017 -0.0271185285395 0.256109154537 0.107339074517 0.0319201275728 -0.000943181840706 0.211738055935 0.0740803344557 -0.00472335476304 0.143412334665 0.00274971913766 0.0163003340799
-0.727023418544 -0.011179303403 0.124803258479 -0.0270772745365 -0.048344057399 -0.00959224083455 -0.00599276570611 -0.52948063769 -0.0117591054535 -0.0155997576067 -0.00212404673513 -0.00593269124187 0.0126944957563 -0.103604782379 -0.148513706625 0.111898658967 -0.00545119876495 -0.0254956997072 0.205474916731 0.0984326523577 0.0477764116025 0.0131288043355 0.219296253403 0.0742850839557 -0.0114010772544 0.125579667514 0.029016561547 -0.0299851307251
-0.546309936146 -0.0537753721336 -0.101469339816 -0.00559635364941 0.000765370252469 0.00467853638006 0.00110856320137 -0.521525151071 -0.0378202062766 0.0846671817053 0.0300528144511 -0.00319919767957 0.00266552876872 -0.143062654247 -0.256358694035 0.124261032884 -0.0082443160799 -0.0129326530622 -0.45290254662 0.00291187127122 -0.00845521339689 -0.00107921469147 -0.297026835934 -0.00272088621528 -0.00358105911788 0.103272107536 0.0166081262831 -0.0233240625505
-0.506254052464 0.0692858264717 0.0589341371679 -0.028136633028 0.00967074484885 -0.0056901365971 0.00467842508267 -0.584002879353 -0.112467223619 0.0172415930125 -0.00577172602889 -0.0120250995771 -0.00258189074629 -0.110243894821 -0.191233771068 0.0870744067736 0.00938731678118 -7.31975426135e-06 -0.509375818212 -0.0194100686549 0.0140803127722 -0.00240129024081 -0.251025743419 -0.000262609134897 -0.00268543420223 -0.0144056507941 0.024196164729 -0.00712038086677
-0.58693556764 -0.0438238224813 -0.0612096342583 0.0900978251208 -0.018216719383 -0.00693528917772 -0.00165967826236 -0.558619307229 -0.115458120367 -0.0685241129987 0.0349675903487 -0.00732381528377 0.00680552361652 -0.127100929536 -0.188779001084 0.159253437201 0.0114989123412 -0.00519015133107 -0.401975335269 -0.0257002735421 -0.0306492406903 -0.00398974578964 -0.260744356222 0.0158545763448 -0.00215751278999 -0.0334101405505 0.00787311304763 -0.000119516363629
-0.647642826199 0.00667756415367 0.098719219041 -0.0903599144751 0.00464547197784 0.0067131751464 -0.00166094835271 -0.462919721353 -0.0696497250848 -0.0728905616049 0.0518555006601 -0.000978466982622 0.00690857400413 -0.129214490115 -0.196439883057 0.227088779844 0.00465933609771 -0.0113289145175 -0.422892420701 -0.0271985510557 -0.0225926771196 0.00386372229774 -0.211201342542 0.00787058555815 -0.00867552111065 0.0544193675956 0.0226221860563 0.00373679856352
-0.614183851352 0.0247001729567 -0.108468736741 0.055121659929 -0.00430836853791 -0.00291897232373 0.00477444810341 -0.45723824983 -0.00392052838842 -0.00991659359296 0.0425225202047 0.00510813759982 0.00505781852135 -0.110399926634 -0.194066523096 0.183511323295 0.0111167922543 -0.00719941100524 -0.503297484452 -0.0215734821447 -0.00702960164828 -0.000207882268587 -0.196749376436 0.02603100935 -0.00212835896353 0.138475492123 0.00405332097801 -0.0128307242016
-0.338775790823 0.00118922937571 0.00258081795895 -0.00129441926463 0.00128296269465 0.0164604042451 0.000463019162138 -0.352381762077 -0.0720032654559 -0.00511593241408 0.0077738395124 -0.0196960745261 -0.000151898646679 -0.552702014405 -0.0074097034976 -0.0106798971246 -0.00497685236675 -0.000262426201713 -0.416745390287 0.00197112876729 -0.00805318879959 0.00139848482865 -0.138081560903 0.00688575849266 0.000267721083843 -0.506484367746 0.0010888426265 0.00735735019875
-0.353478778921 0.000576008737716 -0.0141085212624 0.0137458063525 0.00040500051637 -0.0216681588515 -0.000637315649297 -0.35308722078 -0.00843923576992 -0.0251471394315 -0.00149993068701 -0.00299826622116 0.00103720122936 -0.506296973426 -0.00136049885252 -0.0163667719157 0.0346108079953 0.00123967009853 -0.4491743604 0.00208154233024 -0.010085238724 0.000304258617832 -0.16696990717 -4.16584524247e-05 -0.00132081099062 -0.511132383175 -0.00107858442276 -0.000368512022452
-0.611924053918 0.061759662114 0.091965715097 -0.0168566285497 0.0201484390411 0.0209150211686 0.00144656464338 -0.59840520452 -0.0912886283262 0.0447735975438 0.0175900974359 -0.00728420569548 -0.00158446869929 -0.219375732212 -0.135574532542 0.166001826881 0.0531266117648 0.00207511718174 -0.36349276935 0.0215452282181 -0.00435983849023 -0.00719952044466 -0.0749824744357 0.0531390784411 0.00390212406591 -0.0730011433893 0.00132032450057 0.00338991681261
-0.587019776965 -0.0611636297841 -0.0630118013219 0.0566695974516 -0.0548252443609 -0.00607999595367 -0.00559118499606 -0.55355530643 -0.104179451522 0.0193752654042 0.0272350211411 -0.0113215286841 -0.00168281746287 -0.216990224223 -0.155533973355 0.169825663464 0.0271450903819 0.0119441568944 -0.46067054442 0.00802560787418 -0.00234460593543 -0.0132992254794 -0.0796329824386 0.0501084136008 0.00114335134538 0.0132262193966 0.0141440871837 -0.0140462777543