-0.0398797514948 -0.0224014606355 0.124583275445 0.0253128370299 0.100568612568 0.0687085850197 -0.0102969504318 -0.02045578527 0.0391607065481 -0.0247179726925 0.128041316313 0.0137917647331 0.0415509070164 -0.457620149737 -0.0023707317393 0.580531101335 0.422775735534 -0.0218110539498 -0.0579944624605 0.254020774268 -0.036276398366 -0.013031614264 -0.356138123444 -0.0319678756133 -0.00106093199106 -0.151080572178 -0.0145483149999 -0.00273743467639
-0.275396767732 -0.0278508023106 0.0782773435124 0.0643334844215 0.0660058829709 0.0129421511857 -0.00702628738193 -0.266687170355 0.0674046887332 0.0053602275816 0.0699579366385 -0.00796780472733 -0.0182024667154 -0.366498800926 -0.0445241220036 0.103954692229 0.17015928614 -0.00373524548058 -0.633015013144 0.0326762261553 -0.0276792885265 0.00124077087101 -0.464978682432 0.017638157793 -0.00860090604032 -0.179704352812 -0.00681305735762 -0.00241565437523
-0.494162591201 0.00982541325642 0.0889562049903 -0.0741636766667 0.160837102022 0.0286601048892 0.0199186212072 -0.437105060915 -0.0428756748189 0.0897679699462 0.0882675873339 -0.000194145066465 -0.00296301232604 -0.293761330966 -0.0109461189177 0.271320968991 0.212264274903 -0.0102021604405 0.215434813664 0.0759571662334 -0.0127822959535 -0.0116862078466 -0.471853826674 0.0726609342769 -0.00017688559627 -0.144238001539 -0.0048684217894 0.00477338488008
-0.593352997157 -0.0171844195935 -0.0634767781812 0.178876641616 0.177465634288 -0.0135106758218 0.0125821751207 -0.401328571023 -0.0894550882596 0.0112599357674 0.0327870808312 -0.03518527973 0.0627818579707 -0.136842655446 0.0533325750697 0.351494492608 0.191633817897 -0.0183484406384 -0.381450441092 0.265987075326 0.00346871745843 -0.0201094259902 -0.0425939206609 -0.0514451083032 -0.0109626858321 0.0144752590549 -0.0115972114966 -0.0235331274991
-0.57611450491 -0.051703966064 0.102993991054 -0.271083392455 0.0271904864086 0.0236613697227 0.00537168571842 -0.40557318195 -0.014558037132 -0.101288979303 -0.0289746688811 -0.0125220124679 0.000866427089886 -0.262715428671 -0.0408324254159 0.267157510679 0.249089642542 -0.00628986556502 -0.262934062035 0.145000511432 -0.042351682674 0.00759986097427 -0.325457584876 0.00356169518009 0.00141918599228 -0.043956879937 -0.00312983263971 0.00185003686767
-0.260373672498 0.00045061693541 0.0375866656199 -0.00107242887941 0.00653455811863 0.0324422848634 -0.010467113327 -0.25199156308 -0.00596688028758 -0.00543441826749 0.034683115663 -0.0141264400985 -0.0109789701566 -0.316026291595 -0.0293179564687 0.0326484865025 0.0558713790196 0.00246631961081 -0.578725433995 0.00460622018633 0.0145546983038 -0.00126431958933 -0.535382507685 -0.0015654956589 -0.00238457193581 -0.370681640355 0.00338764527485 -0.0188758905334
-0.424810595673 -0.0184954036326 0.0804905803438 -0.0116256996752 0.00581868596185 0.00768233360716 0.00745771531304 -0.388123347743 0.019014162043 0.0332694912987 0.0392550354786 0.00775408643353 -0.00351783026951 -0.240179057255 -0.037086673481 0.0902952925587 0.141782859715 0.00100138400409 -0.687785336868 -0.0488288000758 -0.00818305897507 2.82922763715e-05 -0.288744555474 0.0297605305663 0.000406829817608 -0.107709426342 -0.00235774841332 0.00508383412152
-0.493408436199 -0.0645312571924 -0.0319173848511 0.0965996553158 -0.0225082943209 -0.0230568883359 -0.00126143959675 -0.502338997955 -0.0654931958099 0.0932635978076 -0.00571025812628 0.0110449533138 0.00810042046736 -0.368090352001 -0.0178359141909 0.00858381155641 0.0946824737788 -0.00386097316131 -0.175895394383 0.109928017352 0.0303438597659 -0.0214153319609 -0.488511661949 0.0306905516305 -0.011018290436 -0.214830342831 -0.0150792570508 -0.00951392224193
-0.634619010375 0.0923088085937 0.0649987161531 -0.133538559245 0.0528302064861 0.00447790914537 0.00358932472665 -0.49516725728 -0.0256026244917 0.101230109681 0.021281612031 -0.0249598107152 0.00933088114684 -0.124530077268 -0.0700543802437 0.169080836107 0.145698984799 -0.0138669473233 -0.416386367797 -0.0475321015522 -0.0250095095402 -0.0166813155885 -0.234962958871 0.0398980958117 -0.0100355263971 -0.0509700567198 0.0100963530771 0.0059141103755
-0.342886500385 -0.0275944918348 0.0155894247005 0.00655355608516 0.0506745509609 0.0284019705272 0.00120797063595 -0.391366551714 0.0730457592924 -0.0714461011404 0.0555524254828 0.00692812887428 -0.00359585336614 -0.296652165904 -0.0460257372263 0.0678900866262 0.11276354896 -0.00403861962396 -0.608091146076 -0.0386174791911 -0.00826251114943 0.000833343737131 -0.427334964367 0.0228433571966 0.000754418448103 -0.222022537048 -0.00336820243407 0.00323558703765
-0.511301600116 -0.0546222612651 0.0389882183198 0.12980918297 0.061913758179 -0.0411323611683 -0.00147752207591 -0.449891144066 0.00348419857837 0.0785526381115 0.0482969667737 -0.0130865117853 0.00476408035105 -0.295167742897 -0.0202700966866 0.0585343033669 0.14296588715 0.000498522816773 -0.489589742965 0.0770354617049 -0.0305979177482 -0.00461929992418 -0.373877044533 -0.00452389476592 -0.0204968931888 -0.0475287343798 -0.0101730203116 0.000277274504878
-0.582943030073 0.00948217149934 -0.0217466931312 0.0869091869691 -0.00198996825896 0.0154892695826 0.00649672708903 -0.428145804822 -0.0127120702908 -0.0128991652623 0.0639510131605 -0.00723401446555 0.028355345941 -0.467038512395 0.141636197984 0.162847976128 0.037183314857 0.00108817532044 0.153798300616 0.0950024987076 0.0206946458228 -0.00134974255434 -0.399752930013 0.0129989220504 -0.00325226970826 -0.0619374527638 0.00772714471865 -0.0107690936875
-0.744788694286 -0.0527664455162 0.091681220524 -0.117025321743 0.0337915644063 0.00244639685863 -0.000909045728769 -0.463618617616 0.0453589097844 0.00106482326082 -0.00048356942342 0.00556391972406 -0.0203905260506 -0.163515311442 -0.0404551345761 0.168751474007 0.157387464466 -0.00698466824132 0.0265513781445 -0.00731616140695 0.000531955039213 0.00412070742992 -0.327885319871 0.0377161436265 0.00251917007053 -0.0985742524104 -0.0235877224567 0.0123084506907
-0.471972831599 -0.0156179059255 -0.0435918646223 0.107077961999 0.0156055225747 -0.0133697030081 0.0147680475456 -0.419129738206 -0.0063545682541 0.0111115086173 -0.0434537928689 -0.00575150925381 0.0213389867536 -0.0256667549416 0.00173771008375 0.0624255881876 0.139101251576 -0.00124762888563 -0.581028777626 -0.0425077640913 -0.0151768290194 0.00385759117712 -0.455724603986 -0.00205101788566 -0.00621704503364 0.112245576328 -0.00298003330943 -0.0298228236921
-0.662227886243 -0.0682708187089 0.0387420274258 0.0773049015243 0.0430887301755 -0.00127861205359 -0.0127188074621 -0.511333961789 -0.0168772824808 -0.038877873271 0.0757413512349 0.00604929322727 0.0261418215291 -0.269885942637 0.0755025760175 0.399579033205 0.045777863333 -0.0100685622803 -0.142808726982 0.0948836175652 0.0279420879038 -0.0257021672851 -0.0644804425268 0.00811406757116 -0.00806927711122 -0.0243814180363 -0.0317044092627 0.021317696914
-0.528486191628 0.0284893542179 0.000819922679993 0.00870561723815 -0.124601480121 -0.0099957247972 -0.000889077109535 -0.453282631192 0.0740460042202 -0.0609362264818 0.0154700089864 -0.0023776731845 -0.00492165471447 -0.392936324121 0.119722820859 0.270783133373 0.0431253575759 -0.0191121753121 -0.24112967233 0.142166615213 0.0944082554392 0.013356947134 -0.278057420009 0.00648671303646 -0.0109517485466 -0.282097028358 -0.00584021090654 -0.020965839154
-0.642380111703 -0.0141029769129 0.0811743271957 -0.0752308735345 0.0377070338095 0.0251754324569 0.00685981913889 -0.514885011862 -0.00813053986245 -0.0604813897681 -0.0061982888522 0.00672570265087 0.0221670785658 -0.12427877853 -0.0406894502138 0.169704254019 0.150290648067 -0.00225270056968 -0.44897627208 -0.0388077184111 -0.00147070286635 -0.00374277938264 -0.174180596923 0.0242770994513 0.00876409218208 0.0198280553495 -0.00389958043872 0.0195828266738
-0.329178302994 -0.0474174684399 -0.110021750104 0.0475031734245 0.000420750549986 -0.000447765605698 -0.00674511315267 -0.284315962367 -0.0750098439712 0.0101848051649 -0.00639767512484 -0.0124332868543 -0.00482979236827 -0.31440344199 -0.100170133678 0.0333717732842 0.0377851400798 0.00937470481214 -0.517445236986 -0.0213733404148 -0.0147113494489 -0.00348691642386 -0.49511875522 -0.0422794086294 0.00278084264017 -0.397114935985 0.0019623374678 -0.060096433997
-0.560970522481 0.094386669317 0.0548359922902 0.0352553083149 0.0310585968797 0.000922804682166 -0.00314039944938 -0.50667496936 -0.0388702912641 -0.00235815744061 -0.0335261078735 -0.0128727233999 0.0114605960552 -0.319228982895 0.120356332943 0.405826408102 0.0470258912052 -0.00917732482832 -0.28320853813 0.122128784889 0.0702107943282 -0.0182269479431 -0.148872220597 -0.00257900747478 -0.0104792114583 -0.067606184389 0.0248844182016 -0.0168484623596
-0.62748596977 -0.0723466603432 0.0160715783889 -0.132164772297 -0.0276438462638 0.0109547754877 -0.00239715837819 -0.539478258915 -0.000518232044661 -0.0655755520118 -0.0308651587936 -0.00988328658198 0.0196788060057 -0.168567229259 0.0211044844121 0.121120305201 0.160961644903 0.0059190872178 -0.264946631394 0.252748140587 -0.0267637150205 0.00717414892671 -0.277754799682 -0.0299816494019 0.00612279624379 0.0522476926669 0.00240794047723 -0.0222887332363
-0.459739990614 0.000872017274343 0.0972671331684 -0.0969576153585 0.0104981034703 -0.0129791125368 -0.000643439253624 -0.376672268932 -0.00245732798797 -0.00381600990429 -0.00117978183762 0.000211578045344 0.000351283488097 -0.230924686652 -0.013480154197 0.0916095662354 0.103286925546 -0.00446035669412 -0.649293376687 -0.0649956451989 0.0118555272763 0.00131338389748 -0.335983300943 0.0380140141359 -0.00155089253483 -0.12036865734 -0.00362969559844 0.0149166145259