-0.0322027702625 -0.0979952489751 -0.266535213127 -0.000454015871044 -0.000225636242154 0.0598573914191 -0.0412864021922 -0.305203666349 -0.801844568427 -0.00138137733711 -0.00059550798107 0.271204328829 -0.0382383404069 -0.30337199868 0.00397030402505 0.00190694490881 -0.0875062967611 -0.00561620428277 -9.04788867307e-06 3.80847229396e-06 -0.000209816037122 9.95256169161e-06 -2.02121910448e-06 -7.30638864425e-05 1.44183352754e-05 -0.0417901391326 -0.0204710571693 -0.00159921261599
-0.538003884901 -0.0470545441721 -0.18047578054 -0.000196043007229 -0.000111972810254 0.0467605467281 -0.0101781172319 -0.531257019328 -0.153482675234 -0.000141083169963 -3.17225816427e-05 0.0667745767305 0.0262300109741 -0.50967200751 0.000648728633625 0.000304444900864 -0.100902426019 -0.00495740826632 -4.33178555793e-06 5.21465528325e-07 -0.000132804023121 -1.99367212493e-06 -9.6413067865e-07 -5.26770395981e-05 9.27829723932e-06 -0.274554214978 0.000192424167783 -0.131095915821
-0.493090037144 -0.0493332957559 -0.144298167494 -0.000124226082709 -3.75242282164e-05 0.0703196194541 -0.0131399307081 -0.508523624325 -0.179400164439 -0.000159796020428 -5.92050789618e-05 0.0650038806878 0.013173317662 -0.562980516663 0.000511741500818 0.00021957179962 -0.140943329431 -0.00177954296562 -4.19801688952e-06 3.48394158712e-07 -0.000175037671616 -3.52644986747e-07 -9.81341341056e-07 -7.08952522808e-05 2.6045425752e-06 -0.303069137983 0.0101326352831 -0.0673796832531
-0.693073577434 -0.018280419779 -0.151676873732 -0.000217667050116 -0.000106051378632 0.0510895843295 -0.00466629358889 -0.663165870064 -0.0784921078324 -0.000112216862437 -5.27416965328e-05 -0.00738263670693 -0.0276344934799 -0.143457241481 0.00161638581685 0.000796255589951 0.0139415772678 0.000781501380359 -4.12436047039e-06 1.53021271633e-06 2.29321262271e-05 3.8478749745e-06 -8.98047116238e-07 1.09127810685e-05 1.91882641622e-06 0.120446631018 -0.0080797903861 0.107507878792
-0.680897226366 0.0121795029503 0.0895977199433 0.000143548003408 6.94445818947e-05 -0.0054928686306 -0.00779578846795 -0.68386850612 -0.0759973994997 -0.00012627008558 -6.18625837667e-05 -0.0474502419841 -0.0282424030119 0.0490379088982 0.00202651530861 0.000997654176626 0.0985976290487 -0.0162170296061 -3.23578571224e-06 2.04164076048e-06 0.000210008326753 -3.38414108495e-05 -6.9796123722e-07 0.000102096081098 -1.62031565307e-05 0.170870401123 -0.0192620782761 0.0982288472265
-0.38627343661 -0.00192166765531 -0.00856632367306 -4.20989487887e-06 -4.0902966778e-06 0.0156824142531 -0.00238410901462 -0.386600548959 -0.00991403953248 -4.23520382938e-06 -2.81314062856e-06 0.0226991217545 -0.0002365983135 -0.76628926101 1.35898669954e-05 5.09244924915e-06 -0.0746243377636 0.0016581979216 -2.107220333e-06 2.22690284334e-08 -1.99882082112e-05 4.91231813896e-06 -4.7086266386e-07 -5.48634911029e-06 8.75000073388e-06 -0.300820314099 0.002822877417 -0.13083941632
-0.541953918552 -0.00583274591695 -0.0257848950358 -1.71367904716e-05 -1.44149981695e-05 -0.000776518935863 0.0011744919944 -0.572582243764 -0.0767875438864 -3.7173728264e-05 -1.11289911244e-05 0.0464672615922 0.0164387915715 -0.537455600366 0.000146415572383 6.09965320761e-05 -0.0747041542615 -0.0070486185525 -2.80510012725e-06 8.57709690662e-08 -6.4377177322e-05 -3.96958751127e-06 -6.52987422342e-07 -1.86074245826e-05 6.08066185991e-06 -0.159914559412 0.0182767885206 -0.221389335557
-0.39614178765 -0.00123924955695 -0.0347054059444 -8.16822806793e-06 -8.41144194777e-07 0.0270885930989 -0.00258256869376 -0.389646415066 -0.00716279060479 -1.50734153409e-06 2.68470006993e-07 0.00603400756594 -0.000647393014776 -0.659838543936 2.09839743439e-05 5.60380870763e-06 -0.0611806432095 0.00636361065962 -2.14091883358e-06 7.66864895056e-09 -1.33412470533e-05 3.59919443302e-06 -5.06171967251e-07 -7.59083693725e-07 3.66320104518e-06 -0.400660508834 -0.0048502688499 -0.299148657
-0.594932907309 -0.00611430152316 -0.110762085108 -5.84506360803e-05 -2.3412570196e-05 0.019585454753 -0.00617761631961 -0.558404811837 -0.017508230171 -1.00805010367e-05 -7.7684349738e-06 -0.00785938871049 -0.0205029065191 -0.465396771795 0.000206083061064 9.13732784596e-05 -0.0531311224748 0.00313637894953 -2.79004536875e-06 1.31978340683e-07 -4.5984493545e-05 6.17564138021e-06 -6.30036797587e-07 -1.73252293195e-05 2.9050630607e-06 -0.318004263932 -0.00769728022014 0.0104843598991
-0.482280468252 -0.000325048115904 -0.00428743088529 -4.076075553e-07 -3.95136121001e-06 0.0136697778623 -0.00235404684293 -0.482980915996 -0.0363579511413 -1.727451003e-05 -1.23957643166e-05 -0.00237042003215 0.0053637481502 -0.678684385137 5.84321079439e-05 2.97445534745e-05 -0.0877614661877 -0.00188909609022 -2.58535447108e-06 5.64298764664e-08 -5.00814442232e-05 -8.2885364499e-07 -5.59374313993e-07 -2.62112682276e-05 4.33242287043e-07 -0.253473520806 -0.000345559558303 -0.000843774636902
-0.737468151201 -0.0267799046647 -0.135744070956 -0.000119382018615 -5.69330086696e-05 0.00340898165055 0.00759761878654 -0.644976212687 -0.0366115589805 -3.52518619935e-05 -1.91754123221e-05 0.00832275939919 -0.00185150506517 -0.136506186721 0.000686672018559 0.000337314678384 -0.0225040147116 -0.00383587785809 -2.26991059063e-06 6.31959911418e-07 -3.93515146565e-05 -6.59446805443e-06 -4.88325958346e-07 -1.76939194811e-05 -1.22378349904e-06 -0.0146307910015 -0.0097937171658 0.00739462087797
-0.550857193244 0.026525157524 0.0307906848903 2.09865837624e-05 9.2110479578e-06 -0.00737065557849 -0.00293835150874 -0.707503236587 -0.185106340461 -0.000107310422263 -4.10434838366e-05 0.0527159485094 -0.00119763647137 -0.324186451595 0.000339942666213 0.000150658474122 -0.0712722315294 0.00117855755682 -2.48310335204e-06 2.45538177554e-07 -9.13447366996e-05 4.20592491238e-06 -5.71723599763e-07 -3.8894337379e-05 4.34464213026e-06 -0.216107438861 0.0143560805283 -0.0122266043152
-0.641049665172 -0.0367417180858 -0.0664704758489 -4.84141509697e-05 -1.97420114926e-05 0.0225899719148 -0.00922124188185 -0.676307427358 -0.103780293582 -7.37986688671e-05 -3.29634392603e-05 0.0395207155717 0.0109870600515 -0.317792884244 0.000422516786559 0.000199084898113 -0.0946364099898 0.00210472002726 -2.71744987731e-06 3.31454808754e-07 -0.000147102223673 2.8241590374e-06 -6.11062878163e-07 -6.8242716477e-05 1.06074516123e-06 -0.0517226800968 0.00375425800161 0.0143052967819
-0.673356114125 -0.00315023848337 -0.0575234377715 -4.55437812532e-05 -2.21669395206e-05 0.000590277009156 0.00252842485899 -0.661608026085 -0.015419926261 -5.45296479074e-06 -4.69328229147e-06 0.00755881980426 -0.0107566689274 -0.309502667665 0.000463797656875 0.000228309857087 -0.0142118071506 0.0029913787186 -2.90980438243e-06 3.69581791968e-07 -1.97896052007e-05 4.92734566452e-06 -6.4238065137e-07 -1.00181594252e-05 1.91857669337e-06 -0.0769185984208 -0.012814006833 0.0551939425276
-0.689179987092 -0.0392433613784 -0.0990166434678 -8.75027599267e-05 -4.31223315596e-05 0.0137939501949 -0.00566023901675 -0.681897739058 -0.0850996653542 -7.44736573395e-05 -3.66912456707e-05 -0.0225533741116 -0.0017594864767 -0.180847277435 0.000628964803128 0.000308377852727 0.053264235203 0.00422135173416 -2.41880397836e-06 5.5546079702e-07 9.64032503396e-05 7.76911851316e-06 -5.46854530226e-07 4.82482879778e-05 4.19372104134e-06 0.0526927108499 -0.00718073214462 0.0483407391289
-0.697439966798 0.0299836200561 0.0794735153539 8.1596577408e-05 4.01253862689e-05 0.00105732843235 -0.00293832006729 -0.697457596418 -0.061425166612 -6.001476148e-05 -3.07055791925e-05 -0.0426875383681 -0.00186214932342 -0.0900757090007 0.000796898722971 0.000390065654914 0.04142821523 0.000171230418167 -2.1354454626e-06 7.4399603583e-07 8.05773178346e-05 -1.33584696733e-06 -4.75231677603e-07 3.99751448506e-05 -1.07587914734e-07 0.0350346021046 -0.0175227407443 0.0542365459603
-0.703492729337 0.00309753293945 0.0457390439391 5.67167138219e-05 2.67309885415e-05 -0.000663953580605 -0.00149538585669 -0.702276674532 -0.00942842666489 -8.46927356087e-06 -4.77494387949e-06 -0.0423821829009 -0.00274679956425 0.00714204604911 0.00100854590151 0.00049702704814 0.0177690589105 -0.00998200681805 -1.77455508105e-06 1.00274318525e-06 3.43330918364e-05 -2.08675382586e-05 -3.78260357707e-07 1.65099213366e-05 -9.94418936165e-06 0.0733637143658 -0.0114490330134 0.0439028114614
-0.661499392734 -0.0500032680495 -0.0625619591873 -6.54535134304e-05 -3.17659981491e-05 0.00316195352936 0.00169932528062 -0.732552361144 -0.122173798215 -0.000126240376357 -6.0751945745e-05 0.0138784734121 -0.00746839706123 -0.0398378817359 0.000856061974234 0.0004208908709 0.024046642824 -0.00494342014621 -1.82016937344e-06 8.31573905636e-07 4.40423039367e-05 -8.51722454017e-06 -3.92708431239e-07 2.24522362992e-05 -4.27354380643e-06 -0.00037506538068 0.00565379429017 0.0442806466288
-0.676393009547 -0.0148627102807 0.0262743340747 2.90484010286e-05 1.46734921183e-05 -0.010588865495 -0.000867176159737 -0.708044508151 0.0728458722249 8.0531234529e-05 4.14721852689e-05 -0.0174609874575 -0.00540375552118 0.00411278289709 0.000970642935524 0.000480624461427 -0.0044357722446 -0.00381151642548 -1.75987712959e-06 9.67525125716e-07 -1.10663788775e-05 -7.55023039637e-06 -3.73109073055e-07 -7.06482831042e-06 -3.31852979369e-06 0.174046350232 -0.00123846022904 0.0644575776415
-0.716489581625 -0.0214220973424 0.0821987915788 9.02814760403e-05 4.40336859135e-05 0.00778431410387 -0.00295116497679 -0.681060991217 0.0383222882077 3.92401506444e-05 1.89932149468e-05 0.00966119669835 -0.00072972368824 -0.033800998153 0.000908437254304 0.000447348055519 0.0554017977828 -0.015808668254 -1.92516240943e-06 8.8436778851e-07 0.000114637648989 -3.31981191681e-05 -4.29201583888e-07 5.69135503687e-05 -1.64186324843e-05 0.0863470773581 -0.0200677885093 0.0403721991609
-0.724934463723 -0.0326504763594 0.0948638068301 0.000116285471734 5.6508187359e-05 -0.0125873822448 -0.0117823369243 -0.655438959931 0.0376240319901 4.30342591737e-05 2.09958081785e-05 0.00473486686382 -0.00655829679822 0.10252097882 0.00115215863431 0.000568378225675 0.0600788544465 -0.0149851833679 -1.06903966738e-06 1.22606653571e-06 0.000137466146114 -3.43492147681e-05 -2.18951804038e-07 6.51671878154e-05 -1.65784342478e-05 0.125334513737 0.003159518586 0.0544182083903