-0.00445612204239 -0.00319929590498 -0.0195278938518 0.0121492072383 0.0420703240196 0.0388844120428 0.0287628104781 -0.0108864457018 -0.0315773933207 -0.00173922645666 0.00797620174558 -0.00339400029473 0.100758816469 -0.0802430763814 -0.115716962406 0.279071481428 0.14822975428 -0.0414532589301 -0.389494563783 0.699873898432 0.164980400554 -0.00161940216875 -0.43446792427 0.028265661314 0.00743147745391 -0.0512401446331 -0.0374089651716 -0.0138829846329
-0.455262385434 -0.0651705400367 0.0781232928599 0.0666792159916 0.059438595948 0.0694683351685 0.00363043691807 -0.486104647228 0.148932753435 0.0862179071357 0.0230135160563 0.0490275905278 0.0389707679981 -0.019684286191 -0.137886901681 0.0614724290905 0.0272608845885 -0.0711854958334 -0.402829378728 0.385049923935 0.0934734787593 0.0449688818807 -0.377251768803 0.0427525136613 0.0323309059829 -0.0372660930649 -0.0370672407059 0.0310570973083
-0.44293921534 0.0306054561831 0.0233687664175 -0.0547949779531 -0.107174213692 0.0138627093603 -0.00528519365013 -0.528604001579 0.201427150077 0.026137127054 0.0363308765331 0.0342759981185 -0.00552993016035 -0.274504002313 0.0197420494198 0.305877490669 0.114557651258 -0.00470794951406 -0.197022917185 0.354714043126 0.103351857542 0.0147019942691 -0.308523672086 0.000920820601851 0.013721048754 0.00398913716767 -0.0428609173746 -0.0958849294278
-0.397841146131 0.00828254876793 -0.00710338771814 0.0692389625634 0.0880393052034 0.00998253885046 -0.0477552635242 -0.434122487219 -0.143880969743 -0.0331834621902 -0.0106103096926 -0.0475125258281 -0.0280086833973 -0.0583417491376 -0.0696861193865 0.130227902356 0.0856405851004 0.0379597326805 -0.560459191768 0.390564697568 0.0190072772488 -0.0346259525975 -0.321849751764 -0.00420816936864 -0.0272979259201 -0.0719842318864 0.0180320033408 -0.034517448271
-0.558871569953 -0.010211769632 0.109103631356 -0.102993818576 -0.166837824204 -0.00677030827552 0.0113576310902 -0.515564377452 -0.200918454569 0.0112183276217 -0.0614547964015 -0.00992491913429 0.0311904494819 -0.243183383353 -0.072007525534 0.255614970473 0.0704924818545 0.00453804980918 -0.0521912470343 0.365848162687 0.102603509411 -0.0320505794045 -0.198405093134 0.00517734721582 -0.0279623752952 -0.0278982368855 -0.0326069562285 -0.0331384129998
-0.434158954074 -0.0587134835267 0.0767611360946 -0.0206182789939 -0.0342150626584 0.0251122018699 -0.0144494857609 -0.359588347782 0.0561647979395 0.0189495660034 -0.0343112856282 0.0193381393912 -8.59752835509e-05 -0.164055040932 -0.159499650611 -0.0765518867879 -0.0219164421234 -0.0464871829102 -0.396902646899 0.0881110914399 -0.0952667983159 0.039163656729 -0.464568682181 -0.0692967689743 0.0267814048763 -0.454092936248 -0.0322101804824 0.00456455967031
-0.553260452054 0.0488615113857 -0.0656779168251 0.0139137155262 0.0401028729671 0.0433298151193 0.0466014229373 -0.51478706846 0.0909931429916 0.0188560180223 -0.0157817583505 0.00968702436548 0.017305820624 -0.0899034991793 -0.127460101958 -0.0428023151121 0.029080516687 -0.039962821465 -0.317068071448 0.169713645895 0.0817025955869 0.0148182340548 -0.46886151783 0.0635912927521 0.020581146311 -0.0697654530762 -0.0149466169098 -0.113335795895
-0.380194165712 -0.00305378367359 0.00472810645557 -0.00812409990881 -0.00331991398086 -0.0325963892241 -0.00376167267733 -0.371417052706 -0.0162008315185 -0.0193889631637 0.0137190676793 -0.00682359202067 -0.00592695623192 -0.459177011574 -0.00857529561074 0.0469505313694 0.0869717036351 -0.0027364319025 -0.438369686969 0.000212459979812 0.0852108185314 -0.000275778677366 -0.503275237726 0.05799045684 -0.00177161334019 -0.160933066853 -0.0106962491532 -0.112339940895
-0.48940483305 0.000395492765236 0.000959360210184 -0.013528668941 0.00917763532682 0.00337525624723 -0.0088851748449 -0.508358108029 -0.000993649671053 0.0357544916106 0.0130085392436 0.0426928168663 -0.000521474491536 -0.387942677689 0.0333402521348 0.0573736446742 0.113470919476 -0.0195369725868 -0.311333407607 0.137189430855 0.0876276003292 -0.0148270187498 -0.421600425735 0.0572031164445 -0.00505153001599 -0.155943879909 -0.0219240233174 -0.0278011409229
-0.533823570618 -0.0381073161495 0.114928526467 -0.039044550484 -0.00528231242291 -0.0260714082823 -0.00745391191172 -0.318265528556 0.0351343150854 0.0157667470124 0.0203261954842 0.0177710460788 0.0220703947794 -0.0412237021531 -0.0834661385218 -0.0430530455698 0.0143807011668 -0.0356975419444 -0.417948700756 0.102073963173 -0.0944024551487 0.0253469928461 -0.542135772593 0.0646765100072 0.00790007492496 -0.288759999483 -0.0232611332971 0.0731896560123
-0.714241998076 -0.0787208906465 -0.0820153655635 0.0403140295751 0.0936965713164 -0.000342654276744 0.0185524191369 -0.590457942786 0.036569445794 0.0480238969052 0.0446054224484 0.0242683254303 0.00370628783546 0.0269795245716 -0.0656801730128 0.0791448265573 -0.0141072590849 -0.0154921560729 -0.107872954578 0.234499316962 0.0512183579284 -0.00830797311628 -0.0565734528647 0.01449424319 0.0179410450699 0.15170597739 -0.0244410096106 -0.0538666885409
-0.501214962906 0.0205059253653 -0.000964327998696 0.00811418776037 -0.0215411226838 0.00744676005384 0.00993388433228 -0.707578793227 0.0598722431454 0.0387090794667 0.0797679421856 0.0166891883503 0.00863472239438 -0.20931824018 0.0619234451784 0.328661285705 0.0248149513691 0.0105122352935 -0.126543020167 0.133876520142 0.0560912408434 0.0204258562566 -0.177365348993 -0.0339131103902 0.00540356927559 0.0861870849065 -0.0251891729097 -0.0248628280582
-0.634203209379 -0.00729493144256 -0.0568847189073 -0.0347974080406 -0.0491618962214 -0.020229431596 0.00068698014614 -0.592467420348 0.0817401289747 -0.027399676723 -0.0137519076819 -0.0347537060696 -0.00136001841482 -0.171700940604 -0.0307684497535 0.0966784759768 0.0946058117384 -0.00345351949267 -0.0242135717968 0.294963454853 0.0500300805232 0.0115260778096 -0.281600327143 0.0606647282963 0.00718879689834 0.0585706524246 -0.0328016617125 -0.0641217993122
-0.533028701863 0.0417026474856 0.10230277477 0.00335956809607 -0.0252899280394 0.0306648231361 -0.00922342622132 -0.392548430627 -0.0424017326585 -0.0267156588307 -0.0131050755758 0.0153335769228 0.00101351429109 -0.0226745831128 -0.107821467257 -0.0516432982377 0.0239443628997 -0.00274526703631 -0.47038911571 0.071568008935 -0.0202676646456 -0.0161918173679 -0.543377680494 0.000461868603312 -0.00272153688389 -0.0698402760596 -0.00268301494263 0.0488387885902
-0.594853899516 0.0589991502799 -0.00680545116098 0.0399586908917 0.068386460265 -0.0185576046826 -0.00111902265785 -0.624813539664 -0.0725351619243 -0.0398316705157 -0.0167928041619 -0.0245083764612 0.00662908610403 -0.0398822445164 0.0379127938053 0.206524422721 0.0649271034738 -0.00669357470526 -0.306980582547 0.253549327428 0.01510235969 0.0179958765774 -0.0982850272062 -0.020458255106 -0.00282932508783 0.125490327342 0.0309371127927 -0.0450308032602
-0.535231944711 -0.00781809823446 0.0302795535546 0.0663819186753 -0.044427508258 0.0320174576508 -0.010042505746 -0.720124387832 -0.060416152088 -0.00557185352248 -0.105076795422 -0.00519523430946 -0.00101431068382 -0.187091514179 0.0182411436915 0.300415050773 0.029148184279 -0.0130168925404 -0.124635291978 0.0741056823407 0.0147274537909 0.00147102858737 -0.11772758818 -0.0338392413934 0.00227189629711 0.0939078136596 -0.00589330292248 -0.000814812921944
-0.545910008286 -0.0237808432673 -0.0823322347434 -0.0370838002273 -0.0200290790657 -0.045387588289 -0.0439990779512 -0.489454561248 -0.0254158877561 -0.0134569250068 -0.0327634926136 -0.0174575650977 0.0384905726761 -0.370334561481 -0.0735834360864 0.0663815387982 0.0457276621366 -0.00647176633929 -0.11562649263 0.280346400191 0.0841938473386 -0.0200054006086 -0.417840573185 0.06700743407 -0.0126368292431 -0.121113679882 -0.0267561963518 -0.0493393715687
-0.399854936895 0.0116113518391 0.00483050541418 -0.0163245932947 0.000344601346589 0.0306129120628 -0.00529001327295 -0.423474765824 -0.0352782238346 0.00641490182125 0.0558226026762 -0.0326331828135 -0.0110151591103 -0.316696474677 -0.142058133567 -0.0680506154041 0.0741149484268 0.0260332991559 -0.435797103566 0.0919636959929 -0.0429352531436 -0.0283979188422 -0.507140805601 -0.0467783941077 -0.0207719463782 -0.242380726398 0.000172618472798 -0.054240753565
-0.260390162892 -4.8061448889e-05 0.00519688579222 -0.00120016867309 -0.00950033874107 -0.00436638574611 -0.00375773338294 -0.258002193002 0.002799815554 0.00210922454666 -0.00312238011779 -0.0103229059492 0.00451562661817 -0.511329439963 -0.00863844907244 0.00336541677225 0.0454578142088 -0.000673487586488 -0.448433075872 0.019121466265 -0.01095197082 0.0012702845814 -0.446017024406 -0.0214792172423 0.00409584842877 -0.434996932972 0.00426642782084 -0.107196412376
-0.56598691018 -0.00510658133796 0.0261870249035 0.0476665315549 0.00173637335027 0.0246001001918 0.003878045375 -0.531356995381 -0.0150351086401 0.00980015018429 -0.0156304996383 0.0194231097392 -0.00274307535262 -0.306749595238 0.0705048170552 0.0837517796338 0.115968748386 -0.00675842500723 -0.146018452464 0.159071805406 0.0547319682385 0.000829492300836 -0.467543774489 0.056357588302 -0.00953937457213 0.0115656509507 -0.018827203898 -0.0348007628226
-0.413896560857 0.0807049569227 0.0362153301169 -0.060529504285 -0.0749190034286 -0.00944461459926 -0.0274854668046 -0.403445823314 -0.0622165436036 0.0596948515977 0.0407790596514 -0.0195144032606 0.00333975946535 -0.383305977726 -0.191545246613 -0.0959693717617 0.0284525294076 -0.00120535828675 -0.338488190133 0.109362645196 0.016201783528 -0.00249804492444 -0.462606627429 0.00477517281368 -0.0134179444727 -0.319742497116 0.00346655855119 -0.0399160624903