-0.0366252393682 -0.0277947732097 -0.180066973162 0.0459367090306 0.0345238141196 -0.00758278451086 -0.00571568324113 -0.147502649394 -0.0576281485175 0.273111426684 0.191536127712 0.0398670925471 0.0511358835095 -0.0566873760412 0.134838977618 0.0100660157476 0.0677161746562 -0.0153610662012 -0.471130538176 0.616754152763 0.0663459636252 0.0678089369818 -0.413914664163 0.0963913785204 0.0468027295608 -0.0280461181127 0.00728041054481 -0.0140510268332
-0.289696597072 0.00249918340129 -0.0231299140021 -0.00817845499727 0.027839214063 -0.00600300611393 -0.00540239987636 -0.525821791846 0.066169205344 0.116969927302 0.15212692015 0.0767575000125 0.0270031838013 -0.287843145565 0.164431553877 0.196590423924 -0.0214328985912 -0.00187093037689 -0.198184485092 0.314429548804 0.00858098505639 0.0292979927484 -0.513147791667 0.0270046687778 0.00960888334946 -0.19450442812 0.0113179200653 -0.0116499557273
-0.485333953449 0.123407170465 -0.184115799027 0.0485615448966 0.000109634824854 -0.00879647216059 -0.00213551984688 -0.553863755559 0.231849842104 0.0415643349745 0.0263420589034 0.041955991935 0.0137677451563 -0.0330585902197 0.017118735783 -0.0594093691371 0.0610331285196 -0.015918181596 -0.295582775435 0.351406760871 0.00305731968368 0.0519202082524 -0.167471182757 0.0306596380251 0.032720257315 -0.298408637997 0.00657868121546 -0.0799316551712
-0.348491631806 0.0171190138569 0.0215033468093 4.17983928644e-05 0.0594948577149 0.00470877414145 0.00354817346069 -0.445304940307 -0.173573328517 0.0451954000696 -0.0307478352474 -0.0630969286261 -0.00253569918088 -0.144361819312 0.0965932143884 0.0594429221792 0.0386265008606 -0.000186134036932 -0.58443267925 0.252216424278 0.0113425444915 0.00919488710602 -0.442928280833 0.0219256321181 -0.00500649894721 0.0333493601377 -0.00710942472293 0.0196438121997
-0.462733805449 0.00667292236596 -0.0547277106182 0.0239085321657 0.0604644801174 -0.0451600093233 0.000618518414626 -0.505467551477 0.00444510939701 -0.0229898603991 -0.147445094277 -0.0635476655173 -0.00890288910009 -0.114491981098 0.15816657147 0.0575885844662 0.0753156118898 -0.00154227019161 -0.476057305792 0.246439180143 0.058370230755 0.014067768492 -0.35702090628 0.052299890726 0.00877608459339 0.161244554711 -0.00562319459754 0.0165898771249
-0.322697448891 0.0420048838045 -0.0357563855142 -0.00379099319075 0.011505207932 0.00130942747361 -0.00500811754963 -0.637395144334 0.218205164096 0.0143881023736 0.0067559298175 0.0284382967767 -0.00311937757845 -0.322329503057 0.0822792516687 0.172760649566 0.0231985709864 -0.011451351374 -0.138162469369 0.136568093275 -0.00385474072165 -0.0029292069342 -0.395700984026 0.00649257098869 0.00262442162402 -0.318568480033 -0.00454174966344 -0.0247588522837
-0.353987660838 0.0817288803007 -0.0630035060165 0.0116078197643 -0.00533979938839 0.00761223556406 0.0029124358187 -0.622923137848 0.22055203604 -0.0253495683136 -0.00833900566461 0.0353472698396 -0.006004021602 -0.291945377586 0.0132563719358 0.190900621298 0.0397269132792 -0.0207045444072 -0.17960048923 0.11127963328 -0.00263649584237 -0.00439594405423 -0.395163814939 0.0304100521155 -0.0103024451577 -0.31156285769 -0.0037981647053 -0.0484272530789
-0.427954179076 0.0993303226991 -0.0590181175775 0.0365339912538 0.00315799564349 0.00253809435865 0.00336128240193 -0.632966663478 0.136815477206 -0.076023688543 -0.0302578530533 0.0200017876152 -0.00914170643674 -0.290163241039 -0.144881760565 -0.0171823912689 0.0708152215188 -0.0190760178722 -0.246938776551 0.141854187722 -0.0251682868753 0.0130490129464 -0.107467192719 0.0299858946022 0.00609892311689 -0.408995346901 -0.00506865489365 -0.0551923225793
-0.353791618954 0.0777486151067 -0.0653060614604 0.0399294545152 -0.00640366498437 -0.00189345266654 0.00201444984359 -0.51236700278 0.0469087545652 -0.0644286930744 -0.0642544590399 0.00577546827853 -0.00282090651991 -0.41644025591 -0.129983276267 -0.0965106408706 0.0297049635752 -0.00649953466901 -0.26486907638 0.148671884088 -0.0213677383295 0.0079089811184 -0.0798430868671 0.00890813231673 0.00987529776863 -0.536985286706 -0.00663855527862 -0.0394099472088
-0.407757541295 0.0039156164248 0.010852791358 0.00354115101424 0.0269671807446 0.00142527338932 -0.00935245275753 -0.471279029924 -0.0794529304626 -0.0113069351134 0.0497129787845 0.0403780717835 0.0145861780271 -0.217675205451 0.100082915889 0.0219678175171 -0.0364510578924 -0.00276375714888 -0.528299992647 0.211523974822 -0.0084713041726 -0.00451255062345 -0.463076561731 -0.0024753940521 -0.00246467824974 -0.0425481940669 0.00914859854788 0.0203175102922
-0.396628012923 0.000171040076476 0.00899071755614 -0.0240478927239 0.00427484250806 -0.00261781409326 -0.00146809795371 -0.442853687287 -0.0734894130695 -0.0254195089123 -0.0201069653117 0.0225531487279 0.0160335350864 -0.338877630009 0.109835445071 0.00498423117884 -0.0559947577294 0.00414550929474 -0.503561248638 0.213785974338 -0.0193551129022 -0.000204637469588 -0.45086092095 -0.00889186359725 -0.00921869461249 -0.0729754386692 0.0124636389847 0.00328700435896
-0.511841049598 0.0181046483386 -0.0504321427962 -0.0236033735899 -0.0643647525962 -0.00541848984736 -0.00827061309543 -0.485120654171 0.0221645018103 0.0651901589813 -0.0364673696506 0.00948839223502 0.0174404511594 -0.460661407603 0.12667682368 0.0466142068407 -0.0576100275686 0.00682271477879 -0.299134513082 0.237532182659 0.0296575286965 0.0213911482597 -0.312619562953 0.0662225640114 0.00957677220139 -0.0665415889144 0.00345895984707 -0.0293324510884
-0.603940444967 -0.0263190222379 -0.0945295926464 -0.0228401320747 0.0372874752291 0.0248038662386 0.0018451602684 -0.6886706485 0.0184065777791 0.1045161575 0.0664210660856 -0.00560072790139 0.00717396320756 -0.0282953919184 -0.00854881268713 -0.0809107530981 0.0296025953103 -0.0206284756714 -0.200527521646 0.228083682117 0.0071751067412 0.0505620527367 -0.0685155837198 -0.00582742728775 0.0393569809211 -0.139687463971 0.0197230640194 -0.0577060543337
-0.49199520958 -0.00760647069921 0.0652133486409 -0.0240508227153 0.0228445484376 0.00590774082696 0.00145502063919 -0.586398976347 -0.0090045901531 0.0776335480394 0.145331903378 -0.00577013552316 0.00319291085183 -0.133117291309 0.0390376096639 0.0531300504368 0.00306296429349 -0.000886318006695 -0.359681469216 0.146273654126 -0.00655720924433 0.00361206765777 -0.435536531603 -0.00585858241553 -0.00495736139246 0.133477955981 -0.0102244422996 0.0280054219704
-0.55186596301 -0.00833434035433 -0.0599592136216 0.0136738520483 0.0456631453289 0.00678248742523 -0.000655170826219 -0.588972376017 0.0671439919905 0.060696377622 0.0631560813434 -0.00477379574636 0.0029185987882 -0.26460968962 0.028330291416 -0.0639046208546 -0.0250375972394 0.0022144747045 -0.365464863025 0.222923275905 0.00744442814638 -0.000456053126529 -0.252403521209 0.0012587227278 -0.00817555864579 0.0840240722489 -0.00917115407996 0.0242582424296
-0.559371631452 0.00850744058464 -0.0248306215441 0.0132226192127 -0.0205934251115 0.00714892300805 -0.000347161216438 -0.600881508843 0.0181494257648 0.0181733677784 0.0819729492766 -0.00139180789327 -0.00381016300754 -0.141349151383 0.0656731195743 0.00600917845259 0.0302778271375 -0.00466438268169 -0.283366170229 0.245825606012 0.0226524685488 0.00317686060058 -0.300488815967 0.0165380596907 -0.00161232490583 0.243091917394 -0.00512917285013 0.0332172682237
-0.66562580434 0.0187912803262 -0.0468469787065 -0.0179368120156 0.0134783022639 -0.0285813254248 0.000263493093677 -0.655341607032 0.0394971911335 -0.0267743771435 0.0267807283275 0.0177950116193 -0.00592331095857 -0.0172559179818 0.134899911745 0.0662759970855 0.0932615261745 -0.00736041258677 -0.173113877997 0.0736350661876 0.05552730987 0.00387884816691 -0.192263749972 0.0247814616333 -0.00932547502646 0.11102855476 -0.0113421815148 0.0020675793141
-0.436362132302 0.00677072012193 0.010156781092 0.00966383079636 -0.00689020688818 -0.0138331934041 -0.00414361818791 -0.574892239594 -0.11852240148 -0.0250250176244 -0.0472582040517 -0.0158193402174 -0.0102577197045 -0.138376942282 0.10925867693 0.0336670685003 0.0433862520869 -0.00121323316729 -0.479596024918 0.0851967955303 0.0260373663124 0.0107389643786 -0.375914689828 0.030321678767 0.0018430672252 -0.216120042285 0.0126997078581 0.00742418616247
-0.409319196066 -0.00154490285779 -0.0234440639108 0.00797819896715 0.0263396846858 0.0010904125923 0.00129573345276 -0.548114133906 -0.0809558480382 -0.0384495278746 -0.0881877031633 -0.0180349435752 -0.00457831206587 -0.147050087247 0.108655822806 0.0925627404276 0.0296154540911 -0.00751067095308 -0.509481945691 0.138659137812 0.0278282939507 0.0154819342335 -0.385660370139 0.0343098290456 0.00268140476467 -0.204523445237 0.00178610106402 -0.00812986741672
-0.453472097603 -0.0123433958651 0.0202464645825 -0.0185243065943 -0.0307302446898 -0.00919622937847 -0.0019391769268 -0.584104571177 -0.0728715886724 -0.028423833705 -0.100491435642 -0.00376832484788 -0.0206045576148 -0.128354875727 0.125707095136 0.0854570583977 0.00394011288646 -0.006213966628 -0.489722293833 0.143333747099 0.0233870732054 0.0197038404692 -0.35202486134 0.0448297059413 0.0162029438432 -0.0862062904132 0.00413020530729 0.00265258777489
-0.417034554933 0.0289614432912 -0.00233406582526 0.0247399513238 0.0275131256285 0.00754181090814 0.00795050238073 -0.537696646587 -0.058631884999 -0.0178351690514 -0.111536478856 -0.0188773064783 0.00345157635076 -0.159847017779 0.114868380389 0.0968376798152 -0.00668814186087 0.00754648380549 -0.512661760048 0.18252760723 0.0294524506324 0.0181104847254 -0.365267174941 0.0404827818676 0.017381331747 -0.192350978328 0.0119032758827 -0.00248514564593