-0.00698913846884 0.0279972918038 0.132034164639 -0.0422090310489 0.00167045198906 0.0463983261404 0.0539861540937 -0.231471738556 -0.794459942586 -0.108265654315 0.306378275129 0.136532588642 -0.0297030287852 -0.222900086671 0.154542226652 -0.22312476672 -0.0836194116427 0.0342788504626 -0.0167458613878 0.0127815828552 0.115963492282 -0.0429674498356 -0.0520569058312 0.0889686372507 0.00206625933408 -0.0182091045038 -0.082385781585 -0.00430327710082
-0.567843691402 -0.0516789330088 -0.037647550141 -0.031990544225 0.0800066024605 0.0161770935056 0.0146030057319 -0.714557553843 -0.14075358142 -0.146041209889 0.181135932196 0.0787208986972 -0.0123131710853 -0.0733359894468 0.0674602184249 -0.112288400014 -0.0780654748628 0.00603584694907 -0.108067799741 0.102412150667 0.0192030676103 -0.00532594493176 -0.151450827515 0.00796745913357 0.000808843497685 -0.00551840460145 -0.0152245478831 -0.0133805524638
-0.604039860372 0.0565687766614 0.0750285926339 0.00907490066285 -0.0649384619869 -0.0450340969867 0.0162060255816 -0.696198135935 -0.149575092056 -0.0983490343776 0.110526085182 0.0920751212686 -0.0128290882459 -0.0231412862887 0.0994184849647 -0.0798237113385 -0.0802320630262 0.0228575401067 -0.197887706179 0.099402207759 0.00204805754909 -0.00697737124737 0.0559258414339 0.0512188408279 0.00372887540543 0.0585738148284 -0.00867487341316 0.00236285691615
-0.636162563647 0.0169019589136 0.0238212622107 -0.0617459216877 0.0229135491927 0.00170190208187 0.00854093486764 -0.666357527877 -0.0929638471806 0.0742029321013 -0.0594472414924 -0.0606434702457 0.0119365611727 -0.22559063924 -0.0528585726511 0.039701630774 0.100793368539 -0.0108293899259 0.136956271646 -0.0799816228375 0.0587314115168 -0.0216522698013 -0.10401851207 -0.0205534948278 0.00983023458032 -0.133132639533 -0.0285341838847 -0.00285719278158
-0.684145147887 -0.0133441008188 -0.0401854456084 0.0636465295581 -0.0450716636845 0.0377701209248 0.0238829956485 -0.691920207464 -0.0794896228824 0.0671665878313 -0.0512280459413 -0.0382086226081 -0.0100303244636 -0.114863925869 0.0440628182781 -0.00894281026729 0.057684246019 0.0130622840457 0.0129823134444 -0.0203146359563 0.0805196607997 -0.015613533716 0.00349949620222 -0.00636692697058 -0.00915712613589 -0.0304847394259 -0.0337654656666 0.00877577672816
-0.502179333323 -0.0184134345788 0.0108546274699 -0.0195567250187 0.0892362515327 -0.0191154204972 0.00356463445616 -0.529449661497 -0.0465019990668 -0.0222055950942 0.0633990920044 0.0544161789018 -0.00224769460202 -0.230394605671 0.133972372992 -0.0273352241512 -0.0589500512314 -0.00287695114402 -0.513429713281 -0.0883008576937 -0.00936685963376 -0.00376076612 -0.3090205824 -0.00517689357151 -0.000828757184981 -0.0796324025649 -0.00667488654685 0.000573036312035
-0.634141782921 -0.0249121174609 -0.00129757613458 -0.0142377972675 0.0279030326058 0.0194627487507 -0.00143277021576 -0.74262380478 -0.0846996213697 -0.0294811305958 0.0461285250636 0.0566861138882 -0.00242799137638 -0.00525488445005 -0.00799160039042 -0.0557670828776 -0.0755925552674 0.00562844248137 -0.0395392718679 0.111034670199 -0.0116454591234 -0.00524597145432 -0.0686567942807 0.0480132855876 -0.00630620266324 0.0109167565526 -0.00203158812277 -0.0285442580066
-0.672854867754 0.029856645596 0.0193484986566 -0.0180366318909 -0.0333526885223 -0.0342279796403 0.0122793798079 -0.71344238754 -0.0673378594277 -0.0276748284494 0.0524784720167 0.0259915545035 -0.00376040571313 -0.0331659402583 0.0294089454599 -0.0342890521425 -0.0667777519673 0.0134613196526 -0.119084155953 0.0547433627462 -0.00357097313148 -0.00605973349163 -0.00976030078005 0.0158846403848 0.00233345218948 0.00419663914566 -0.0101161229779 -0.00388149245609
-0.513820182856 0.035646920431 0.0161106566187 0.042109901047 -0.0667569748621 -0.0111001577549 0.00266958242376 -0.528141382488 -0.0413110849801 -0.0311091909502 0.0607654599744 0.0294468170652 -0.00229370215899 -0.195730977009 0.0942953311906 -0.0210655957844 -0.0780822343541 0.00826509940204 -0.500250648751 -0.0854202801306 -0.0163720460178 -0.00690384216289 -0.352592487232 0.021204176361 0.00446328340893 -0.0605650301033 -0.00112512209466 -0.0423249134271
-0.683407195208 -0.0546224712165 -0.0598715995582 -0.0442305131305 0.0561074580097 -0.000594540491953 0.00014098636817 -0.686020369209 -0.0413011510031 -0.0611295767523 0.0594315813593 -0.00605687967259 -0.00482945229358 -0.0574202428408 0.00869010392286 -0.0485201584473 -0.00101728198448 0.00222627248057 0.0820073550419 0.0837585804965 0.0251796910752 0.00620239543144 -0.135218902426 -0.00599943233494 0.00404273574045 -0.0554916970094 -0.00747080875293 -0.00230719191887
-0.676965961246 0.00566365217395 -0.0113265915094 0.0367958714067 0.0342298480969 0.00045507216164 0.00306660493143 -0.684245977051 0.0521817769089 -0.0371724463956 0.013310841452 -0.00890977343039 -0.00385054790476 -0.050676408542 0.0621215599758 0.0185014471034 0.00104001052248 0.00154948944624 -0.205856308523 0.0662921114968 0.0525161248668 -0.0188112529299 -0.0595901837723 -0.0509531308074 0.0130670446071 0.0568551892707 -0.0146333085294 -0.00565378754827
-0.671472486788 -0.00514781712829 -0.0135629822669 -0.00652230227024 -0.0111004326739 -0.00134829004435 -0.00323903298064 -0.710777881906 0.0314350589342 -0.0386065752849 -0.0434660052687 -0.0144730587556 4.21842948566e-05 0.0183675632331 0.0246253065808 0.00170409260785 0.0151469662722 0.00195170612657 0.0424661841287 0.0929861248634 0.016934280135 -0.00243260025903 0.147411163053 0.00571480691917 0.00707338119338 0.0705140069232 -0.00116930455836 0.0156475989487
-0.683074030966 0.0330513117803 0.0480411541007 0.0400258839178 -0.0189283271177 -0.0264980793692 0.00746446868526 -0.69382885944 -0.0462361646552 -0.0325975769949 0.0548119857131 0.00897618933358 0.00449793439865 -0.0140841513533 0.072590223683 -0.0241796132631 0.00626154080173 0.0148127036398 -0.15915453281 0.0526950686854 0.0269480991184 -0.00359562318637 0.0391307021077 0.00608484946478 0.00195140919554 0.0383349966672 -0.000357406085601 0.0372624343197
-0.688812931321 6.08714811798e-05 -0.0507014206477 -0.0130470099627 -0.0020433200762 -0.00112095051021 0.00561522432897 -0.690686270669 -0.0132280881923 0.0357106500329 0.0217349814261 -0.0134485045416 0.00334689110897 -0.107067103645 -0.0147679056614 -0.0103274208907 0.0220812505386 -0.00788120353735 0.140283085049 0.0277331573106 0.0283528726354 -0.0115398838963 -0.0566655533443 -0.0386847437691 0.01766283098 -0.0675371078141 -0.0154093765357 -0.00742818393143
-0.711252662759 0.00951359918464 0.0317666986904 -0.019108967925 0.0820490884435 0.00488275757233 -0.0115962775212 -0.676243960937 0.00842904920841 0.0255825842558 -0.01439115901 0.0110108839248 0.00418196521114 -0.061466072357 0.00647359562618 -0.0593536650086 0.028422499021 -0.00794368000249 0.00293235700144 -0.0367087336021 0.040451761255 -0.0106565468218 -0.115433562279 -0.041582813489 0.00264603445406 -0.0169144128447 -0.0163990358554 0.0212453791072
-0.694594266461 -0.0120357431247 -0.0139278596009 0.0528417170744 0.0132142259459 -0.00575329265479 -0.000776636174126 -0.693329700816 -0.00343597424739 0.0174338658692 0.0478538259017 0.00475576753664 -0.000905706501446 -0.104144573378 0.0644792281053 -0.0961707008871 -0.0252186789042 0.007505032846 0.0140935380335 0.013240038021 0.0406626864058 -0.0222871163059 0.0394634102158 -0.00215945764862 0.00277694267544 0.0263237955431 -0.0325747250321 -0.00845505397799
-0.698137671245 0.0142409154904 -0.00463218271208 -0.0180850505238 -0.0365312406409 0.0173441062135 0.0089594487471 -0.702288314917 0.0268878015196 0.0275499999218 0.0331243125893 0.00106073895325 0.00278847592554 -0.0587107027815 0.0246660830502 0.0100981295463 0.0204165947735 0.00946602682564 0.0450259366809 0.0636233238088 0.0414248069319 -0.00677051489338 0.0270282287962 -0.0291568139418 -0.00500797729159 0.00359392805058 -0.0127672198286 0.0160421026954
-0.620234466424 0.0402842365641 -0.03868758528 -0.0317505362045 0.0465532847149 -0.0331847773041 0.0058636539734 -0.711344101424 -0.0328897990585 0.0849643996539 -0.06501526984 -0.0116681526553 0.013310826738 -0.19678132932 -0.0560313682002 0.0839292446991 0.0731763327034 -0.00631740052381 0.0608277261384 -0.0634938151971 0.0378022001029 -0.00290738283868 -0.0912711892339 0.00772433932273 0.00176461909346 -0.129021734042 -0.0172764743283 -0.0147943956014
-0.682148379163 -0.00218315090189 0.0197021259879 -0.0339826683451 0.034292707621 -0.0258263026242 -0.00782096280462 -0.669084241315 0.028483455401 0.0308288239982 0.0252918860218 -0.0124652489683 -0.00314210154968 -0.222714780224 -0.0280906304889 0.0570581613424 0.0609881853547 0.00465124219385 0.024341847216 -0.0937633382123 0.033396010701 -0.0231212678909 -0.0429759555182 0.0154171877961 0.00131336623583 -0.101713777158 -0.0088984456884 -0.00695056652479
-0.679510416695 -0.0106456647911 0.00981063092746 0.03777434684 -0.0209267650024 -0.01818661644 0.00429761014206 -0.693152885803 0.0397646707249 0.0410378446536 -0.00452426144378 0.0303557300855 -0.000971576893875 -0.139977433709 -0.00258294527181 0.0291420803007 0.0645301765653 -0.00808841383351 0.000928264759597 -0.0492802621128 0.0566864433187 -0.00435646129443 -0.0602484491985 -0.0108887077325 -0.00677337193666 -0.130262255066 -0.00764818789321 -0.00329173936138
-0.676333893094 -0.035815188401 0.00630794841271 0.0374635857488 -0.0713169762162 0.032739854061 -0.00462044825153 -0.691604416206 -0.0288990199891 0.0703724932906 -0.0557126118336 -0.0271551874605 0.00288292417573 -0.0266564030505 0.00264872828015 0.0289117187248 0.0524800400805 0.0119476749159 -0.11364387312 -0.0791914801415 0.0346744965582 -0.00619984008029 -0.142070001742 0.0105202793039 -0.00696491679649 -0.0135261896727 -0.0163732761313 0.00647205087405