-0.000758750639729 0.000449929784569 -0.00441109884712 0.0088007480183 -0.00230731123309 0.000450347754668 0.010739695525 -0.00246613639255 -0.00377233813287 0.00760995326527 -0.00284605658545 0.0102803973919 -0.0249341281945 -0.460375188843 -0.360189262652 0.278374718527 -0.0198731384981 -0.0120949100793 -0.519892486145 -0.340084336537 0.0115224139045 0.0137173493641 -0.438995374652 -0.00866515428031 -0.0108582847346 -0.00291761268905 -0.00700878003126 -0.00428298100653
-0.312763194839 -0.02895443106 -0.052282574994 0.0811189204174 -0.0467016727327 0.0358447125998 0.0213781478096 -0.224019612531 -0.0157800071845 0.0187406915357 -0.0222550978092 0.00971507277305 -0.0126962634514 -0.454518170786 -0.329800826743 0.241896012283 -0.020308780987 -0.000242042116359 -0.494699349718 -0.278635170367 0.00711541256052 0.00120323625166 -0.36873989446 -0.00964981852326 0.000819469505645 -0.0354053619981 -0.0103729628425 -0.0494532937818
-0.307014109766 0.0611226083757 0.0593155784002 -0.06819444573 0.051598426146 -0.0325087834906 -0.00483011014744 -0.220003799148 -0.0305772875262 0.0321700092241 -0.034541758143 -0.00109667180054 0.000543615523529 -0.408756180856 -0.296532913902 0.257098561794 -0.0132535793787 -0.0206968530908 -0.46809490605 -0.312877266381 0.00893778241993 0.0216529773163 -0.441946777872 0.00384591608366 -0.0155183432541 -0.0604339586167 0.00564028171837 0.00115694309342
-0.301000695654 0.0439554191485 -0.0428192096364 0.0668752396753 -0.0506926431387 0.0430103631484 -0.00378541470888 -0.232597290504 0.025907279125 -0.0224093769517 0.030777927552 -0.0189927970959 -0.0122583424908 -0.407481833805 -0.314388204521 0.24978705403 -0.014165022119 -0.00174164858374 -0.480168973283 -0.317071647759 0.00411207067503 0.00110746952197 -0.421071851945 -0.00533540175248 -0.00543176912069 0.0327212764082 -0.00410976572553 -0.0543425898821
-0.348521206339 -0.0516780724944 0.0565753147091 -0.0804812733347 0.0719997599897 -0.0468189623021 0.0140889052596 -0.237795827786 0.0217346998855 -0.0216640640602 0.042621410169 -0.00556133673241 -0.0252935915511 -0.408034157399 -0.307313740277 0.23447026366 -0.0122723118333 -0.011559676205 -0.478398004583 -0.298473227577 0.00188875085572 0.0153062028794 -0.401380547103 -0.00141684892307 -0.0148475754169 0.021242763272 -0.00954868611286 0.0487837496595
-0.221302803418 -0.00726486312594 -0.0420436374116 0.0362085008856 -0.0305876862201 0.0178392951735 0.00769643845242 -0.209391642188 -0.0194852383475 0.0178681199396 -0.0144330272326 0.0129082897145 -0.0102895781957 -0.497597882456 -0.0676629080714 0.0576024264227 -0.00649038073855 -0.00321117871542 -0.451788086173 -0.100405206906 0.00788187866489 0.00234403346904 -0.535370807913 -0.00690220389823 -0.00149748449154 -0.37726487237 0.0041327794198 -0.0521969790474
-0.396062477864 -0.0661122593036 -0.0225371415732 0.0323958358719 -0.0333975901016 0.00462771302202 0.00734816915597 -0.422919618452 -0.0180290915543 0.0570115787293 -0.0257262806322 0.0214280015137 -0.00546921557364 -0.336859541893 -0.232391384629 0.208494145075 -0.012924025332 -0.00495324641091 -0.432487404997 -0.29168781738 0.00563089839858 0.00645260857625 -0.41056187798 -0.00126573689729 -0.00490205866296 0.00486797255425 -0.017103596817 -0.0135386383432
-0.419986755792 0.0657911264258 0.0264983611952 -0.0451389414022 0.0209789190608 -0.0139668207212 -0.00717524672199 -0.42381204155 -0.032477939633 0.0239063889781 -0.0408959463466 0.00913007232078 -0.0137682408163 -0.362010725713 -0.274023628031 0.209733682487 -0.00633465438198 -0.013964229422 -0.42379661842 -0.259948535311 0.00661824271622 0.0156781191367 -0.366781630937 0.00986560571867 -0.00706591232901 0.011686459387 0.00425358453535 -0.00259757395117
-0.222397265815 0.00229181914197 0.0220516337433 -0.00504696656322 0.0250238489881 -0.00959825863302 -0.000617711426531 -0.220477996142 -0.00829529360124 0.0052905529289 -0.00522121744102 0.011048074736 -0.00916270267415 -0.469105682749 -0.112252371964 0.0711581318472 -0.0247023931025 -0.00218223384835 -0.525291247532 -0.129504112238 0.0160851689951 0.00108333759303 -0.566690201654 -0.0106146349849 -0.00142620476047 -0.213998824105 0.0107766358883 -0.0435626760667
-0.200476075783 -0.00117418060689 -0.0366943040907 0.0187846409698 -0.02527623736 0.0239661397269 0.00913634988411 -0.191133661655 -0.0123586128642 0.00111657600123 -0.00701314666486 -0.00477414199608 -0.00147946547908 -0.511711136006 -0.0311674938991 0.0282890803415 0.00113343487917 -0.00185892641964 -0.517413861673 -0.0704936096051 0.0152650745292 0.00206970893103 -0.511302103438 0.00332925759178 -0.000622741396756 -0.344594594375 0.00525146553462 -0.0573486904743
-0.592171605887 -0.00432418470221 -0.0515261865445 0.0687131734572 -0.027187254153 0.00466637811445 -0.00236273221065 -0.408784415676 -0.0032607774753 0.0154849557749 0.0151297195004 -0.00212234768004 0.00565430159184 -0.320718211286 -0.30629141305 0.204453657908 -0.00337546286895 0.00806767197485 -0.363972870108 -0.231383260482 -0.0187427752659 -0.00874852539994 -0.199890535835 0.00694577329343 0.00348422443595 0.0913588734702 -0.0138128591687 0.00145556159532
-0.39005037108 0.00365522185444 0.0432854370715 -0.0448467377146 0.0509052858626 -0.0274322703757 0.023950639777 -0.317697530225 -0.0117775014673 0.00408043621036 -0.00994218214841 -0.0157534219956 0.00747546994789 -0.365281363583 -0.145662078044 0.125219635633 0.0189438436433 0.00746444928735 -0.501415025665 -0.266404829072 -0.0322561102911 -0.0110237089012 -0.490363570446 0.0279303810185 0.0106177121312 -0.0145412017532 -0.0161935234337 0.0493867181445
-0.363585170823 0.00154718433226 0.0411700059454 -0.0336095403668 0.0287290660439 -0.0230822257246 -0.0137478314393 -0.30524786465 0.00218942111147 0.00206554092057 -0.00128967151784 -0.00167861449718 0.0045563343298 -0.439841207007 -0.229953704493 0.151871786494 -0.0218661034063 -0.0200309741505 -0.449919097653 -0.220423828818 0.0194823092312 0.022843731432 -0.480768811356 -0.0102668897072 -0.0235953380236 -0.118937614131 0.0279106366047 -0.0360074225905
-0.354150563489 -0.0271826264803 -0.0307485072144 0.0309812540848 -0.0341813906484 0.0227184826545 0.00158638559521 -0.317404446691 -0.0109769315311 0.0264868601092 -0.0126577278256 0.00909392268548 0.0105330143067 -0.430551434308 -0.231741206328 0.18249510126 -0.0231808385891 -0.000400116966375 -0.473435473773 -0.229490264834 0.0299512981075 0.000634861577264 -0.446210505053 -0.0174547290678 0.000314315790464 -0.109215092816 0.00331463537055 -0.0797010318349
-0.444964795887 -0.038519216369 -0.00597208222063 0.0276034479613 -0.047694952595 0.0127374137467 0.00375290999766 -0.473096001596 -0.0312848848007 0.0436681795106 -0.0225323998107 -0.0157793142768 0.00205505971589 -0.345763160657 -0.253689746902 0.182948073668 0.0299913091751 0.00148108314128 -0.419998699759 -0.236972336271 -0.0465083732959 0.000341215895181 -0.321303580939 0.0338341303554 0.000180992155149 0.110375189539 -0.00508274948168 -0.0147614004556
-0.483468730267 0.0124538539193 0.0161030947505 -0.0533959265192 0.0724649765854 -0.0232716552796 0.00745061796303 -0.412940688143 0.00278003673781 0.0176283954262 -0.0109745128932 -0.0249539794634 0.00958049047562 -0.375963318848 -0.249863823248 0.158931093121 0.0239006178663 -0.00727031165573 -0.440116739163 -0.201558693141 -0.0420302004798 0.00940450058068 -0.330363762593 0.0312341412673 -0.00793010674609 0.058744851388 -0.0232333558134 0.0738524307444
-0.417798888716 0.0307122007861 0.0479875682988 -0.0432667120226 0.0481602951482 -0.0272847750569 -0.0118707733486 -0.327787163499 -0.0140593678193 0.012199288289 -0.0149217794482 -0.00843171504659 0.0146829501952 -0.428901727687 -0.23201842326 0.160121310598 -0.012309303615 -0.0282158956757 -0.450379922865 -0.209680682912 0.0145229562233 0.0326993819437 -0.427323037022 -0.0019113838958 -0.0262593274306 -0.114012073042 0.00697240657666 0.00338815936051
-0.271681167124 0.0102103243735 -0.0185309336377 0.0261850366073 -0.012023144514 0.00986862066231 -0.00222527005393 -0.276626007853 0.0201819890546 -0.022075287769 0.0202136573874 -0.0129071638498 -0.014177372023 -0.462874741897 -0.147583618623 0.137006817229 -0.0265946256704 0.00169596206554 -0.496572770115 -0.191596740854 0.0153410364851 -0.00062935401787 -0.514941674938 -0.0112251092871 0.00277202898956 -0.18229728782 -0.00854943883838 -0.0946986251648
-0.399574282024 0.0574076301634 -0.0110762898823 0.036070419282 -0.0169242602552 0.0226911588775 -0.00477993505875 -0.454530666616 0.0219612036751 -0.0336475153763 0.0558529519004 -0.0196357842565 -0.0104326106074 -0.326127303539 -0.235662305623 0.198750419673 -0.0155641628982 0.00759201238404 -0.419200348929 -0.282826456947 0.00527656758689 -0.0112460368813 -0.39889608522 -0.00874479569238 0.00113564432761 0.0787150599178 -0.00263775565346 0.000166627793594
-0.402228243435 -0.048826448934 0.0143580684783 -0.0296611798103 0.0256080915103 -0.00910142799249 0.00196863728203 -0.458718295586 0.0261240435953 -0.023798216846 0.0651213951081 -0.0135023659113 -0.0110832434622 -0.306973484636 -0.22515338343 0.191457658346 -0.003519539423 -0.0020540928371 -0.430593584706 -0.281298533107 -0.00563599374225 0.000444047300189 -0.401087864704 0.00124664376897 -0.00304209542822 0.0935449496536 0.00918313745634 0.0435247994363
-0.285012735537 -0.00110573635665 0.0243561384821 -0.0264395200156 0.0252266074828 -0.0194588182309 0.00908008113249 -0.267547806961 0.00812667324093 0.00361665083421 0.00773260135716 -0.00461129437924 -0.0126465728889 -0.440942029061 -0.160010976303 0.11563250811 -0.0248352524027 0.00644139146613 -0.480457162654 -0.196362206602 0.0235691155716 -0.00660433003083 -0.564374661815 -0.0183252200091 0.00469714458202 -0.146747211004 -9.22847833753e-05 -0.00213878450362