-0.0358894353833 -0.00603434910293 0.12563006527 0.0163260428595 -0.0270773692278 -0.0761001858504 0.00699435176404 -0.111348990607 0.039507735508 0.163392048152 0.175877401028 -0.0222685750226 0.0218467042787 -0.0394987858951 0.0721932358283 -0.10358634612 -0.0271612128283 -0.00472121606581 -0.483385743169 0.633460296452 0.0280738576784 0.00713321527362 -0.497918886869 -0.0244193385958 0.00796504073854 -0.0134701375321 -0.0261770714111 -0.00239269849411
-0.393476088585 -0.0119864531561 0.0389741304056 0.0250285879586 0.0377190993321 -0.0369692163634 -0.00719149562883 -0.400671427444 0.0774488261518 -0.0130074290129 0.0361834163691 -0.034172362331 0.0226102905941 -0.301969303919 -0.0106339143849 -0.0809653858988 -0.0460020354639 0.00151374943827 -0.372591070054 0.550212969868 0.0476580480036 -0.00211405477984 -0.34781814303 -0.0185869521319 -0.000243419756384 -0.060687057335 -0.0361460725972 -0.015295261833
-0.332207198947 -0.0665204890232 0.0854166315707 0.091914716864 0.0430833914793 -0.00937845049719 0.00577798683932 -0.312409457509 0.0925075911109 0.051670627047 0.0516301506767 0.0162014798287 -0.00797968998309 -0.503123868992 0.109765785588 0.143591284339 -0.0799358403733 -0.00713077391162 -0.315199894344 0.367056481289 0.0557384513724 -0.002134388216 -0.438915193333 0.0139428653506 -0.00480598835383 -0.182128036354 -0.0139591106914 -0.00301060084784
-0.35598041394 0.0123018694 -0.0704869560511 -0.0267988447896 0.0143566846279 0.00982357503793 0.0348120668452 -0.360362928261 0.044883285502 0.0787396829253 0.0397639191957 -0.000464809866764 0.00878315242369 0.0112135588988 0.0295901006051 -0.0891541548123 0.0435530383256 -0.00486175830265 -0.543392695831 0.390484025562 -0.0012708817273 0.0109447669151 -0.512586546031 -0.0438483138638 0.0119316860964 0.0468922937852 -0.00847016469176 0.0191150351586
-0.419463719724 -0.010929227884 0.137951375246 0.0704563502965 0.0139499866152 -0.0484137665731 -0.00832666082976 -0.343384013088 4.02168139287e-05 0.0891614384165 0.0789630058886 0.0104974472658 0.01123116532 0.0854163235311 0.0394144636051 -0.112858446856 -0.0392851297031 0.00231245850632 -0.557948357078 0.28338530679 -0.0184013404103 0.0146611218487 -0.496050888254 -0.0292368767472 0.0111302858464 0.0450514325049 -0.0198697357182 -0.014916140598
-0.592841606673 -0.0102962886773 0.0308120999871 -0.0221674640935 -0.0271606426347 -0.0306060614228 -0.00269685262143 -0.57065727296 0.0115868832883 -0.0210323460986 0.00207929159094 -0.00712510705439 -0.00332461044469 -0.234991557081 -0.0860277801037 -0.13963620317 -0.000655178416375 0.0128950799969 -0.290698936275 0.315019244566 0.0386288495806 0.00675261740031 -0.218062794411 -0.0137014224375 0.0123232973831 -0.019708664119 -0.0479669230165 -0.0294964523904
-0.531580922154 -0.00195229796845 0.0139275384542 0.0210235447919 0.0323627343629 -0.040284642352 -0.000644709602438 -0.543822840072 0.0739999302533 -0.0324850354175 -0.00432630185822 -0.0304797320919 -0.00360977276059 -0.35480707615 0.00879197344642 0.0179944050154 -0.0696611759564 -0.00811975952398 -0.250639173502 0.363814465054 0.0217909297315 -0.0153740166858 -0.215207135796 -0.0166206372926 -0.0234557821184 -0.189152905488 -0.0246506363932 -0.0157823096668
-0.361064353486 -0.0171588764747 0.0525853477311 -0.00887292425427 0.000258242749254 -0.0370274040944 -0.00184150093006 -0.379402231485 0.0188154245236 -0.0579487528599 -0.00866955347519 -0.0358073661192 -0.00339086780749 -0.526914008138 -0.0269892421462 -0.0208129529305 -0.0353614746097 0.000953803463033 -0.389279848046 0.20945433954 0.0841471455787 -0.00596248061318 -0.384731193543 0.010728030711 -0.0130672929025 -0.291378292714 -0.00648413242725 -0.0163675436102
-0.422076850841 0.00566867957257 0.0233563970786 0.0636994671595 0.0296258056577 0.00327431662266 -0.00190824300654 -0.391901592982 0.0577416007873 -0.0431902964592 0.0123648088356 -0.000876318466594 -0.00808299415957 -0.467729601737 0.0798870221206 0.111219567608 -0.0461065690271 -0.0049393811041 -0.326128553829 0.256403385573 0.063650823839 -0.00837809786129 -0.454441569041 0.0438041258105 -0.00717221182894 -0.180720363461 -0.0161169087045 0.00379497252111
-0.52110775087 0.0352924422969 -0.0407082721377 -0.0587560237484 -0.0324941991463 -0.0141916937678 -0.00182525947909 -0.503824456172 -0.0130863106686 0.0319878534677 0.0408965007461 -0.0127719705548 0.00716916782835 -0.314792734293 -0.00307950904556 -0.0756764395107 -0.0182116765454 0.00142147934138 -0.305344461213 0.385848678664 0.0371720193727 0.00437347936274 -0.338332801976 0.00308959976284 0.00195734419005 0.00295034407577 -0.0160739192476 -0.0219337098811
-0.553518800118 0.00994758104542 -0.0153398751909 -0.0127363032978 0.0351898774823 -0.0381481658383 -0.000307982227381 -0.548604845194 0.0192826931067 -0.0124957794945 -0.0118931411894 0.017296231167 -0.00351400398366 -0.161576756787 0.00866004205666 -0.0503974223585 -0.0166999637673 0.0011799920155 -0.270258264793 0.441273279388 0.0360210912206 0.00210927188117 -0.295100593264 -0.0110126062087 0.00997478154622 -0.0536043044485 -0.0109600441897 0.010679284566
-0.477858748749 -0.0267163192791 0.0476173154576 0.0315305326432 -0.0159698484185 -0.0018760024617 -0.0211282309749 -0.517646517418 0.090527952059 0.0408965062892 0.0190351224241 -0.00082031484347 -0.0114895209924 -0.439399489792 0.0314285137079 0.0928449119491 -0.0787305075717 -0.0237224375033 -0.261376528728 0.229251089797 0.0530429640527 -0.00979586963061 -0.361315067564 0.013731972403 -0.00751035092227 -0.156355025121 0.00496166820202 -0.0126699368829
-0.474851351184 -0.045079662995 0.0301806804249 0.0624486157404 0.0622442780287 -0.0145980718024 0.0144853390366 -0.399328777763 0.00933645574144 0.0420104222751 -0.00149828634696 -0.0378960795646 0.00492556151409 -0.385484515253 0.0838243548263 0.131733932284 -0.0692703033325 -0.00181980890252 -0.362752118497 0.302471049424 -0.000306435115315 0.0124077789239 -0.437782280893 -0.0130344105976 0.0092738732061 -0.0860282672459 -0.0148038376421 0.00751170207843
-0.543164422494 -0.00324934337069 0.0160515726955 -0.0387995235547 -0.0732477061987 0.0502785835397 0.00549097212336 -0.453786555248 0.0337017139692 -0.0186520159051 0.00989426953141 -0.0192869594348 0.00216717524591 -0.223280752495 -0.0535184786535 -0.107648510157 -0.0102445241904 -0.000776393894217 -0.397102570247 0.33816542113 -0.0259789633633 0.000140114599475 -0.380394695515 -0.0454973429737 0.000138307520414 -0.0587928503028 0.00483358308967 0.00336762794551
-0.613052666257 -0.0270949893475 -0.0662493308041 -0.023040621492 0.0401515116692 -0.0118591533743 0.0105273754327 -0.582473528378 -0.027838783696 0.0218922457789 0.0253544708316 -0.00995136664778 0.00192352875964 0.0443472680138 0.0105890092526 -0.0634803550533 0.0246940334459 -0.00803545776361 -0.30555097305 0.311308109396 -0.00338436726981 0.0142910325272 -0.274387454097 -0.0446501608245 0.0159405710573 0.00554667732344 -0.000331887561815 0.0231027856089
-0.624561574903 0.0446171818629 0.0902172657953 0.0615311599265 0.0251291685539 -0.0143995219746 0.00872418036725 -0.542897294024 -0.0410165586446 0.0123934711267 -0.000126103244722 0.0271586919607 0.0278584095389 0.0952589589956 0.0110687641314 -0.114237410354 -0.0221304664191 0.00437827327711 -0.323311234202 0.266441943312 -0.00815672944102 0.0195559737458 -0.296626116181 -0.02695123398 0.0192272234244 0.0953275087795 0.000379827636619 0.0103888416338
-0.242308457136 -0.000699814092173 -0.0023272803837 0.00574663748331 -0.00633004783402 -0.00830679950688 -0.00743222607947 -0.252648512196 -0.0251471793253 -0.0130182745498 -0.0275513401603 0.0151250599141 -0.00604686817028 -0.57306733089 0.0833427616196 0.0927936886746 -0.00875877980747 -0.00243292484044 -0.429781739338 0.132804815349 -0.0200625773562 -0.0021776277452 -0.419832106729 -0.0128072660607 -0.00184149891886 -0.389904375208 0.000624711046919 -0.0130924366559
-0.395201435634 -0.0456968758512 0.039958961109 0.0164615488564 -0.0370474444128 0.0160858226002 0.00522584574215 -0.466264366098 0.0898356535631 0.0352196905469 -0.013514195733 -0.0112019498362 0.0045538033324 -0.0363704177709 0.0346839781395 -0.0490158105206 0.0222209349222 0.00739637141752 -0.564549770802 0.114909545531 -0.00238728611274 0.00919886445827 -0.516497937263 -0.0141702567264 0.0027541403397 0.0812530534175 -0.009012964355 -0.00309655673135
-0.51302946478 -0.00359253349787 -0.0801901244357 0.0336448471961 0.0872159513808 -0.0290957714645 -0.00415475205008 -0.37267410255 0.00115310900853 0.0293200726345 0.00537283517814 -0.00489378966 -0.0028160135041 0.0399087649258 0.0563623269019 -0.0124908291522 0.0297909564921 -0.00291190105217 -0.581762471415 0.0432843801295 -0.00759441089796 0.0034129387403 -0.482532621734 -0.03732231676 0.00749036464493 0.00860325328246 -0.0106464424332 0.0161629689674
-0.589560752158 -0.0102771883021 0.0762105170252 -0.0140749778669 -0.0242567015852 -0.0114040598893 -0.006865698896 -0.490720828515 0.0153469612666 0.0410627330203 0.0330681658839 0.00112516885019 0.0121234759489 0.178335676529 0.0221900433203 -0.0853237427101 -0.00400236392174 0.00367525817093 -0.448866607279 0.0980947622121 -0.0089837990728 0.0205380364442 -0.344639706883 -0.0196859319141 0.0146603501311 0.171774074112 -0.0352175969079 -0.0152578768579
-0.264809780691 -0.00626208393485 -0.00710467149859 0.0440999682526 0.0222489716835 0.0206093136948 -0.00439073587744 -0.274594051796 -0.0140913342962 0.0546358355574 0.0148617250807 -0.0223810393506 0.0164153634496 -0.498152083586 0.0405487696475 0.0825185550484 -0.0353296795062 -0.000276497892484 -0.512808078251 0.144371756386 -0.0172314645616 0.00438357753052 -0.472306611323 0.000111969280982 0.00278463753331 -0.286546669241 -0.00581923241432 -0.0106094883221