-0.040663616276 0.0407768833702 0.0914923344718 -0.161483324081 0.17878858251 -0.045580418643 0.161253475685 -0.0876631132948 -0.0230683020381 0.289317638692 -0.0240630260208 -0.144710663168 -0.32183970214 -0.0821804689548 -0.290061015968 0.220219648666 -0.214763866957 0.0479334536535 -0.251087042725 0.490427704333 0.374710837671 -0.0404538372385 -0.13758654321 0.115587538672 -0.0576074154066 -0.1035079772 -0.0392919850038 -0.06233139735
-0.630815044043 -0.0905126457102 -0.205968209926 0.065893894549 0.0217568774389 0.103077846782 0.0668097728192 -0.548951569162 -0.141210927777 0.0635921889353 0.0108273526562 0.0352852121421 -0.104633927004 -0.206566979664 -0.142899139852 0.178738581392 -0.0614440469307 -0.00755615083384 0.0211047027812 0.147746379769 0.169708636102 -0.0214185393379 0.102870326939 0.100823160392 -0.0482258312585 0.056638929394 -0.00766148421242 -0.13101874855
-0.589494630126 0.0699933520824 0.199352208811 -0.0221574581948 -0.0593890470111 -0.0944271252306 0.0155969865192 -0.518415963334 -0.0489933579111 0.00621865370272 0.0967253034908 0.0320760094879 -0.118430341979 -0.228303509902 -0.0972597891381 -0.201439393717 -0.0674776977618 0.0159448395248 0.120496282392 0.231377564222 0.0976294005912 -0.0235047623513 -0.320972040936 -0.0541581045095 -0.0483626895659 -0.023063713432 -0.0169046795047 0.0696738184249
-0.543356217403 0.0861970821911 -0.228464088324 -0.0253835129883 0.029572258867 0.0805670632182 -0.0419497767601 -0.407234833816 0.114465564557 -0.0307183899386 0.0231850521068 -0.0237796950147 -0.0190845007626 -0.0549777969419 0.0473174206858 0.152329284681 -0.0282933782914 -0.0384544844146 -0.597507216516 0.0646693204819 0.0903442846847 0.055226595284 -0.0320662873447 0.0238923505957 0.013612749819 -0.0942682182833 -0.00829124586931 -0.200303426893
-0.551847239837 -0.0620821680972 0.193572879179 -0.0143510519915 -0.0174259914347 -0.109058667594 0.0820722561385 -0.42949574452 0.0827059866552 0.0652410626816 -0.072558425671 -0.0661104921257 -0.0219431359987 -0.0557314485496 0.0233024660333 -0.0584087705544 -0.0351666360795 0.0130133253023 -0.454179383061 0.160239702125 0.0315612656297 0.0237213600908 -0.389040664248 -0.0477602611855 0.0395521892796 -0.16816290703 0.000335936766033 0.0621495135576
-0.22063106652 -0.00183602321369 -0.00927904189167 -0.0252576569151 -0.02926036234 0.00602296962748 0.00300777177359 -0.231300743196 -0.00548455072451 -0.00503782109849 -0.0186766530173 -0.00624866033229 -0.0324592786157 -0.743275372414 0.0332425385251 0.0750476515827 -0.00166540775128 -4.85025595545e-05 -0.192497493829 0.0450819024001 0.0397856125611 0.00494173570631 -0.457268378246 0.00157366395688 0.000951045738822 -0.292210687473 -0.000358509814819 -0.0178281515189
-0.492989679968 -0.0304176289968 -0.0699357198136 -0.00645644462796 0.0404925262246 0.0312583894074 0.0225741056812 -0.652270843373 -0.0663402640823 0.0668185559958 -0.0841659431371 0.0375851491451 -0.0303991203826 -0.388606342336 -0.166394908187 0.155457095392 -0.0547861099966 0.00684088727051 -0.0366246639637 0.107905071924 0.10145312711 -0.0520518110252 -0.115012684771 -0.0212674313382 -0.0359468068143 -0.152865097136 -0.047594343163 -0.178111034634
-0.505305034972 0.0754631139204 0.0434167821371 -0.0340902933825 0.0196154896087 -0.00479904960052 0.0198294858812 -0.633038198246 -0.134269121447 0.018175068687 -0.0559261662538 0.0378319697918 -0.029527514541 -0.155639712756 -0.0998066240472 -0.095052599771 -0.0507004628204 0.014365920871 0.0214812716949 0.190375204445 0.0893768624785 -0.0595430530329 -0.377427633997 -0.142630160359 -0.0834614707931 -0.143150351158 -0.0139065599107 -0.160985208873
-0.212880528912 0.0223026524076 0.0056104072658 0.0447912347692 0.0159620625615 0.00764669329486 0.0146443029584 -0.202048575701 -0.00208592527589 -0.0259340040261 -0.0119450773012 -0.0101926769838 -0.0190460736158 -0.757767294697 0.0527677298258 0.0193969469708 0.00139021783205 0.00119293201078 -0.190729195463 0.0654046803037 0.0335812778417 0.0131100129807 -0.492266908649 0.00589238265116 0.00389509364083 -0.218354379788 0.00630282885934 0.00916014009668
-0.331804410095 -0.00583416804302 -0.0145567761212 0.0153599336555 -0.0785781642212 0.052341713283 -0.00744146100666 -0.30915414335 -0.0148130275756 0.0731390431356 0.0281898463155 -0.00363611063164 0.000594632731512 -0.572103918867 -0.000459325280384 0.0904946372611 -0.087133034983 -0.00466406127818 -0.296337437339 -0.0276617732084 0.0810319846503 0.0229763812309 -0.485146494039 -0.0550799137215 -0.0113651644826 -0.314782183816 0.00367926794637 -0.0456972961254
-0.721436208515 -0.0161032570383 -0.0947461029488 0.0283905434056 0.0795599621186 0.00988873467378 -0.00719106623271 -0.530619987726 -0.00952682336262 -0.0419539895968 0.0224268412516 0.00924980806269 -0.00807578694022 -0.0959656043132 0.0188815708731 0.0857434276601 0.0404380900914 -0.0146779996444 0.114502763569 0.095318002658 0.0669215923701 0.00545985397009 0.262832670966 0.0805789971881 -0.0220180430192 0.222304027981 -0.0154126661986 -0.0880765769546
-0.757468699193 0.0114933533992 0.0698153021625 -0.0358926355475 -0.0922280714003 -0.0137396145488 0.00385931568652 -0.542467533727 0.0411615300355 -0.0398979805251 0.0739788463607 0.00404672255758 -0.0402632497022 -0.0216101018314 -0.0154599963682 -0.0839517676879 0.0221654125601 0.00835290608018 0.246245935353 0.0998096544646 0.0329478924454 -0.00272717427531 0.00386135601421 -0.0324902857585 -0.017736970253 0.155449160517 -0.0260009999321 0.0183513158258
-0.213540428724 -0.0206331773076 0.00617232286113 0.0602266510413 0.0157694949122 0.0109563511951 0.0113393521597 -0.205333791053 0.00406713796038 0.057705059794 0.0231804472436 -0.00502572182146 -0.00724861863331 -0.737647715482 0.0471247181775 0.018278820037 0.000814393272623 0.000537891391677 -0.251200286393 0.0611937827064 0.0151042932313 0.00595859731799 -0.482648352514 0.00712864665047 0.00151079929499 -0.235941291387 0.00382585510532 0.0348319820283
-0.455230954454 -0.0185173498844 -0.0350488366796 0.0160989002631 -0.0518593404598 0.0850969612386 0.0146439224965 -0.349112894362 -0.0332433595154 0.0905204990105 0.00403137831213 -0.0170181187018 0.0212777629211 -0.381243048821 -0.0284449108218 0.258806438191 -0.0907092949787 -0.0036132438857 -0.532166777368 0.0137073012202 0.0359900866583 0.0302999591304 -0.295343585675 -0.010895999451 -0.0110144841598 -0.161810926933 0.011829154505 -0.16757312742
-0.668370291853 0.00446468810357 -0.0505113151666 -0.050664115399 0.0864529301494 0.0290488701609 -0.00173126051952 -0.546167575207 -0.00514769242737 -0.0534458586173 -0.00386820673216 -0.0204867364387 0.00595790681204 -0.286284699073 0.0795748839424 0.00248719280354 0.0884971213423 -0.00537456090676 -0.285323827504 0.043379320969 0.114790226658 0.0343670558032 0.173096204687 0.0795329308208 0.0204454961638 -0.0317233173321 0.0301155141101 -0.0757860483038
-0.754895443647 -0.0318089038721 0.125935990999 -0.0702687237667 -0.0235541258239 -0.00287768991427 0.00334790351083 -0.56566134498 -0.015302888746 -0.0418234139357 -0.0333356359044 -0.0141517416496 -0.0616342292875 0.0566085287242 0.0174531406614 -0.0732229061704 0.05317281108 -0.0203291909769 -0.0922070204365 0.163701292693 0.0427864743001 0.010565633493 -0.15281189678 -0.0456308801676 0.0272095718129 0.049684251841 0.023025156097 0.0464343192045
-0.189942273586 -0.00904361957871 0.00498644017355 0.0330901118364 0.00581843993154 -0.00455063031962 0.0172725302213 -0.183202082866 0.00593700337091 0.0444894201316 0.0157194640943 0.00288619060155 0.00247441614328 -0.722067611862 0.0376938850718 0.0147796007344 -0.00142268884868 0.000737124362588 -0.315419992969 0.0474174701657 -0.0111204727275 0.00680688170904 -0.497034871566 0.0012318216606 0.00199553852031 -0.232618604445 0.00356790589052 0.0205753363022
-0.34848975285 0.0222669319861 -0.0396989746388 -0.0791168684399 -0.0336170626927 0.0578211344665 -0.0269830838032 -0.296749210371 0.0335022669579 -0.0353448825493 0.0159289267189 -0.0308341808275 0.0128178201708 -0.369558322516 -0.037817616313 0.156356813119 -0.0515718242501 0.00978477043012 -0.445825818545 -0.00525442617965 -0.0114704443809 0.0198717119181 -0.5684453848 -0.0622184274589 0.0148268101215 -0.209696142524 -0.00663028568239 -0.193553419492
-0.466202227055 0.00627042015231 -0.0109171764245 -0.0496664201984 0.0634276434537 -0.0316403332472 -0.039132181273 -0.54114578573 0.129896919513 -0.0137818664877 -0.0358478489763 0.00847849835443 0.00381333253747 -0.126771958487 -0.0161978474517 0.108829497818 0.0123540369773 -0.0238549524771 -0.536245983679 0.0802064802156 -0.0124514572428 0.0170088041738 -0.364243590466 -0.03046079081 0.00130768744777 -0.0043769605431 -0.0398390954783 -0.0604634603516
-0.496150345128 -0.07511984091 0.0798018667287 0.0524381438529 -0.00192537260447 -0.037068339772 0.0223114558782 -0.485044866776 0.0778712821974 0.0151630775561 0.0112290518656 -0.0462411083097 -0.00069633438601 -0.159407044302 0.00023076700361 0.181175202111 -0.0341560253363 0.0216879784419 -0.563888340043 0.0389832944423 0.0112359224898 0.0259999829322 -0.295722145671 -0.0202452244408 0.0233122469592 -0.156066271054 0.00262724742061 0.0209371520633
-0.168342090367 -0.00121642361922 0.000253225904371 -0.000364841521683 0.000727694510232 0.0124700948922 0.0180604288476 -0.165868380917 0.00585815304487 0.0461638860831 0.0115948231673 -0.011039160727 0.00325773800612 -0.669559326153 0.0247266255393 0.0303922679129 0.000459860936978 0.000492508008557 -0.382749850655 0.0146126220785 0.00928453475038 0.00383423000653 -0.503371957894 -0.00127792805494 0.000872734031942 -0.301847794996 -0.0016659566745 -0.0086418902376