-0.00118694369731 -0.0046083059921 -0.0100098199235 -0.0309251704444 -0.0179680566583 -0.0276528857189 -0.0499989469927 -0.115160653911 0.0098736048446 -0.625349684885 0.235363852745 -0.0609617589142 -0.0436657238657 -0.0877409329173 -0.429628153941 0.395730697823 -0.0180297541417 0.0159129373301 -0.14838140103 -0.0260145207434 0.0323919637278 0.0225652694128 -0.0902946351798 0.361687912437 -0.0811093969293 -0.0369085574442 -0.0961040526417 -0.00566903304769
-0.689366772457 -0.0515918832748 -0.169081874637 0.144591066374 0.184654414698 0.0296049557395 -0.00541480206973 -0.527037360857 -0.0570932275478 -0.0226756356178 0.120649865671 -0.00378832812534 0.0132210370267 -0.0576899682348 -0.0907161653171 0.16526567819 0.00390090965331 0.0218638127128 -0.0152002371056 0.178558123721 0.0210222381179 0.00700467530275 -0.250301439654 0.0688400560853 -0.0315275321443 0.0203215171481 0.00358988960907 -0.0233990390674
-0.664447928118 0.0486553537777 0.167771639743 -0.150801309913 -0.165899776818 -0.0294997521375 -0.0123068624652 -0.49003376992 -0.0551117303054 -0.0187918285667 0.110620274309 -0.00179652769243 0.00633821281807 -0.0587178933644 -0.109553571642 0.153756821073 6.31292978128e-05 0.0113523926241 -0.0473220878883 0.22766520505 -0.00837230775153 -0.00354897539789 -0.350560306729 0.0622214049553 -0.0151914483322 -0.00264070515753 -0.011374882195 0.0200133869653
-0.69719060071 0.0500756416457 -0.192215293653 -0.00403115315266 0.23264548408 0.0424365446234 0.00682038003605 -0.535555549438 0.0454445448298 -0.120670920365 -0.0798102348436 -0.0112916144875 -0.0179116100449 -0.0569843772851 -0.0545768867575 0.10305102398 -2.52017787761e-05 -0.0170062967367 -0.202264489809 -0.207608725035 -0.00414773253266 0.010825908292 0.0323083982345 0.060025522928 -0.0171153292808 -0.0235617211621 -0.0202978445359 -0.0321048508153
-0.696098099392 -0.0538763499565 0.189834853335 -0.0175139136395 -0.250449672883 -0.0356190353005 -0.00697384643098 -0.52094170873 0.0462291547736 -0.12281177662 -0.0753202293112 -0.00715569804835 -0.00800541094341 -0.0369779240914 -0.0396219402295 0.0877055554959 -0.000685824425296 0.00411982288699 -0.256931112624 -0.18364068611 -0.00629997728338 0.00382997201486 -0.0336995534578 0.0560191499677 -0.00653344891664 -0.0256979768049 -0.043058492902 0.0223624335669
-0.398353495589 -0.0437395455568 -0.0416698329802 -0.0281421477885 -0.0289828751735 0.00536822552946 0.0020571820989 -0.459604028729 -0.0679164165484 0.0145687312444 -0.0553723195629 0.00280047008861 0.0100809012949 0.00188082180659 -0.0774879103131 0.0694716082447 -0.0112171982494 0.000674547275533 -0.494586553305 -0.0453052804442 0.00201159661271 0.00580814397675 -0.593340668448 0.0216065805421 -0.010329870523 0.042191285665 0.0106911298772 -0.0676447300989
-0.544273029248 -0.0630802764507 0.0168499715605 0.0335831726565 0.0672358087325 -0.00248627456856 -0.00210368011984 -0.621597986762 -0.0255726571328 0.107270540322 -0.0199339123346 -0.0172039421481 -0.00192379546034 -0.180239813578 0.0244645681654 0.0703045743921 0.0459775762684 0.0244941896735 0.0298851005643 0.234326306779 0.00745149657077 -0.000349925224104 -0.441527164741 0.0415030242539 -0.00841268175363 -0.0158137296486 0.00811911633145 0.0307909157812
-0.557129690411 0.0719211521251 -0.0143888404108 -0.0300441905976 -0.0983016245145 0.00868876024699 0.00311092415319 -0.595861889904 -0.0347744515945 0.0861217630777 0.00291206349016 -0.0222852845188 0.00877085300307 -0.205813437833 -0.00286207930794 0.0547608484517 0.0597266234027 0.0103625623807 0.0509403888218 0.230594033395 -0.0168442085194 -0.00861484680735 -0.448150015687 0.033933371256 -0.00928996347232 -0.0372078698603 0.016262448081 0.0205859524714
-0.336383512301 0.0360224249052 0.0332430309418 -0.00887822108215 0.00592214647975 -0.00283118425596 -0.014337725871 -0.384602170008 -0.0595641428268 0.0259285148151 -0.0156915513971 0.00141958543048 0.000200466080997 -5.97524163547e-06 -0.0717298835714 0.0726607347124 -0.0125821242724 0.00578011735982 -0.694044423583 -0.0876328229692 -0.0104039256935 -0.00152177242381 -0.480036835582 0.0145331797775 -0.00346990482424 0.0274246626536 -0.00728387876276 -0.0126751786309
-0.403142056468 -0.0131701247415 -0.0427890412124 -0.0334385959934 -0.0176541181146 0.00479514724121 0.0028711646955 -0.393459287761 -0.0204672675414 0.00636594373371 -0.0276178542739 0.00485818875249 0.0136194932385 0.00168845881386 -0.0829396430031 0.0649377992422 -0.00830162175404 0.000418333508201 -0.547094022829 -0.0558776697225 -0.00206081835162 0.00272730831691 -0.599910974137 0.017082343436 -0.00333887108983 0.0406280780572 -0.00332140358604 -0.0479383123114
-0.616799216032 -0.0271638818704 0.0169727256636 0.0427984330889 0.0711447863396 0.00309218822939 0.0080140272483 -0.666127085678 -0.00541040326233 -0.0860102724161 0.0845668716148 -0.0141949468198 -0.0175718065345 -0.282000910579 -0.0263009562527 0.198173180724 0.0600161393086 0.0177614490523 0.0715679577073 0.0548949876609 0.00287520213487 0.0144266451362 0.0390209544541 0.0492474842066 -0.0247280247524 -0.123025937702 -0.0130494419008 0.0335910613764
-0.644286433975 0.0334635390903 -0.0205627751225 -0.0501704592308 -0.0841113861696 0.0106375286669 0.00317628935343 -0.609853682029 0.0293659775083 -0.0660561932035 0.0698513934951 0.00181428376211 0.0181485323135 -0.33981680627 -0.0380635840742 0.185066529448 0.0871126716416 -0.00176554363603 0.0162125645652 0.103337246285 -0.0122884346851 0.00685030634327 -0.0239559833705 0.0480546059241 -0.00852688426804 -0.130804725411 0.00185183514136 0.0361105119756
-0.364612469881 0.0113323425831 0.036715051387 -0.00532382346076 -0.00391226348969 -0.00150431669332 -0.00948199674042 -0.366235294646 -0.0126834261756 0.0022176615616 -0.0607024329155 0.00748203021757 0.016154090321 0.0111124131021 -0.0700280215638 0.0527773640397 -0.0108089016367 0.00149280468175 -0.679353947503 -0.0879806338207 -0.0119934003803 -0.00283516550239 -0.498491257814 0.0138680613676 -0.0028097122877 0.0267318695535 -0.0195312594933 -0.00370373311714
-0.40195485779 0.0126346337932 -0.0431736652737 -0.0251099729204 -0.0270055945807 0.00528946827719 -0.00403906605981 -0.391796389836 0.0204800813514 -0.0272040568606 0.0216512847455 0.0100085336868 -0.00182203880291 0.00147326101624 -0.0857866914125 0.056446673779 -0.0101989436955 0.00530188896503 -0.574995427194 -0.0621425053267 -0.00345543858991 0.0085284953583 -0.574578680022 0.017357488721 -0.00755211376266 0.0448741006946 -0.000696391456201 -0.0448249610664
-0.620672165443 0.0184905459859 0.0242032152773 0.00717848542176 0.0798445739405 0.00046944682464 0.00274389406712 -0.65202545465 -0.0387901231912 -0.109018106741 -0.00268377044787 -0.0115745761308 -0.0161035390609 -0.312862538143 -0.008298438961 0.182758917805 0.0543869824293 0.0111461575024 0.0401198149525 -0.0305967117478 -0.00859652861074 0.0158887782858 0.103753637516 0.0450841327611 -0.0255502087381 -0.128175969441 -0.00175272636129 0.0358791277248
-0.639383128453 -0.0427807861755 -0.0175671058805 -0.00959687144742 -0.0991658872468 0.0143027855424 0.00300213870856 -0.627218417819 -0.00441601428483 -0.1087068967 -0.0264056600843 0.00336290693842 0.0132661644237 -0.341467597884 0.0103003148473 0.165823160737 0.0771886635454 -0.00244407011921 -0.00291985847339 -0.0144625943059 -0.00980348349816 0.00452599420045 0.0705125578197 0.0336499672329 -0.00727873349956 -0.119295707425 0.00996232603333 0.0423880459192
-0.367210401633 -0.0123780646178 0.0393533951177 -0.00338150049749 0.00272360156438 -0.00133648934751 -0.0117819671324 -0.360025788002 0.026931052212 0.00157851209635 -0.0157569545208 0.0137395783268 0.0106238422959 0.010732264615 -0.0729979948984 0.0452275682227 -0.0120007258834 0.0136366492762 -0.714137575631 -0.101596835661 -0.0105994852958 -0.00214442066142 -0.45010472653 0.0134425942986 0.000610804154531 0.032819387842 -0.0168342514689 -0.00350882996521
-0.405292902515 0.0598968299344 -0.0559394768304 -0.0366612155065 -0.0172796556106 0.00216070125365 -0.00973757596261 -0.469683704322 0.0763453931945 -0.0160406854054 0.0382459106151 -0.0137817379809 -0.00777605260018 0.002394916852 -0.0821736005247 0.0713961070071 -0.00649855020108 -0.0192023009846 -0.495406665271 -0.0379003926233 0.00897316923609 0.00793167722068 -0.576383331909 0.00987221928175 -0.0136973399007 -0.0121744408205 -0.0188347149893 -0.0812207509005
-0.534231091537 0.085680468028 -0.0217843362125 -0.082612121984 0.0228146870708 -0.00837759244774 0.00133903533309 -0.546826155343 0.0166161147274 0.0986216758589 -0.0126270786931 0.0157819069795 0.00117442705985 -0.230507792942 -0.0925252448412 0.0643667489791 0.0403826958588 0.00111902898181 -0.409031029601 -0.379941828442 -0.0162974151252 -0.00562436964557 -0.0676542904151 0.00784345284603 -0.0116871642806 -0.0693026150726 -0.0117575800167 0.028063292992
-0.534773932223 -0.0745072703099 0.0137727834378 0.0323066259357 -0.0633289608729 0.0116260686377 -5.24581477551e-05 -0.528419769404 0.0101226903346 -0.00845067374979 -0.0817825799355 0.0180977700892 -0.0060023191681 -0.216345119641 -0.0771522973849 0.0608466219266 0.0435965348671 -0.00700372212967 -0.421481350973 -0.398126645689 -0.00620500848653 0.00138630736883 -0.136778410495 0.0108514042148 -0.000993114303022 -0.0454813342603 -0.011139421292 0.0318102550859
-0.351974665304 -0.0525255822928 0.0410395444549 -0.007521867608 0.0166445647486 -0.00156689538385 -0.00519917254586 -0.410099952194 0.0637308412497 -0.0104690800125 0.0434717961605 -0.01360909614 -0.00134995722586 0.015649928242 -0.0714873101408 0.0517681766697 -0.00869140686508 -0.00349618575254 -0.673201752251 -0.0934632022069 -0.0119766859768 -0.00295632736262 -0.472739441323 0.0188053570719 -0.00445432229853 -0.0273317314196 -0.0386986695961 -0.0237832183905