-0.186816579971 -0.118770488883 0.104859935806 0.104119403195 0.530068026019 0.0635800353007 0.0246978683352 -0.13814640466 -0.209110559012 -0.0546906302512 0.40684957465 0.0857300507365 0.0102268973101 -0.0674792515979 -0.0609113413972 -0.197545789577 -0.0150104310334 0.022093778499 -0.108112541081 0.381635408837 0.0127781619577 0.0265608204943 -0.417537593884 0.151790632634 0.0173057695798 -0.0277633918053 -0.00966368448168 -0.00167947898147
-0.429389637365 -0.0355329289318 -0.0119707226568 0.0327880540109 0.197657358237 0.0335098902605 -0.00369556414632 -0.312589249858 -0.0713701386134 0.0216154006964 0.0335260500179 0.00279864704981 0.00924725029283 -0.206365676768 -0.0970905115431 0.0197147796029 0.0162735248186 -0.0152342224386 -0.401028925612 0.462307193755 0.0509872729872 0.00519323421707 -0.461536073268 0.0737542658314 0.00786885342146 -0.1395201222 -0.00499362904699 0.0190415514013
-0.425202703899 0.0360585015939 0.126822475147 -0.024628657617 0.0475295518799 -0.0847866334257 0.00621927793069 -0.386699492926 -0.0801970483575 0.0420935807418 0.0787520245392 0.0158352639115 0.0201168978743 -0.0753109509578 -0.116888513163 0.0606485434377 -0.0253541259998 0.0105987737722 -0.302038869034 0.295827426576 -0.00830727879141 -0.0143341438672 -0.650374501308 0.0156552181616 0.00272443971114 -0.0270674518149 0.00268843285024 -0.0191020687743
-0.557981052316 -0.00188739783314 -0.174305885242 0.0694361299981 0.110098913248 0.0807569676357 0.00456720086062 -0.467534611232 0.0883688930205 -0.024404797587 0.166855114034 0.0153051261317 0.0246902114089 -0.0652702873631 -0.0896561343304 -0.0337792183967 0.0105189210044 0.0144984841868 -0.298624650169 0.308535108261 -0.00453576854773 0.0268008911648 -0.417985125759 0.0440692728027 0.0242650562261 -0.048734318925 -0.0147145976722 -0.0200949387416
-0.582970179999 0.0474646761548 0.111913414965 -0.0121983326802 -0.0248153297744 -0.026512280071 0.0141455097973 -0.683556918894 -0.0917161642383 0.0159219796194 0.211135301029 0.0357350259099 -0.028100006891 -0.0574938694583 -0.0478058028273 -0.224461765092 0.0626160505615 0.0269557515526 0.169989678936 -0.00609393291797 -0.00717390510854 0.0222787536748 -0.111478141499 0.0372409128007 0.00332701920035 0.131071718919 -0.000591187542099 0.00567494564971
-0.374233295941 0.0283499882985 0.077158677136 -0.022366641171 0.077018060153 0.0221240870536 0.00106408309083 -0.325975579999 0.0444304299075 -0.0496805640928 -0.0296858456996 -0.03238324989 0.00823460034525 -0.588085063872 0.121654648608 0.164691489791 0.0100745687955 0.00201475920806 -0.326242805742 0.182706824288 0.0197830032024 -0.0043131116001 -0.302428956221 0.0553311147399 -0.00270156632649 -0.332746571808 -0.00625341260831 0.013387175411
-0.462883581503 -0.0203583278664 -0.00798487381911 -0.0202797254957 0.056141976003 0.0134262469831 -0.0094450489594 -0.503445092302 -0.0247244997593 0.0491576798765 0.0371961823159 0.0266252439421 -0.0124440300782 -0.26416995693 0.0357204696805 0.0570051678881 -0.0187700241443 -0.0178569296096 -0.340021121253 0.371324522205 0.0482808044776 -0.000671726110127 -0.431586375788 0.0547240616632 0.00626662343834 -0.0505652027482 0.0049981506803 -0.00173180408456
-0.47413776341 0.00674998861049 0.0142569558452 0.000619960863475 0.0102190047258 -0.00906935197139 0.0107870894797 -0.515656718976 -0.0611257589089 0.0149248782593 0.019046329922 0.0332824611126 0.0154493493679 -0.144645321174 -0.00892480031289 0.0593845443075 -0.0220670296133 -0.00422491381421 -0.371879307128 0.301826904169 0.000725623992232 -0.000369628167958 -0.496436908415 0.0206202106151 0.0106004872652 0.0406274439313 -0.00235907287262 0.000262348668275
-0.320867688252 0.026175517796 0.00974448329853 0.0103911767497 0.0648749884572 -0.024808062029 -0.00509825061042 -0.310791507841 -0.00931550258936 -0.0232246930661 -0.0258090327786 0.0378487975415 -0.0130557600727 -0.603068732383 0.151195518525 0.125442244612 -0.0230057732089 -0.00357675168483 -0.325344748584 0.206040911571 -0.0232994555416 -0.0100876764797 -0.404046789676 -0.0130991164503 -0.0037408415602 -0.276513347308 -0.00932498971784 -0.0075208957512
-0.301146562662 -0.0287211424525 0.0834944809608 0.00690903459838 0.0896437136184 0.00747742128899 0.000770595300833 -0.249046891406 0.0450099451841 -0.0173659151585 0.0417772639829 -0.0105907810495 -0.0023996063562 -0.588465169426 0.0489427484836 0.103671017048 0.0275237139053 0.000158302206153 -0.377635859267 0.0551391212491 0.044325279638 -0.000947121798176 -0.356320264006 0.0440031612586 -0.00211000272538 -0.43612318709 -0.00385954719993 0.0151426961499
-0.575710706791 0.00868972124182 -0.0254628570031 0.0492260634201 0.123603165915 0.0177604754681 0.00929948741916 -0.470951441695 -0.020219334249 -0.0292358064904 -0.00467550403729 -0.00455244359964 0.0130851989618 -0.0558664791461 -0.11713330573 -0.0164925014214 0.0291587323294 -0.00360497741762 -0.397350926492 0.231449557177 -0.00217187177514 0.00516041752423 -0.442554797877 0.0227515027312 0.0143422019284 0.0161033418476 -0.0122791253289 0.0022688252797
-0.58997947139 0.00787842633401 0.0345334019808 0.00131865153192 -0.019946656958 -0.0327997410951 -0.00203786446432 -0.578814316941 -0.0183993286886 -0.00772574074179 0.0446228033353 0.00288338701785 -0.00108296899457 0.0471258904935 -0.0858274035419 0.0497637569953 0.0419986977472 0.0108220189858 -0.0706310301608 0.159547875735 -0.015195862734 -0.0199070743995 -0.498998153154 0.0180207034262 -0.00477325119507 0.128550823668 0.0197768156222 0.0220424521592
-0.261430198208 -0.00681126662329 -0.0160099508518 -0.0251303331027 0.0251165383535 -0.0321353757601 0.00279433917988 -0.272325385383 -0.0584060265921 -0.0301818572863 -0.00636890882111 -0.0165110500385 0.0127033156443 -0.588804821301 0.109481927104 0.0738622936701 -0.0188158833594 -0.00122880890931 -0.397482798458 0.0899422047829 -0.0336838124692 0.00171714715158 -0.47061732701 -0.0404538950113 0.000403972467742 -0.305639801128 -0.00848324845112 -0.0421601354838
-0.314716622608 -0.0456586833665 0.0499147482113 -0.0174633704674 0.0392491392527 0.00298919322752 0.00773808851618 -0.433917471936 0.0199754735605 0.0261568339457 0.0918416237201 0.0131672844305 -0.0071730552101 -0.600304166771 0.10834819818 0.139945313827 0.00686632454976 0.00144788053704 -0.237038879425 0.256003847856 0.0247796222807 0.00399391589519 -0.325786821459 0.0207548668332 0.00672385570228 -0.274214908955 -0.0229663906274 -0.00276542169017
-0.553368362959 -0.01075674083 -0.0464147109227 0.0408763071381 0.0528077591689 0.0294069323852 -0.00231334908619 -0.501986116371 0.0167672013901 0.0314832444785 0.0168040468842 0.00563280414041 0.0025119803754 -0.0182070360817 -0.115117357264 0.0215409322579 0.0380550468291 0.0082632040788 -0.338736554282 0.261066102443 -0.0135055964661 0.00310510432942 -0.476970803993 0.0146793416974 0.00152243982556 0.0782491887295 -0.00159598152375 -0.01012636452
-0.567443268864 -0.0142220001307 0.0360094730663 -0.0136681887609 0.0189351036794 -0.0200670942395 0.00113888465408 -0.586631356546 0.00170185003642 -0.0420295191586 -0.0074415517175 0.00611849977649 0.00214264101328 0.0196618843636 -0.0422095260979 0.0121449885744 0.0530094546175 0.0119645704983 0.323996214989 -0.0626908211369 -0.0187508040791 0.0226609233319 -0.423578344928 0.0180128734862 0.00415241479339 0.184032236447 0.0148991196299 0.0258624226092
-0.497105013542 0.00302425635161 0.0448517080596 0.00361196239203 0.0212960535431 -0.0242147755211 0.00747516041915 -0.604159306927 -0.0194086352885 0.0507832769236 0.0781915844081 0.0265149144721 -0.020659641194 -0.289123925887 0.157059719264 -0.240871411746 -0.00855487028649 0.000430678484061 -0.331128606693 0.235650410572 0.0396941112607 0.00340749777521 -0.158089804695 0.0483907896596 0.00540836610846 -0.111535396118 -0.00584146469311 -0.039927531903
-0.321166443503 0.000557733493314 0.0492873518293 -0.0265065856845 -0.02009959842 -0.00144977379908 -0.00232094681851 -0.33373726169 -0.0659532685136 -0.0365780768558 0.0194638357805 0.0154927218603 -0.00872464758139 -0.60622249863 0.074605498524 0.0748787292916 0.00382290742542 -5.48539904676e-05 -0.27285687751 0.190764874761 0.0162084860941 0.0130384504167 -0.445491540693 0.00467329550978 0.00263326817879 -0.29245747944 -0.0201545117076 -0.0338837483157
-0.637857941726 0.0153088762134 -0.0634703137103 -0.0010230475707 0.0648131197981 0.0425911172594 -0.00280642064055 -0.660568593432 0.0829107496761 -0.0435316216803 0.105575004076 -0.0102198569685 -0.00380901398362 0.00782172567805 -0.0624416427952 -0.0779858586062 0.0050244529486 0.0166147213046 -0.258391314582 0.0436192622136 -0.0376221412768 0.0105396074065 -0.197565090142 0.00433621633884 0.0104576698574 0.0804562029288 -0.00987343344175 -0.0140135019932
-0.638651044576 0.00168922420448 0.104578811969 -0.0644613452922 0.025730372359 -0.00752191966592 0.00277112698927 -0.629558952089 -0.0284969532893 -0.0516623283367 0.0613930360155 -0.0101609941682 0.00499833133245 -0.0882976507642 0.0614217770912 -0.0846131868181 0.0595147472954 0.00126732885354 -0.378300314357 -0.0685216196165 0.00534425580273 0.00924102722933 0.0253680642206 -0.00486440845964 0.0111745763295 0.0314589795925 0.0087269316773 0.023032505613
-0.541288780776 0.00546560686224 -0.0065339337294 -0.024877592878 0.022304474896 0.025720672861 0.00144778915929 -0.549535068121 0.00592228093949 0.0319663381198 -0.0434327165096 0.00783167010592 -0.0128750308784 -0.11794661659 0.0868259827345 -0.16600892853 0.0380856119065 0.00655882926876 -0.498528285431 0.0383159329878 0.0217067938597 -0.00146852164519 -0.31302438486 -0.0269816919028 0.00519160462251 0.000830270014639 -0.012176292339 -0.0114850627894