-0.000732665048771 0.0020948475099 0.0125918265452 0.0177331484997 -0.0060776685333 -0.00205906873507 0.00834464124207 -0.0258993253535 -0.104433510105 -0.0335166247076 0.00546711978969 0.0743550119548 -0.00596290464834 -0.327557702685 -0.236985066102 0.340594126691 -0.0664381154499 0.00787914894742 -0.434936421311 -0.486151092787 -0.0174435664758 0.0011455365141 -0.519979659785 0.025729173182 0.00278512958911 -0.017161153014 -0.00433492543439 -0.000380390078924
-0.384211269619 -0.0227512837844 -0.042956059044 0.0612935496153 -0.0473441853695 -0.0373338324212 0.0167165507937 -0.348279865213 -0.0782762994867 -0.00359508143631 -0.0129373769408 0.0385072945125 -0.0182920454926 -0.281988672871 -0.231485898128 0.298775698192 -0.0518165498186 0.00270021780662 -0.279282501366 -0.466466160175 -0.046099055602 0.0040932287798 -0.42719664916 0.0322723416085 -0.00570857852751 -0.0808000655916 -0.00196470630885 -0.0051112473521
-0.294248556081 0.0227503162846 0.0556938033938 -0.0332284798785 0.0274147424423 -0.0388737595319 0.00136542116723 -0.275472200237 -0.0345386471705 0.0295390198906 -0.0107040696067 0.0238526084804 -0.0190376090896 -0.419331187608 -0.285130712193 0.215033556795 -0.0656765050067 0.00281974800855 -0.473156591528 -0.347552027298 -0.0179197301851 -0.0010781270221 -0.340893438425 0.00535496108086 0.00167657511675 -0.241806324597 -0.00406358805329 -0.00398492845801
-0.358402339317 0.0192496366174 -0.0873637405794 0.0399527321022 -0.0244646856376 0.0594764570544 0.00345204877093 -0.314764704187 0.0316807822663 -0.021701504083 0.0267860149464 0.00930457280418 0.00672119685798 -0.285067688912 -0.15517502987 0.275623457081 -0.0474685314744 0.010169158137 -0.439163600809 -0.362583688538 -0.020796569219 -0.00370625126637 -0.488002487294 0.0226279640167 0.005994452986 -0.0953709566578 -0.0118372487208 -0.00491921072492
-0.339635827078 0.0045710993022 0.0402740522705 0.00796881940468 -0.0194428475156 -0.00447974923947 -0.00218731007015 -0.359370275346 -0.0436009255711 0.0431925603596 -0.00246481935891 0.0443183550538 0.00324505635987 -0.25756619538 -0.17324185331 0.286570347427 -0.0184802941944 0.00702371561968 -0.441678211243 -0.359987160489 0.00979238273921 -0.00197647009812 -0.473221102337 0.0217142020175 0.00762707184469 0.139322255625 0.00257665195997 0.0110434772253
-0.29729893383 0.000772517112681 0.0265270089057 0.029664126254 -0.0171804481931 -0.0266501105856 0.00250940668679 -0.284737180638 -0.0163205034904 -0.0079140357893 0.00311975188854 -0.00920760842487 -0.0059840386711 -0.267844225875 -0.00165735063035 0.138226397628 -0.0493708688219 0.00170542649039 -0.491034339611 -0.16970449687 -0.00260990886935 0.00169681403517 -0.677124879953 -0.00583721739903 -0.000426747198876 -0.074301281584 -0.0146818751042 8.10757566683e-05
-0.546824685411 -0.0414064574074 -0.0157057229616 0.0254785672601 -0.0340301144445 -0.0024708386266 0.00373123761866 -0.534135086211 -0.0353970343936 0.0155525584362 -0.0116198157651 0.0159953515928 -0.0242917436191 -0.276695368578 -0.222043352933 0.227291779762 -0.0632151045721 0.00104708735528 -0.136286109849 -0.370172482067 -0.0341159234361 -0.000725179180887 -0.250571466565 0.022926855709 -0.00257103104541 -0.0859982098332 0.0133557075046 -0.0154122159468
-0.324980313823 0.00772221956718 0.0237978547381 -0.00703426913639 0.00689877192324 -0.0260456113876 -0.00170769602427 -0.324023813852 -0.0156908999779 -0.00249720710009 -0.000759433425674 0.023075668821 -0.0130111894764 -0.394949327027 -0.0868938323391 0.205410585282 -0.0489679791473 0.00721888942621 -0.487469735785 -0.24995764338 0.00508115739296 0.00012330811396 -0.503070218391 0.00101252769169 0.00355089193131 -0.159901441242 -0.0078552584295 -0.00184027649231
-0.202363130206 0.0011330398731 0.0139814380288 0.00723935834782 0.00228235254397 0.00101738601388 0.000463988807222 -0.207102961368 -0.023292526417 -0.00928662516257 -0.00156839771136 -0.0166405771119 -0.00836273843877 -0.483592889168 0.00320313474366 0.0185402821188 -0.0234174183237 0.00186210916807 -0.560587799722 -0.0392189334354 0.000746759534199 0.00038495773226 -0.521775227057 -0.00470654143036 0.000172269772159 -0.303238555031 -0.00784578178994 -0.00846296887897
-0.280586366127 0.00391245377498 0.0349612559315 0.0441723032383 -0.0257405181866 -0.0274582180173 -0.00173405435276 -0.258576680549 -0.000819293727881 0.00565868391618 -0.0121052223289 0.01142590642 -0.00198680397666 -0.220676210297 0.0319229058605 0.122862251157 -0.0337543888008 0.000210043993846 -0.567363703041 -0.108263308432 -0.000360127425776 0.000250709286799 -0.668166979319 -0.00417547250076 0.000305005600733 -0.0572068962348 -0.0120692102303 0.00548636994774
-0.568173005819 0.00303281109887 -0.000893123490614 -0.0160184654089 -0.0418034622359 -0.0176678279051 -0.00146918251687 -0.569887775215 -0.0419330517447 -0.0170354568152 0.0142838813464 0.0157516363226 -0.00897294097105 -0.175640575472 -0.202045605993 0.237338453723 0.00201223889046 0.0062420304087 -0.160161391777 -0.360084837192 -0.0492555227311 0.00262508875323 -0.240519695021 0.0438858040031 -0.0120139956632 -0.00313409068589 0.0318217066804 -0.0276562676331
-0.62224837545 0.0412426066582 0.0708103085718 -0.0322976871407 0.00854015116632 -0.0287865892501 0.000653161130085 -0.514582919107 -0.0341112724292 0.0302099911408 0.0288160283024 0.00413472144815 -0.000274101245261 -0.202127669137 -0.277512706581 0.189531075046 -0.050315879376 -0.00261966641294 -0.246608075508 -0.324580448083 -0.0220423153082 -0.00267139117124 -0.0992157251277 0.0126580826203 -0.0021847026246 -0.0573164875569 0.00344785995491 0.0114493057465
-0.206086024424 4.55755231494e-05 0.0032406620653 -0.00844673648813 0.00902179319709 -0.00631537154456 -0.000733124975493 -0.206910101995 0.00345950774257 0.00316647336143 -0.00110093846058 0.00160711276452 -0.00287671406763 -0.40382345829 0.00537243720387 0.0543257251792 -0.0457960640389 -0.000392978138801 -0.585683332039 -0.0535746706977 -0.00691603265509 0.000421126587311 -0.593307055492 -0.0059600677768 -0.000326504452226 -0.219821789622 0.000819264918476 -0.00369616782051
-0.275447301705 -0.00339699891151 0.0125212806612 0.0263402711746 0.00941870344735 -0.00300559144084 0.00668687202056 -0.281811608402 0.0333227928305 0.00393471651635 -0.00269082779497 0.00209702623483 -0.00443597490199 -0.186065440971 0.0174052211359 0.146716737786 -0.0167915363705 0.00578935021981 -0.596276867623 -0.139399436415 0.00184217172479 0.00248190878786 -0.633831150263 -0.00362350950535 -0.000290076897764 -0.0948105382156 -0.00712412734076 -0.00135944852824
-0.558439028693 0.00700381931646 -0.0120384178071 0.0290907569043 0.00313361489597 0.0213984806978 0.003315701232 -0.572638769667 -0.0264982356286 -0.0312890587914 0.0346461392562 0.0124410344586 -0.00962763113699 -0.231802258495 -0.195804102699 0.242812514358 -0.000568066630304 0.00397618022447 -0.228954224352 -0.305288898249 -0.042544732583 -0.00462045520164 -0.231791743515 0.0452473955331 0.00689815598726 -0.0348022510814 0.00560967046767 -0.00440709355281
-0.485215879112 -0.00309380387405 -0.00422844087592 -0.00607747889537 0.0171348452813 -0.000879548224477 0.00364156010088 -0.496238135735 -0.0354679398656 -0.00286967452951 0.0476922911191 -0.00544688644506 0.0046987427915 -0.203894712261 -0.110239475051 0.22500789116 -0.00382079063877 0.0050684335843 -0.36379368874 -0.258692340096 -0.0117892728187 -0.00244073351146 -0.454139655209 0.0147482930138 0.0026362126418 0.0632147808974 0.0071579767472 0.00519048928434
-0.49243362055 0.0208001156735 0.0636411545124 0.0337509923271 -0.0281064231217 -0.0261897392877 0.00411334210766 -0.493734717316 -0.0614554895845 0.00431735121573 0.000284377500994 0.0110718575319 -0.00187567337428 -0.239216023467 -0.120944732645 0.196198786506 -0.0668971856637 0.0162939060648 -0.453593627071 -0.244815432406 -0.0133587031147 -0.00213389119772 -0.345790618417 0.0123849447623 0.0108065393828 -0.0417288662277 0.0128137964989 0.000758432363244
-0.315267294898 -0.011522489996 -0.0651003250515 -0.0103878764371 -0.00568235360452 -0.0052774224077 -0.00137511507687 -0.312175079545 -0.0269770815121 0.0061665049038 -0.00880252594376 0.0358877075163 0.00223377033924 -0.281240918095 0.0078079405203 0.114151672828 -0.0491712394928 -0.00112814964646 -0.587691643637 -0.129515622031 0.00298122796152 -0.00391065668761 -0.563295515404 -0.0111716887942 0.00254391703233 -0.146951385869 -0.0167696061017 -0.0194988765203
-0.463401484755 0.00504885669924 0.0201676680295 -0.00170677152248 0.00183608397965 0.0109669500326 0.000988601387732 -0.481110423751 -0.0280537481187 0.0310268759388 -0.014024751594 0.0102484580324 -0.00439169526574 -0.250536642123 -0.0955224600025 0.210048830971 -0.0133089078908 0.0034727515074 -0.405231936333 -0.232331847101 0.00673272089732 -0.00110562035873 -0.464544755931 0.0102669314277 0.00102683872517 -0.0238531977828 -0.00661485072166 0.0141398849736
-0.557989048874 -0.0148843676777 -0.0442260412917 0.0553620403883 -0.00197989281204 0.0240047857351 -0.0117926055749 -0.525666711137 0.0128313765445 0.00939640950995 -0.0101799846519 0.042424810076 -0.00753282221283 -0.221169133379 -0.157630983818 0.213953750454 0.00677539948808 -0.00201096764251 -0.281308735826 -0.268426308371 0.0107674630203 -0.00188739126269 -0.347026997063 0.0415284336906 0.00153737787445 0.104374580608 -0.0031644750104 0.0138873726878
-0.505726067331 0.025209585 0.0232261206703 -0.0237416878119 0.00806827370224 -0.00645899421156 -0.00683987601737 -0.562617542432 0.00466858782587 0.0574764022127 -0.0295294369266 0.0417224005722 -0.00328720072902 -0.169540303369 -0.111539521819 0.216286607197 0.0016775855253 0.00378024091925 -0.329502171622 -0.286887657614 0.0263375748981 -0.000760900956612 -0.328640551935 0.00544314126617 0.00567301627149 0.179334470922 -0.000549523064392 0.00902795455127