-0.0580369523306 -0.0603377996844 0.198027461872 0.25224578891 0.176024076627 0.16005062779 0.0151471146855 -0.130524532634 -0.151442903919 0.464246386712 0.169850989224 0.325849957113 -0.00422084303632 -0.0522728268958 -0.0434039921904 0.0462496054194 0.279530561515 0.0273192877205 -0.140051012316 -0.361775322277 0.0754668414356 0.0113683440043 -0.124057901322 0.406748980304 -0.00110250758121 -0.141112727043 -0.00824235488965 -0.000435097976766
-0.531974337332 -0.125581791393 -0.143949056004 0.0543408906315 0.0743352318788 0.0407891352619 0.00367230034195 -0.67356820929 -0.243078344036 0.140169160804 0.0871547980853 0.0592948513099 -0.00960177318759 -0.0268063154382 -0.0492936935985 -0.0275586168932 -0.00166588831493 0.00719478940301 -0.233766859755 -0.14979606311 -0.0185794886865 -0.00859790003391 -0.0974423665556 0.105348234727 -0.00249991461342 -0.155557542857 -0.00516056353013 -0.0207596430012
-0.606386836742 0.0763670387797 0.103039668412 -0.107010417445 0.0182434671476 -0.0139206416746 0.00251146795427 -0.680926087178 -0.215346440059 0.11623975762 -0.00130993042444 0.000759548503078 0.00672565466766 -0.0999640496605 -0.00595386860815 0.0909006691389 0.0899623265787 0.00166482722298 0.164108439152 -0.0666447491656 -0.0385169789358 0.0015024693238 0.119735242478 0.0748223252692 0.000301919979412 -0.0299116365384 -0.0137336194209 -0.00192568352731
-0.576265017705 -0.0509284686057 0.104989178322 0.0578590425817 0.0688163680541 0.0314801896511 0.00476234799224 -0.663944810989 0.0809504271311 0.217498277961 0.0329403143977 0.0690293434888 0.000519497325431 -0.159053773856 -0.0407096539319 0.0519761368209 0.157958556153 0.00497493350855 -0.0465310434899 -0.178606788438 0.0785858704247 0.0121536559565 -0.19150576483 0.103862837369 0.0043277465306 -0.0444591975652 -0.00229991184452 0.0137647242877
-0.495066295336 -0.00366767297125 0.0275438828221 -0.08758287543 -0.0010801707367 0.00764267231023 0.00760355988068 -0.65816333462 0.234217285324 0.101036107707 0.0572860297585 0.0927272183163 0.00482972660168 -0.104134209232 -0.0379999104598 0.0258047166282 0.0690664516436 0.00425154043382 -0.419560990346 0.0132601663545 0.0417262766452 0.000698603869344 -0.157293189635 0.124595412333 0.00495919851214 0.00660111799153 0.0103428762131 0.00833907103767
-0.400632837927 -0.0409429421452 -0.0341656386506 0.0350273908769 0.0524210319583 0.0356397347744 0.00324178395348 -0.459080350646 -0.045244662333 0.115310050679 0.1061890217 0.0316807927491 -0.00451044628287 -0.451340237553 0.155406160222 -0.0309579464175 -0.0518067922212 0.00105029023864 -0.427070130913 -0.0533831097644 -0.0191277879376 -0.00277414780435 -0.3716985696 0.0330526800018 -0.00070720372207 -0.189221884521 -0.00248687787461 -0.0285847989184
-0.630142033094 -0.0670387323161 -0.0563077997859 0.0538440202229 0.0409217731483 0.0261149966823 -0.00298088578789 -0.703818353853 -0.108467106142 0.0299614761988 0.0655441161379 0.0318970005218 -0.00144347046842 -0.098921718196 0.0691213287167 -0.022565862164 -0.00775211699794 0.00533494691112 -0.212843055733 -0.0769403449746 -0.00458236676026 -0.00919097560762 -0.0136327212309 0.0369998969442 0.00240490608309 -0.0925471489501 -0.000474970952003 -0.00621896308301
-0.650308571722 0.0125664195986 0.0140304518724 -0.0173727502183 -0.0281942760345 -0.00368430096609 0.00552087754519 -0.687645478958 -0.0670337777565 0.0680114138244 0.0275127863523 0.0104044453762 0.0021009153363 -0.0451991671916 0.0479653938077 0.00919829650491 0.0534591498362 -4.35862021141e-05 -0.267745239959 -0.111202841699 0.0110944426732 -0.00826128560602 0.00298401561565 0.02554014955 -0.00563905205458 0.0206150104817 -0.0102426424723 0.00206303888673
-0.625608478589 0.0237522917898 0.0132164296064 -0.0067465282996 -0.0385949699288 -0.023162738952 -0.00126797209001 -0.672466645086 -0.0977885775053 0.0406138074819 0.0299183459553 0.0261167577814 0.00512423604289 -0.152943900437 0.135740517436 -0.0388760002686 -0.0104146527257 0.000332510923027 -0.290652658158 -0.0969817645446 -0.00499192167618 -0.00682640039037 0.0325779110989 0.0446214513508 -0.00109008040614 -0.0091450000032 -0.0125897810525 -0.00928133217003
-0.671184669516 -0.0556995742854 -0.0733506693813 0.0363754260866 0.0139381093341 -0.00677953581565 -0.00142785240082 -0.69812920603 -0.0857804632067 0.0619103020843 0.0163343824236 0.00496870161349 -0.00353803751352 -0.0456283872563 -0.0161908743641 0.0278554227439 0.0513387653367 0.00409472327756 -0.105607308478 -0.115701242501 -0.00290160789337 -0.00844286624843 -0.0900128325512 0.0220409422461 -0.0011373377957 -0.0383511821719 -0.00358262480058 -0.0108840021442
-0.650568946589 0.00604212331329 0.00460950203949 0.00217524921108 0.0112890712451 0.0137022498776 0.00887353401106 -0.672519547944 -0.0256971664487 0.031499305396 -0.029917761557 -0.019257557843 0.000555642381107 -0.164997224908 -0.0734835265608 0.114964718388 0.094164919764 -0.00313529191289 -0.157411272812 -0.0849915886228 -0.00863797148272 0.00340929880736 -0.0700160534526 0.0735469433176 -0.00233236720261 -0.154802584701 -0.00197638373716 0.00345426433452
-0.634239675595 0.0235259797719 -0.0171295246969 -0.0498584516493 -0.0151287561979 -0.00737211322778 -0.0057327158974 -0.670941126961 -0.0543254159634 0.0442749888635 -0.0327233593233 -0.0280052334179 0.00194300815979 -0.123775186963 -0.0235671852681 0.116448984082 0.080815368513 0.0014148565059 0.299406503486 0.0266799242488 -0.0290187377276 0.00547234232055 0.0593995295787 0.0413784046997 -0.00171734320311 -0.0686256672809 -0.00292069141383 -0.000178007818951
-0.648820831434 0.0376215100256 0.0351715000736 -0.0388179753191 0.0299790371088 0.0162013142772 0.00236904002294 -0.667808684782 -0.055450983319 0.0286322718408 -0.0433970083992 -0.00466961569265 0.00270075541367 -0.144183830277 0.0126742845225 0.125810783884 0.0759448259818 0.0037465555227 -0.266966009098 -0.0598873333399 0.00882064190545 -0.00564371858255 0.0462295598337 0.0292140748928 0.00391689482014 -0.0371883558176 -0.00275387015742 0.00261393541839
-0.617690982008 0.00308243985203 0.003350004405 -0.00460639381808 0.0079238665677 0.0185724612346 0.000603984623433 -0.62299240888 -0.00927499202349 0.0249284333944 0.0116003347274 -0.0307821451725 -0.00096749088981 -0.261207359127 -0.0585733288873 0.0453157059519 0.0808724833778 0.00211022727733 -0.144523072707 -0.11473616463 0.0331709978683 0.00814531534041 -0.180160208229 0.07226090805 0.00549340408253 -0.273640953905 -0.00311836945242 0.00477041111922
-0.664844271733 -0.0160904655958 0.0433022151342 0.0384577014885 0.00793289987791 0.00569271091324 0.000608694958781 -0.674023799724 0.047075426682 0.0241704352467 0.0501156204618 0.00185415814365 0.000333425702936 -0.143696856244 -0.0311665574815 0.0373024693712 0.0799600652664 0.00112865810829 -0.0599981527018 -0.150014167679 0.0391739797875 0.00240638660047 -0.124962044508 0.0789385106405 0.000383307536628 -0.12529566205 -0.000452745317393 0.00726749083996
-0.61868898942 0.0152779453964 -0.0354805288015 -0.00352176079168 0.0341136522165 -0.000201536289139 0.0015156046756 -0.738355466208 0.110202621271 0.0108933382183 0.0578271741971 0.0200350210567 -5.04409864365e-05 -0.0201437753843 -0.0266165380855 0.0548163064242 0.063074053452 -0.00319999611799 -0.156074058271 -0.0290159296252 0.0307415463927 0.00137068206874 -0.102727512489 0.0779877835597 0.000791851938683 -0.0489199822305 -0.0041449427143 0.00860954183231
-0.619560434655 -0.00831915365787 0.0407826453089 -0.0132647215585 0.0348102656914 -0.00446168933162 0.00305932646756 -0.697846813291 0.0956738935091 0.0503320053818 -0.0474578493772 -0.0265284137429 0.00158755759977 -0.0715636757023 0.0346216583729 -0.00899828234984 0.0378693646636 0.00363297339289 -0.309127071402 -0.0421617928468 0.00376540123172 -0.00111134526424 -0.0096106217977 0.0657612524592 0.00697841538252 -0.0395115551288 0.00889491791802 0.0072951254795
-0.675480185833 -0.0182482791679 0.036155405774 0.0458066427205 0.0491504847932 0.00190993893007 -0.00136180101907 -0.686405016791 0.0361012821343 0.0697992397227 -0.0255206773925 0.00735270224796 0.000577817858164 -0.109838976947 -0.0436358679954 0.0417180718517 0.116604332212 0.000403790912383 -0.0583701451721 -0.070873818589 0.0326207579496 0.00776720504155 -0.126918250798 0.0664909712562 0.00219198741878 0.00388423360472 -0.00137983725133 0.0110668946908
-0.65883431034 -0.00858472883306 0.0470558386704 0.0036059719983 0.0279992233482 0.00126876267555 0.00333197305048 -0.713707357267 0.0328101474474 0.0922759705067 -0.00382133380417 0.0349566018643 0.00077290688769 -0.00976506921725 -0.0418178944623 -0.0230708007894 0.0621666791452 0.00508407057447 -0.0593307674259 -0.120785087347 0.0117921367911 0.00862210064572 -0.0968234186673 0.0316341947076 0.00124816546635 0.0870268789586 -0.00220627667136 0.0093778212716
-0.595571360071 0.00253645330604 -0.0169437254241 0.0244062110117 -0.0242317464256 0.019635207547 0.00315374450068 -0.608626524235 0.0294927965697 -0.0400497623281 0.0149978634131 0.0340755815854 0.00250632974729 -0.249444290701 -0.14670707592 -0.090258909635 -0.0282819582554 0.00435344978462 -0.357762126662 0.053786999021 -0.00455730545893 0.0024274794264 -0.20555296879 0.0444954977815 0.002333796415 0.0348526165271 0.00488351153498 0.00550078848425
-0.495189814175 0.0148421630663 0.00268481165405 -0.0174933443158 -0.0443871077807 -0.00369231827259 0.000926591921052 -0.533160257476 0.0686526414597 0.00873682603593 0.057142522799 0.0301523516761 0.00238428991129 -0.216694714566 -0.0503207279691 -0.017833082471 -0.00422582766057 0.00351270928941 -0.545428703586 0.155773669366 0.0182047623276 0.00197798703196 -0.287935212969 0.0634354179276 -0.000124082251239 -0.00872235210673 0.0100160020863 -0.00139778909145