-0.00107126232669 -0.000309875016363 0.00322093764533 -0.0126961991292 0.00015589117973 -0.0051141096274 -0.0167372953452 -0.00497431665613 -0.0169198818499 0.0209613431017 -0.0107575886867 -0.0224952958645 -0.025249039213 -0.38800773316 -0.258951642403 0.344875773991 -0.0559461990119 0.00526538558289 -0.455100009053 -0.417117071027 0.0463437559852 -0.00939979078094 -0.523337486104 -0.0087017289465 0.00708504354946 -0.0161849925808 -0.0137592161091 -0.00318661294855
-0.304492944949 -0.0471758395786 -0.0171754879508 0.031172967774 -0.0752208537437 0.0143574892096 -0.0078981412638 -0.347774128788 -0.0447983282508 0.0396655988743 -0.099024898879 -0.0411056989484 -0.0170702253185 -0.276869685424 -0.202898202244 0.257275863433 -0.0561207614097 0.0112687195546 -0.453685241526 -0.366270339553 0.0296445699934 -0.0153956005743 -0.476526393297 0.0117383624724 0.016791502167 0.0748518283383 -0.00182927086769 0.00746139312986
-0.288153131485 0.0362818497871 0.01196794279 -0.046921441292 0.0435051922562 -0.0160341160894 -0.018105043493 -0.323016574646 -0.0484544091467 0.0696286863888 -0.0320225390872 0.002319822908 -0.0411579078505 -0.356644109004 -0.22047170324 0.313826239005 -0.0436596465601 0.0086771292446 -0.405344831046 -0.362732863719 0.0400305878801 -0.0117497101739 -0.464735705857 -0.0066091383672 0.00935966729365 -0.0667228507656 -0.011132617893 -0.0446185155683
-0.327913600075 0.0289470647271 -0.0293057413538 0.0587731871349 -0.0571946499367 0.0591291994862 -0.00582943484768 -0.267088692128 0.00551022151575 -0.0288543597166 0.0358938592454 -0.00335575619854 0.0104797285574 -0.384245532575 -0.241291723132 0.309482303679 -0.0376798386622 -0.00194172451215 -0.399121581311 -0.339897937295 0.0424793421549 -0.00269328242867 -0.469760839224 -0.0224811558359 -0.00339855326429 -0.0715324480789 -0.0139417682643 0.0264267600219
-0.3324022311 -0.0232512465434 0.0261568302492 -0.0539685539454 0.0709018192879 -0.0499753522159 -0.0010076029522 -0.26160250232 0.00527366396586 -0.00563714190179 0.0351055427189 -0.0127863981586 -0.00625338025608 -0.378713620455 -0.226740967572 0.336105405296 -0.0440615746959 0.000380513180597 -0.362245667494 -0.346648959826 0.0436929632886 -0.00232702578264 -0.490910312399 -0.0229415583153 -0.00179629907126 -0.0481678374335 -0.027607925873 -0.0162685442006
-0.393709599124 0.0191108350303 0.0105337142677 -0.0206703457654 0.059424664323 0.00455157998918 -0.00775007924461 -0.423313679486 -0.014176359261 -0.0198051305163 -0.0960288666107 -0.0278077694388 0.0279211647312 -0.203293554084 -0.0584919459662 0.0838935591296 -0.0580514935373 -0.0076051069042 -0.429431133941 -0.135622013568 0.0267635697753 0.00629742904694 -0.613827618047 -0.0171512072307 -0.00602611934581 0.115799575545 -0.017185493177 -0.0178757563976
-0.431887464233 -0.0308174427864 0.00134864878151 0.0270188003758 -0.0331501967181 -0.00685206490551 0.012298348467 -0.533514334861 -0.0145767260527 0.0966882588563 -0.0534623798137 0.01835563282 0.00908588679053 -0.208177462588 -0.088897372797 0.122216586685 -0.0823141518473 -0.00341478427667 -0.404316251261 -0.216838230833 0.0693853055357 -0.00497372722261 -0.460317696489 -0.0460565537262 -0.00624080876091 0.0943923789972 -0.00106429229622 -0.0419560264985
-0.389643368405 0.0220150838296 -0.000609943697696 -0.0222874008222 0.00458369222665 -0.00978033286076 -0.00747672354175 -0.476095713728 -0.00892743071839 0.0805703356738 -0.0440909230466 0.0267405572447 0.00443564775585 -0.331283949987 -0.142185918022 0.185619281417 -0.0569861586361 0.00200693062691 -0.413962341568 -0.160702606739 0.0984258675655 -0.0069504901661 -0.464314873117 -0.0823184788931 0.0232867838543 -0.0773967989527 0.0203892561987 -0.0848275017408
-0.293318830271 -0.0809656852463 -0.0291078636172 0.0458959252173 -0.0440306327564 -0.0259101475437 0.000100895118405 -0.445339960788 -0.0980263186808 0.0567516703037 -0.0990033858967 0.00881017518459 -0.0258253527238 -0.371106808713 -0.071007368365 0.139563570866 0.00465561456528 0.0174622390268 -0.326292268556 -0.134321041927 0.0114357691358 -0.017055100877 -0.468825056969 -0.0252160426733 0.0122901679064 -0.407803370051 0.0128688624576 -0.0747708026059
-0.227614623332 -0.00461650110471 0.0536014577546 -0.0345225946294 -0.00235125198024 -0.009002770627 0.002989916924 -0.22156485802 0.0200115584972 -0.0183920933085 0.00401854139889 -0.0206039299522 -0.00988280472685 -0.486418691164 -0.0136639375964 0.0664199555561 0.0143005682291 0.00134532268405 -0.497245900958 -0.0513117347314 0.00130034801515 0.000134153418592 -0.478157519246 0.0441822782844 0.00055026687809 -0.41423588602 0.00243777133703 0.0127124138384
-0.634123921814 -0.00166944563541 -0.0104313053598 0.0411389419575 -0.112931256595 0.0116016102055 -0.00191185652405 -0.405836433631 0.00953496731874 0.0207750927344 0.00917318176333 0.00133993225014 0.000232500817471 -0.233327607443 -0.192549732333 0.239619817112 -0.0142896042566 0.00325075711011 -0.298049173976 -0.262284623596 0.0193250690193 -0.00892860423557 -0.330981584302 -0.00125907086704 0.00343017156873 -0.0180081519695 -0.00422614526494 0.027308896915
-0.647782421998 0.0019683465776 0.0162212931578 -0.0438593142154 0.0937033269885 0.00197807949331 -0.000528509894002 -0.430389799102 0.0269929470394 0.0425570221591 0.0175172352048 -0.0273647396157 0.000733471565203 -0.221691608295 -0.15884814505 0.260830271498 -0.0104912053471 -0.0118334600759 -0.225697248575 -0.292608407856 0.013215614974 0.0022742402628 -0.31357901395 0.028742084365 -0.00711774456454 0.0124142506191 -0.0323960762304 0.0275335401172
-0.35028721829 0.015900156261 -0.0184712325012 -0.0119246110038 -0.0500538957125 -0.00742026968939 -0.00559654711029 -0.423081102631 0.00349162068296 -0.0525628800823 0.115326957325 -0.0357211003317 -0.001015568725 -0.298472382797 -0.0623278890249 0.087271055655 -0.0506811024613 -0.000166666652242 -0.502011170607 -0.0619549391306 0.0594375256319 -0.00548876988656 -0.554203489262 -0.05670997696 -0.00113881233167 -0.0581434833604 0.0105097009799 -0.0346266032643
-0.246387662864 -0.00541367601831 0.0391864191328 -0.0247503525102 -0.000351938253903 0.00926615768979 -0.00204326851424 -0.255105512878 0.0210596849907 -0.0193066005228 0.048900403549 0.0066878481021 0.0152399095328 -0.459837546974 -0.0370811466751 0.0879373258293 0.0134903339816 -0.00197882617015 -0.484038405572 -0.0328678272868 0.0109802247146 -0.000992638607513 -0.478795225405 0.00784771602369 0.00033621470838 -0.427650984933 -0.00118102601071 0.00542006080399
-0.567509183179 0.0158480570704 -0.00393379043646 0.0641561794098 -0.0475438207159 0.0258336691005 -0.00135096195453 -0.461021751714 0.00583731158182 -0.00662363874313 0.011599265965 0.017035616657 0.010185509446 -0.236480186221 -0.206050713384 0.272649479269 -0.0191678873077 -0.000569546881559 -0.288410352753 -0.2950757099 0.000483167941511 -0.00487925167817 -0.332745464785 0.000247044668885 -0.00594008572091 0.0398636953645 -0.0050593924254 0.0417667486305
-0.580200247363 -0.0360247771194 0.00622770115605 -0.0431034179758 0.0672821034615 -0.015781781943 -0.0018729528479 -0.454703147054 0.0131484153895 0.0140364600993 0.0369854387767 0.0174543839725 0.00269260627095 -0.215295581986 -0.190479482975 0.288430558208 -0.0236402705611 -0.000769161526473 -0.235002919345 -0.318332557625 0.0207257706517 0.00596088206554 -0.342015556194 0.00515264221925 5.23600936165e-05 0.0679158928093 -0.0353849025555 0.0176030729594
-0.26009372575 0.0172938720339 -0.037751961501 0.00336192304183 -0.0123244881126 -0.0011629613286 -0.00557737768951 -0.31848080461 0.0706380222427 -0.0719666996185 0.0552613385535 -0.0143001088583 0.0153962670468 -0.452808913324 -0.0335913018303 0.100698216064 -0.0167992555657 0.00539712761246 -0.397686799284 -0.0737238217449 -0.00330102506652 -0.0105496041687 -0.515512473028 0.000835061994584 0.00276498983333 -0.411091470915 -0.00867971106861 -0.0132689438306
-0.27516916615 -0.0139067647785 0.0548096443929 -0.0294971908245 0.0880695997232 0.00391931109393 0.00389659347922 -0.25382436905 0.007610765094 0.00443786183425 0.047913345796 0.0291294849071 -0.0152090842213 -0.482270554669 -0.0266839805877 0.0331345607811 0.0372025837749 -0.00600097017529 -0.468047652758 -0.022747649318 -0.0033380217775 0.00125571496397 -0.477333527066 0.00913463251438 -0.00293450885766 -0.401156608642 -0.014379405093 0.00782333381474
-0.48281530671 0.0617380751596 -0.00888666411953 0.0357543013043 -0.021096570403 0.013283313405 0.00121812565848 -0.542940945898 0.0194144432206 -0.0128793722146 0.0695351328624 -0.0225088179596 -0.0165534127288 -0.255399708767 -0.203726661287 0.255957343355 -0.029133098462 -0.00165559271038 -0.262101557194 -0.305664358254 0.0466289949839 0.00450765079188 -0.348805167289 -0.0107861075397 -0.00485444259432 0.0185706829474 -0.0202332233863 0.0131555520098
-0.505278326413 -0.0583078621749 0.0122240825596 -0.0180084017109 0.0466473357179 -0.0234281985839 -0.00176230367942 -0.515012886222 0.00994388344769 -0.00995294467788 0.0500343605399 -0.0329451044623 -0.0303524534004 -0.263454018363 -0.182048253053 0.278469750249 -0.0415355253787 -0.00148087549174 -0.256367451488 -0.288157344115 0.0400434749273 0.00325323517215 -0.364829862877 -0.0277444357881 -0.00194209871234 0.037232978313 -0.0262366795744 -0.00127668604815
-0.261117358823 -0.027218397679 -0.0317322564511 0.0468424378296 -0.0241620141088 -0.0121007374179 -0.0011917557338 -0.294635075889 -0.0354071654246 0.0725260002323 -0.0361790531796 -0.0287043097456 -0.0285933687502 -0.447032666009 -0.0623536051821 0.081350550327 0.0344634785521 -0.00324780724886 -0.353187093832 -0.0414260765056 0.0123015816834 -0.00316738077444 -0.526670152335 0.0138410111082 0.000102507250804 -0.462088355411 0.00790930855695 -0.0393435289288