-0.17047311062 0.0249834707077 0.424068581331 -0.175533966875 -0.511561898949 -0.0762974235433 0.103891719249 -0.0691709199213 -0.328363825461 -0.336103958344 0.000398253691437 0.0585259171753 -0.0132447860172 -0.128971859772 -0.243970408708 -0.175504647288 -0.0319165429291 0.0238312461365 -0.10090624555 0.28074458875 -0.10494139907 -0.0358732599727 -0.13775847903 -0.0906096855958 -0.103011142248 -0.0109545916483 -0.0656921410427 -0.0103278205127
-0.607923399199 -0.0763258404462 -0.211761361961 0.015881778171 -0.0569722303436 0.0340069009408 0.00113561055245 -0.575314990674 -0.176344821605 -0.0159173665075 -0.00105293094074 0.00290939245238 -0.00908964970833 -0.108682991063 -0.14595995267 -0.109206527313 -0.00628761738961 0.0130374261909 -0.161864342832 0.318167896052 -0.0244229488688 -0.0310704961666 -0.145833668479 0.0313945062182 -0.00831664468408 -0.125540639297 -0.0184939461963 0.00225621840051
-0.3879139366 0.0223832786307 0.0810924471496 -0.053718238723 -0.0436203400906 -0.0110592413665 0.0180870739538 -0.411333446304 -0.127372838329 -0.0608537702857 0.00714649450299 0.0207633216077 0.00554139938234 -0.174271082263 0.00613908872331 0.0303453166563 -0.0276390627875 -0.015297259428 -0.768900579644 -0.0268813627996 -0.00639809344894 -0.00818262507227 -0.117220042346 -0.0715008473657 0.0147365492436 0.00685015934362 0.0303144637168 -0.0563151977417
-0.620032614165 -0.00090712277026 -0.0135101511648 -0.0395410937114 -0.141230509423 -0.0309440902466 -0.000426446280051 -0.607885483293 0.128714664417 -0.0394024603634 -0.00364629402615 0.0336347405278 0.0186902618302 -0.0786289568274 -0.0267314428936 -0.00444583328057 0.0625674034341 0.00653927130392 0.382539604971 -0.0187973408395 -0.0539815464804 0.00302613843346 0.17146428528 -0.0272993472806 -0.0451849575243 0.0608369575377 -0.0498120779467 0.0700969414269
-0.453135275782 -0.0334032646314 0.122163891023 -0.107073822348 -0.078625938104 -0.00267233125234 0.00446512655898 -0.410208207593 0.080119851894 -0.0559849653237 0.0202202519768 -0.0353146856886 -0.0122387208283 -0.0331286880333 -0.00669132687501 0.00749671422401 -0.00213735686598 -0.00259165364261 -0.710952519407 0.00999452502696 0.000985415485083 -0.00901882653395 -0.270588994008 -0.00321536079906 -0.018917071591 -0.0107675936564 -0.0218864722439 -0.0172523325575
-0.508984402079 -0.0377288537861 0.035441142294 0.106068153362 0.0778506585022 0.0086112467194 0.000256208009167 -0.445551041716 -0.0114468551559 0.0327395044804 0.0368674607065 -0.0133686085951 0.014293177832 -0.457396454576 -0.09666440949 -0.18642566276 -0.043050116511 0.00999859007611 -0.401606315022 0.096487646555 -0.025116857263 0.00305092277759 -0.248089772176 0.0266021595153 0.00210302548039 -0.169986795243 -0.0103541697753 -0.0405552420829
-0.69875902934 0.0143512714932 0.0486354757452 -0.0418420582834 -0.087578458051 -0.033876137155 0.00667601505394 -0.574039367417 -0.0383263816124 -0.0327393415603 0.00962327082527 0.00762522335499 0.00706344103687 -0.166132943755 -0.171409482973 -0.123604917197 -0.0393884226344 0.00700495991278 -0.200866567318 0.166099666869 -0.01683992482 -0.0141646276944 -0.151500821782 -0.0243668734551 0.010384001164 0.0137029481289 -0.00757438621051 -0.0104384250052
-0.386266424076 0.00478391177834 -0.00903360095526 0.00292137578752 0.00119636381356 0.0386177405544 0.0108219790424 -0.370540710338 -0.00180309485019 0.00104487672595 0.00381137323999 -0.0079052921379 -0.00516225723235 -0.423515123498 0.0663401886015 0.0698891898719 -0.0534594484521 -0.0183159884727 -0.702473907652 -0.0423677651631 -0.0136233264506 -0.0050993973558 -0.053240894188 -0.0737070730802 0.0212563480821 -0.0282638739565 0.0316136571999 -0.11759806382
-0.340611716823 -0.00212200257823 0.00899282610292 -0.0439964575157 -0.00636320264697 -0.0216448949448 -0.00150741133956 -0.341271949106 -0.00452419936039 -0.0462844002293 -0.00230950733166 0.0120617570294 0.00370598604703 -0.576713709607 -0.000756069584073 0.088229303726 -0.0210880301233 -0.00101905751415 -0.591312428228 -0.0258794481117 0.00963307865505 -0.00100246966195 -0.22247972834 -0.0775697406042 0.00259134566746 -0.116072579031 0.0225492789743 -0.0437245362603
-0.68970596267 -0.064143714991 -0.101795159011 0.0552895099183 0.0437674538633 0.0172087316011 -0.0065446738549 -0.493077676417 -0.0669203151498 -0.00676807618523 -0.0061989151261 0.0144510938779 -0.00702885603159 -0.29332104983 -0.150664404614 -0.216335923164 0.00784552153913 0.00674538533835 -0.16315938064 0.149034186367 -0.0400969545484 -0.00999517503649 -0.145924675427 0.0539115103491 -0.00853127406238 -0.161439149498 0.00320161466384 0.00631704017118
-0.709424147074 0.000627509937584 -0.0415356645448 -0.0388931540367 -0.0679333827968 -0.0170997816541 0.0199645514573 -0.640816917308 0.018684982481 0.00455935183095 -0.0143584403503 -0.010424292428 -0.0185985479381 -0.172449489673 -0.0217498223483 0.0470425869581 0.102993441465 0.000429885386005 0.0700397024393 0.148876083663 -0.0226493255728 -0.0220934592576 -0.0393739889803 -0.00198307029364 -0.0101828115958 -0.0335472536922 -0.0165130438917 0.0483392069867
-0.610885996662 -0.0432210860038 -0.0638456877632 0.0118106495209 -0.0223198416162 -0.0168844390514 0.0136221173409 -0.631887721534 -0.0835737393684 0.0149043293521 -0.00598557880533 -0.00381645268636 -0.00897112223788 -0.0174560999355 0.0183201255603 0.0163680531903 0.0240220629854 -0.0102521334626 -0.395441520088 -0.0329093684597 0.00271950005336 -0.00582392800195 -0.229132625434 0.0181082464818 -0.00675271850804 0.0168389436456 -0.00132703639178 0.0299439538103
-0.534625677776 -0.00452709626979 0.0527583125434 -0.101452810881 -0.0255977532301 -0.0450536983766 0.00159598486813 -0.479953553708 -0.0126298404169 -0.041478530833 -0.00205283901084 0.00358558534893 -0.00268112396932 -0.310227456223 0.0242050936952 0.0546700902482 -0.0518478250501 -0.0114005894978 -0.596001733002 -0.0207155878425 -0.00392205639322 -0.00268517621597 0.0226117595491 -0.0308079511401 0.022612094716 0.0709814127968 0.0236366671871 -0.016092545238
-0.628960206311 -0.0319802210792 -0.117361827422 0.036833498349 -0.0389610424652 -0.00874987508699 -0.000107760503572 -0.590568140624 -0.0789099405303 -0.0494715275112 -0.0266004772736 0.00398958017436 -0.00291024704406 -0.222613497895 -0.0700985452575 -0.1647952729 0.0679100628271 0.00144341321077 -0.222590388558 0.126442688981 -0.0384517361292 -0.0030317230489 -0.237349354871 -0.0391895096295 0.00977351399815 -0.1254087014 -0.0182195534059 0.0345708506764
-0.62551579255 0.0159617745978 -0.080462413891 -0.00584033015838 0.0154078146364 -0.00572314044773 -0.0129494314236 -0.607432042282 0.0311040740105 -0.0222692204179 -0.0336309443042 -0.00579633035045 0.00506513321033 -0.0504011050916 -0.00692486018146 0.0398057873388 0.0556650388154 -0.00342529726612 0.457751824765 -0.045350274545 -0.0344339595967 0.00216753244629 -0.065546664466 0.0346185797807 0.00549248459449 0.00961287352355 -0.0319160967438 0.0565583516585
-0.65101267665 0.00449446666548 -0.131574591886 0.0624765018681 -0.00887018358502 0.0011781921192 0.0121434575887 -0.519028655142 0.00464239936804 -0.0308437276425 -0.0197655075516 -0.0102258193219 0.00223718461703 -0.0559148969171 0.0495736686127 0.0275232175618 0.0451790452023 -0.00490258659298 -0.46635863898 -0.00834751745956 -0.00157886295856 -0.00629231672643 -0.228261099135 -0.0100279967031 -0.0102853355271 -0.0622005421808 -0.0368166029289 0.0176908967516
-0.595767323203 0.000836860882246 0.078462541001 -0.141984119374 -0.0500299766732 0.00610787959524 -0.00125226448162 -0.499929076423 -0.0102637064123 -0.0139537527315 0.00300464236621 -0.00737965413009 -0.00129118998836 -0.16366323932 0.000838328513912 0.0247097145836 -0.0316222905123 -0.000684353329888 -0.553585763949 0.0211024598435 -0.0209476557097 0.00201152193761 -0.158446714152 -0.0284423032037 0.00230122314072 0.0619555563901 0.0133864435143 0.0151174804518
-0.632495547092 0.033596978088 0.000901186502598 0.0593661971871 -0.0465726609491 0.0197034079274 0.00579363515093 -0.665887433871 0.0584814182394 -0.0974984139403 0.0175329589814 0.0301265227617 0.000786073872949 -0.117781049781 -0.0116328697576 0.0276317394939 0.0342515764497 0.00200000563824 -0.270067818584 -0.0285279690917 -0.00683178352063 0.00645752612625 0.191545008112 -0.040456183186 -0.0362678928901 0.0630659900348 -0.0099493843113 0.0406430062952
-0.545268860542 0.0135591632533 -0.0106116005173 0.0423180323174 0.00313208962692 -0.0176509514083 -0.00870016858886 -0.631039301592 0.0931882971949 -0.0586471181947 0.0130637196816 -0.0070041548743 0.00481321870585 0.0115636171889 0.0159006500051 0.0283041115644 0.00198860070618 0.00405578224148 -0.521363014152 -0.0344192020398 -0.007090531339 -0.00913155732768 0.072159810695 -0.000347734450168 -0.0393430888676 0.0838976096114 -0.0384802078544 -0.000354741878487
-0.575936443454 -0.00718863349724 0.00477262255714 0.00344134163335 0.0144843549104 -0.0192958651961 -0.00632197663211 -0.65859136888 0.0954914866251 -0.000173853288652 0.0203710633957 -0.00984107809417 0.0096459424457 0.00860393755552 0.0160330754278 0.0262090402974 -0.00158516155306 0.01278403945 -0.459911711856 -0.0220088527164 0.0129422463316 -0.011783914735 -0.0826985483518 0.0361142444909 -0.0235750658458 0.0232830645362 -0.0366413159137 -0.00674280038414
-0.434687543812 -0.00991756907787 0.00801909593777 -0.0593591582316 -0.0985995102946 0.0164068005122 0.0141013956135 -0.408688389476 0.0219577079908 -0.0688062273461 -0.00199640446778 -0.026444973035 0.00919638653224 -0.409955454658 0.0296493160777 -0.0280068700017 -0.0491977993654 0.00879235527941 -0.531981681077 0.00998376462602 -0.00182316318303 -0.00658898279613 -0.388372175685 -0.0169696395418 -0.0105037379872 -0.110790377039 -0.00444250027736 -0.0723813178203