-0.0133465986995 -0.0280917372156 -0.119694826899 0.0266341375317 -0.00473378951121 -0.0792810944684 0.00112614059017 -0.358430104301 -0.192117320932 0.589980453954 0.375021306217 -0.0677656488257 -0.00431002794457 -0.0976934939024 0.0294322476018 -0.27942180143 -0.087912220609 0.0195362826721 -0.264337361174 0.229150789641 -0.00652473519192 -0.0140379804901 -0.234454592305 0.207146280073 0.0182391510399 -0.0380008810458 -0.0100419299255 -0.000572228506233
-0.579240739986 0.0884206833113 0.0689054691382 0.0231342205804 -0.135781783896 -0.125673600113 0.00550641092916 -0.578818934113 -0.0451996098976 0.138484631734 0.153581941174 0.0279476372132 0.00703572019549 -0.194107073288 -0.00593248413945 -0.209408831818 -0.0735177635763 0.0172307467328 -0.325282055536 0.103354190767 0.0458466105895 -0.00540933328966 -0.120839998218 0.12126118186 0.0224251579241 -0.026119182088 -0.00815228397766 0.0010950809802
-0.50746790045 -0.0950120815731 -0.11184938546 0.0504737880345 0.129754003465 0.0632014249343 -0.00453533453025 -0.438974598553 -0.0973076745644 0.076054001558 0.0742724014102 0.0161192951873 0.0153583911988 -0.044873413681 -0.0167426382605 -0.173595611222 -0.040827891066 0.0138036124637 -0.629276824057 0.0496681287436 0.00812201424105 0.00160384822055 -0.138756099623 0.121692760787 0.0179378337655 -0.127506808553 -0.003726705716 -0.0104221738874
-0.584523053377 -0.00456548620118 0.0852796720233 -0.0450955994157 0.0277739833115 0.0154438403339 0.00198089493729 -0.679259965792 0.128046287286 0.113707749217 0.0443998658418 -0.139914216732 -0.00492134295675 -0.186583742403 0.110742529899 0.0490808648485 0.0597069791176 -0.000267158982484 0.0437252930487 0.0590178415572 -0.0402060129821 -0.00177755126961 -0.253342322049 -0.00331227775312 -0.00531818927787 0.104286101147 -0.0063779224861 0.0222947884809
-0.563901224038 0.0534694722941 -0.197690770107 0.0302381510874 -0.032682400478 -0.0257374714503 0.000785749714674 -0.652640955282 0.150111693905 0.175387311011 0.0199537413823 -0.142975352048 -0.00748545972544 -0.139869728312 0.116154699535 0.0736256317242 0.0173216481604 0.00779556926565 -0.144907763165 0.00234349521288 -0.0389873288084 -0.00594611436947 -0.249109224759 0.0162616627867 0.00213857755735 -0.116018969706 -0.00257040597518 -0.0105420550392
-0.611263678794 0.0606793356841 0.0868180045011 -0.0068246529165 -0.0434461616608 -0.0429791183215 0.00456742363094 -0.543638930112 0.00551028551548 0.0672769802847 0.0493264882988 0.0229481401361 -0.00200456528357 -0.253318617593 0.0673867115087 -0.148164483985 -0.0536409000182 0.0190364474026 -0.447063101404 0.0919649309128 0.0214805823005 -0.00392688607375 -0.00530199015477 0.071411009876 0.0150752719383 0.0132730642074 -0.00242016327924 0.00557669889955
-0.224278156772 -0.00830541007685 -0.00682977277197 0.0178266137257 -0.00101374110325 -0.00230286596169 -0.00196937203503 -0.354908109562 0.0745841520989 0.043763718552 0.0736282494974 0.00863825051044 0.00379378212494 -0.59687457671 0.109536795832 0.146965599454 -0.00480773649958 0.000594891584069 -0.351850234962 0.176837229275 0.00305051862526 0.000503955210938 -0.323056006702 -0.00553565278572 0.00268794118861 -0.401127963945 -0.00640696376243 -0.00071109850402
-0.235704592443 -0.015210497759 -0.00819655888765 0.0284160786433 0.0110021633566 0.00575032887838 0.00153855961375 -0.283843715174 0.0436295044814 0.0368902052695 0.0492888006499 0.00562729808428 0.00542331533422 -0.584979930163 0.102533955786 0.14834306718 -0.00518526157838 0.00133303013824 -0.386567620004 0.168211636796 -0.000871053579588 0.00044447704977 -0.337708547446 -0.0132336933071 0.00353652237224 -0.436015190529 -0.00580674718762 -0.00116016020607
-0.559147488436 -0.0814131401118 -0.0620603729158 0.0208132578225 0.05014927498 0.0325222192163 -0.00676025246977 -0.528438856863 -0.035026705873 0.0593342579629 0.0530251065817 0.0206074055388 0.00475987601226 -0.182154316779 0.0519060968387 -0.157270379761 -0.0554132753832 0.0103326386849 -0.559298368353 0.0241802922564 0.0152071957853 -0.00238533708062 -0.0569147951943 0.0650419013986 0.0207493904762 -0.0113671778246 0.00354204016838 -0.0102363422723
-0.687573251622 0.0733421280886 0.0795194293902 -0.0278381034822 -0.031547664562 -0.0366522312827 0.00544577689967 -0.67275160504 -0.0523220931892 0.0416997297115 0.0549849165093 0.00615289870945 -0.000398757464515 -0.0820265102884 -0.0018224226876 -0.162446850631 0.00495426321328 0.0137391256016 0.0142243294683 0.0208835132966 0.0352645669905 -0.0111720891604 -0.0491169814595 0.0212082702547 0.0210993998463 0.116286035386 -0.00711954628181 0.00658870310031
-0.572364547449 -0.0281080238597 -0.0671118914143 0.0643712498923 -0.0454344840259 -0.00467181743969 0.00414651532543 -0.578667002085 -0.0426320638681 0.0396172726411 0.0713190381841 0.019775437842 -0.0108512305298 -0.0386172312717 -0.0654341688634 -0.0643209614657 -0.0411385325732 0.00744738531488 -0.40679767127 0.0850376130771 -0.00510107815419 0.000659683430286 -0.310536078514 0.0633729694216 0.00617555803535 -0.178888095236 -0.000882910162477 -0.0114560799139
-0.543740821354 -0.00484673068477 0.0601767311606 0.00490274256463 0.0480932159152 0.0125360623603 0.00379667587042 -0.56717505917 -0.0279824213716 0.0567101590016 0.0699292881472 0.0238293455021 -0.00844355390498 -0.0718999118162 -0.0573930374643 -0.0421578417316 -0.0279634144122 0.0128284834296 -0.48053491671 0.100569869832 9.62849499635e-05 0.00943676120716 -0.281148106464 0.079897225808 0.0101280383899 -0.170075401563 -0.008380936346 -0.01208181675
-0.682883319158 -0.0758777864892 -0.123333926135 0.0172573527101 0.0134627441109 -0.00680208968727 -0.000566126670941 -0.581797081508 -0.0629315778721 0.0361141156755 0.0094701437337 0.000762321418621 -0.00294884945836 -0.000766756324398 -0.0263433588144 -0.0634509212658 0.0509377522503 0.010462044419 -0.388247045871 -0.0377796553514 0.0036990507395 -0.00231478144684 -0.0755312662321 0.0408665267691 0.0109200363198 -0.0339668011951 -0.00278468865659 -0.00787509487795
-0.656763526431 -0.00386878071012 0.0236446254383 0.00582572279251 0.0319885194921 0.00447720112589 0.00363889362358 -0.682031058871 0.0472177510761 -0.00929631265762 0.013535496865 -0.058430503679 -0.00800596583927 -0.0831052735593 0.050673121195 -0.0144056962026 0.11169688437 -0.00180437956029 0.209254714092 0.0217362783112 0.0259149100728 -0.00166060689291 -0.153328017302 -0.0224108378123 0.00136069827435 0.0670681811103 0.00745392665283 0.0138045195724
-0.670104568611 0.0213711091105 -0.0115733728725 -0.017115573983 -0.0707037477358 -0.0162746595282 0.00421993196141 -0.694948003719 -0.00680104119122 0.0800983127206 0.0238082074385 -0.0134601199977 -0.00597351374404 -0.0453891445627 0.0307248391466 -0.0218538650731 0.0449234882273 0.00227749271875 0.0501858225286 0.0452074898648 -0.00575540164291 -0.00375181863238 -0.135993067483 0.00315353251683 0.00294627173005 0.160217073761 -0.00214991599837 0.0171656304335
-0.681633175376 -0.0276861502531 -0.07035213121 0.0099865389766 0.0251167033694 0.0268862667563 0.000366544170133 -0.700528533867 -0.0623651760078 0.064250197319 -0.0141024135046 -0.0185230308575 -0.0116745877781 -0.051633737573 -0.00304583853319 -0.0418695588563 0.0281884892945 0.0135755039916 0.0430472763628 0.0141396370274 0.0175958755415 -0.00658538650547 -0.0992666085866 0.015412447942 0.00125848290241 0.103736186442 -0.0033918876098 -0.00957831423279
-0.660539215245 -0.0028071903289 -0.0730886783267 -0.0165432215173 -0.023143516213 -0.0139412222113 0.00245243397933 -0.65077157487 0.0325777807569 0.0120397561133 -0.0758612545764 -0.0229535861259 -0.00469550079611 -0.17275284078 0.0428706279582 0.0993769486538 0.137016710153 -0.00233362716508 -0.0783185800964 -0.042800265096 0.0365023828156 -0.000398170834828 -0.191564627521 0.0197304399126 0.0055977793752 -0.139623039583 -0.000347835720216 0.00823733619855
-0.399290022932 -0.00472214072311 0.0305672363151 -0.00296724402528 -0.00608074724436 -0.00998053070473 -0.000641615331122 -0.40871065808 0.0268021841358 -0.0427908643435 -0.0304270547803 -0.022380010612 0.00058307995569 -0.334501608995 -0.00393985737253 0.0361652048592 0.0406200247294 -0.00190168345384 -0.442381942004 0.113955270795 -0.0807194989588 -0.000872774359876 -0.565787938412 -0.0173839417572 -0.00865394689386 -0.133544244567 -0.00667854635384 -0.000285638656742
-0.647694132957 -0.010454624957 -0.0414069958219 -0.0928165368106 0.0728322528157 0.025749981463 0.00185060564277 -0.580651459644 0.0249165941903 -0.0536113669167 -0.0100743688346 0.00451792462545 0.00165914160366 -0.213173329212 0.0744120744652 0.125820597546 -0.0313809538363 -0.00488799052374 -0.380105922251 0.0210782799119 -0.0223072985727 0.00252710611555 -0.0431387619701 0.0607301063763 -0.00378644994015 -0.0634558626408 -0.0144553746181 0.016105774626
-0.436132977508 0.0196045485643 -0.0798991905894 0.0141762164786 -0.0336138013463 -0.0259008405891 -0.00037277164891 -0.405813465247 0.0661069906067 -0.0397597400957 -0.0195170324692 0.0205223551274 0.000603347440851 -0.46018241272 -0.0504349790765 0.123887206229 -0.0248457509523 0.00076626528605 -0.551158683427 -0.0467869770475 0.0113994464518 0.00237446705183 -0.0828965349683 0.0496612579843 0.00290072431584 -0.289307471296 -0.00182600854758 -0.0123838341431
-0.300045364181 0.0121429273668 -0.0534893217036 0.0373109504915 -0.00945497700979 0.00513488852967 0.000623229107549 -0.306165184791 0.0376124852453 -0.0608824150888 -0.0254535945585 0.0159305790636 0.00214003174854 -0.490925455832 -0.0182166591539 0.0174930080415 -0.0440249170907 0.00213115092083 -0.435628961951 0.0409030663421 -0.000646772982623 -0.000528145528493 -0.475846237619 -0.00273193525547 -0.00199198820363 -0.379718839522 -0.00385215379236 -0.0037650012143