-0.0144717046203 -0.0022013333191 -0.0299266555444 0.132325923012 -0.0572136941259 0.0336941270934 0.00671109807009 -0.10791884476 -0.351052634849 -0.0706060673376 0.0226854567107 -0.0567740440898 -0.0207784395339 -0.112225997908 -0.109075273717 0.0549606771831 0.0425788005853 0.00400499279441 -0.387798160687 0.711171235406 0.0520562067087 -0.00661514287265 -0.36882236271 0.0888032724488 -0.0190979988025 -0.0174946461973 -0.00721518459155 -0.000893103962001
-0.453364319495 -0.0353194114915 -0.0706946622939 0.014882691553 -0.0188775287245 0.0991891000006 -0.00659927444292 -0.537343184933 -0.068549466792 0.0619331452093 0.137431608494 0.0705285531669 -0.0125094468641 -0.354628875266 -0.0742862179771 -0.058520190867 -0.0578738549076 -0.00420707173513 -0.333145927261 0.426456112542 0.0302314326646 -0.0107691053901 -0.14422734117 0.0574622990872 -0.0135463827851 -0.0140453750512 -0.00169954968334 0.00502393705538
-0.498157721005 0.0214951352561 -0.113915252478 -0.0174568264617 -0.0922027349147 -0.0821932203527 0.019528215291 -0.498167671054 -0.0740997970193 0.0768226553646 0.0759015405313 0.0449745450659 -0.00727494318988 -0.259537319934 -0.16022325346 -0.0110369593144 -0.0127051965805 0.00469599073192 -0.310596840073 0.452197083781 0.00190351683573 -0.0105782705037 -0.244244028108 0.0285647559597 -0.00975541694929 0.00087831845459 0.00102318124188 0.00917553340514
-0.512034360612 0.038560865034 -0.0358739027267 0.127976707278 0.0712022523904 0.0205831379286 0.00755080106031 -0.628993125789 -0.192292158089 -0.068653195185 -0.0612158385427 -0.132284359905 -0.0138064491183 -0.0457678476471 -0.0564017904463 0.0850083684396 0.0931507353216 0.00861788481741 -0.204769151245 0.355221907107 0.0663929058666 0.0022724999035 -0.214432902211 0.0343490298765 -0.00697202274945 -0.115286526796 -0.00329490721561 -0.008237020927
-0.550054540589 -0.0308362455537 -0.128578550589 -0.0741075933506 -0.122504679007 0.00929883080566 -0.0157314469701 -0.524936099537 0.0332182746107 -0.0762932465431 -0.0864111921449 -0.101236154681 -0.0157394809087 -0.0527709774412 -0.0663673438381 0.033202603223 0.0406977304901 -0.00551410658318 -0.174028243532 0.348906415969 -0.00474735482307 0.000180873073034 -0.442901701155 0.00158173346092 -0.0128037469165 -0.00556328924028 -0.0132438803947 -0.0109856312307
-0.390340267302 0.033550862845 -8.97583733759e-05 0.0083243209006 -0.0470644356862 0.00518551350894 -0.0012747378479 -0.457715838546 0.00476123167108 0.0283231741555 0.0721647769205 0.0157984919095 -0.0107676286391 -0.479699807814 -0.0132996893623 0.0307210405976 -0.0488320179494 -0.00230351414142 -0.423724880936 0.347186600503 0.0101752742759 -0.0137056941267 -0.247267401328 0.0127933934111 -0.018969648776 -0.18062770966 0.00184716458034 -0.00209418251769
-0.508707685715 -0.0160710689968 0.0148373594737 0.06144496177 0.0462434189151 0.0221550998958 -0.00598729039012 -0.424795783798 -0.032350050119 -0.0228395426944 0.0265011143778 0.0224753586001 -0.0113112860511 -0.352387117098 0.0162480575667 0.00927623011783 -0.0139026424028 0.00361696068147 -0.432627860177 0.391172522317 0.0556224759061 -0.00895944053929 -0.271522849051 0.0759855726076 -0.00616335871105 -0.0570514959127 -0.00765827211745 -0.00154896220004
-0.500924857104 -0.0447616388623 -0.0627397309406 0.0711706100426 0.0190554836294 -0.00290524847265 0.00544282866484 -0.476125262598 -0.00674660696038 0.0458466467222 0.0551059978292 0.00960455108612 0.00273177246009 -0.21288629769 -0.0846713812061 -0.0414516659741 -0.00618572744876 0.00210864282073 -0.472480573373 0.308648730745 -0.011303780697 -0.00606188089476 -0.363917678778 0.00437033706252 0.000399239372637 -0.0173365960475 0.000708325992728 -0.00390918013879
-0.52950947939 0.0748055251763 0.0359602301311 -0.0150756627707 -0.06549346812 0.00736439099248 0.000784954115912 -0.545066585126 -0.0117142473253 0.0435088654307 0.0541401738561 0.0078122620127 -0.0119098858691 -0.255418767994 -0.108279096881 -0.0101368101305 -0.0330566083172 0.0112445906362 -0.34044193666 0.390141346602 0.012881166218 -0.0120460513111 -0.213007626949 0.0509574063795 -0.00526255854938 -0.105063635119 0.0117781705888 0.00407071370474
-0.633370239727 -0.00982457859873 -0.0104945394275 0.075265047253 -0.0246277412512 0.0378088022797 -0.00169574092407 -0.63084751428 -0.0753265238126 -0.0243961510338 0.0276544719835 0.0239667914758 0.00269642666068 -0.255866961864 -0.0773975195405 -0.0571960852359 -0.0990417510039 0.000538628214722 -0.126798958699 0.216645183577 -0.00975326890606 0.000355179879616 -0.190578772066 -0.00372949410768 0.00491276527321 -0.0357398278938 0.006851326386 0.00415630204132
-0.647994125434 -0.0393891647021 -0.0399489380593 0.000630249033458 0.0528674765541 0.0411441090737 -0.0064037913984 -0.63929775235 -0.016300596872 0.0595644478168 0.00527076385941 0.0443254227337 0.00249178255129 -0.142251053379 -0.10170132263 -0.0759747424179 0.000534959996207 -0.00112769997303 -0.247666273276 0.224956110189 -0.002238634799 0.00470010886217 -0.04689958719 0.00912017916492 0.00507018366475 0.0844958796777 0.00467295287962 0.0109531003866
-0.661131935617 0.0186019636203 0.0132393785903 0.038097942718 0.0111672637022 -0.0370421391714 0.000408469245304 -0.669130995169 -0.032906692957 0.0230831968185 -0.0386324446245 0.0444998478727 0.0085093028488 -0.106919244946 -0.0943645386604 0.0302715255659 -0.00415182164632 0.00504625174684 -0.023508394788 0.235781347629 -0.0252473344327 0.00394026184507 -0.116723612951 -0.0320245595137 0.00702301201243 0.116872785693 -0.00156259404417 0.00910113234705
-0.504111260757 -0.0120924555737 -0.0504714910201 -0.0206338497898 -0.0259776862258 0.0107016623732 0.0009139067735 -0.506669822319 -0.0468828567754 -0.0214961842501 -0.0317497592818 -0.0209621559365 0.0019511478867 -0.206895174083 -0.187321333585 -0.0605889343939 -0.0292306771971 0.0010524249475 -0.438006389498 0.216001996733 -0.00523862551592 -0.00578877753818 -0.387161987632 0.0108940935735 -0.000875465068129 -0.0999241404543 0.00814287698678 0.00909715051415
-0.585722328539 0.0216579954008 -0.00644883834065 0.030687934545 -0.00415674848541 0.00554925340255 0.00414325412893 -0.695588173225 -0.00642965743826 -0.0749720241849 -0.0356208507837 -0.077362319979 -0.00689209070469 -0.091262470597 -0.0366813498662 0.0372630746467 0.00110293591998 -0.00192216129847 -0.144768031768 0.225952261938 0.0451406263526 -0.00663625271655 -0.267878792847 0.0210109416076 -0.0112586496 -0.0269781523871 -0.00656874956212 -0.0185854122009
-0.65534999441 0.0493265513672 0.0421409636536 0.0452151781627 0.0299279424137 0.0096795925363 0.00397713490911 -0.698923834025 -0.0630229401604 -0.0556499869122 -0.00474581053253 -0.0518355498926 0.00228798451056 0.0212506526658 -0.034717861136 0.017157892846 0.0399519211911 -0.00792400967865 -0.110083939095 0.182852555661 0.0325133484106 -0.00561691564564 -0.100174777483 0.0105412510729 -0.015858993381 0.0647016129607 -0.00884894350511 -0.008069550917
-0.635601541087 0.00974916573543 -0.0428312302285 0.0198559116235 -0.0116312384944 -0.0190942530402 -0.00580918018107 -0.714161814959 0.0524237489923 -0.039553380066 -0.050933107303 -0.0641463348296 -0.00198514802559 -0.110174649715 -0.0790118756203 0.016167839681 0.0220483930096 -0.00129999923886 -0.00220452215421 0.179229006417 0.014609225642 0.00554824068118 -0.12450623215 -0.00839719211002 -0.00414422875712 0.0691897752081 -0.00963396835325 -0.0113296646267
-0.632391664023 -0.0395119227739 -0.080787392991 -0.0497251311312 -0.0795566455058 -0.00510258518847 -0.00114858442157 -0.632745238267 0.0383838492824 -0.0576439270454 -0.0745733198783 -0.019864418488 -0.00313925786833 -0.0110961972812 -0.0961336720331 -0.016157419888 0.034827454609 0.00953267473767 -0.186701875533 0.215441774208 0.0048789397105 -0.00477169926071 -0.280083343341 0.000187651654754 -0.00719667142419 -0.0289772360011 -0.0211513396571 -0.000945372328708
-0.598049545603 -0.0301390759262 -0.0860405815615 0.0402966510671 0.0554856183908 -0.0133146590662 -0.00598854731047 -0.617305369291 -0.106339000222 0.0158269058278 -0.0675345127061 -0.0251612922705 0.00023954613541 -0.188421526198 -0.0790938975482 0.0680659141592 0.0628967419349 0.00385492399516 -0.129604793856 0.214966314934 0.0424440341087 0.00074836851027 -0.136515876902 0.00904766483121 -0.00953644993841 -0.311529548736 -0.00406950235339 -0.0155691155778
-0.547946411196 -0.00283233242962 0.0343155185883 0.0770923658763 -0.0446880721375 0.0331608136544 0.00360560381634 -0.562425764938 -0.0293209713986 0.0672442061215 0.00636400911001 -0.0543390212517 -0.00303595291627 -0.168761960346 -0.0430049641628 0.0739002895845 0.0614099841817 0.00735193924109 -0.342419853165 0.240328330487 -0.0117753689466 0.00709488640728 -0.190097490521 0.0164117959951 0.00205198366097 -0.336784234934 -0.00230556736946 0.0124676013645
-0.303722640338 -0.00248276036331 0.00593330372568 0.012242451175 -0.0618397259679 -0.0182654346502 -0.00339363076734 -0.356524610992 -0.109144769041 -0.0269433335041 -0.0249893912615 -0.00757599446763 0.00467710301675 -0.283037361507 -0.0266955229702 0.0124902046398 0.0301799925175 -0.00537363689088 -0.576256239903 0.0386168749691 -0.0194597847891 0.00251290189976 -0.549448075041 -0.0136609755066 -0.000763939942219 -0.212093737288 -0.000351084474439 -0.00310772307604
-0.563427569154 0.0361715034329 -0.0295355496959 -0.0222266375695 -0.0302316105555 0.00950731248413 -0.00486107054432 -0.636661394831 0.0186625653167 0.0580551068405 0.0809941456263 -0.0245500780439 -0.0194230980368 0.0673967760937 -0.0188072002944 0.0243408273699 0.0264571212635 -0.0145080498613 -0.0946402598508 0.222764807046 -0.0386722420365 -0.00631600499866 -0.43948684374 -0.0146396825543 -0.0263474313495 0.0365770518837 0.004832052173 -0.0177891057651