-0.00184397248846 0.00456593263089 -0.0256947125858 0.0238032209628 -0.0209275445616 0.000259974495478 -0.00424833140824 -0.0173468364588 0.0823015397933 -0.0773605733586 -0.00989960976084 9.44041435797e-06 0.0267572734684 -0.119280039644 -0.1120744644 0.309559151831 0.11392944442 0.00159240998171 -0.383858162244 0.623678304573 0.100753112982 -0.00419999072791 -0.523529707771 0.149386756516 0.000123548965687 -0.0769316517076 -0.00348054447714 -0.0010702522511
-0.587539918096 -0.0189838905672 -0.0554987228415 0.209396292714 0.115360876107 0.0336504001271 0.0037576661272 -0.338896119522 0.0109622558135 0.0108747410099 0.0200864546348 -0.00310883500743 0.00705640765902 -0.0627074731826 -0.128919968933 0.221277353523 0.0886368306483 0.00250943803797 -0.28583233511 0.414748266206 0.0575231470596 -0.000161822044403 -0.366001874212 0.0913299638102 -0.00152477077268 0.00401491163017 -0.00476006778654 0.0275525673002
-0.556328713802 0.0157428397192 0.0603605300558 -0.175811170449 -0.123770541456 -0.0498357561566 -0.011940745253 -0.336782638787 0.0127103303025 0.00376036688403 0.0272723836099 -0.0138903819636 0.0187495395635 -0.106888829356 -0.0624675775617 0.194229433764 0.0989853374198 -0.00293072850006 -0.280736445601 0.439255877355 0.0604337556814 0.00861965732565 -0.413467293008 0.102247976405 0.0106027204668 -0.0420571916312 0.006583019258 -0.0344516626544
-0.505327561955 0.0502474687361 0.0416599349319 0.122451861498 0.110271338166 0.0555734696808 -0.0187996223294 -0.401386452567 0.0274993775392 -0.0735004789873 -0.0580697941563 0.0167003106824 0.0144950501155 -0.10228172287 -0.0240178586134 0.229755121972 0.0541301357041 -0.0038700657973 -0.371084283869 0.41013446411 0.0701532745097 -0.00373852090083 -0.377104472516 0.10118315835 -0.00657850432334 -0.0920438482991 0.00319094581752 0.00808739098295
-0.515205997353 -0.0454727584931 -0.0532863064273 -0.0796768908397 -0.140896285878 -0.0567275685056 0.0179343098644 -0.401452425936 -0.00509128445863 -0.0610534888595 -0.0508205715867 0.0271558511356 0.0014358063593 -0.145326179487 -0.0223080316554 0.230120178713 0.072086156177 0.00634245111224 -0.308103776654 0.415827596352 0.0748204980076 -0.0164362866883 -0.388303330868 0.109959911486 0.000240128644744 -0.121942021688 -0.0151642286743 -0.0136902329489
-0.279927107965 -0.00202921880606 0.00511132133669 0.00391228144284 -0.0148665663335 0.0307363343992 0.0104007451981 -0.28791629363 0.0642500935918 -0.0402964216859 -0.0106692474929 0.00832873729394 -0.00337329366444 -0.426579074917 0.0452694318554 0.0872644697181 0.0488841881494 -0.00330883165865 -0.560727023829 0.0336087628102 0.081982547847 0.00635711078319 -0.513882881109 0.0642753578294 -0.00248479510572 -0.21529222651 0.00466305285155 -0.023513451929
-0.626278105484 -0.0811472606143 -0.0353871021584 0.08909277314 0.00452375978607 -0.0339872006267 -0.00776204614949 -0.599049653928 -0.0249696245444 0.0943194642855 0.00472601707545 -0.00124518291306 0.00787439661137 0.0327912227316 -0.103180769592 0.167528829591 0.0932764878904 0.00321810918735 -0.192936928438 0.237217089105 -0.0215592893138 -0.00622867457222 -0.260982545599 0.0450518624362 -0.00856271838068 0.0758840904202 -0.0109111980684 0.0608964939542
-0.636307765043 0.0739987155398 0.0500766075203 -0.0819571197818 -0.0211557281092 0.0273229863175 -0.00529758611556 -0.59952768444 -0.03865225247 0.0741072238998 0.0179096519372 -0.000284319294346 -0.0110069422574 0.0207976414039 -0.0606326938163 0.154948724637 0.103573841587 -0.00822160251307 -0.186643750093 0.256954995089 -0.0174551804692 0.00525410759263 -0.257715236039 0.0467914935417 0.00317842688093 0.0464192244499 0.00657321215314 0.0375059952923
-0.216634033095 0.00933283300468 -0.029796976912 0.00511054885513 -0.00268511841789 -0.0190340355496 -0.00435038790898 -0.245159647014 0.101273280034 -0.0315953515742 -0.00638901891373 0.00275730566877 0.00279176827988 -0.470687948156 -0.0353333246519 0.0141313769542 0.00138064968253 0.0012760921472 -0.49380662336 -0.0127368057435 0.0355384181177 0.0010467912211 -0.519562747514 -0.00341510028244 -0.00139829146048 -0.375103363392 -0.00160746147317 -0.0364950510462
-0.290627917172 -0.00216794221185 -0.00740417442217 0.00544005075757 -0.0043028301023 0.0400667605754 0.00025322032473 -0.303268533722 0.0671032459203 -0.0591189031308 0.00824906510596 0.0152875393049 0.0095249470673 -0.448089216833 0.0610583855034 0.0747447018682 0.0391001073825 0.000440891580815 -0.56983297532 0.0452424461748 0.0675436556928 0.00139247578204 -0.464220288591 0.0730710565428 -0.00202356426989 -0.222127047929 0.000120041629425 -0.0180933780244
-0.625140536764 -0.01495940011 -0.0334248628388 0.114691342463 -0.00434426130717 -0.0312273263007 -0.00199668591213 -0.549525124017 -0.040201114657 -0.0159466813157 -0.00728821538433 -0.000855143604053 0.00275027345996 0.0925812519361 -0.0773954983327 0.195617904556 0.0561669286959 -0.000493692023719 -0.30926619982 0.204927468491 -0.0114438684815 -0.00106730198658 -0.284999793487 -0.00810229854364 0.00246387217128 0.0973417359744 -0.0058589551229 0.0723499668402
-0.623849204825 0.00775912622914 0.060837947591 -0.0634469201563 -0.0512236168854 0.0234830129708 -0.00147230057299 -0.56371308365 -0.0372643662481 -0.0546970286949 0.0342415685909 -0.0107557427668 0.0162519427259 0.0549398212577 -0.0302135187957 0.17188859748 0.0680909185808 -0.00300167228657 -0.251067609839 0.253973813869 -0.024052228674 -0.00306500163899 -0.322614047189 0.00413599158123 0.00824237215153 0.0721724195112 -0.000912596691025 0.0228071503609
-0.211705299906 0.00144594856751 -0.0168299610287 -0.0049850987351 -0.0024334225083 -0.0250717482699 0.00140040852247 -0.214455041633 0.0383321116913 -0.0124516163268 -0.0029161877846 0.00413948114286 0.0118800582679 -0.514485251322 -0.00297596757675 0.0215626234896 -0.0077140161573 0.000724317068057 -0.531927055704 0.0010307680923 0.0387947500365 -0.00235182814592 -0.49406611522 0.0320122117031 0.000344860799734 -0.330385392862 0.000941218786834 -0.0498349330454
-0.247762216751 -0.000301578219545 0.00142712481749 -0.0132054770735 0.00828695371556 0.0393788231423 0.0146077984456 -0.236778410998 0.00937906135632 -0.0164281292878 -0.0047085828796 -0.00323332772231 0.00359280686281 -0.555615810104 -0.00529001804193 0.0214061668677 0.0164855471746 6.23893950445e-05 -0.541144482391 -0.0347005193155 0.0450609076407 0.000151256302008 -0.438563291233 0.0435658632 0.00127505605235 -0.27972396003 0.00750692771643 -0.0453773251331
-0.551215049815 0.037399433286 -0.0279482255927 0.0134238253531 0.0271364671557 -0.039606480368 -0.02379890405 -0.661365287876 0.0831966068981 -0.086156175573 0.0201048165477 -0.00243761568859 -0.00298796215764 0.055791971493 -0.0814223220211 0.196864642109 0.0346761271965 -0.00206238033918 -0.218504651972 0.22641682778 -0.0118126562706 -0.00225103796406 -0.2901875955 -0.021026733031 -0.00966434837741 0.0430727262727 0.0102901965255 0.056560823469
-0.594819777849 -0.00896377017221 0.0344189469209 0.0252368389363 -0.069727290241 0.0456062930075 0.00871977819586 -0.648746930633 0.0892093787459 -0.0443369991894 0.0188232134458 -0.0132700367816 -0.000652086082002 0.0109864825816 -0.0534116249233 0.181451399197 0.0512840606361 0.0158341650941 -0.152099095177 0.223462334215 -0.0120125978225 -0.0135744986528 -0.300940056253 -0.0168801770204 0.00670751814142 0.0289783355027 -0.0159048325245 0.0421615499189
-0.227145885201 0.00224933763175 -0.0276745395059 0.013791407745 -0.00700981264185 -0.0278019503088 -0.00500181194236 -0.222477482471 0.0069697341583 -0.0113291570968 0.00609134990623 0.00539717638498 0.00896605424127 -0.488830492093 0.0106629897301 0.0139343753619 -0.0310207230997 0.000716229707715 -0.543764778181 -0.00329027094473 0.0481484937982 -0.00316242981578 -0.533227195709 0.0357811215801 -0.000111924662537 -0.264152468171 0.000590960935096 -0.0560637763418
-0.296369284089 0.00468231677698 0.0052957646555 0.00122505390384 -4.1533240053e-05 0.0381825925303 0.000234979026997 -0.29667990016 -0.0326906627541 0.0136856180333 0.0013960658553 -0.0158989994653 0.0181154353574 -0.462170747968 0.0416287451396 0.0701769108742 0.0328893590411 -0.00201175380432 -0.523757092051 0.0595106691923 0.0765070409386 0.00168519413319 -0.504473960252 0.0738822388315 0.000957260130064 -0.234806795176 -0.00488768395543 -0.0249377139592
-0.534473063432 0.0224128299068 0.0347621559089 -0.0308989355783 0.000898970175848 -0.0383264606896 -0.00632598638479 -0.696120315289 -0.104858889074 0.0489182879134 -0.109248526252 -0.0173383796835 0.014228937193 -0.0227384086224 0.0361564293305 0.0739069199759 -0.00672137547373 0.00676257768553 -0.27173516414 0.220397484965 0.0298303707779 0.0114593432968 -0.244298460475 0.0712169163904 0.0166255337311 -0.0265804732142 0.00477728377754 0.0563922872998
-0.571286412911 -0.0348055541889 -0.0391183834883 0.0455328128065 -0.017509209547 0.0457083424855 0.00676479293886 -0.703426212162 -0.0918077206409 0.00822819457565 -0.0977997025504 -0.00375860289919 0.00712940539358 0.0107609698199 -0.017426553344 0.0982587285514 0.0154012759963 0.00507453654448 -0.213579569116 0.208239303254 0.0258321288751 0.00919258733261 -0.212502267131 0.0643050774658 0.0116337759226 -0.0431970995137 0.00718813002194 0.0450176410107
-0.280326606044 -0.00708515616843 -0.0329748556134 0.0208453672575 0.0118666553605 -0.0184584362992 0.00136138638495 -0.313185656657 -0.0569004222879 0.0739680016896 0.0118483025055 0.0345429999749 -0.0102287492344 -0.362152343707 0.005537585581 0.0585065132354 -0.014651895684 0.00209600969833 -0.531761085021 0.00209294848677 0.0605693387384 -0.00675651533936 -0.565300252349 0.0352152833998 8.60545688295e-05 -0.261812639154 -0.0064547953059 -0.0205308340208