-0.0192790566853 -0.0178781840069 -0.0530560949714 -0.0690351434624 -0.0645255794673 0.11131303283 -0.00647238716865 -0.0551556358586 -0.125230687528 0.0885850035866 -0.164167048306 0.0729324875058 0.0117712579449 -0.394207511645 -0.583359931413 0.41772316535 -0.160238407571 0.00723919736153 -0.280755145188 0.262287614947 0.0711050844407 0.0153972641346 -0.184375805892 0.170753517989 -0.00340785164883 -0.0617040356176 -0.0184260260782 -0.000640195426705
-0.470752043027 -0.0302060056033 -0.0504419950193 -0.00158891417841 0.0502358402608 0.046835756603 -0.00622227252857 -0.510764199714 -0.0977075009428 0.0401618015735 0.0428627208724 0.0791236275742 0.018042047462 -0.390955977499 -0.224251598162 -0.0825689419605 -0.0973884652455 -0.00219686631978 -0.010107707645 0.178888300303 0.049598245832 0.00933658292614 -0.463053563078 0.135963211451 -0.0152952881321 -0.032043276101 -0.00223697948597 -0.0380944283592
-0.382076270391 -0.0044138679239 -0.0207068163771 -0.0065325588593 0.00948903442506 0.00527881500004 -0.00373488950346 -0.458685516363 -0.0467704021501 0.125922752141 0.0266473148196 0.0726590407925 0.0174110182114 -0.420139783364 -0.229101597244 -0.0177510032024 -0.0918810751777 0.00635871443325 -0.336225919539 0.181402954937 0.0838310137949 0.0116691440105 -0.457741273808 0.118345578224 -0.00680034673764 -0.0642266362734 -0.00323316808552 0.00548685029923
-0.442116970514 -0.0111886567694 0.0923939764442 -0.0372177728306 -0.00224422880404 -0.0151381771802 -0.00665781212183 -0.426120366714 -0.0169247714108 -0.0742829033286 -0.0489543532026 -0.00434554815463 0.000232112188296 -0.317585804268 -0.413083998166 0.233652056298 -0.0845150800596 0.00137954857733 -0.0989572478478 0.0853948074393 0.0026799495829 -0.000206948118882 -0.487529638131 0.0768196147165 -0.00656728859597 -0.102189547026 -0.00110406819191 -0.00245449476787
-0.438763378551 -0.00656127210408 -0.0265097273269 -0.00394318844282 -0.0255966304415 0.065745445702 0.00537319346856 -0.424813970095 0.00767606812698 -0.000663400255415 -0.0183147966733 0.030650817379 -0.00942867899798 -0.150982645437 -0.424288398481 0.35698190029 -0.0377075291151 0.00554681660513 -0.466759644857 0.224660848542 0.0299827689518 0.0121107125898 0.110685489573 0.0713479564357 0.00169531432235 0.000414983766706 -0.0278245476888 0.0249373138237
-0.314807729844 -0.00514374602544 0.00896357540807 0.0252105910716 0.00590233653548 -0.000796337144676 -0.000184982900193 -0.3245847744 -0.00768626713281 0.0535369341079 -0.00658840514536 0.00457832401477 0.0123505738748 -0.524300843324 0.00680831518229 -0.0555890242927 -0.0621181273917 -0.00195676848062 -0.352585184759 0.00405917974416 0.00296545590244 0.0125617806085 -0.558775279936 0.0552349274514 -0.00268945565625 -0.244220695046 0.00379699718389 -0.101414488886
-0.526206975463 0.00843066138572 -0.000386934304377 -0.0049245213203 -0.0159481122455 -0.00155039980703 0.00240410689712 -0.584475190294 -0.0410326349926 0.00184110336367 0.0705590345936 0.0300641995301 0.0295178501701 -0.305488322342 -0.12078916207 -0.110034218261 -0.0613753152867 -0.00765313261622 0.158686817731 0.147149778684 0.0328607360434 0.000300388544275 -0.434725205619 0.0913647039892 -0.0109625874743 -0.0360861512958 0.00126372902359 -0.0466692419493
-0.41303768481 -0.00511311203999 0.00961777246359 0.0251378823737 -0.0118831713586 0.000219803296993 0.00502582311959 -0.431243592181 -0.00200353224576 0.0628803092831 0.00726788851317 0.0149098487989 0.0110680816885 -0.458967626386 -0.0822692588669 -0.107251828918 -0.0539273705202 0.00240382571206 -0.405941506965 0.111691696577 0.0515738724088 0.0127574636369 -0.444797243369 0.0913004778038 -0.00897841554941 -0.137423634148 -0.00301403244729 -0.032837486638
-0.448563202745 0.0211411676137 -0.0464679268168 -0.0296352437595 -0.0186050619263 0.0116669787595 -0.00905680542 -0.499274577653 0.0269707500892 0.10113063693 0.0234952482209 0.0163095361856 0.0131973722906 -0.374907685906 -0.00387144364847 -0.0652130057167 -0.0620504397002 0.00931992235949 -0.322445532542 0.175551626553 0.048659974701 0.0170809530196 -0.474635538032 0.093382563501 -0.00532345423557 -0.114879288207 -0.0076142086194 -0.00526696671249
-0.607139879505 -0.0253986565316 0.0201824356805 0.0524525814404 -0.00129932228754 -0.0106663252304 0.00847420757047 -0.660307929031 -0.0396279296255 0.0756518693207 -0.0402206516287 0.0130634773522 -0.00167776683552 -0.253616421569 -0.235369605539 0.0413540290591 -0.055899766683 0.00348337191696 -0.0532171213172 0.136578611288 0.0140345691461 0.00486080833547 -0.16806990287 0.0807475879723 -0.00895765439999 0.00197546247812 0.000897184867885 0.034244543229
-0.602362359869 0.0177112263785 -0.0351527342505 0.00203087669087 0.0243888283967 0.00543572321045 -0.000436390803805 -0.628728045258 0.0445693973261 0.0356983208466 -0.0797698466507 0.000297849783042 -0.00361354386832 -0.165832815636 -0.145172529525 -0.0654588909883 -0.0228917800219 -0.00237089929415 -0.279468637028 0.0736122057591 0.0345950921533 0.00876113758999 -0.291321010476 0.0478347829841 -0.0153622544875 0.057372566437 -0.00636658197397 0.0337042264051
-0.563553661944 -0.000837245391661 0.0112877866502 0.02421167639 -0.00227215888293 -0.00737324842611 -0.00340212519182 -0.581984145541 -0.025251122204 0.0318514630992 -0.0315538112265 0.0300615685289 -0.00384189093448 -0.260501424019 -0.257952665077 -0.00209924251679 -0.0510146369974 0.00264942593567 -0.305902274194 0.131001540384 0.0367331074802 -0.00178574861661 -0.291077335218 0.0689576543455 -0.00563072158464 0.00602222195774 -0.00174552309529 0.0263300242785
-0.628236485623 -0.00306033295858 -0.000246600703519 0.0238242557894 -0.0145205310658 -0.00179641729384 0.00187426637343 -0.629071503304 -0.0221732979222 0.0126852820407 -0.0177418483141 0.00931301312167 -0.00330560399212 -0.263483244273 -0.183687433889 0.0220217164153 -0.0565841121649 0.00107829688896 -0.153555842262 0.117051100695 0.054448657663 -0.00433569768682 -0.234048760339 0.0670450062489 -0.00689479371457 0.0090846780455 -0.00471721354425 0.0344381830789
-0.597215311527 -0.013194082153 -0.0193589891565 0.0729687347879 -0.0142091714016 0.00908417348092 0.00409789844328 -0.526337321049 0.00287105125406 0.0165832472413 -0.0112813072404 -0.0103194750386 -0.00261432934688 -0.318989301732 -0.298367568952 0.150602725761 -0.0101126937615 -0.00095275802901 -0.0340422526766 0.0568990451735 -0.0188689185887 0.000587386115003 -0.365020975982 0.0611172343599 -0.00436537398341 -0.0515642237602 -0.000604410767194 0.0404491669448
-0.499590621271 -0.000456179196914 0.026053582455 -0.0142264539646 0.0178689634253 -0.0101120748246 -0.013285787621 -0.499292872328 0.0150479786935 0.0192325912182 -0.036826663113 -0.0199619748479 -0.00156057529112 -0.369372024421 -0.160673119358 0.0045237731546 -0.0695088072797 -0.00103472592637 -0.314132689069 0.0193777083492 0.0435377677062 0.0049760963833 -0.460226243239 0.0696331752085 -0.014349671634 -0.110207146744 0.00828315624702 -0.0112304688325
-0.632589143242 -0.0139348610649 -0.0291935989844 0.00350153298668 -0.0477199836509 0.0434597936904 0.00358149927851 -0.614902820007 -0.0560909663132 -0.0137197114849 0.00207638442416 -0.011585291393 -0.00156263251962 -0.0247424899672 -0.360922139561 0.089551621726 -0.0231475923677 0.00567985126347 -0.191477414901 0.165528372769 0.010480279004 0.0155616283399 -0.0803277602521 0.0311791625525 0.00623825131567 0.0379780875431 -0.014143106187 -0.00518233704156
-0.502897401129 -0.0223697456213 -0.0114654558217 0.0171380143898 -0.024491750721 0.00135597054858 0.00316272610457 -0.629484724279 0.0202863020396 -0.11212846272 -0.0804308271913 -0.0116913669216 -0.00613685636404 -0.218536848258 -0.129530403935 0.279974514308 -0.0203140871679 0.00255752641869 -0.399462698184 0.0780731752901 0.0124217482249 0.0111165884914 0.0476807241791 0.0384881002796 0.00245256749659 -0.128328886409 -0.00145238692443 0.0127185283051
-0.609765053567 0.0302225542542 0.0743202019996 0.0999163980001 0.0633112542143 0.00360861121838 -0.00775841936817 -0.557079635932 -0.00542784995309 -0.0641848563836 0.0425571888859 0.00702009731109 0.00686337288703 -0.15970809357 -0.258885674454 0.0795812260052 -0.0459032142618 0.001498511916 -0.0475974406533 0.0640696431444 0.00171987012279 -0.00454336742232 -0.424582557984 0.0442677023951 -0.00419999700747 0.00248837170109 -0.0109376629136 0.0393956803543
-0.511108517875 -0.0156886782795 -0.0389738536236 -0.0464761975923 -0.0329316591659 0.00317577819965 0.00579929673624 -0.511517583368 -0.0486137374066 -0.0117991313888 -0.00119309438297 0.0394008227192 0.00484838632655 -0.259540705893 -0.23629875934 0.25746808149 -0.0643943074436 0.00259361399628 -0.411020263857 0.0795277411593 0.0481714279626 -0.0019144981546 -0.242590208831 0.0304473981653 0.0013654666576 -0.160876239827 0.00657866986601 -0.105133961613
-0.58650661496 0.0233536223787 0.0143508915772 0.0127272028023 0.0514251032344 0.0206675037876 -0.000394223052117 -0.555451508129 0.000356001954914 -0.0224870791206 -0.0384074351741 0.0304179858297 -0.0004654032433 -0.16277949832 -0.27089056991 0.294373864989 -0.0304139998638 0.00886656536447 -0.363836169136 0.106027401768 0.0149317894722 -0.00704062090777 0.0491053734397 0.0700202605532 -0.00872414312571 0.0185476400968 -0.0255959345039 0.0278035527213
-0.550008328648 -0.0227352968576 -0.0549248861874 0.0316499672408 -0.0118900700408 0.0196324256232 -0.00305342059218 -0.589834662005 -0.0183758591895 0.0918121843788 0.0652399356957 0.0263456327425 5.34664821079e-05 -0.197584935825 -0.195252876526 0.224811065025 -0.0562280911492 0.000401664812779 -0.416822329394 0.0828892045832 0.0601526585282 0.0102506764387 -0.111538592322 0.0449720162626 0.00453728701224 0.0108987264713 -0.0244584580675 0.0198958268581