-0.000892279007183 0.00299761098515 0.000342999808025 -0.0146447009218 -0.0234007864273 -0.000380724888679 0.000765346180483 -0.0104657500517 0.0180062432685 0.0481902261498 0.0839142454697 -0.00406190355042 -0.00277298770069 -0.112509156565 -0.153727308425 -0.191976585462 -0.196178668535 -0.0123358043962 -0.418938486231 0.699207211328 0.0121909995842 0.0103590983231 -0.449710527236 0.0820068225729 0.0310912597902 -0.0480300696412 0.0268723550874 -0.00231282582018
-0.300239200341 -0.00269268589737 -0.0424463518568 0.0199050715107 0.0392343774888 0.0233208089603 0.00307359597011 -0.284945697674 0.00922895083981 0.0147337343601 0.0144086076378 0.00441416537982 0.00187740167542 -0.210092555037 0.00532875499787 -0.0813961415915 -0.0800243326857 -0.00739560520672 -0.623748965213 0.411317690353 0.0369929593989 0.00307741471882 -0.428584272616 0.0349772161851 0.0172018783136 -0.0596349736574 0.0137143260814 -0.134198867291
-0.54646877513 -0.0219435197269 0.115089840234 0.000187336327965 -0.0645059655094 -0.0541614050898 -0.00588172679062 -0.490659907443 0.0588336138921 -0.00874491359104 0.0293047057146 -0.00504533187202 -0.000780127612934 0.173904140431 -0.0920895218508 -0.0963636987699 -0.13442354139 -0.0110758760748 -0.00569550231242 0.233181772654 -0.0256934474093 -0.0141451787567 -0.550466213558 0.0490771710065 0.00960032491002 0.0683557356993 0.0112743883796 0.0597031004567
-0.399027574548 -0.0296596625585 -0.0534356874452 0.0288897701867 0.056553460228 0.0265656690683 -0.00119186401944 -0.374498558007 -0.0575790362251 0.0212748131602 0.0234476209588 0.00577816968602 -0.00644320544666 -0.122196605281 -0.0782614404298 -0.142389293471 -0.0933794019355 -0.00195454548958 -0.389569433385 0.641973781219 0.02766732696 0.0222741103271 -0.250462375664 0.0228942400075 0.0120926898262 -0.00799716192983 0.0121973263593 0.093989991927
-0.343535482524 0.00638487448862 0.0421231742714 -0.0335102189375 -0.0474153327917 -0.02321692701 -0.00484397192051 -0.321408213839 -0.0334111446938 0.00292287839169 0.00168503300435 -0.000371260952632 -0.00330337013088 -0.222317799847 -0.0889539758628 -0.112495134726 -0.0844660782119 -0.00728506383217 -0.519459498554 0.48052894258 0.0191195995714 0.0111918373622 -0.425253384378 0.0378854645005 0.00696231962054 -0.0936064756896 0.0169306021119 -0.0447412125596
-0.12056889644 0 0 0 0 0 0 -0.120568852564 -1.40573614909e-18 -1.83106932224e-22 1.04497293266e-16 0 0 -0.501087708903 8.78371154068e-20 -1.56068063927e-34 0 0 -0.48165762376 -2.03289532124e-38 0 0 -0.530898397294 0 0 -0.443870731539 0 -0.0947048039723
-0.513720769191 -0.00545471660341 -0.04313173933 0.00472880873271 0.0215899187716 0.0180229720575 0.00189088526032 -0.483708658901 -0.00531593182998 0.00104175342828 0.00461595277689 0.00635379895379 3.5810033674e-05 0.0149103523957 0.0382685027234 -0.072536240826 -0.0665672110974 -0.00495843735348 -0.480481597944 0.278850076895 0.0364634489552 -0.00951596856092 -0.415640026636 0.0512736559995 0.00915216315166 0.0189914648384 0.00626950891771 -0.0447814251046
-0.620804378232 0.0393726228706 0.05996356417 0.0104299198795 -0.0224873286479 -0.0228899304123 -0.000887579361878 -0.529854712768 -0.017177069182 -0.0253399976151 0.0281920498766 0.0122753550695 -0.00145522475061 0.292690023254 -0.0559091104549 -0.0661109113276 -0.0586252625258 -0.00688214070013 0.216034812778 0.105640270599 -0.0156600994034 -0.00976649785614 -0.281326339111 0.0266612318959 0.000519741784125 0.202899745458 0.00316429701234 0.223231824814
-0.120568896412 -5.86064824669e-27 -3.35758672721e-22 5.82661038865e-16 1.53883214881e-13 0 -2.07489929022e-15 -0.120568852537 -1.092373528e-19 1.11407508389e-14 1.7455660884e-14 0 -2.79291467037e-18 -0.501087708789 7.54974833368e-11 8.95874941479e-10 0 4.65450733451e-17 -0.481657624172 2.78728999204e-10 0 -1.32275059971e-19 -0.53089839713 0 -2.61589299238e-18 -0.443870731438 0 -0.0947048039507
-0.12068456406 -1.08545813413e-10 -4.456359594e-07 4.60790023334e-11 6.19357999998e-11 5.60888502932e-06 2.58260695092e-06 -0.120684520028 -2.75460412606e-07 2.85874116797e-11 3.84188712035e-11 3.48089008898e-06 1.52221315091e-06 -0.501490086248 -5.51718031101e-09 -1.14902358526e-08 -0.000257397217809 -9.70600893367e-07 -0.48211970068 9.7013107727e-13 2.15264325992e-08 8.45163347469e-11 -0.531407713214 3.94763931694e-08 1.13238573892e-10 -0.442276989507 2.35517113007e-05 -0.0945283569263
-0.53965289756 -0.0039586563015 -0.0254618346829 0.0194790721044 0.0436240499034 0.0165186490095 0.00208292760603 -0.494331236264 -0.00372723606452 0.00440299064861 -0.000409971032641 0.00350058735489 0.00185244716561 -0.228278849483 -0.0768471126847 -0.0532172533768 -0.0791476384193 -0.00959061283032 -0.426300846598 0.403660204174 0.0240210216321 0.0080784692611 -0.189202212542 0.0236322954379 0.0173301881154 0.107432700803 0.0166162814366 0.0119595342985
-0.633445165409 -0.00769080894053 0.0377401949543 -0.00784152025039 -0.0490406201791 -0.0232377111532 -0.00472575370369 -0.603742169595 0.0321492596638 0.0228107914219 -0.00111155811076 -0.00885496112369 0.00258430343488 -0.217420046727 0.031401943999 -0.118359623389 -0.105187894599 0.00363098309348 -0.143256153234 0.276457867817 -0.00482025379169 -0.00364535880853 -0.207886995753 0.017609341887 0.0139737999127 0.114325425666 0.0142976006759 0.0275861439908
-0.120568896334 -3.26265454044e-26 -3.36401052062e-22 5.82661038488e-16 1.53883215238e-13 0 2.07489927886e-15 -0.120568852459 -1.74133476548e-17 5.41197918999e-14 9.71045510783e-14 0 1.20339859528e-18 -0.501087708465 7.50732171478e-11 8.97569059076e-10 0 1.49438028484e-13 -0.48165762386 2.78729415648e-10 0 -2.32360664611e-20 -0.530898398005 0 5.40973599393e-18 -0.443870731151 0 -0.0947048038895
-0.120568896446 0 0 0 0 0 0 -0.120568852571 6.8323067918e-17 1.25873275467e-18 1.04497293271e-16 0 1.38846576029e-15 -0.501087708821 2.40164322396e-15 7.58538431156e-33 0 -1.24566912735e-23 -0.481657623787 1.39747408608e-34 0 -4.19782732142e-20 -0.530898397324 0 1.54150665598e-31 -0.443870731563 0 -0.0947048039775
-0.461888537593 0.000162526859046 -0.0146283421411 0.0205844945914 0.0331796099591 0.012477302996 0.00253947653011 -0.431799571855 0.0127990555747 0.00738385378029 0.00051903311762 -0.0053018153113 -0.00112138617911 -0.436198283506 -0.139158119739 -0.0473811630416 -0.0491791906926 -0.0142720444974 -0.418305005988 0.398702015848 0.0238344849172 0.0115416951004 -0.216535361592 0.0248114296877 0.0171679877736 -0.00827156871906 0.00492909292048 -0.0319984954619
-0.460990163956 -0.00375147566146 0.0129049155435 -0.0213327407831 -0.0295845653843 -0.0127168330752 -0.0061605389626 -0.43774378234 0.0147117258755 0.00159616100265 -0.00102012018301 -0.00592034886673 -0.00178227859309 -0.376053545857 -0.10232557448 -0.0662045338807 -0.0550642012214 -0.00697093967016 -0.433225482328 0.406212199998 0.014013149213 0.00581883266032 -0.280654794599 0.0196658713117 0.0129778442832 0.0411637609834 0.0202161143252 -0.0141691643937
-0.120568896593 -2.60024642522e-24 -3.02550227877e-21 9.42539321225e-13 1.41812640204e-13 -2.99346477194e-37 4.14979856298e-15 -0.120568852717 -2.54886879462e-18 1.0405167863e-12 6.83655583723e-13 1.37222891757e-20 1.50164910227e-19 -0.501087709539 1.35895407454e-09 -1.49313337811e-09 6.19842635249e-17 -1.49576208183e-13 -0.481657622457 -8.76583980146e-10 -1.00881295426e-24 8.58837132012e-18 -0.530898397315 7.16681388202e-24 1.30933559777e-18 -0.443870732102 1.86210261809e-29 -0.0947048040925
-0.335040621011 0.00208811623876 -0.00895550606088 0.013641572156 0.0164091017189 0.00731890743362 0.00134780094278 -0.326501203064 0.000680676443162 -0.00344699814407 -0.00427060089469 -0.0016629295479 -0.000529827257835 -0.50966354514 -0.182567570722 -0.110370498973 -0.0336474084266 -0.000842949862636 -0.470714390229 0.341859773563 0.0106295856003 0.011450009792 -0.341087513588 0.00991799323765 0.0100857254228 -0.0789601342923 0.00112991465249 -0.112483228046
-0.555770160062 0.00288590289891 -0.00886257914926 -0.00758192583824 0.0152680841488 0.0104356233147 1.32584081222e-05 -0.55927545921 -0.00986130266529 -0.0154788100889 -0.00786986543367 -0.0079715430806 -0.00437893165679 0.126152568788 -0.0186836191451 -0.075395164506 -0.0680921567932 -0.00186309688616 -0.0936104391043 0.474307075891 0.00747386965056 0.0190780066092 -0.0136345322536 -0.00166167123166 0.0076850674503 0.16722753313 0.0119959902421 0.297099324233
-0.621543983733 0.00350326188334 0.0326837837298 -0.0274569953161 -0.0397377273966 -0.0129947791952 -0.000231063849795 -0.561666092579 -0.0171794732612 -0.00144580176329 -0.00832212516256 8.91552473036e-06 -0.00366620681702 0.0563406522391 -0.0704439398945 -0.100182036801 -0.0821741185921 -0.00739097565905 -0.224757941967 0.395853327578 0.0111317712685 0.0101995160356 -0.183191837497 0.0349413926522 0.000926112803335 0.0574705745006 0.00846465298405 0.153857816526
-0.120568895842 -4.34649188744e-23 -8.10478392871e-20 -4.75763679707e-12 1.57433344465e-13 -5.00389680227e-35 -1.24493956387e-14 -0.120568851967 -1.58925751803e-13 -3.8379801665e-12 -2.96040397995e-12 -1.01880983276e-15 1.12380549608e-19 -0.501087706419 -6.34517889236e-09 -6.28457295142e-09 6.31661057409e-18 2.98966245082e-13 -0.48165762433 -3.18723718864e-09 4.21954240932e-24 1.96011293152e-18 -0.530898401318 -4.25131971901e-23 -1.52684023224e-19 -0.443870729338 -1.54988837119e-29 -0.0947048035028