-0.0832830688845 0.00287234676761 -0.113821029371 -0.0854337167091 0.363249619737 0.00803877593846 -0.00315915174594 -0.0135896355388 0.0175762963997 -0.131816886492 -0.0112483278058 -0.0259085314854 0.00841164269928 -0.210045629702 0.0586239467983 0.354030378257 0.385750796129 0.0267943288459 -0.206889771737 0.525398535715 0.0692881309439 -0.00703939691665 -0.380116257177 0.110848007434 -0.0474313210058 -0.129712582301 0.00845091941702 -0.00205233041666
-0.575570957213 -0.0137202757075 0.223225657213 0.0356769638014 0.0445012871473 0.0739793184213 0.00776486875571 -0.377938618055 0.0202382317309 -0.00649592470106 0.0194026395249 -0.0129793395901 0.000813168865492 -0.176713887352 0.00906973523443 0.232509445632 0.103294538718 0.00992149872944 -0.234669615594 0.313649169273 0.0565303619081 -0.00936378897961 -0.448256831103 0.094311328794 -0.0182235529899 -0.0512428798569 0.00747946216145 0.0191870878086
-0.684338690623 0.0140079566211 -0.268110598862 -0.0981750996752 0.0646861352532 -0.0887610306518 -0.00624255595701 -0.417703778367 0.0173801147493 -0.0170099367933 0.0569318626369 0.0109366519919 0.0021939797161 -0.228910611113 0.103247870047 0.0992665216628 0.200974818301 0.0155458377636 0.168268345896 0.28769662079 0.0198341598615 0.00148064670634 -0.174714471167 0.00436773712263 -0.032470623789 -0.0402784512291 -0.0234845666882 -0.0250837662777
-0.518389068699 0.0256382544879 0.215012630609 -0.0362338515813 0.0375232870639 0.0580987493911 0.0152461602271 -0.339462610378 -0.0151233491137 -0.0385717595804 -0.0486124786833 -0.00248291988387 0.00303626794598 -0.144352440294 -0.0332861844065 0.205947331846 0.0900629439006 0.00192812236964 -0.612811741507 0.152583233076 -0.00583385805666 0.00690715053328 -0.264896129707 0.0946481437345 -0.0131960119059 -0.0820773346006 0.0183409504981 0.0312136643132
-0.608524270158 -0.0324666416314 -0.266158862787 -0.00415768979622 0.0432588682216 -0.0692478785148 -0.0166966267038 -0.41261036399 -0.0347938750871 -0.0488332969027 -0.0691898711791 -0.0174285062098 -0.00224568374152 -0.133530578383 -0.092289232403 0.145196219648 0.174349702994 0.00931901188527 -0.477066952417 0.224840600897 0.0496325961191 0.000547480320861 -0.0650987389981 0.0036357851151 -0.0165464311672 -0.0812588239522 0.00477327822171 -0.0471959347999
-0.115907694271 0 0 0 0 0 0 -0.115907694271 0 0 0 0 0 -0.564701390835 7.71494777431e-15 -4.77871439091e-13 0 0 -0.461915576766 -1.18002269708e-13 0 0 -0.454873015023 0 0 -0.460303778015 0 -0.148620739121
-0.64461868143 -0.0572125510012 0.0755232244376 0.0396267510093 0.0142695476707 0.025667440451 -0.0195202136002 -0.590243881544 0.048960895552 0.0594046117438 -0.00178267734787 -0.0066247753502 0.00664360313541 -0.0651623754431 -0.0168000122862 0.171538284588 0.0517766306717 -0.00195773493167 -0.14740393906 0.247388760884 0.0325690159983 -0.0491790946113 -0.253709720129 0.0413583689817 -0.0164682059883 0.116402113076 -0.0153220533662 0.122839063202
-0.661627553865 0.0828751338638 -0.0902672203588 -0.0291035894288 -0.0147510150011 -0.0217300795322 0.0111428638658 -0.619658543368 0.0226502827178 0.0428049187976 0.031552374034 0.010186787895 -0.000881760561836 -0.104732879743 0.0283906544276 0.109080342079 0.0874807613225 0.0117436284281 0.181173526584 0.244566289571 -0.00206482113476 -0.0282569810248 -0.117014808402 0.0168924615178 -0.0171785755194 0.0859821430149 -0.0261158294181 0.104393453785
-0.115907694271 0 0 0 0 0 0 -0.115907694271 0 0 0 0 0 -0.564701390836 0 0 0 0 -0.461915576767 0 0 0 -0.45487301502 0 0 -0.460303778015 0 -0.148620739121
-0.115907694271 0 0 0 0 0 0 -0.115907694271 0 0 0 0 0 -0.564701390835 1.46584007727e-13 -4.7787143909e-13 0 0 -0.461915576766 -5.10937684969e-13 0 0 -0.454873015023 0 0 -0.460303778014 0 -0.148620739121
-0.696435468917 0.0392841440516 0.0965145086969 0.0270663070975 0.0431115596002 0.033702740971 -0.0152895502117 -0.587672881745 -0.00377008935856 -0.0633086242755 -0.00371530527983 0.00396218730521 -0.0110443652027 -0.11546609292 0.0093529505261 0.138602772203 0.0290361125436 -0.0168244064906 -0.0213229976958 0.206120079109 0.0499368884079 0.0167652256604 -0.200385257116 0.0836102055235 -0.016580744317 0.0155397176561 0.0223517739867 0.151633727231
-0.701973515146 -0.0182637967118 -0.105309622798 -0.0348616477954 -0.0282173465462 -0.0252273155475 0.00129405891548 -0.57405501613 0.00834172643112 -0.0597956476315 0.0379021173097 0.0217961629768 -0.00464434568554 -0.144173496663 0.0190281099312 0.112890497278 0.0722937118193 -0.00761253751811 0.246792314589 0.181931407465 -0.0127240881285 0.0162974925455 0.0398867073435 0.0207935624136 -0.0161324033103 0.0870498356 -0.0134682344891 0.119958650439
-0.115907694271 0 0 0 0 0 0 -0.115907694271 4.33479872398e-28 0 3.07477350549e-16 0 0 -0.564701390836 0 -4.77871439062e-13 0 0 -0.461915576767 0 0 0 -0.45487301502 0 0 -0.460303778015 0 -0.148620739121
-0.115907694269 0 0 0 0 0 0 -0.115907694269 0 0 0 0 0 -0.564701390832 3.00882963637e-13 8.24328232727e-12 0 0 -0.461915576761 -2.71172046971e-12 0 0 -0.454873015038 0 0 -0.460303778009 0 -0.148620739119
-0.649472596254 0.0389646692072 0.0907747296073 -0.0560168073876 0.0708147030351 0.0132768059551 -0.00585599517986 -0.519699199155 0.00958766646056 -0.0596621985017 -0.0377997853044 -0.00284759383341 0.00334078421769 -0.10375118203 0.0170568006241 0.145366932614 0.0227887486309 -0.020188511669 -0.435233000513 0.169128769696 0.017191647117 0.00400772083713 -0.0314387989584 0.0759423014975 -0.00944886287639 0.0747698891537 0.000590572584362 0.144857235097
-0.702715529146 -0.0531026056273 -0.102144378209 0.0332844278033 -0.056683242334 -0.0229517076915 0.00371657435129 -0.543704980609 -0.0100071921473 -0.0753246226657 -0.0155831932889 0.00848594037225 -0.001353072424 -0.102251715831 0.0038039194203 0.142221977274 0.0647280006701 -0.00614442613873 -0.270280029402 0.196798185607 0.00909538095225 0.00128533127338 0.130752175237 0.017087520448 -0.00689410686628 0.0880271728143 -0.00237917710349 0.119960967321
-0.115907694271 9.62885109409e-31 0 0 0 0 -4.33644901993e-15 -0.115907694271 0 0 0 0 2.01320942108e-17 -0.564701390836 0 -1.91148575625e-12 0 0 -0.461915576767 0 0 0 -0.45487301502 0 0 -0.460303778015 0 -0.148620739121
-0.115907694267 0 0 0 0 0 0 -0.115907694267 0 0 0 0 0 -0.564701390821 6.55770561045e-13 5.61498941469e-12 0 0 -0.461915576754 -1.53278511834e-12 0 0 -0.454873015068 0 0 -0.460303778002 0 -0.148620739117
-0.637469837211 0.0672527010404 0.10072012402 -0.0970570890296 0.0113591548637 0.0289340468416 -0.0106425141905 -0.496405080326 -0.0397517085184 0.0563651616092 -0.00506788731762 0.00132516804568 0.000539361160199 -0.0750096357543 -0.0112126902563 0.168401820777 0.0460285009674 -0.0109837997794 -0.391531005917 -0.0500547746925 -0.0267818764911 0.00807493563908 -0.325541786371 0.0406351684589 -0.011878718071 0.0220087862208 0.0161773517558 0.125742836784
-0.655755947378 -0.0990983603382 -0.0946822773414 0.076782629727 0.00237148497528 -0.013289301093 -0.00266903999691 -0.580826878258 -0.0533233956081 0.0597638573967 -0.0258096289741 -0.0132373261042 0.00182076473435 -0.0607895816702 -0.137857676296 0.0924424382614 0.0818142203331 -0.0071998963281 -0.286766638535 -0.0403733397191 0.0511148346421 -0.00683948248163 -0.266951658062 0.00101414730508 -0.0137292069829 0.00897730479361 -0.00225878417394 0.0666348946809
-0.115907694271 3.43780063321e-31 0 0 -1.23023760792e-15 0 4.33644901993e-15 -0.115907694271 -2.64016314956e-19 5.90909536315e-17 1.13986602493e-16 0 8.3896378378e-18 -0.564701390836 -2.28283026624e-15 1.35454743625e-16 0 6.4137905813e-18 -0.461915576767 5.49523065928e-31 0 2.57772878783e-32 -0.45487301502 0 -1.15939988232e-17 -0.460303778015 0 -0.148620739121