-0.0993847217962 0.0559635742757 -0.0151385375023 -0.398435240855 -0.175001038059 -0.0678250509819 -0.0024062455146 -0.181932860682 -0.513509385409 0.118237684038 0.327228002649 0.136455138055 0.0102518724875 -0.182733091923 -0.0831712458732 0.371900090558 -0.136253656323 -0.00369438756621 -0.133741930731 0.289649970982 -0.00892490524747 -0.0235571095346 -0.17192959108 0.158541297945 -0.0214515944117 -0.0350354126386 -0.014339173122 -0.000675987764197
-0.646684285801 -0.0120389075552 0.185472829056 -0.138370533402 -0.10961016247 -0.0596087997111 -0.00112644199102 -0.538078437131 -0.0260824862841 -0.00903365140921 -0.0884519579758 -0.053139116629 0.00150878601479 -0.0376109139244 -0.0545948336384 0.22206226289 -0.0352826018049 -0.00560846688489 -0.248688035162 0.0326173086213 0.0129598607774 -0.00618482513344 -0.295028946691 0.0646581822904 0.00397085090748 0.0293909553431 -0.0225713610242 -0.0298019835768
-0.617105721624 -0.016463851847 -0.223481922699 -0.0314076655442 0.0803012201878 0.0431773302295 0.000982434726441 -0.54320970491 -0.0690857329036 0.0466381918356 -0.0365726797078 -0.0627902943968 0.0045869819415 -0.187155080859 0.0863243463275 0.358151411827 -0.0676222682919 -0.00582792458989 -0.20358383075 0.141519390725 -0.0182042481474 -0.0155162952507 -0.0246131803384 0.0582613630381 0.000445228581449 -0.0968872531204 -0.000397390686287 -0.0393359691456
-0.655035858804 0.00460925627824 -0.0901843906594 -0.0080032541459 -0.0357067807436 -0.147683870291 0.000494934452947 -0.653647135829 -0.15406371607 -0.00719438857571 0.0726955890753 0.0738894386783 0.00158466120593 -0.204947322281 -0.0765641231328 0.0178657689706 -0.00418859647268 0.0014602548579 0.0154814659282 0.0817611213555 0.00052747212313 -0.0102496758176 -0.139971906167 0.0302066915447 -0.0186234486004 0.0117324864718 0.000785968110527 0.04013824522
-0.619416299102 -0.00415992167956 0.0287653740179 -0.0942144473701 0.0163974394109 0.0929100409877 -0.0102976322506 -0.660669656577 -0.159489665322 0.0179356159961 0.134758907995 0.0672024079227 0.000862816595217 -0.24393915396 -0.0301618283896 0.0655257378234 -0.0377826172926 0.00304268566 0.0329384329603 0.0497846757265 -0.02825541944 -0.00596225881334 -0.17624335964 0.0247462969479 -0.0179059421085 -0.0961934481005 0.000700581667972 0.0297155973785
-0.603650507175 -0.0074674752737 -0.0230930747966 -0.0638368834558 -0.0448837696039 -0.00628068186113 0.0004063892341 -0.597191100113 -0.0933880709655 0.00142688971093 0.0109853638421 0.012805091059 0.000617398118263 -0.365454357002 0.00994816940325 0.078497710384 0.0235250658642 -0.00147550694651 -0.169602457387 0.0325150056894 0.00106878705265 -0.0047991701861 -0.264638680107 0.0257948418628 0.00144316132576 -0.145866376073 -0.00483154186017 0.0319518018898
-0.670524245995 -0.00010758417516 0.0910869731025 -0.0169040972386 -0.0112826655129 -0.0153126502152 -0.00243343069466 -0.659005389564 -0.00708172541065 0.00279484357978 -0.0592997070351 -0.0675054823646 -0.00155439112914 -0.0213695694081 -0.0200420932853 0.131901506973 -0.0353991883923 -0.00751331927728 -0.193529853329 0.00432169718921 -0.0122401020172 -0.0060774938654 -0.200733045848 0.0171500321197 0.00724978619263 -0.00431149041632 -0.0166736765294 -0.0293740361539
-0.616452798812 0.00134852679388 -0.0869856939897 -0.0280831604882 -0.000825005492396 0.00508904898547 0.000799804137599 -0.651244453673 0.0715381247419 -0.0163394193158 -0.0920802010072 -0.043915850214 0.00108143583017 -0.255409620186 0.0982641513137 0.218296839111 -0.0783744569891 -0.00414994038327 -0.162039852427 0.11623412495 -0.00204481026184 -0.0121333634998 0.0200974963546 0.0298787766868 0.00144010042195 -0.0291605422545 -0.00194933869101 -0.0302395355487
-0.525131514841 0.0128229684633 0.0392002689424 -0.00160761242319 -0.00452781020643 -0.00418419350005 -0.00143153871994 -0.561028020385 -0.114334363668 -0.0102318123422 0.0154782213604 0.0267856761622 0.00119400815791 -0.516033796361 0.0561002552952 0.16462726511 0.00169119244442 -0.00238834236644 -0.172202204232 0.0637734874598 -0.00891807271253 -0.0054867981061 -0.136301837267 0.0298903946076 -0.000321056519803 -0.207634822296 0.000478787213794 0.0253361402266
-0.692443466796 -0.0597503610652 -0.0933605183825 -0.00848677241914 -0.0379092579119 -0.0438484782037 0.00176144842303 -0.634763049984 -0.0807380557757 -0.0015627691197 -0.0199366132915 0.00329372684847 0.000238822701738 -0.208676131584 0.0176467728293 0.119335562698 0.115784395166 -0.00246216113583 -0.0325585308416 0.00289240052432 -0.00101384193481 -0.00188949066142 -0.0494756687976 0.0639773018161 -0.00164155093631 -0.121895629059 -0.00443962598526 0.0306942168727
-0.617234557818 -0.0379925337535 0.0914782828356 -0.0120006599528 0.0333610857356 0.0262720627666 0.00513147928637 -0.543808316601 0.0410984992191 -0.00249282628839 0.00909673648495 0.0128679702237 -0.000189209144144 -0.0558973877101 -0.0509528743888 0.145703287271 -0.0432583677676 -0.00068338370524 -0.352245437555 -0.00909694728561 -0.00468299791289 -0.00354652040495 -0.349164888847 0.00370186225248 0.00400973818214 0.125043391444 -0.0234151226423 -0.135716832632
-0.657176767164 0.0392308878633 -0.0942522179315 0.00178192338743 -0.041621737466 -0.0238162751335 -0.00281650800565 -0.562702524904 -0.009040086866 0.0268630645143 0.053348552145 0.000929253526802 0.00214144680557 -0.155113665273 0.0448070628182 0.274762771208 -0.0546260073811 -0.000593170908912 -0.263570212186 0.11441662793 0.0129091967665 -0.000454851995696 -0.143105989736 0.00955124436096 -0.00136914024671 0.0507210171011 -0.00412394989922 -0.157035922395
-0.689175897715 0.039796983675 0.0710910585874 0.0057604698346 0.0755128120686 0.0311981506556 -0.000394991431977 -0.621729808768 -0.112066874406 0.0253746694607 0.033918689566 -7.10982014499e-05 0.000483005838382 -0.193810775745 0.00739841402519 0.146908094013 0.0942867466796 -0.0035441564739 0.01621426437 0.031394334813 -0.0127546401329 -0.0101767877711 0.0297395610172 0.0539601272811 -3.58685623557e-06 -0.191285584069 0.00577320468397 0.0274258449946
-0.671079114034 0.0148201205993 -0.0743957734598 0.0018426911696 -0.00100728242059 -0.0311812133701 -0.00131655871897 -0.662880596953 0.0180620748752 0.00961284307188 0.0467701247106 0.0267834033407 0.002435253562 -0.293505737103 -0.00491817293793 0.0494506294284 0.0502130298297 0.00192149958648 -0.0167589479615 0.0525440976071 0.00529427663548 -0.00702870699044 -0.0580076310182 0.0256477918912 -0.00623650676486 -0.0188861612738 -0.00559201509044 0.0383543088903
-0.578635171056 -0.0176226373965 -0.0213359779386 -0.0229519819395 -0.0423328116461 0.00368332586212 0.000494675795705 -0.778741659614 -0.139668795904 0.0173304570032 0.02009370995 0.00283834732412 -0.000323694633621 0.0678484366646 -0.0859339729927 0.00709688727857 -0.0485411457962 0.00307824095317 -0.0382988543236 0.0321009774275 -0.00847294257023 -0.0050057044902 -0.114358322993 -0.00198032768903 -0.00640470437186 0.0698557859713 0.00481365525833 -0.0200160542498
-0.574901466548 0.0218408715274 0.0124847493011 -0.0186424831466 0.0176537321936 -0.00539798041946 -0.000228955524366 -0.775182935805 -0.14726783255 0.00890522177299 0.0240982876437 0.00603346710244 0.000700154454049 0.0469253241504 -0.0239921783216 0.0603096446136 -0.0611831902829 0.00500650997601 -0.0625167788242 0.0107209722556 -0.0176855970599 -0.00506421306498 -0.158307512139 -0.00802541174344 -0.00719575081925 0.0596657029956 0.0112143093183 -0.0382814004308
-0.668245685779 -0.0308764581632 0.0978084857101 -0.0129207069756 0.0310080330391 0.0238147324822 -0.00129473370493 -0.643334329845 0.0190817568483 0.00534061076652 0.0688206558006 0.0112718038401 0.00222777094979 -0.30026429261 -0.0119147758152 0.0834844439556 0.0757864806603 0.00122335848306 -0.000943705730351 0.0177632260584 -0.00767844098072 -0.00288530946551 -0.0817383394084 0.0298459412067 -0.00692067138864 -0.100636419214 -0.00464269486031 0.0303720903962
-0.621048496093 0.00489450419229 -0.0117448390553 -0.00433118884104 0.0368973789695 -0.00856620296998 -0.00117920237092 -0.615200391906 -0.00924169302285 -0.00887101585961 -0.0213561020189 0.00790214976412 -0.0001083223382 -0.47022912547 -0.00156820021197 -0.00402558625049 0.0204586449685 -0.00164969276774 0.0185256656868 0.0432727807658 -0.000142621302952 -0.00478426902772 -0.0754229610493 -0.00518565957662 -0.0126817949073 -0.0493755253605 0.00406207993246 0.0374560544953
-0.649773038371 0.0348292681581 -0.119710971305 0.00219714866461 -0.0198533289448 -0.0463219194036 -0.000181014473192 -0.592359385239 0.0545319365218 -0.00835346821129 0.0162192154239 0.021197776993 0.00112832824342 -0.396237044118 -0.00125105691501 0.014391304164 0.0995134650626 -0.00348272020062 0.042168425358 0.0326193949231 -0.00138663602614 -0.00307240689047 -0.0672837700503 0.0105249185308 -0.0105342983788 -0.172608974158 -0.00169691015899 0.0230857598703
-0.614988253829 -0.0148124962925 0.111614260348 -0.0194163462248 0.0143670230893 0.0282588595909 0.000634442141625 -0.572861497838 0.03035650768 0.00185578247106 0.0246350773566 0.00976188696414 0.000999587508614 -0.472509288602 -0.00639062873582 0.0174045480807 0.067527852298 -0.00305034990669 0.051664159194 0.0249824683023 -0.00564783794633 -0.00420258283063 -0.0679154008923 0.00855304150305 -0.0103429896523 -0.201598797068 5.96884652676e-05 0.031237836083
-0.604279435443 -0.00138211746075 0.0446740341527 -0.0153243957799 -0.0300189172705 0.00467834996033 -0.00351333759367 -0.591664367566 -0.00243409622212 -0.00632253715674 -0.00161272404428 0.0129530724485 0.000115628966586 -0.50076685794 -0.00401703555556 0.0063239410209 0.034351843434 -0.00198959148526 0.0256300265829 0.0312994430786 -0.00292206590185 -0.00287658414509 -0.1210779901 0.000803647461506 -0.0105705381201 -0.110027089848 -0.00387810885267 0.0290043231076