-0.00125590739727 0.00246139990457 -0.0199163500422 -0.00628027896882 -0.000271027542469 -0.000243346652089 0.00896158764621 -0.00814284548737 0.0145159152447 0.0318783351846 0.0320385240276 -0.00980419345847 -0.00525004463486 -0.36595792202 0.283022849607 0.278272796629 -0.0814039122377 -0.00242396233081 -0.505321457579 0.440624811399 -0.0060773181919 -0.00794091791104 -0.49902149185 0.00307016253336 -0.00676092551796 -0.01362392633 0.00854869235074 -0.000892024616733
-0.27986225543 0.00248327419824 -0.0342929686774 -0.0344353568377 -0.0168958109971 0.0159972536342 -0.000212838767902 -0.257039810168 -0.00107319939573 0.00168760264852 0.0103570425942 0.00309305428911 -0.0108643315102 -0.423517834574 0.285265387319 0.316917263829 -0.0700562645671 0.00481720093511 -0.402959167081 0.396348454103 -0.00227171416303 -0.00834577058735 -0.404275296298 0.00550427308982 -0.00708764680619 0.0369694466278 0.00325942666781 0.0436880449059
-0.311676206962 0.0498506566802 0.00871830509259 0.047391061931 0.049502958978 -0.0290515562021 0.00784657728136 -0.336137820284 -0.061718937408 -0.0444133563684 -0.0321054894919 0.0299835494968 0.00616628598778 -0.337703754837 0.308936817669 0.295813741853 -0.0575482422378 -0.00749455105469 -0.389493499427 0.394405413077 -0.00237350991391 -0.00205206357502 -0.396616848277 -0.00119590519487 0.00032715249456 0.0427132502627 0.0262187473439 0.0806730014501
-0.190092860334 0.0015651947982 -0.00885515206194 -0.000456977174284 0.00165041641462 0.0189537144634 -0.0038353026494 -0.18833068204 0.00496872733701 -0.00111003237477 -0.00495600924673 -0.0108761435621 0.00350144000439 -0.287109207937 0.0949804624482 0.0743256709998 -0.0788711700496 0.00658396004225 -0.687190364402 0.154194937613 -0.0109881931341 -0.00355345996479 -0.566555803849 0.00592929425117 -0.00288655650517 -0.0378245657976 -0.0109615931831 -0.0761335047027
-0.203595986103 0.00996374458926 -0.0206523092367 -0.00660881253116 -0.00765479699597 0.0143965426271 0.00939299206757 -0.219736033724 0.0387636734833 0.0243842551176 0.0215814642398 -0.0242443906334 -0.00284614244245 -0.356308889866 0.251910917004 0.257921040825 -0.0564470306994 -0.00601841855149 -0.536908018898 0.233088711873 -0.0118401905701 -0.010464331672 -0.535736218378 -0.0020372638248 -0.0110982674724 -0.108192789714 0.0025709012136 -0.0657135846372
-0.446086511495 -0.0350613713159 -0.0240970667298 -0.0194267479443 -0.0190596717495 0.00465123115139 0.00575089324169 -0.462501207307 -0.0366308566976 -0.0215703633376 -0.011059170479 0.0215712238642 -0.00653993014818 -0.367994900752 0.214231399294 0.266299635872 -0.0564580791887 0.00509052814567 -0.33371396498 0.305154561736 -0.0129541738045 -0.00553685695702 -0.344260539634 -0.00787700929858 -0.00444409103331 0.0569361757137 0.00662474073675 0.00684391602316
-0.382886580431 0.0208733657122 -0.0112883484522 0.00444771328858 0.0198125063304 0.000817401774988 -0.00607065933212 -0.545252664658 -0.0236526291805 -0.0623651521366 -0.0302504599624 0.00688262353628 0.00933403910692 -0.361654544443 0.249803346259 0.292573206536 -0.0368270387891 0.00155169373753 -0.299406907875 0.285670913103 0.0043368604799 0.0065181197658 -0.30013333665 0.00333088733961 0.00780374506732 0.0387403452782 0.0296494712103 0.0747460388874
-0.391225164041 0.0281449703648 0.00804462375222 0.0188953780523 0.0198633882716 -0.00465484171813 -0.00587735971763 -0.423796089935 -0.0181242166075 -0.0364825014483 -0.0209716147793 0.014475212726 0.0163140998881 -0.357651384037 0.215414748393 0.24761448767 -0.0586245440931 -0.000354469169284 -0.386845678364 0.304874144785 -0.0051549415427 0.00826346952353 -0.422979660604 -0.00212027582816 0.00926125684635 0.00281290431399 0.0431359329776 -0.0216530164881
-0.113897409897 5.20588816263e-28 1.82041468718e-24 1.41378747412e-14 -1.78417351422e-15 0 0 -0.113897409897 1.32295741626e-17 -1.41503158401e-14 -1.41540544159e-14 0 0 -0.484144899822 6.33058512403e-18 4.09040905075e-10 0 0 -0.456453723621 -2.46226243788e-11 0 0 -0.514794971951 0 0 -0.50054517553 0 -0.125495570892
-0.269966323871 0.00314064820935 -0.00844795144242 -0.00286122420477 -0.0023407193337 0.0138318444173 -0.00690799118075 -0.270731188885 0.00895994461075 0.00302788814781 0.00184379715137 -0.0158833195209 0.0082312317684 -0.472287986238 0.109960351726 0.115278840304 -0.0708067623739 -0.00186437233856 -0.527033136689 0.173530956446 -0.023160942693 -0.00533366964966 -0.480623075123 -0.0118979563946 -0.00822796217186 -0.190280797088 -0.0246440773494 -0.152180066254
-0.455359516496 0.0546316196803 -0.0166089078652 -0.0314255722717 0.0041009353691 0.0200379543162 -0.00106054676716 -0.571302435713 0.0357126002067 0.0460601797236 0.0396746984765 -0.00347132293334 0.00735875092898 -0.278239139192 0.219779087276 0.225355511688 -0.0642458701379 0.000360373805282 -0.270499733532 0.330193140408 0.00864001254115 -0.016887339304 -0.276476210579 0.0170597624958 -0.0139757276496 0.0784997270086 -0.0194261064794 0.0995058399029
-0.520327040801 0.0119755052451 -0.0493167412239 -0.00304862815654 0.0154706180228 -0.0140658459175 0.0103094921615 -0.522682388337 0.00586993553932 0.030412285156 0.0167617023573 0.00543390532062 -0.00400555720366 -0.27180099123 0.213746900303 0.217961208961 -0.0207580306626 -0.00553751691246 -0.25344292288 0.284052333513 0.0400333300145 -0.0064348188321 -0.250232523952 0.0435999988621 -0.00773316923572 0.150459908995 0.00320387604045 0.224338741493
-0.472898962143 0.0626944451614 0.0271367583585 0.0454224715883 0.0103842167453 -0.00695618875428 -0.0118413087817 -0.464691974137 -0.0580396924402 -0.0161961311596 0.000467896936839 0.00223394105347 0.00853808761743 -0.255304998559 0.256658940074 0.261876679774 -0.0317370928682 -0.00829166356419 -0.339171099115 0.273199657146 -0.00255287628361 -0.00954280710446 -0.386698332495 -0.00675588360959 -0.00504579821029 0.0542460168816 0.0394032090608 0.0714689976628
-0.113897409899 0 0 0 0 0 0 -0.113897409899 0 8.31936670854e-16 -4.12977483718e-16 0 0 -0.48414489996 -6.71886018988e-18 0 0 -1.66379241502e-13 -0.456453723574 5.57867465333e-12 0 -2.30897580919e-30 -0.514794971855 0 0 -0.500545175537 0 -0.125495570894
-0.418699358768 0.0028770460157 0.00246453612233 0.00853022477635 0.0135672023806 0.00161198988213 -0.00601471512375 -0.424705110581 -0.0129222366974 -0.014383879487 -0.0249089507799 0.00660685354578 0.00230608841799 -0.146155095997 0.114295953122 0.076550776191 -0.0851633892525 0.00703656175833 -0.591245889843 0.18009358374 -0.00718302691484 -0.00401168642993 -0.442741133365 0.0178806409597 -0.00334191165258 0.107333174898 -0.0171288496328 0.0716829214847
-0.368993198995 0.0132999168662 -0.0234041923272 -0.0109520526573 -0.00848978599372 0.014945402362 -0.0116726741271 -0.372544699005 0.0208383313586 0.0137359975568 0.0127029271934 -0.0197818320527 0.0136513640908 -0.385551210079 0.189261747576 0.174042434918 -0.0618853031251 0.00644617640012 -0.457978395594 0.208468670936 -0.0250289528334 -0.0133169083524 -0.455218328291 -0.0164852683586 -0.0110174097566 -0.138950698309 -0.0286998101095 -0.14842280827
-0.416342941512 -0.0106330730119 0.00393261130895 0.0175585541872 0.00143307120693 0.00786544617225 0.0137787778177 -0.473487261422 0.037020869581 0.0311923519144 0.0152178512417 -0.00907541432454 -0.00846666363268 -0.225279664454 0.273521985774 0.287700686259 -0.0499830328934 -0.00398858397669 -0.398095648514 0.222983544761 -0.000557538670293 -0.00941117182382 -0.403271461827 0.00978040823086 -0.00973070784605 0.0611354540025 0.00794863654966 0.115273143947
-0.113897409971 0 0 0 0 0 0 -0.113897409971 1.73698283137e-16 -8.3350532389e-16 -3.79562361258e-16 0 -7.38872256707e-29 -0.484144898954 -7.16597480312e-17 -3.53948813276e-29 0 2.21838987999e-13 -0.456453723865 1.80392830819e-12 0 3.69436128354e-29 -0.514794972182 0 0 -0.500545175856 0 -0.125495570974
-0.305041547025 -0.000857882211471 0.00106521074716 -0.000307743332396 -0.000899131562828 -0.00265966294088 0.00351779988597 -0.311460993036 0.00892326211762 0.000505715637689 -0.00182950124773 -0.0194280668829 -0.000362361317563 -0.261624878097 0.0509150989459 0.0912513557425 -0.0605960678148 0.00302825623867 -0.603740635745 0.0999349756096 -0.0207011078332 -0.00331129434907 -0.589690731934 -0.0182843934792 0.00103187580833 -0.0140570202366 0.00243316962713 -0.0566353877047
-0.113897409924 -1.2974813782e-27 -6.75841384023e-24 1.24741265029e-14 1.41836463359e-14 -2.869575227e-25 -3.98319142544e-27 -0.113897409924 -3.61334474568e-17 9.07800642748e-15 2.72828154851e-14 -4.27795822652e-20 2.97970962634e-17 -0.484144899676 1.61098125477e-11 1.74443909524e-10 9.57060899611e-17 4.43677432808e-13 -0.456453723612 1.86757921352e-10 3.91180949972e-12 8.99037650204e-15 -0.51479497196 4.08453359123e-12 1.03327648885e-13 -0.500545175651 -5.92791303822e-15 -0.125495570923
-0.113897409916 -9.68953723284e-27 -4.08041889615e-23 -7.48447591878e-15 -5.5574916244e-14 -1.13244695983e-24 1.71827250675e-26 -0.113897409916 4.12674522589e-17 5.80509862468e-15 -7.07792254506e-14 -1.50595609131e-20 -3.66478035129e-17 -0.484144899902 -4.83293608772e-11 -2.86729625417e-10 -6.63674006294e-17 -1.03677606954e-16 -0.456453723648 5.58299244385e-12 4.31815432006e-22 1.03000875489e-17 -0.514794971773 -8.16906719458e-12 1.23944827729e-13 -0.500545175597 3.5567878682e-14 -0.125495570913