-0.00530747630754 -0.000466104674662 -0.0378427916726 0.0501686752497 0.00399554018261 0.00948254313253 0.037048706138 -0.0590902986065 0.113030293008 0.0909475935762 0.127408157915 -0.0503127191238 -0.0247076969619 -0.28630165368 0.0736165839056 0.503071806354 -0.113448503627 0.0319675415215 -0.263608592459 0.4962908408 0.0389416815808 0.0283012092508 -0.523941185779 0.0235233102493 0.0499792161112 -0.0165045681711 0.0158336349037 -0.00827579907942
-0.56128707258 -0.0709625187588 -0.0870440123096 -0.0958528421995 -0.0753568694746 0.0431034012603 7.29261513799e-06 -0.543920766261 -0.123994937093 -0.0172428878521 -0.0469047383618 0.0346052422612 -0.058774272676 -0.167180391051 0.0893213752772 0.326444639247 -0.0408357132411 0.0460900882949 -0.0126021110942 0.332015327798 0.0430436183707 0.0182052803506 -0.240566190387 0.0153443619317 0.0500733550273 0.0387354028486 0.0342191116235 0.122871141725
-0.565097845066 0.032998294924 0.0367394244208 0.132989385624 0.097987154191 -0.0561456460081 0.0106411291132 -0.488049786404 -0.11351765294 0.0326053751122 -0.0349413612901 0.0273496948925 -0.00766761633761 -0.188999154295 0.0250116391524 0.381178000921 -0.0592094653288 0.0154443141126 -0.0574134636999 0.343212640846 0.0195928165931 0.0105485694594 -0.265358455565 0.05165602369 0.0372220692397 0.061304697206 0.0521548597534 0.0747124035183
-0.230389012184 -0.000781743809947 -0.00956382922251 0.0240468670764 0.0211122043004 0.0345460003081 0.0209767837765 -0.226483551242 0.0084487987629 0.0254598092711 0.0252933938406 -0.0127295418005 0.00413207123534 -0.435555735327 -0.147169015945 0.0710100513974 -0.0730841166758 0.00879191977169 -0.533091568986 0.139127628199 0.0301490647135 0.00298770395881 -0.583755968301 0.00800721787756 0.00929354307906 -0.080253637566 -0.0398088911227 -0.126892437728
-0.34207771807 0.0302991588113 -0.0780992341661 0.0251732365774 -0.0113420780888 0.0185259609785 0.0121717782913 -0.369504443569 0.100156440002 -0.00121893036578 0.0409124921956 -0.0507651013506 -0.00880225287918 -0.200540858378 -0.0905431548466 0.168094551194 -0.057164551769 -0.0234151545431 -0.52391588641 0.135103185581 0.0292113629331 0.0113637213873 -0.582416823879 0.00213334968907 -0.0120124860311 -0.0566514117874 -0.0172854485818 -0.0821023396723
-0.431673597 -0.0344832148889 -0.0225291776346 -0.0233365183623 -0.0333941536919 0.022358725351 0.00890184890947 -0.422175964106 -0.0174193850207 -0.0227445429391 -0.0274795859079 0.0179103636396 0.0069031835854 -0.546645928855 0.0776568926084 0.362746694995 -0.0587745593333 0.0100705029788 -0.207712955457 0.170371430534 0.0208245059629 0.0180079197266 -0.318537228976 -0.0138293878471 0.0257683428516 -0.0327014210503 0.0248550948125 -0.112314986127
-0.56749987533 -0.0577349109297 -0.0582385703462 -0.0232364509348 0.0296875553935 0.00515224589328 -0.000190368467282 -0.744721462649 -0.152432536285 0.0185905699264 -0.0254090965168 -0.00844630805226 -0.0139877330444 -0.0953482628081 0.0594639959107 0.133895009579 -0.0167269253888 0.0345930310619 0.0741136992632 0.185876321392 0.0229224602705 -0.00362097754534 -0.0539294300038 0.0219698654811 0.0288070115044 0.0479263649656 0.0515545563912 0.0942247485354
-0.546301706556 0.0575713234592 0.0078423484584 0.069594465888 -0.00512492417663 -0.0139058036666 0.000419887210752 -0.66949785547 -0.0491270841784 0.00315644256867 -0.102650604378 0.00425771496291 0.00588318969897 -0.262584104019 0.106571217311 0.272611330123 -0.0467958504238 0.0182362039048 -0.0139659915274 0.185206753494 0.02416613423 0.0114614306347 -0.167703403787 0.0490479233519 0.0405358492485 0.0339097612447 0.0517228773876 0.0593045562412
-0.477123626472 0.0233948995692 0.0376981254784 -0.0133179515164 0.0258386330942 -0.0361110374446 -0.0141880942695 -0.46262558256 -0.027802039945 0.00615916087364 -0.0340942103426 0.015533723181 0.0156071065092 -0.294905613389 -0.1265617654 0.166661861368 -0.0727878177425 0.00899302040044 -0.500665709038 0.0297693394952 0.0203176525096 -0.0101871568626 -0.391460472576 0.0324576132578 -0.00383276471023 0.00970864865225 0.0191349483568 -0.0925877415175
-0.755445967024 -0.0404884880047 -0.065478640636 -0.049914466056 -0.105927961691 0.0010319856083 -0.00729049058171 -0.540449243369 -0.0477622271905 0.00490429434841 0.0068802725839 0.00291771351814 -0.0179884582417 -0.072458553276 0.0263457908814 0.173713652901 -0.00961082515255 0.028855317239 -0.0467716253813 0.157139165114 0.0483668638038 -0.000579761872727 -0.183696000513 0.0257329751187 0.0214831599161 0.0834059260333 0.00995736741123 0.0815396794499
-0.562012820523 -0.106769493222 0.113329752731 0.000135468741725 -0.00710269715868 0.0189769350755 0.0128536709341 -0.668550640246 0.179349508222 -0.0315126106668 -0.0118876358243 0.0308341317521 4.17150051445e-05 -0.259656732992 0.0127295285568 0.138797817706 0.0406550190262 0.00197947018196 -0.00470067684297 0.140232842557 0.0247627210454 0.0159437534216 -0.209398973027 0.0447853280918 0.0147543097482 -0.102271007207 -0.0135034460721 0.111076917564
-0.559194560958 0.0575269481926 0.00400244666876 -0.00135820968683 -0.0648366647889 0.006788465084 -0.00302324442784 -0.671799581483 0.0617424434022 0.00818729203564 0.0882830806969 0.0211420170193 0.00925689303509 -0.275703381026 0.109967687264 0.243945790478 -0.0206631560506 -0.0117796544716 -0.093001163363 0.13285081359 0.0216027455744 -0.00794006477455 -0.174841482792 0.0505118628194 -0.00969916770163 0.0165488231105 -0.0192413041996 0.0855969573484
-0.764296427503 0.0866867511123 0.0925232075676 0.0357462462503 0.111391619392 -0.0150793300391 -0.00652945966849 -0.524564899047 -0.0557172369764 -0.0273827254693 -0.00239403657988 -0.00307913382958 0.0135120551794 -0.0388812426298 -0.0796578708753 0.156554801858 -0.015381222778 0.0236655890143 -0.0649427588888 0.173367517829 0.00955534452281 0.00569127187117 -0.170675450497 0.0237695703648 0.035627405755 0.0390769117893 0.0637805497676 0.0497943288564
-0.344591061608 0.00890507831604 -0.00775252856598 -0.00326428624374 -0.0151559031982 0.0120199396947 0.0020449417514 -0.370973147473 0.0312697615781 0.00388752646585 0.013720765405 -0.0308540377708 0.0198327724656 -0.304104981753 0.0306256545324 0.156251206518 -0.0533805709226 0.00826320215802 -0.666455300361 -0.00487526504703 0.0123636082968 -0.00956206572496 -0.393394376065 -0.00886692549021 0.0114223130663 -0.049339027961 -0.0515316052 -0.123863825416
-0.297875006873 -0.00354027332084 -0.00340132000008 0.0106753010324 0.0198605826164 0.00596165606007 0.0270748978832 -0.295114679984 -0.000390962000288 0.00931322884979 0.0035367322334 -0.023830417295 0.00961492914155 -0.528338099896 -0.0191920670088 0.0507968251777 -0.0594402514828 0.00404622741005 -0.466029004977 0.0612955526186 -0.0177282189114 0.00478808451934 -0.552078841257 -0.0196069860548 0.00582621708537 -0.0980281000192 -0.0107371893865 -0.0163108183623
-0.333767745132 0.00232168312689 -0.000804237389969 -0.0203220309992 -0.0261826893322 -0.00710843435049 -0.00376049093715 -0.334727193251 0.0057602112659 0.0139207162026 0.0155677846775 -0.0131975333657 -0.000839582678282 -0.468773624767 0.0526791673893 0.142724516851 -0.0610484326716 -0.00433653959122 -0.541316416974 0.130756517166 0.00236578228645 -0.00767151824699 -0.458204790295 0.00155734227279 -0.0133553091794 -0.0791847525333 -0.0265168311803 -0.0285060282943
-0.603640570024 0.00216185405623 -0.027033122594 0.0495095834279 0.0509201209703 0.0170477669164 0.027504471785 -0.665644651843 0.0782037810312 0.0142750850385 0.0711910220907 -0.00620776675592 -0.0178667170692 0.021281159237 -0.0741777223056 0.123521333461 -0.00675744556269 -0.0168682549528 -0.193734375982 0.106247095622 0.0249677145414 0.0139313621602 -0.26611147164 0.00855877489243 -0.00575940422952 0.150927228202 -0.0073270690926 0.0950093158062
-0.11191513612 -1.17219483478e-29 -7.18220956988e-26 1.23515291815e-27 1.07154470434e-15 0 1.96136171118e-38 -0.112524035389 -3.28554458817e-17 -2.4194182826e-17 4.47722579611e-15 0 -3.25616873956e-30 -0.540217949565 4.80830500745e-15 2.73763516256e-11 0 1.06593928691e-13 -0.344842238482 -4.73719180799e-13 0 2.91748221037e-27 -0.520127470427 0 -7.47573279344e-24 -0.52055766326 0 -0.150162828361
-0.389853360798 -0.00326573607415 -0.0198856541496 0.0212857506974 0.0182614175514 0.037919183614 -0.0036024528643 -0.353363596251 -0.00684777621059 -0.00318115401078 -0.00855005006873 0.00422291665563 -0.00630130381386 -0.370224728231 -0.197605132563 -0.141392266587 -0.0457726211129 0.00228281087713 -0.321884448503 0.0642999857214 0.0414743415585 0.00591745395689 -0.634919999816 0.0272624406802 -0.0007361128955 0.0256296296351 -0.031124385494 -0.0843746988853
-0.231781110206 -0.00241603871447 0.00210455963788 0.00108334624485 -0.00438568287554 -0.0193078547817 -0.00405175497224 -0.231002486928 0.00122187064549 -0.00183103595565 -0.00307414876673 -0.0127983867274 0.00143518826021 -0.441688011694 -0.0666397155096 -0.109067926843 -0.0363797697312 -0.00232493621422 -0.510930901023 0.0527200099438 0.0278008838312 0.000186347867926 -0.621016532188 0.0223638980165 -0.0013380974026 -0.137049421955 -0.0151744074941 -0.0989064654
-0.136950789373 0.000230124706478 -0.000237898710048 0.000415644677804 -5.39278075909e-05 0.00326917951539 -0.00343311226058 -0.137838646155 0.000357531336805 -0.000456479524177 0.000100295421246 -0.00435376895041 0.00468573408795 -0.601911836554 0.000115037109262 0.00451740285245 -0.0135818652223 -2.23365448071e-05 -0.416307699184 -0.00273348183101 0.00316417558099 0.000815306974096 -0.5226241601 0.0241328295286 -0.000870846845327 -0.368786657215 -0.00806605686915 -0.128686254507