-0.216756245041 0.143708047894 0.426681378844 -0.324083818754 0.185384609262 0.0807310328134 0.00631551172113 -0.122252858353 -0.243236231013 0.359329134869 -0.0607633454116 0.0824909156338 -0.0188847028401 -0.293309518037 -0.305469155659 0.225921428409 0.22442487209 -0.00537658788807 -0.211097124196 0.0102740851833 0.00584470101255 -0.000626690729253 -0.0963766458774 0.223421239826 -0.00228074006556 -0.0743189048833 0.00761341609219 -0.000258989337434
-0.413533041496 -0.0492081546877 -0.137377122298 -0.0523895993585 0.0517558513446 -0.00388179934808 0.0120010806536 -0.428747697483 -0.160593180135 -0.0245303995817 0.0228402036365 0.056811298261 -0.00504830252039 -0.278882161572 0.0488484000198 0.0363434688323 0.0449185595147 -0.00594638708241 -0.322655775042 0.182263529849 0.0888116143004 0.00110107462079 -0.591631580842 0.0624307899896 0.00276292825104 -0.0736610826579 0.0012474939373 0.00338342724689
-0.440472532209 0.0475830626284 0.150288079996 0.0189238292875 -0.0425442337564 -0.0110719487766 -0.00303955652202 -0.491096491848 -0.078106665239 -0.121682520885 0.185719856717 0.0498281922995 -0.00923664511995 -0.308958859219 0.210845459399 -0.000314526487969 0.0383291043534 0.00474484825002 -0.352072346068 0.207945533412 0.0779492202555 -0.00161041207074 -0.394800223274 0.0844981155173 -0.00950432501496 -0.0421210358289 0.00731986693778 -0.00932454451258
-0.547432322603 0.049304738259 0.0872692704415 -0.153358693387 0.0398052902781 -0.00766538973761 0.00486949636547 -0.59344361397 0.0294037623203 0.0956444277554 -0.203325820676 -0.0100739851773 -0.00260431431207 -0.398697812758 -0.163989046416 -0.0231746056465 0.189738300318 -0.00011765438441 -0.0808759104293 0.0277503012356 -0.0863157211221 -0.00444672214861 0.000207402364462 0.0581568824981 0.00184568152509 -0.143762278752 -0.000367562423401 0.0149368621548
-0.346795606995 -0.0156909757505 -0.0342405106928 0.0043194376957 -0.00908040811984 0.00689854136234 -0.00399093820388 -0.61879968354 -0.0898592812071 -0.0829284429525 -0.25143810037 -0.0426586297916 0.00102873558666 -0.292633228775 0.0136933528243 0.05526663674 -0.0313362071989 -0.00439404126144 -0.553826971624 -0.116703598923 0.0240587103996 0.0106432622136 0.0379246046166 0.0448350842728 0.00356666452727 0.0284111777696 0.00178462957561 -0.00759411002303
-0.425017509745 -0.0387782082953 0.00734830097861 -0.0397462883749 -0.0420792657944 -0.0192494900273 -0.000371133002703 -0.52235403598 -0.0335421484896 -0.131507977373 -0.0249815098246 -0.00837875226606 2.94135721637e-06 -0.419373599585 0.114485292055 0.058856997812 -0.0130805836106 0.00327330467405 -0.290394285451 0.0878174128108 0.0299158328599 0.00164760874759 -0.463577692332 0.00181434513795 0.00519574740562 -0.146737921764 0.00650945962593 0.00627601035074
-0.53409571582 -0.0869605683202 -0.0844925172136 -0.064443974407 0.0194427756489 0.00594363723232 0.00366233608323 -0.609209900004 -0.0800877641576 -0.0966825773478 -0.0634331539004 -0.0307407072528 0.00725445112979 -0.204755634335 0.0794403442596 -0.00195808479618 0.00754907683913 -0.0104136552903 -0.239546003009 0.106978821174 0.00923710191824 -0.0129408436051 -0.407328716303 0.00718277702774 -0.0043214259091 -0.140844988414 -0.003324415095 -0.0148806780666
-0.479751583135 0.0327571112003 0.0617558634687 -0.00632366280895 -0.0219200887556 -0.0250706020389 -0.00651693086115 -0.702433443782 -0.0962177181979 -0.114843413443 -0.0572795070039 -0.027759982432 0.00526157405099 -0.217488098762 0.151060414661 -0.0347927879741 0.0241063071737 -0.0119014941731 -0.17238876706 0.0774656228087 0.0185872111481 -0.00580723669025 -0.363276063564 0.00838126656611 -0.00556083149321 -0.055985490033 0.0157851176074 -0.0146773547567
-0.434883414686 0.0252990318172 0.078273452913 0.0317970385131 -0.0405623575868 -0.0314325315405 0.00289554002138 -0.496667034882 0.0147108142319 -0.143212046147 0.0112200834439 -0.0256506093399 0.00135737896527 -0.480503611212 0.150418943447 0.00959068033891 -0.0159904188893 0.00320903646325 -0.290997588842 0.0862935193627 -0.00939134232914 0.00455845664554 -0.411391383358 0.0282760119218 -0.0027003685245 -0.126327560245 0.0103781668841 -0.0069438984295
-0.546627610296 0.0149443939584 -0.0522524937297 -0.0570615187649 0.0295719442247 -0.00262274482495 0.0101497771615 -0.593821993716 -0.022847352432 0.0575488542566 0.0601750435057 0.0319738954692 0.00634186392524 -0.256754127368 -0.0549164348131 0.0514571611712 0.0470350483475 -0.00359917205119 -0.221238822078 0.162659953645 0.104987739343 0.0113337312117 -0.409549114313 0.0646278633559 0.00162105046792 0.0235064445362 0.00249695392405 0.00511581639868
-0.514763260832 0.0292471570181 -0.0230122011143 -0.0603982121074 0.0341543909694 0.003997742798 -0.00286698605322 -0.607679806602 0.0450755670814 0.105843523632 0.0530762311131 0.0321810737518 -0.0027358476578 -0.247549503424 0.0336561910352 0.041109645994 0.0660232116912 0.00065079798332 -0.320004425392 0.0325362239949 0.092912861645 0.00292251207136 -0.396560168704 0.0654741162722 0.00503565972564 -0.0150479267503 -0.00352320699238 0.00698263798697
-0.509227754642 0.0275589188268 0.045134606569 -0.0697561441668 -0.00384379919312 0.00112420434061 0.00464882516223 -0.676918334745 0.0418416026087 0.118331590984 0.0811621719585 0.0212294783723 -0.00268867915873 -0.172833862551 0.11849820101 0.0656931797119 0.0650851429715 0.0109956691969 -0.337771339052 0.0976490564338 0.0834393442915 -0.00253083662846 -0.25607519454 0.0509284319692 -0.00854237511575 -0.0229138668944 -0.00478516760711 -0.00132268683278
-0.541469190735 -0.036609030643 0.0383409475382 0.0661407487727 -0.0116813469239 0.0152422150269 -0.00637779136324 -0.634157685141 0.0356018307544 -0.00829331073929 0.128487084525 0.0111345785837 0.00230318392536 -0.312216253277 0.0844969576332 0.0639233975549 -0.00910168780739 -0.0016294937222 -0.265692281864 0.211567611944 0.103512256633 0.00417666308624 -0.197267264208 0.0678281137669 0.00170583327474 0.0260964814359 -0.00205244595708 -0.00269950969368
-0.640142624108 0.013345028413 -0.0556314047935 -0.00571355805847 -0.00439571933147 -0.0443152605046 0.00319823744458 -0.629872962578 0.0251487956906 0.04777193045 0.0256103369361 0.0147680995933 0.00238497687288 -0.276132013706 -0.051715247309 0.0108011922588 0.157027348868 -0.00234794700248 -0.0123903179626 0.0403146173362 -0.0593455607921 0.00379823140835 -0.27306424887 0.0171802520581 0.00341083702443 -0.0207623357525 -0.00487906732499 -0.00634075996853
-0.72783377507 -0.0178259821528 0.119661051588 -0.0347177476709 -0.0229387938595 0.0414883816691 0.00208138776853 -0.594446750516 0.0336144016927 0.0413136735622 0.0039398452222 0.0135729834658 -0.00507544695254 -0.117093478478 -0.104610195851 -0.0140415492155 0.101244688919 -0.000503940216357 -0.0937608174615 0.0509404972705 -0.0435495127345 -0.00568967321777 -0.205975227648 0.0583468146697 -0.0057475888758 -0.0214199945096 0.00053641521522 0.0315565543439
-0.460402447497 -0.020194039105 0.0157039494209 -0.0360282490314 0.0239505809036 -0.011627316807 -0.00130005414821 -0.49413911248 -0.00669541836163 -0.0632555049668 0.0561210405228 -0.0135993864565 -4.33919846495e-05 -0.55238747605 -0.021704085499 -0.135534923112 -0.00584762717784 0.000652243159093 -0.349136969695 -0.079406470289 0.0457131314241 0.000341346700365 -0.278245244599 -0.00769545238423 0.00369227711873 -0.0447486490717 0.00381830287822 0.0017670106163
-0.516111226079 -0.00180208837693 -0.0413725239668 -0.00831078675939 -0.0621162610738 0.0192320474151 -0.00326432924281 -0.506372511606 -0.0268702992637 -0.0662467678926 -0.000558534628839 0.000470624221424 -0.00137531238765 -0.437869751143 0.0192131993034 -0.0358306916327 -0.0447114584139 0.00104896620468 -0.451248647028 -0.0940694694037 0.0226910593679 0.00276660595003 -0.233557013356 -0.0553440818842 0.0053463518568 -0.00503139749875 0.00268455012011 0.0051994782189
-0.514289892969 0.0515207511475 -0.0456720840086 0.00885218596443 0.0381787972219 -0.0215820752379 0.00225821164255 -0.606351002089 0.0311458990533 -0.00242048645334 -0.0917973950417 -0.0268262148737 -0.00107458567067 -0.479395666279 -0.0414204134164 -0.0279164127418 0.105891424263 -0.000996416569398 -0.169762358837 0.0409246445827 -0.0550421977895 -0.00646488771131 0.0976807652177 0.0134916354109 0.000714930917419 -0.252632760407 -0.00269617917856 -0.0180096124754
-0.678915199988 0.00795380376719 0.077490125031 -0.092942940675 0.0112592284493 0.0498590496278 -0.00228248484655 -0.590002454465 -0.00474599763827 0.00499253699194 -0.0766573127169 -0.00180743800181 -0.0188723676023 -0.314355914494 -0.141653506862 -0.0275192610256 0.083562252956 0.00472878409887 -0.122583396075 0.0356173439728 -0.0276428971455 -0.00642008367412 -0.0633435668712 0.0268062805519 0.0113132080476 -0.13467519073 0.00699662341151 0.0238769482382
-0.458480836726 0.014554385319 0.0242023041156 -0.037559618379 0.0018664931847 -0.00467227311777 0.000124619192197 -0.682910495365 -0.0976254057281 -0.0640886551169 -0.137877847603 -0.00257149846873 0.00156586022533 -0.155259788986 0.0762381036567 0.0489543433301 -0.0334852702081 -0.00668507523914 -0.478719511567 -0.065594721646 0.00872969735861 0.0143980367071 -0.140499801015 0.024943471072 0.00072094931407 0.0286501536118 0.00381246731279 -0.0100181198049
-0.574257314635 -0.0346878123429 -0.0629120571458 0.0897443814255 0.00863413016432 0.0234594682675 -0.0033417485882 -0.659142617759 -0.0747892739503 -0.0314543366641 -0.111025454194 -0.0146123695336 0.00483414979736 -0.103634829831 -0.0189344966962 0.0696756884249 -0.0214295082324 -0.00597016660799 -0.400041301959 -0.100112190229 -0.00392477920052 0.0103559820272 -0.109817919973 0.017079114415 -0.00179679442534 0.0580483416325 -0.00536995102437 -0.0195487587603