-0.000467250086393 0.00107823886671 -0.0043848188161 -0.00824140902915 0.0091692023935 0.00453270455571 0.0294444610047 -0.0933181636739 -0.056366719149 0.0396607030583 -0.444910911031 0.122722288444 0.0174337700331 -0.212923342692 -0.551701079173 -0.0424101612508 -0.396219158315 0.0254156300936 -0.216469417458 0.403694040213 0.0999097621654 -0.0333292041508 -0.163165828181 0.0741561077583 -0.0411457299633 -0.0888597763688 0.0197011268565 -0.00251196459062
-0.565329925303 -0.0356106311264 -0.0511596426284 0.0839799462442 0.140766100987 0.0619852733595 0.00651143623419 -0.483133722469 -0.0499525837994 0.025403695117 0.0218431854747 0.0718073733115 -0.0182793723907 -0.142885847175 -0.116035242076 -0.0124925685618 -0.129213012595 0.00744953248057 -0.436677599964 0.21195066721 0.0325503757681 -0.00626075058553 0.0808004937198 0.0414454603666 -0.00693651762294 -0.319749238877 -0.00782073727277 -0.0717317718605
-0.588460618759 0.032623776532 0.0410261406954 -0.0866720682323 -0.148593373547 -0.0581717786875 -0.00203268138649 -0.507511000617 -0.0521432607282 0.024383128086 0.0177991697504 0.0757572328722 -0.0315077119162 -0.131529596057 -0.125112174486 -0.0154753330621 -0.137310118491 0.0162678385428 -0.380661485901 0.199867551212 0.0368712148865 -8.47055637681e-06 0.096302565248 0.0416582048751 -0.00952089290962 -0.315956716973 0.009578804563 0.0227007712549
-0.21349096746 -0.0063189470807 -0.0111738020825 0.0364359575256 0.0135658688488 0.0200928670541 -0.00141769016445 -0.199471544673 -0.00553832775579 0.0122789013927 0.00199540868398 0.0100715212962 -0.00138871254511 -7.62170271512e-05 -0.0858874409945 -0.00736109752172 -0.0468718047059 -0.00206264566731 0.0465940250592 0.0802871057822 0.0102985736784 -0.00733650461199 -0.943819897675 0.00210156097146 -3.79980730412e-05 0.0541813704315 0.0041570272992 -0.00997499006086
-0.183081676146 -0.00025828947738 0.00801961290616 -0.0275691237394 -0.00616210012394 -0.0138675252866 -0.00293004398834 -0.17453839551 -0.00235095018276 -0.00482513666919 0.000765542412285 0.00461241590254 -0.00450951753294 -0.0100044434264 -0.0667970163262 -0.00450980615416 -0.0462823467615 0.00384457593756 0.00920705334831 0.0807901246956 0.00895296568411 -0.00495244544662 -0.958774669199 0.000382945768431 -0.000814666638309 0.0424633020759 0.00250573612505 0.0191951062919
-0.250052405341 -0.00809147310957 -0.00562344271522 0.00277976351414 0.0179889983751 0.0225806428076 0.0150185348237 -0.250392511757 -0.00641602049315 0.00348298870545 0.0172737024727 0.023166545216 0.0107965529517 -0.592678824026 -0.0136842599656 -0.0608555191366 -0.0410615729149 -0.00186618301565 -0.576168385269 0.106774112927 0.0130308955032 -0.00117195489557 -0.239141748996 0.0570126878003 0.00498606930954 -0.303294213037 0.0144977714742 -0.139845136457
-0.40155771998 -0.0566034468125 -0.00976793380993 0.0304425779831 0.0237228712857 -0.00023280969111 0.0028746232615 -0.568898220126 0.00580242017394 0.00681349750582 0.106441636651 0.0158069732457 0.00445828657615 -0.493744083325 -0.173777995652 -0.0333686041815 -0.0641071040484 0.00313511499657 -0.379531013855 0.134155569966 0.0359297877475 -0.0116105361781 0.0250816465856 0.0189414089156 -0.0178648333258 -0.231733092424 0.0203746119577 -0.0229063455486
-0.397299012444 0.0469131730565 0.00626562327897 -0.0326005824356 -0.0169479949852 -0.00288173181484 0.0038918594972 -0.575955113687 0.00657681349737 0.00952270393693 0.10893769118 0.0102567859808 0.00585166724768 -0.499249894452 -0.151423877924 -0.0432959093774 -0.0633128410358 0.0012882839549 -0.373455776768 0.131881830466 0.0336216282632 -0.013695324508 0.0222288036535 0.0217714452916 -0.0204420432965 -0.236735976593 0.0304666555671 0.00850364837544
-0.271705393776 0.012798640873 0.00682398401772 -0.00639987514056 -0.0220350337508 -0.0195932341845 -0.018042697058 -0.27234410366 -0.00800861649312 0.00720152085709 0.0207509207356 0.0206773099998 0.0161713658965 -0.589151022376 -0.0330609930849 -0.0565756776675 -0.0476338858393 -0.00355371093976 -0.585280796137 0.141084405117 0.0216632897067 0.00467659576446 -0.20977438684 0.0406415092423 0.0105266994791 -0.282401576424 0.030244734003 -0.0791561571021
-0.444466826433 0.0337578461103 -0.00293312905702 0.0134854920465 0.0658964868918 0.0175822557756 -0.00247189046695 -0.399892137031 -0.00821549994613 -0.00865322418455 -0.0375857277461 0.00265954057314 -0.00166497837288 -0.302694470702 -0.0223459726891 -0.046380135161 -0.0383374822317 -0.0067938505636 -0.683007740698 0.22584427561 0.0172540624566 -0.00210630957386 -0.0524257299524 0.025643441197 -0.00338188379951 -0.127195000783 -0.00851727164509 -0.041433123593
-0.540648637152 0.0127769999784 0.0062778375347 0.0436208467637 0.00109417553364 0.0033609848764 0.00207642571786 -0.796180594597 0.0104491472837 0.0053705424815 -0.155626850537 0.00954509203575 0.000223984070954 0.150310334816 -0.0481687373726 0.0426553580345 -0.0656411742894 0.000466142577056 -0.026562815114 0.0690079229351 0.00119174624697 0.0023003294551 0.0601326007188 -0.0297750746559 0.0122464734953 -0.0454091984321 -0.0134382801251 0.0617498682657
-0.540308329068 -0.0112330144273 0.00427317753932 -0.0369268200898 -0.00215869237061 -0.000775045768267 -0.000809841894484 -0.802039529498 0.0109891412408 0.00551583115132 -0.156983242546 0.00805474836559 0.000389011780756 0.0841853294758 -0.0743653770008 0.0303544632355 -0.0654396642881 0.00114792642183 0.0124992565471 0.0567559435967 0.0147707298559 0.00782348760336 0.0644998014999 -0.0235374434243 0.00907490091682 -0.0833084546504 -0.0155313233429 0.0704854681949
-0.516031000525 -0.0360351079558 0.0254880346293 -0.0278029299526 -0.0692838120704 -0.0310278176366 0.0057921687034 -0.455658246271 -0.00627428719645 -0.00759745313736 -0.0459908101394 0.0104680530124 -0.0182072613187 0.00398237221789 -0.00707938069878 -0.0112129289201 -0.0584141565956 0.0086061517837 -0.671143341534 0.229838311545 0.00069346596583 0.00270249991348 -0.0422887202451 0.020112624131 -0.00388125884499 -0.0703949869087 0.00295319068785 0.0282780959803
-0.16070309321 -0.000357735440112 0.0026410959564 0.000281291903938 0.000105173640426 -0.00253099523804 0.00494789475867 -0.161074714444 0.000598598757704 -0.000229869435244 -0.000171628898231 -0.000344083459397 0.00300948368241 -0.0810515371349 -2.52388972947e-06 -1.09872585058e-05 0.00229255191057 -0.0134485231099 -0.638654033596 -0.00145104359468 -1.77839182515e-06 -4.00527385248e-05 -0.729018955177 6.30784149387e-06 -4.6062143452e-05 -0.0404779560983 0.00885140487468 -0.0189671149532
-0.34958281584 -0.00345776829817 -0.00271634321859 0.0302011644102 0.0184547132178 0.00533378205512 0.00411361531904 -0.341019435757 -0.0101799498938 -0.00289034705923 -0.000685454336325 0.0197864846773 -0.0024300098408 0.0520994207568 -0.0613278084089 -0.0081188307521 -0.0392646454872 0.00561650141651 0.0616285816769 0.0778820924081 0.00156310527997 -0.00831196745695 -0.855891880602 0.00175630592444 -0.000690003720501 0.0949510992647 0.00709152690895 0.000106857787151
-0.330303002168 0.000406690736308 -0.00161956953116 -0.027567043199 -0.00529273322148 -0.00309266111593 -0.00437815612772 -0.313242642294 -0.000159127481731 0.000233337864332 -0.00302381535821 0.00157796314301 0.00431641104984 -0.106946810562 -0.111883624122 -0.00541868771822 -0.0435460658037 0.00122633850411 0.078836611077 0.0797905904471 0.0171084836792 -0.00703139314513 -0.866305021831 -0.00172713150877 -0.000119807303477 -0.0274074942512 -0.00423817587843 0.043197803228
-0.198658422252 0.000578867400043 0.00442105683008 -0.00828468704642 0.00145071361866 -0.00632229127319 -0.00892797860306 -0.196546366771 -0.000100754340593 0.00489944789985 -0.000778911484173 -0.000336934052209 0.00257633184222 -0.0641625055606 -0.00739506532134 0.000630810882448 -0.0184302679725 -0.001610075951 -0.511177135851 -0.0173629707743 0.00451741764089 0.0019765151585 -0.809100199467 -0.00040093043791 -0.000185245161548 -0.0143110069872 0.0174857904991 -0.0191511744763
-0.27393713449 -0.00233736104345 -0.00613467903317 0.00125979005747 0.00332282115382 0.0104350745704 0.000703111899713 -0.273897327927 -0.00441745772486 -0.000900081870333 0.00143677564204 0.00756676671936 0.00200182413649 -0.00864809000618 -0.0567661227754 -0.00191505570343 -0.028735927947 -0.00559673153456 -0.421191425106 -0.018233757761 0.0169197573736 -0.00854843284679 -0.816048386526 -9.14373049361e-05 -0.00027547331082 0.0349958808378 0.00379506347687 -0.016242013565
-0.414608579472 -0.0156378255178 0.00617834128394 0.0337535997893 0.0208951759594 -0.00420115078547 -0.00143114919929 -0.397206084497 0.00136828503184 0.0184852799736 0.00112734251151 0.00629974786099 0.00834728825262 0.0114408997815 -0.114695275589 -0.0138796187674 -0.0531629850436 0.0022415598901 0.171093778887 0.0727074797048 0.0124350467544 -0.00215719389714 -0.783641528384 0.00587561422125 0.00184604328609 0.0518296393434 -0.00465096657212 0.0112241312229
-0.361056299646 -0.00301590212585 -0.00245321225368 -0.0274997162426 -0.0190062634824 0.000485212479934 0.00181850702761 -0.357939289282 0.00742015360051 -0.00287402140928 -0.00358457467143 -0.0193660003191 0.00104684613296 0.0796007847953 -0.0638895723503 -0.0033866641808 -0.0509117011574 0.0032021939864 0.0800885336853 0.0767502604208 0.00517439205706 -0.00416570354752 -0.836299337777 0.000878987192437 -0.000657662691801 0.11279306919 -0.0057108700832 0.0489480421831
-0.247595516524 0.000372587817109 0.00629914283331 -0.0052047325521 -0.00179736686891 -0.0126367671123 -0.00208378953483 -0.244102039507 -0.000577360992424 -0.00122983248792 0.00295775000615 0.000897720262349 0.000739544111278 -0.0112155322308 -0.0175992646862 -0.00309438972294 -0.0247517795202 0.00508282539951 -0.540225478349 0.0265239926786 0.00609924219157 -0.000115065372641 -0.764300943224 0.000986217172354 -0.000583366357754 0.0281576192064 0.00699896841361 -0.0140559952901