-0.0374329806125 -0.00276741451474 0.199043836491 0.09128791939 -0.00748287970093 -0.0227211855953 0.0534661052925 -0.0512401520404 -0.092312931876 0.114777805602 0.232829806897 -0.0183978971432 -0.0858846273944 -0.359846067211 0.351729294997 0.579713035219 -0.124637726287 0.00579298731296 -0.194514835905 0.306810492495 0.0316524165868 -0.00511046917682 -0.340802437449 0.0333256836465 -0.0547494405343 -0.011936978279 -0.0509606699953 -0.0115833117582
-0.48368061113 -0.13336228398 -0.167307727365 -0.0760437395013 -0.0447094890344 0.0238641535484 0.0117818065725 -0.48865140282 -0.16234327014 -0.0484075205496 -0.079137360402 0.0145463563493 0.00623240519392 -0.324222939631 0.210947113181 0.286124398933 -0.0267546052511 0.0104008745835 -0.322569497746 0.13351416073 -0.0143829592929 -0.00515602711977 -0.262901459496 -0.00724604694641 0.012869199986 -0.0951862601892 0.014142720031 -0.0691169358998
-0.574815763703 -0.00895328136256 0.176459320264 0.122804471477 0.10305265761 -0.0169291331499 -0.00302211993647 -0.448723774986 -0.108062240969 0.0164861839516 0.132017956067 -0.0442616002762 -0.00865935463677 -0.3440680663 0.242974041723 0.16393225083 -0.0195914762566 0.0138719803613 -0.345895403984 0.129686010949 0.00545435000348 -0.0085754938296 -0.180469050287 0.0150847197913 -0.0307006032149 0.0021907975058 -0.0242833260725 0.0619589425257
-0.520833240568 -0.0298531407084 0.000168339951538 0.0753133574954 -0.00263961100171 -0.0592396833416 -0.0267940904495 -0.673242622482 0.108663716502 0.105293989975 0.155048659083 -0.0124233722314 -0.048418572795 -0.137140332035 0.218209977416 0.280107562537 -0.0166039588908 -0.0393690428935 -0.196136347907 0.0855819992168 -0.00342719525987 -0.0461750740049 -0.052361572297 0.0343352188787 -0.0674430062959 0.04331220217 -0.0400063354098 0.0930264238556
-0.529107489958 -0.0274967937658 0.104477399352 0.0469115749083 -0.000115759260217 -0.0329513431976 -7.38868050655e-05 -0.53333670323 0.103089700001 0.0505105023975 0.00270158188946 -0.0309277454181 -0.00317519711349 -0.356412304642 -0.0110004309844 0.127845323609 -0.116077425927 0.0147606945063 0.147909130978 0.0876745804957 0.0593123593952 0.035629762936 -0.39635322756 0.0368566464882 0.0406214550239 0.0145054940561 -0.0309136427223 -0.231684190055
-0.16917692223 -0.00162464237784 -0.000792805844716 -0.00472030180216 0.00131290170408 0.00520355537975 0.0123581270029 -0.169399323338 -0.000735513075428 -0.00340233756572 0.000975597948265 0.00460311565642 0.01086357828 -0.698106383307 0.0104594759238 -0.00918838297198 -0.0120641361696 -0.000957148741994 -0.407373397284 -0.0207021310448 -0.01653383391 0.00116172794192 -0.448545306525 0.0051640177662 -0.000207257507564 -0.266556496617 0.00201223059727 -0.125293591351
-0.545093754081 -0.0660447769506 -0.0195379039368 -0.0894774613167 -0.00928850341524 0.0010272861851 0.000715827369308 -0.625282629598 -0.0896086667978 -0.0111947841624 -0.0775328736276 0.0140685821876 0.0113265391508 -0.300285956522 0.182505457089 0.157756425885 -0.032863566086 0.0123077045366 -0.28643893093 0.115250414459 -0.0167409049783 0.011704695681 -0.19176836472 0.00449047207744 0.00303665923785 0.0389945034208 0.0205651453779 -0.0216906851677
-0.497017614585 0.0174565990545 0.0253436353336 0.0917173226912 -0.058871823188 0.000489958921968 0.00331345199581 -0.488974290218 -0.00254174075698 -0.0443832075495 0.00482419020525 -0.0476966439822 0.0225086201877 -0.516083448552 0.0962560970961 0.0721814579236 0.0272388045043 0.00774508840033 -0.369295696853 0.0204957282048 0.0271393422938 0.00417962821305 -0.264097025541 0.0272879647734 0.00519521452734 0.0027959233571 0.00764398266231 0.0806364686724
-0.577503721186 -0.0275547478942 0.0671602115795 0.0784699778499 0.0604427612635 -0.00626636463809 -0.0181194187724 -0.500241773438 0.0138954910647 0.0938597887212 -0.0305831240156 -0.0351976409742 0.00749145002615 -0.420951892091 0.0919783148561 0.148225953166 -0.0111631476258 -0.00555259361882 -0.390452867289 0.112604568504 0.00377600869417 0.00443833804769 -0.109867845637 0.0246670419126 -0.0245224797648 0.0429476443861 -0.00943194008771 0.0373905711649
-0.532209072618 -0.0775054139169 -0.0452645284143 -0.0339600869556 -0.0741140294495 0.012784540132 0.00400906206687 -0.485977132327 -0.0217808840572 -0.0761357975381 -0.0222739616677 -0.000606091499009 0.00590021952396 -0.342453672539 0.188779122178 0.197280220081 -0.0174752934749 0.0185180445971 -0.380033841801 0.184557390622 -0.0145126700284 0.00741665496139 -0.290672924995 -0.000695903882366 0.0151089932965 0.0339137349955 0.0161125649763 -0.0391635327854
-0.538073824122 -0.051224426658 -0.0959298908415 0.0248445093403 0.0437103833212 0.0245251327501 -0.0115099179626 -0.577411287028 -0.110590579017 0.0430689640035 -0.0153581483769 0.053891039513 0.00399395583361 -0.312113267394 -0.00340055042885 0.104758142535 -0.044382765425 0.00840607398863 -0.178041274008 -0.0247507523058 0.0363100486591 -0.0134991454084 -0.106195196283 0.00183206527536 0.0109358088981 -0.432906356846 -0.02141059098 0.0349791214956
-0.641317643778 0.0407184824759 0.104829327418 0.000189746368495 -0.0117902370194 0.00375805875808 0.0158299762683 -0.665869137823 -0.0886022709992 0.0789916706569 0.0207040514595 0.0139556092329 -0.0326480612711 -0.234864296951 0.0940002797854 0.0570445136959 0.0181700920302 0.0303360682922 -0.113885337423 0.0422532018035 0.0340709922675 -0.00881241428113 -0.152635764864 0.0180682231922 -0.0113763500965 -0.0605291650747 -0.0296853103655 0.0608738486676
-0.503075737709 -0.0348088056951 0.0172703963281 0.0601314935941 0.0571463073394 -0.0250799377143 -0.00770800667764 -0.450317733668 0.00972688051462 -0.00133599224476 0.0551549251775 -0.00575532916486 -0.00867278544773 -0.431849034796 0.193831045025 0.169605754805 -0.0385999862969 -0.00691567295002 -0.379590180842 0.153568182457 -0.0380990122291 -0.0144590334879 -0.31406186533 -0.0025116951489 -0.0344756172595 -0.0374069983979 -0.0528087888482 -0.0639051581959
-0.65561554822 -0.0350324206816 -0.0916002173964 -0.0613781887289 0.00159549165218 -0.0358927642492 0.00998353856627 -0.608612427257 -0.11209189792 0.0284837922798 0.0511474049462 0.0139523734414 -0.0212777542165 -0.260052349474 0.164644161876 0.149362936776 0.0011774064034 0.0147546093729 -0.104609342524 0.0110538780869 0.0140538063702 0.00238095951938 -0.191569378053 0.0260999300791 -0.00223661777414 0.0240737634758 -0.0083301726785 0.0421706952528
-0.642324840173 -0.000218911305636 0.036904141924 0.0272212013878 -0.0152666673188 0.0294787923089 -0.0216260565168 -0.681779613485 0.045409312628 -0.0117136454702 0.0665093785934 0.00584765803252 0.0226873578868 -0.228455566119 0.0547464789917 0.13284548678 0.0367432363013 0.021473670231 -0.157508234776 0.0225443900813 -0.00336306137335 -0.0012482263807 -0.00853982836932 0.0182063167277 0.013624187267 -0.0376947474419 -0.0549102217257 0.0821388158193
-0.659196968481 -0.0723533879726 0.0650384298883 0.0193498362935 0.036258218251 -0.0035312718701 0.0106725507002 -0.66830855542 0.0617037495571 0.0234595002302 0.0417747002855 -0.00523506806537 0.0148405712975 -0.0796617411543 0.202626933688 0.102947686562 -0.0497567221545 0.00797264037187 -0.0900728260734 0.03269825246 0.0182514318033 0.0300976339383 -0.00486032588154 0.019313708346 0.0346695453259 0.162428172666 -0.0461509198434 0.010872012606
-0.265716242355 0.00388232266597 0.0010210821602 0.00824535518274 0.00288026559028 -0.0075057415125 -0.0214442821393 -0.266380622703 -0.00128727020237 -0.0110259371667 -0.000482184447001 0.00790095780189 0.0195832786225 -0.545277334592 0.00921444040636 0.0424859467695 -0.0405915301518 -0.00357297546871 -0.477677473799 -0.0370712231258 -0.00592263767866 -0.00318219341576 -0.497531272324 -0.0294241026018 -0.00279499547891 -0.206836614751 0.0225862253178 -0.187303928426
-0.615929545919 -0.044824241354 -0.00304900910521 0.0189956011261 0.032020507048 -0.0422678879086 -0.0373935288557 -0.729610896345 0.0941668187472 0.038122216072 0.0490221230725 -0.00653780103002 -0.0157310463433 -0.0608019928095 0.117028816194 0.112926039083 0.00953751427059 -0.0434999909365 -0.117996442942 0.0614516655478 0.00204718681408 -0.0313069952885 -0.00133963515509 0.0251709306307 -0.0649217408603 0.112655303216 -0.0172053693966 -0.0067673866135
-0.583735681861 -0.0641572676172 0.0885507955334 -0.0053239206495 -0.00652182789171 -0.00673138473064 0.0262740179871 -0.628225852483 0.10221886307 0.0249763191686 0.0067818051368 -0.0283362084836 0.00454543173399 -0.178098014655 0.185850027518 0.100407705676 -0.0588379501582 -0.0273207773758 -0.343362999065 0.0204870837471 -0.00765719525358 -0.0265391935936 -0.167178262107 0.0299361386734 -0.0525881112982 -0.0799445202745 -0.0298540838932 0.0368274830908
-0.353192104539 0.00215792438005 -0.00875257592276 -0.00710345639422 0.0102874596584 0.0175320470401 -0.0112846305701 -0.354692749162 0.00404592295305 0.000342296589594 -0.0146144915622 -0.0164157957595 -0.0132841753293 -0.500341828973 -0.0591247735582 -0.099387690134 -0.0401137480516 -0.00920949189733 -0.537464197158 -0.0231996296782 0.00608730894995 0.00423347667986 -0.371140054537 0.0489037555728 -0.00128984072738 -0.179300850684 -0.00698116521416 -0.144547227397
-0.518059947821 -0.0195919793957 0.0256975019844 -0.0163543952984 0.00289459703751 -0.0262023607762 0.00185147656651 -0.519173638781 0.027589605435 -0.0108193284921 3.74828222521e-06 -0.0232311733267 -0.0259134676438 -0.515304468253 -0.171082560904 0.0751216359456 -0.0490344340555 -0.0047192595207 0.240886844983 0.066185115947 0.0522890125983 0.0120103847432 -0.273792954663 0.00927341516435 0.00953475984876 0.0584534607104 0.0104781117862 -0.10556455537