-0.0129296061837 -0.018426631087 0.0575561009577 0.2225931554 -0.00964542859214 0.0181752203935 -0.000433734903163 -0.0425169510633 -0.0909108862907 0.350176434518 0.073662606284 -0.0691458308773 -0.105310931986 -0.161995187435 -0.749232628204 -0.00488063051396 0.241802665169 -0.0311934573442 -0.212399427871 0.250327525787 0.113970917065 -0.10932538886 -0.0212373569308 -0.105733741359 -0.0151968490539 -0.0208884923083 -0.00994564610445 -0.00652555790085
-0.681150005451 0.0261433191849 0.135863914218 0.204154249031 -0.0995327635425 0.0204713010829 -0.00531793981357 -0.600981711478 -0.0120944395874 0.0205045056467 0.130456488251 -0.0132276727502 -0.00631936538836 -0.0743343358578 -0.23684152265 -0.00403602349913 0.0486888022882 -0.0103559121393 -0.0849536390383 -0.0179274372912 0.042845099085 -0.0335695405897 0.0757231925108 0.0459610682255 0.00064928418357 0.0574436904511 0.00288070399931 -0.0104832270963
-0.644011932707 -0.0217918675581 -0.0143971628242 -0.055462942428 0.190012463721 -0.0424367100647 0.0212204633715 -0.639348416598 -0.107500054577 0.0908527736545 0.0820544374743 0.0495987457003 -0.0118642854072 0.0511726967074 -0.220373616424 -0.0710002455023 0.0480853056121 0.00295318437321 -0.1589305229 0.0131246145545 0.0232150607427 -0.0107284695675 -0.075300641705 0.0450252263003 -0.0226716633434 0.110603854859 0.00604931082506 -0.0105921365023
-0.518114984538 -0.0463012407547 -0.078961170856 0.0262381213035 -0.1236642452 0.00564533245932 -0.00897722665221 -0.690855275302 0.168571493534 -0.00152968669618 -0.271236129302 0.0861280413551 -0.0018493237743 -0.158753825635 -0.103494984581 0.0928528552055 0.0298028793695 -0.0106752976495 0.0319881901454 0.0143505596855 0.0440072999972 -0.0278886615809 -0.152558041147 -0.0941459999171 0.01046858081 -0.196495275433 -0.00549958581087 -0.00501758407083
-0.520636939465 0.0429975315959 0.0619381837322 0.0251529672141 0.159942997361 -0.0257010532079 -0.0077606113806 -0.644624475202 0.181503368889 0.140131855843 -0.251781779426 -0.0114878832435 -0.00855208804406 -0.118121872612 -0.0718138047038 0.0721373059505 0.0462798107475 -0.00876082568256 -0.145021649643 0.186945908656 0.0225415286368 5.40345398321e-05 -0.230646609924 -0.0740153065374 0.00033176800169 -0.150748488992 0.00013815049489 0.0132154772979
-0.694671220279 -0.0663312663317 -0.000884751750348 0.104480601823 -0.0602905742662 0.00704233640147 0.000974315380554 -0.618110519834 -0.00252892766147 0.00234926800299 -0.0934216097256 -0.0395881453429 -0.00394509030699 -0.176840669801 -0.139750868108 -0.0934587097553 0.0407827160707 0.00531574338805 -0.0495499738593 -0.152615466098 0.0422561833911 -0.0285466739774 -0.120590135108 0.0396113338715 0.013901274385 -0.00632777607508 0.0046981365272 -0.0102054422114
-0.530815142871 -0.0576674181714 0.0202784810256 -0.0353539008971 -0.0439379000311 9.9253056546e-05 0.00134053703388 -0.672001854973 -0.00781440716293 -0.0305408244638 -0.131034275224 -0.036472751958 0.00295479070889 -0.1961078082 -0.234091214831 0.0260376797198 -0.0425176407493 -0.00179276768266 -0.353129722291 0.0729027006715 -0.0233105868244 -0.00984288385804 -0.0845990497854 0.0574563673311 -0.00307157086506 0.0563024268829 0.00837040029342 -0.0108516919475
-0.530864296728 0.0519758415188 -0.0300283642113 0.0117959843021 0.0452452320399 -0.0135991563341 0.0115562893606 -0.678480299385 0.0185260085377 -0.0507533985421 -0.140722096071 -0.0270679015156 0.00534967930571 -0.0708378091403 -0.150671304322 0.0184321115582 -0.0308244043055 -0.00761811397562 -0.435390501968 -0.00290207281591 -0.0148235852547 -0.010735944607 -0.0673940040696 0.00413527477335 0.000911140663176 0.0658506025905 -0.00236453717702 -0.0194593304472
-0.629971714976 0.0527949204034 0.050240803979 -0.0452161029861 0.0430697233254 -0.0118781750118 0.00698965052832 -0.62849259188 -0.0159342943503 0.0469237343502 -0.064414457989 -0.0141057767016 -0.0076734816187 -0.0483941738756 -0.145580374027 -0.133502165447 -0.00773727194124 0.0123823787983 -0.093495077925 -0.241466042557 0.0110933798721 0.00185573891232 -0.286814906162 0.0109058179568 -0.0177008550475 0.0101325111406 0.0167280406454 -0.00679056071398
-0.707107677831 0.0479391963374 -0.0107982974383 0.0913087849306 -0.102075691153 0.00343415554928 -0.00531155783638 -0.628060522595 0.074016448622 0.0188792588127 0.0606827793869 0.0117321511526 0.00505256075897 -0.00413075034097 -0.147861151737 0.0172552052879 0.0690724919809 -0.00944654825657 0.0200388532014 -0.01605875821 0.0528366311886 -0.0151267637384 -0.207070279761 0.0183833435215 0.00281728095653 0.0259494714886 -0.00470913624801 0.00304740267684
-0.653974517356 0.00902205474492 0.0174266387737 -0.0188491114878 -0.0171851389324 0.00749773375457 -0.000197328965074 -0.670490996025 -0.0327574803462 -0.00532832668173 0.0513890861898 0.0209889184734 0.00399990460205 -0.0441391715418 -0.200259476939 0.124066003579 0.0295998924432 0.00128928842864 -0.210349964059 0.112732384136 -0.0164119397409 0.00687345410033 0.0286924950854 -0.0128265198666 -0.0237502570998 -0.0164600597442 -0.00182673298893 -0.00690284408148
-0.575999054698 -0.00658792027883 -0.036023005222 -0.0318913332839 0.0312120730734 -0.0290784209099 0.00476378295116 -0.745613938728 -0.027092560532 0.0144541807574 0.151187449757 0.0416640633935 -0.00638057322985 0.00809276833845 -0.124810899649 0.021038073354 0.0730916444531 -0.00943098573982 -0.0959291409949 0.149180908528 0.027739462035 -0.0104225795196 -0.148017010051 0.0362584513361 -0.0197250136446 0.0700803206517 0.00731518586812 -0.0087760084078
-0.659845769081 -0.000787346125808 0.00869455418974 -0.00638914797225 0.0374923514818 0.0211071418512 -0.0012530111589 -0.678776957609 0.0133887226207 0.0676791045216 -0.0211296940647 0.0326731113407 0.00725412733785 -0.00208327092678 -0.17224832573 0.0252330723886 0.0816732687562 0.00513371551478 -0.148871518037 0.0835168665141 -0.0164105026168 0.00059387160233 -0.169504452591 0.00908018388062 -0.00590788487724 0.0128104333428 -0.000248364558302 0.01187960676
-0.699362110231 -0.0628434974237 -0.0634173649398 0.0672653793634 -0.0879464845808 -0.0294412578319 -0.00340929871661 -0.579696449942 0.00726185018713 0.0190140531875 -0.0818939602489 0.033237579023 -0.000488825412284 -0.162836376117 -0.122720329992 0.102736501652 0.0535625798152 -9.64745129853e-06 0.0559714977926 -0.0169754990229 0.0701080342278 -0.0264296663002 -0.195036523553 -0.0218335807165 0.0016623827657 -0.206884732473 -0.0122781334971 -0.00223676282885
-0.539610259316 -0.0075679885234 0.0487920501492 0.0256868246772 0.0386725093262 0.0155091266971 -0.00315981168998 -0.614629113832 0.0563340017419 0.046895731703 -0.0745283526672 0.0841407679501 0.00441738907538 -0.264056576203 -0.0959910245211 0.0639776668097 0.0579264427985 -0.00248685740158 -0.263412751813 -0.0178762870569 0.0750571698631 -0.0020661921637 -0.230066684195 -0.0799138978187 0.00204488689572 -0.29489855968 0.01090049812 -0.00615546587703
-0.614804546198 0.0295965952344 -0.0459457090805 -0.028430032656 -0.00393948665049 -0.0393560940274 -0.00592541832499 -0.660707008934 0.0468521469634 0.0922321430351 -0.063621270767 0.0192248612652 -0.00230193461862 -0.152015519527 -0.134224318494 -0.00501982361886 0.0933948047991 -0.00581841497553 -0.126081161928 0.011604253047 0.0381396514723 -0.00642397194685 -0.297250190984 -0.0525687783489 -0.00762121535852 -0.0789365200041 -0.00273856924001 0.0105425140516
-0.605163872724 0.0182622296734 -0.0152014059417 -0.0530946590486 -0.0144896648959 0.0309919799828 -0.00112478178536 -0.644367382933 0.0664895525209 0.0186565634899 0.0893802550272 -0.0180209787395 -0.00349545975433 -0.147235174676 -0.0894679578101 0.0285930868094 0.0713547482331 -9.80092932233e-05 -0.136826765351 0.0738714564663 0.0532160906264 -0.00160182968508 -0.337725816816 -0.06338250911 -0.00353282864884 -0.141773068872 -0.00776135915992 0.0080015822303
-0.631786372881 0.000199467438805 0.0388820641781 0.0666274787284 -0.0741830618344 -0.0381829773813 -0.00885221788063 -0.595052115263 0.0364871121191 -0.0417945554071 -0.0825211956842 0.0427443522659 0.00330004728674 -0.214197661514 -0.0822504683354 -0.0871614211196 -0.0160181796732 -0.0136798581949 0.0853671607144 -0.126060223478 0.0285455535298 -0.0171904263827 -0.355836781742 -0.0729330701155 0.0134935311198 -0.0700492641291 -0.000362582896156 0.00622784895604
-0.632450789682 -0.0165567402446 -0.0439049436629 -0.0804276776928 -0.0299308891038 0.0423417620807 0.0046147369674 -0.633944081809 0.0799705460613 0.0412255670469 -0.128398441011 0.0254232557978 -0.00657978989462 -0.0559683836613 -0.0796320048699 0.150818908438 -0.00938900350713 -0.00456909420226 -0.182869159656 0.208350700508 -0.0339134172894 -0.00555778374683 -0.218826362354 0.0233677178808 -0.00184764045181 -0.0498526469909 -0.00670406301248 -0.0119998030161
-0.682400083677 0.0329511165009 0.0375445624335 0.0574969835283 0.0935781540771 -0.0291515993289 -0.00512572593784 -0.589784261444 0.0710604298205 0.0526476387225 -0.114396381619 -0.00563942215864 0.00375470885422 -0.0672123269046 -0.0476108539793 0.133833108119 -0.0163585956923 -0.00327517083177 -0.150771155508 0.240256354646 -0.0185514965222 0.00523022001671 -0.19628637568 -0.00429923889481 -0.00527974565891 -0.0752610592083 0.00750271071001 0.000957014722468
-0.553144178972 0.0465913561949 0.0434025403462 0.00170242142498 0.0611170642505 -0.0148098883845 -0.00712422793722 -0.641612544275 0.0143049137639 0.00478026675338 -0.160855077534 -0.0166071343453 -0.00845314888903 -0.205413151819 -0.145242981409 0.0803521415293 -0.0335634257545 -0.00459148078271 -0.20918381404 0.182093244212 -0.0220461843613 0.00839005516561 -0.288030248288 -0.0386026342691 0.00936900236533 -0.121646681614 0.00276910593952 0.0119005044977