-0.0417594647128 -0.0415523611093 0.0272142699788 0.0669902021207 0.143408606085 -0.0594751348023 -0.016653681442 -0.0541973421917 -0.0349973146545 0.0770739249866 0.122504450811 -0.131572931408 -0.00437537587242 -0.0596724781573 -0.249088090281 0.15377188248 0.0129128382352 -0.00819270736114 -0.466644048827 0.643724923902 0.076623961737 -0.0146099891131 -0.441735573575 0.0116394346696 -0.0231700648786 -0.0300614656297 0.00784377644323 -0.00194396224577
-0.351428013527 -0.00775539493872 0.0171109974989 -0.030068774973 0.000782679335071 0.00464283109786 -0.00180491629877 -0.481461915717 -0.075687751703 -0.158953810132 -0.066289057123 -0.0773410194051 0.0133000624878 0.0303138556397 -0.245540498686 0.0952905685625 0.0176458478651 -0.00767659680233 -0.356652037264 0.295700696539 0.122075688171 -0.00518417242204 -0.52553340385 0.0676455004414 -0.0157300939461 0.141310939884 0.0157930385099 -0.020175974235
-0.392760959039 -0.00150169961502 -0.0277361984876 0.018270954258 0.0184815263779 -0.0648537610273 -0.00550713176316 -0.401631164956 -0.0361810056243 -0.0943049315607 -0.0177047388169 -0.0221443191775 0.0103172242707 -0.0266903165855 -0.163281200247 0.142891407324 -0.00920966275214 0.003493590846 -0.488204124723 0.398213919234 0.0350873792022 0.000413259132205 -0.466654064658 0.0354791326434 0.000158717417354 -0.0395217947347 0.00757650791693 -0.0308871778233
-0.337439266196 -0.0168813816071 0.0335530237615 0.0770653850353 0.107582958646 0.0518227044547 0.000868004960776 -0.300886916053 -0.00322067722568 0.0818527625274 0.0209532213076 -0.0154184593469 6.93154203731e-05 -0.0531161233068 -0.0698054971614 0.106601643134 0.00953014378717 -0.00543035188146 -0.479390528154 0.201176128095 0.0107821351684 -0.0053898279142 -0.663627505155 0.043097076566 -0.00336110192065 -0.185585922525 -0.0100057714145 0.013466495462
-0.383842099885 -0.0658792177704 -0.0531934466665 0.015292248736 0.0672113688888 -0.0661615510453 0.00553381817133 -0.532044390203 0.0339386438123 0.138017369047 0.129764196356 -0.0465879722996 0.0042764261182 -0.209777117837 -0.178049415499 0.0870996451204 0.0128101330451 -0.0115125167544 -0.31328819377 0.469262029643 -0.00771034434123 -0.00515917700713 -0.214951971593 -0.0340588403512 -0.012134900257 -0.253316714598 -0.0035473678791 0.0176101673636
-0.561627469268 -0.0172065806322 -0.0153352726451 -0.0399189809879 -0.0433650648164 0.0178528676539 0.0147245963019 -0.561320689396 -0.0408751747445 -0.0394295508974 -0.0286662081311 0.00890321281234 0.00137942033695 0.14280177144 -0.252482989319 0.0383683788646 -0.00898639008413 0.00188393360286 -0.197498306135 0.17493933615 0.0458586287091 0.00433302579089 -0.422570748449 0.0158368255932 0.00145358619778 0.15068293317 0.0362654587788 -0.0236088933053
-0.497121245223 -0.0348840554479 -0.00337876584147 -0.0159236383144 -0.0218170761898 -0.00549371494789 -0.00724568952212 -0.678137644311 -0.0371609435448 -0.092332927821 -0.0657005574156 -0.0558567955136 0.00277174810428 0.0473429994662 -0.188661240638 0.0570513130707 -0.00302931164467 -0.00399719709801 -0.234706366063 0.228558577727 0.0666890527273 0.00291484629312 -0.295914525905 0.0078977400083 -0.00951648683596 0.177854567006 0.032746082481 -0.0170109869199
-0.563765264616 -0.0104147095248 0.0289790545771 -0.0301893356207 0.0157220811263 -0.022745259068 0.00257612865349 -0.590653964862 -0.0258749587794 -0.0415230056878 -0.061172105793 -0.0363761520962 0.0091948520324 0.0461653083434 -0.188435535437 0.0748852606122 -0.0302329888443 0.00577280132703 -0.272344849821 0.222042341228 0.0478894016538 -0.00486984754492 -0.382030741644 0.0272090243095 0.00326969114268 0.0705842973092 0.0265167680646 -0.0274329653487
-0.616878648039 -0.0463497139737 -0.0361738632847 0.0870288947579 0.0507914103302 -0.0094873026756 -0.00875855645328 -0.527722807188 -0.00413146887233 0.0210303913749 0.0459777954522 0.0128384119787 0.00545978998452 0.0249092119169 -0.095423519737 0.107312073931 -0.0245760517985 0.0113148486684 -0.325179841184 0.33801502833 -0.0180660777052 0.00721815386621 -0.257076603547 -0.0112319000925 0.012077675105 -0.124232235864 0.0134271355566 -0.0100573701586
-0.393401354039 -0.0187162672942 -0.0271522502651 -0.0147874888258 -0.0148962850546 -0.0275698250683 0.00497702542891 -0.410202424081 -0.0535543349191 -0.0103869964267 -0.0322014347398 -0.0259846132377 0.00511399255034 -0.204640638394 -0.0550387584953 0.0678911096532 0.0115059688434 -0.00258646952848 -0.501663001084 0.156799547193 0.060701555995 -0.00275483547317 -0.545946844906 0.0529632674273 -0.00640358002248 -0.196516003607 -0.012016390921 -0.0259933209763
-0.403833509952 -0.0199324890052 0.0426679479239 0.0176461676079 0.0386779286077 0.016803482588 0.00418687343682 -0.395613633964 -0.00400825756821 0.0258327525322 0.0446071001249 0.0327049480303 0.000636719601975 -0.104323729111 -0.0390309722273 0.0756371650451 0.022996034524 -0.000894398952944 -0.712931977634 0.0929769963112 0.0320712213749 -0.00216737314873 -0.353451606669 0.0658650889801 -0.0027143322316 -0.0778962298071 -0.0197581162937 0.000872090211764
-0.410369379782 0.0257649593574 -0.0164449119461 -0.0212146810612 -0.0453575920226 -0.0186248242887 0.00507505123314 -0.42769239203 -0.00626537382955 0.0437348516961 0.0461504054156 0.0411030387555 -0.00621252485013 -0.0577457459818 -0.0396490437274 0.0666407466559 0.0300384352613 -0.00428033129533 -0.706364484482 0.0926936329499 0.0210856107486 -4.81154718379e-05 -0.343696535885 0.0463176733796 -0.00242756953308 -0.0135636796879 -0.0158782150498 -0.00903575066647
-0.434269099152 0.0214378003299 -0.00192663591638 0.0447930006255 0.0155750562752 0.0331960276798 -0.0129883926523 -0.452298420289 -0.0512445751974 -0.0352746951237 -0.031261419931 -0.023336025963 0.00688155766226 -0.177520989166 -0.0437780378905 0.0750315500133 -0.00261826529281 -0.00324985150067 -0.511425379853 0.340518679505 -0.00778193693079 -0.00323399874286 -0.385535590969 0.0249077111599 -0.00452291519064 -0.173065477435 0.00766215418829 -0.0383122383134
-0.35618909543 0.0110130513689 -0.038411543367 0.0433059729817 0.00650856248005 0.00735338381967 -2.94815517254e-05 -0.40821945921 0.0582237931013 0.0665481840953 0.0384980548672 0.0285456432464 -0.00305915097842 -0.0953673890443 0.036247377021 0.0914689650174 0.00726215104833 -0.00169277243382 -0.44863828416 0.0478162748183 0.00744858678809 -0.00307052078732 -0.645889234327 0.0176049066639 0.00105616393523 -0.229512475787 -0.0106422628385 0.0078008994275
-0.529184297008 -0.0156845642013 -0.000658868151754 0.0175202375143 0.0689815822309 0.0498744365989 -0.0101551055288 -0.542105032777 0.0605981634473 0.0964428893911 -0.00292479119384 -0.0175172751712 -0.00460579200429 0.0135884769526 -0.0687351945939 0.10875195801 0.00370800916965 -0.0065681511734 -0.409713351921 0.204373198601 0.0223558951886 -0.00219215558265 -0.418727186217 0.0383433023769 -0.00805446728781 -0.0263047358895 -0.0193403597687 -0.00301206742401
-0.56736429494 0.00564172735943 0.0199414492214 -0.0117691615884 0.00634402872017 -0.05969158397 -0.0111939192643 -0.677764255867 0.0306577660067 0.13881886274 0.0147493990951 -0.0143894355249 -0.00522340389166 -0.0433275812257 -0.129896810787 0.0623655278565 0.0296169706102 -0.0170838651128 -0.191718230895 0.267686894237 0.0123918734415 -0.00429389016496 -0.240973885122 0.0422721437406 -0.0207388875949 -0.0330609780094 -0.000655236271043 -0.00150729444039
-0.432587699595 -0.0316587976553 -0.0173024676501 0.000317911717107 0.0231578280824 0.0201594099327 -0.00279631477126 -0.653802027556 0.00850130617708 0.0550195014244 0.0943622122486 -0.00875316056416 -0.00166718990901 -0.223125445872 -0.0798290620213 0.124114437751 -0.0210559231875 -0.000348504846685 -0.243982842713 0.354722996275 0.0076447248344 -0.00966991761079 -0.181877765308 -0.0283125262897 -0.0114616451542 -0.281919732158 -0.00482624790127 0.00689036334012
-0.374464086531 0.0177531394606 0.0551725810558 0.0593474149391 0.000818845074341 0.0114631656327 -0.00567334476077 -0.344168201223 -0.0336229166072 0.00192772748526 -0.00790023393633 -0.0101393652903 -0.00359654567271 -0.128606584809 0.0256488579424 0.0738273494768 0.0145746273571 -0.00828361956461 -0.505227654401 0.0675131320649 0.0275937786599 -0.00585399640589 -0.621594446245 0.0369514514033 -0.00552087608661 -0.247946559532 -0.00885525312607 0.00988827077134
-0.455070636438 0.017443401519 0.0241341773016 -0.00688178557542 0.101360443502 0.0380938498227 -0.00102220306187 -0.43974919519 -0.0422500779886 0.0198565901134 -0.00904533891231 -0.00777516136116 -0.00987757214153 -0.0379248678024 -0.152929794905 0.0360452082653 -0.0142436236928 0.00146421507834 -0.412962252787 0.0939139923021 -0.0286176396053 0.000641770933085 -0.601157195478 0.00248831063139 -0.000276221247741 -0.12730254892 0.00968958510088 0.0157716543088
-0.526023275231 -0.0728024341427 0.0102532965772 0.0148513822844 0.0996282636313 -0.0161420116007 -0.00480957373698 -0.487003324937 -0.00581723115297 -0.0142166997785 0.0863305885342 -0.0254399070515 0.00596511900777 -0.337455903893 -0.251420722508 -0.094600460633 -0.0205752813887 0.000520861511981 -0.298073643218 0.284821539614 -0.00611378051337 -0.00171581065495 -0.255925328526 -0.0400085014894 -0.00513408339154 -0.195393507192 -0.000863381600303 0.0119484857923
-0.372815466733 0.00198321744843 -0.00226337493989 0.00981174137876 0.022214251098 -0.0204351263737 0.00940182305427 -0.395872688518 -0.057957740516 0.0322130377166 -0.0186273631811 0.0164485194797 0.00363849160405 -0.321648174532 -0.117803721551 0.13234542237 -0.0353590536314 -0.00463473953984 -0.417215628698 0.137703365362 -0.00293700887882 0.00498061398345 -0.293782207617 -0.0297658792243 0.00130118033685 -0.53049910136 -0.00112981623114 0.0186546271531