-0.000789365971003 0.00148884254657 -0.00435853504589 0.0162922599407 -0.00607935603076 0.00320929364358 0.000879902492255 -0.00763196808303 0.033247649599 0.00138753281953 0.0412249740805 -0.00729941005043 -0.0184595489878 -0.531387921676 -0.151811834982 0.63102406505 -0.0683512969244 -0.0102569063171 -0.0930128107244 -0.129383011086 0.0102941775641 0.00410864786403 -0.510812757672 0.0333032531668 -0.020294464005 -0.00567161628714 -0.00395405810134 -0.00212231806176
-0.381206954523 -0.0770655316138 -0.082197079429 -0.0360776054115 -0.110049638889 0.0190296294759 0.0120177696594 -0.360549907373 -0.0691651766825 0.0457201756887 -0.0770311409304 0.00761210441412 0.00730837295793 -0.435883782344 -0.0979126907958 0.535567828363 -0.0405641986292 -0.00329506401347 -0.109306864728 -0.0792150622094 0.00430277324733 0.0198309141925 -0.420579980845 0.0252299149148 -0.0120182299147 -0.0137192841574 0.0162765192566 0.0179989749434
-0.387310534953 0.0831364273759 0.0868583634146 0.0621744424472 0.11934454918 -0.0161575395978 -0.019461090892 -0.353536460458 -0.0642643789434 0.0164583504917 -0.0921487189856 0.00771533532908 -0.00670881009623 -0.429083763093 -0.116089044986 0.527601353786 -0.0384139979023 -0.00105989856595 0.0772897115576 -0.103753125091 0.00462332028898 -0.0089302657363 -0.421268281476 0.0370226445866 -0.00504414647204 0.0128522534488 0.0268677350174 0.0691521772035
-0.294155627172 0.0328605852241 -0.0491094505515 -0.00928617317805 -0.0539271864423 0.026574156649 -0.000544081207708 -0.320653713498 0.0547865780118 -0.032209937111 0.0730267295475 -0.0233819894136 0.0112542792723 -0.494135395443 -0.165718710747 0.41883430664 -0.0661554379187 -0.0195854999081 -0.195977591794 -0.163088899629 0.00617510043508 0.00913193719561 -0.515538162044 0.0156234856638 -0.0215900272611 -0.0195688341246 -0.0363252623581 -0.0910061466685
-0.296548623472 -0.0313186615976 0.0503468320425 -0.00250741446268 0.0384265717447 -0.0461941692632 -0.00105756220663 -0.312681804844 0.0553912868165 -0.0197046966719 0.0761516879417 -0.0217504293099 0.00825498157908 -0.448114376156 -0.169394009592 0.371809723433 -0.0643974058278 -0.00516374219823 -0.458081444273 -0.121739484772 0.0322091325495 0.00710501485888 -0.439086829547 0.0287879022204 -0.0145340205211 -0.0203419395702 -0.041350235369 -0.0611047424884
-0.114367170412 -5.73592849777e-08 0 0 0 0.00016385419632 0 -0.115270369088 0 0 0 0.000145662327179 0 -0.545474341404 0 0 0 0 -0.34354950409 0 0 0 -0.550070097434 0 0 -0.484495187144 0 -0.144054249954
-0.414427736536 -0.0477899062024 -0.0252655314998 -0.0109737174043 -0.0343122577273 0.00408799822574 0.00698547589218 -0.483385471172 -0.0462530664881 0.00180593193978 -0.0594000554628 0.0198555354687 0.00476472744298 -0.329631186882 -0.0372853802014 0.37192615887 -0.0313436143006 0.00641820008839 -0.474227491184 -0.0298274628608 0.0218961359147 -0.00379339388856 -0.321123556652 0.00387371376569 0.00848181323251 0.0673552912724 0.0277016981402 0.00533907232962
-0.469457510047 0.0526144021921 0.033110694253 0.0743854255012 0.0356655937125 -0.0107844484088 -0.00552597796288 -0.605414646154 -0.0381345048841 0.0173569086442 -0.104389432988 0.00974755952782 0.0143804737772 -0.275208462129 -0.0828464567908 0.362879517989 -0.0292747256379 0.00728982037667 -0.252324752809 -0.0606386192418 0.00904289636407 0.00181294666629 -0.2948413068 0.0189364602432 0.00687600639843 0.120315030254 0.0363083480125 0.0596283705742
-0.215889556128 0.00267293053254 0.00330417695524 -0.00264815328088 0.00136813919375 -0.00865326517186 -0.0128673581945 -0.21711852196 -0.00319927311053 0.00261195515899 -0.00189141584898 0.00858839981418 0.0111078024295 -0.466326740281 -0.0611286208188 0.15989265308 -0.0306820490751 -0.00344027114027 -0.575292778853 -0.0852540248616 0.0151310174851 0.00459524404828 -0.531701319716 -0.0237937176503 -0.00325605430211 -0.141844266192 0.0281280293469 -0.123998951765
-0.485336191351 -0.0334696554043 -0.0439863696896 0.0158970877458 -0.0369564481004 0.0242089533788 0.0128293826988 -0.449078455857 -0.00840266119494 0.0342938940112 -0.0112989959937 0.00672967615193 0.000515528434682 -0.325919159398 -0.13171538328 0.290307802018 -0.0473351985295 0.0140574587974 -0.083404419813 -0.221075510804 -0.00907008056536 0.0218348089778 -0.529157933788 0.00156992064741 0.00473847013139 0.0570309640844 0.0119967901911 -0.0763213906789
-0.458801966062 0.0441274037393 0.014207616163 -0.0701475479215 -0.0262368718587 -0.0236652623573 -0.00376230497754 -0.453362404553 -0.0117779918908 0.0630394763606 -0.0113449764987 -0.0166239417659 0.00398926083421 -0.506141577489 -0.0402948914462 0.209253124312 0.022550692122 -0.000131297393611 -0.0249451217586 -0.0321033678153 0.00155561937181 0.0139603592303 -0.481193762407 0.0696074993609 -0.00386446858381 -0.107555018008 -0.00039839408089 0.138466123406
-0.354903114039 0.000817347711379 -0.0460382942785 0.0532204061619 -0.02024861388 0.0214602298811 -0.00305160687842 -0.259003290698 -0.00783062965387 -0.00338591964825 -0.013197439569 -0.00523205405075 -0.00457904624079 -0.521106589067 -0.0409424350882 0.124756026228 0.00618468125436 0.000870705659838 0.0605451700553 -0.0269206609414 0.00153189915321 -0.00395323918617 -0.539585985866 -0.015294849071 -0.000148883280615 -0.459858738011 -0.00286156032177 0.0687620954621
-0.572932933038 0.0246080883688 0.0237318593176 -0.0383678926707 0.0548063564003 -0.02492253048 -0.00554031951194 -0.433556730948 -0.0133747301893 -0.00515112224048 -0.0183418359198 0.00325085826827 -0.0231767452858 -0.334748686355 -0.167598786476 0.3205664007 -0.0507906536634 0.00659274336765 0.0811946247497 -0.203561862619 -0.0234948533364 -0.00523657071294 -0.411030192702 0.0111796183474 0.00259352275123 0.0715932275077 0.0138866251512 0.0886173310606
-0.38283711178 0.0187024707087 -0.0120009703764 0.0213980508151 -0.00989851540929 0.0170649021249 -0.0106315321302 -0.391411687029 0.0175313530616 -0.020568250577 0.0139405177528 -0.0219159200642 0.00440792940072 -0.425640635341 -0.139567701466 0.240463475116 -0.056187879377 0.000800759557095 -0.124210483194 -0.19905568618 -0.00697550064977 0.0220805687163 -0.604682398452 -0.016858688083 0.0021701046131 -0.00851352424962 -0.0304301761269 -0.114930146822
-0.480072194551 0.041276169691 -0.0277453287981 -0.0651035873729 -0.0519577389574 -0.00134698019758 -0.00539755515891 -0.612216196294 0.0438832086285 -0.00797392550476 0.0919046817524 -0.00943082299371 -0.000520190453295 -0.305528147611 -0.12128418971 0.38002062527 -0.0306183383267 -0.0236792480258 -0.00224844734031 -0.111342996973 0.00122566449634 0.0140060714245 -0.30368966433 0.0276847313025 -0.0295726088396 0.0849267006457 -0.0376957245444 0.0753750054754
-0.46686447659 -0.0156795215416 0.0279221349725 0.0519370539489 0.00783678687897 -0.0157663715236 -0.00836120167682 -0.680123719997 0.0466295368625 -0.0104328067265 0.111362010116 -0.00826966873513 0.00723671643209 -0.237694661579 -0.107939791786 0.33245090758 -0.0263833586462 -0.0131609652114 -0.194966931334 -0.103237478161 0.00446389278178 0.00759343243281 -0.229173250147 0.0395272811133 -0.0184463636402 0.0994399572891 -0.0327297269901 0.0829946379906
-0.332930794889 -0.01461505094 0.0146620261539 -0.0169944638661 0.0147729850156 -0.0261120128498 0.00744330667057 -0.330017969497 0.0114927283423 -0.0164134045479 0.0148765205223 -0.017910891598 0.00799299512833 -0.456060419906 -0.149105259505 0.235515920556 -0.0669905208721 0.00567121583678 -0.431713713422 -0.181802754727 0.0189163126211 -0.00556344571493 -0.494078672018 0.0079425691453 -0.00217900204902 -0.120952271427 -0.0573453284021 -0.073732584265
-0.113545674043 0 0 0 0 0 0 -0.114442398884 -1.71679733504e-17 -1.02251460012e-17 -5.94144758244e-15 0 -1.21650762495e-29 -0.541556518447 -2.43429918605e-15 6.9081906529e-12 0 -2.07365737505e-13 -0.341081989285 1.77221236537e-12 0 -1.23595286311e-27 -0.546119266164 0 3.59246370652e-24 -0.495670328336 0 -0.143019592678
-0.251033007825 0.000681810784519 -0.00756759433747 0.00983558857118 -0.000271813855004 0.0178293504676 0.00676577379241 -0.24596560087 -0.000217377503423 0.00163714377784 -0.00058044250868 -0.000281115285362 -0.00691188669124 -0.27350519772 -0.0379456588495 0.0840053834888 -0.0474119096544 -0.00141582155157 -0.621182975724 -0.0532900916384 0.00657922282268 0.00201095928776 -0.629865259622 -0.0147288055703 -0.00239618487103 -0.0132969454597 0.0061944839234 -0.0666251025867
-0.320000595591 -0.00772569148246 0.0119359954615 -0.0116887121577 0.00429536114262 -0.0258289664622 0.00208425573878 -0.310210081305 0.00139739058453 -0.0137603332448 0.00231594914387 -0.011589734641 -0.00607937298523 -0.310916183126 -0.125004504871 0.107826034128 -0.0545211775405 0.00670675517615 -0.344494903629 -0.0925065098857 0.0329444775647 0.00329710282788 -0.736787361624 -0.0138581679068 4.97770792255e-05 0.023689101243 -0.00871448412295 -0.031913828736
-0.113545674097 -2.24888235651e-25 -1.38509402775e-21 -1.82009746173e-14 -3.0459157036e-13 4.80790205333e-26 -7.9040793184e-15 -0.114442398938 -2.19365610786e-17 3.27680414065e-14 -3.55826930064e-13 2.1280454782e-19 -1.97598986096e-18 -0.541556517288 -2.72471402825e-16 -1.96748913404e-09 4.16160120833e-17 -8.29492905577e-13 -0.34108198944 -3.00122247038e-11 6.06715255417e-13 -1.02028143853e-18 -0.546119266901 1.65442443558e-21 -3.96774549001e-13 -0.495670328637 1.49510159403e-28 -0.143019592745