-0.0101806374693 0.00212879122407 0.0722436946374 -0.0029596713271 0.025278342979 0.0140621165193 0.0109894285112 -0.00500050652357 -0.0382285090712 0.05594161796 0.0039089204362 -0.00749307781811 -0.0059278240291 -0.434390013562 0.190702353029 0.526684850899 -0.0581349637466 0.00343180396555 -0.26382344782 0.349002024615 -0.0271026237484 -0.00363352013684 -0.539079262698 -0.0111942380314 -0.00380054862245 -0.00857526760729 -0.0126674775257 -0.000558453458985
-0.338025753915 0.00342040954131 0.056050512712 -0.0370634849481 0.0152981742564 0.0111505060024 0.000328897131415 -0.431665645758 0.017314991846 -0.130484089893 -0.0675576889913 0.0272005654489 0.00807751375981 -0.339360545804 0.233381801639 0.478051833957 -0.0412529367283 0.00245326244599 -0.189934870716 0.304273414688 -0.0210360221785 0.0030274141394 -0.376640136086 0.0180656126801 -0.00155115312237 -0.00251907310678 -0.0241938870843 -0.00782516786381
-0.402556182095 -0.00139545012116 -0.0483432221406 -0.013490361824 -0.035048971273 -0.018364447695 0.00852138774013 -0.395649737425 0.0391757020631 -0.0218169225904 -0.0403526099891 0.0373233153178 0.000439688361033 -0.376510005548 0.206734489484 0.429399186324 -0.0613092660806 -0.00509420849878 -0.138735597847 0.324994747786 -0.0223956775482 -0.00949646541374 -0.389580358775 -0.00837148049449 -0.00834514785837 0.146998913928 -0.00951906915341 -0.0218652279466
-0.322480445323 -0.0172447165251 0.0308552386676 0.0206918598988 0.0215680560954 -0.026237515797 -0.00337547216634 -0.363024810498 0.0638511313872 0.0109467028967 0.0973468670383 0.0225845809317 0.0122610729153 -0.34401927862 0.111602176103 0.368625211669 -0.0454236079078 0.00377741173743 -0.422081432365 0.207102133802 -0.0119448494033 -0.00832635606376 -0.502005758877 -0.0233393500267 -0.00342030051128 -0.0660352590046 -0.00467648897872 -0.00848434346445
-0.293629874199 0.000847195731322 0.0760125641542 0.092123859971 0.0886829158694 -0.00822829091914 0.00054075135481 -0.232713062569 0.0102924831014 -0.0433035220513 0.0178655107782 0.0129956470478 -0.0118739700293 -0.381634578305 0.0401363499523 0.259823476788 -0.0715064170394 0.000592391808612 -0.563329172625 0.0134736272257 -0.00646986030023 0.00229130315024 -0.505450768481 -0.0507904939922 -0.000296758503165 -0.197415826818 -0.000573937783044 0.0183911078655
-0.272878561765 -0.0143011722697 0.01791999482 -0.0185008282298 0.0424328785708 0.0183484819397 0.000622772516443 -0.28853017234 0.0365501492228 -0.0273603472396 0.0752106098435 0.0145080900381 0.00213890753054 -0.510621335578 0.00824778887352 0.0494910286768 0.00248497228419 -0.000516125227251 -0.422710408987 -0.022815287841 -0.0210679586743 4.64097306518e-05 -0.494942314139 -0.010820899346 0.00136849920924 -0.378522669227 -0.00626193977772 -0.00373503934234
-0.431469100716 -0.00845935267906 0.00732804105477 -0.0209251572305 0.0196792411027 0.0124642721859 -0.00867786373199 -0.473583936383 0.0209510535094 -0.0358754146999 -0.0573177177427 0.0424988274405 -0.0076106205384 -0.320864312348 0.0713467893517 0.163931106071 -0.0574408058342 -0.00318717886493 -0.307478104461 0.124572501136 -0.0564109919167 0.0067496111937 -0.571741751667 -0.0537285279743 -0.00217147109833 0.00114872312275 -0.00595991664411 -0.0127731272535
-0.528722459123 -0.0346566048737 -0.011942384723 -0.0457153370832 -0.0222343173541 -0.0047869450213 0.00916994823117 -0.566996326683 0.0129004306654 -0.0475508729817 -0.0522879466029 0.0429724445008 -0.00987887604138 -0.308371122513 0.118022247807 0.252629655387 -0.038335018715 -0.0129337609848 -0.185517494551 0.210663962826 -0.0257325861938 0.00195069336673 -0.36269454209 -0.0279752571613 -0.0103609303806 0.0352332383045 0.000587090186864 -0.0143307550295
-0.556551320595 0.0229117413403 0.00662400848421 0.0455193634961 0.0221973491156 -0.0162701342372 0.00654039285978 -0.539359232096 0.00699539443843 -0.0190864618396 -0.0462900958274 0.000917066401381 0.00296796187017 -0.344337821767 0.145738394445 0.255327128456 -0.0305152897846 -0.00117005705205 -0.140258092571 0.203374372054 -0.0616459758209 -0.00524122906643 -0.340610376842 -0.0254579581216 -0.00366397989079 0.0763389364275 0.00406450839806 -0.00453343392171
-0.554692325551 -0.117397622987 0.00713942503027 -0.0263007813973 -0.0702829993384 -0.000718456677335 0.00182024127856 -0.608940063543 -0.0124658893621 -0.047539013108 -0.0559195817506 0.00344802680712 -0.00245070922165 -0.229582676687 0.171851283309 0.338432077301 -0.00503292530189 0.00277554484265 -0.0482525364628 0.206807283097 0.00685485457875 0.00272823266609 -0.23085985357 0.0137867517998 0.00359703275274 0.0292961538903 0.00485176567106 -0.0116740412194
-0.691270207769 -0.0358524648336 0.0251486763347 0.0405176608963 0.0771528522359 -0.0144111810564 -0.000793075768175 -0.464877371106 -0.00126870090591 0.0215038177048 0.00426391440463 -0.00842187152415 0.00586362389699 -0.165987784396 0.169627046929 0.367867611692 -0.0385970241813 0.00488699043341 -0.14614454659 0.180836590872 -0.0109829636309 0.00433349848434 -0.201807622403 0.0348392751646 -0.000335923817919 0.0614476491851 -0.0514025498977 0.00184037951322
-0.541176610049 -0.00722453600768 -0.0166593541127 0.0554353368062 -0.0420861437265 -0.00920160390619 0.00849377903269 -0.546224282294 -0.0161414249761 0.0617510318127 0.0208717397111 0.0239795010789 0.000930176294536 -0.254454415962 0.121837454743 0.228089290882 -0.0967779867409 0.000465274196061 -0.296054570186 0.130325506374 -0.0616696302074 -9.08696557625e-06 -0.360283098557 -0.0496838188472 -0.000292741216399 0.126916367723 -0.00820594203591 -0.0220158242455
-0.507922074524 0.00458423598568 -0.0131519744447 -0.0136138844861 0.0247983599557 0.00244499687188 -0.00780679679455 -0.674113937756 -0.00104033671717 0.0936122455559 0.0293194625499 -0.0203898568371 -0.00724908280772 -0.234749080557 0.148071378416 0.322186757284 -0.0204019573257 -0.000773439489565 8.65147363999e-05 0.216651278004 0.0374031780195 -0.0096673557859 -0.196358108714 0.0104538178665 -0.00444206762813 0.085311235183 -0.0195615100836 -0.0200565515506
-0.455543415256 0.0242078086824 -0.0328317134098 0.0320570721358 -0.0242710500177 -0.023539474884 -0.00515434999017 -0.598301039245 0.0786543078424 0.0428134837188 0.0495146065469 -0.0213278267997 -0.00323203808248 -0.316842686197 0.128895453188 0.29130581581 -0.0202783024084 -0.00200159682858 -0.240369868494 0.164218050701 -0.0240784334447 -0.0163947868073 -0.310059124233 -0.00408468681891 -0.0115094864069 -0.184323780931 -0.0266132801372 -0.0296215922147
-0.519770821946 -0.0254948513674 0.0227936712962 0.0553268924193 0.0291815297871 -0.00482664088291 0.00408202910579 -0.522339433359 -0.0415076071823 0.0552772228507 0.042094723017 -0.0453502626244 0.0050503230122 -0.283569934127 0.0703085092419 0.288160240348 -0.0151772855119 0.00631617445518 -0.294522125374 0.179627880327 -0.00520265980339 -0.00272012095118 -0.391449129698 0.00743989635255 9.13999462955e-05 -0.0459337862321 -0.0114398835432 0.00329568400045
-0.444065757875 0.0363436319601 0.0385615753538 0.0522940502646 0.0622079551993 -0.0268985470528 0.00526224744033 -0.424689666304 -0.0457386962375 -0.0589276638805 -0.0292598626396 -0.00623014425921 0.000732382603002 -0.323953316267 0.0617471207361 0.182129383487 -0.04831474249 0.00397069398546 -0.459580179948 0.0225378849142 0.00481560667979 0.00242442797392 -0.478005738494 -0.0313241499324 0.00510884249528 -0.141202426684 0.00841722857055 0.0168625477744
-0.331865185543 0.0261308338102 0.0788871415836 0.0126314244961 0.077458713109 0.00618186906003 -0.00520898558738 -0.320033673982 -0.0318870589157 -0.0563838789483 -0.0617515411479 0.0281281724502 -0.00395490263765 -0.495293158033 0.000511327281339 0.0778171174064 0.00881286087601 0.000643700850616 -0.357193291697 -0.00842945419079 -0.0053726985084 -5.36433312975e-05 -0.472116964373 0.00500208355755 -0.000162668360637 -0.404194685538 -0.00236940608448 0.00791277872168
-0.494646143688 0.00367866782413 0.00476848083761 0.0124682967542 -0.0428628774248 -0.0155908046135 -0.00558367871295 -0.498141490177 -0.00510855149938 -0.0334565923358 0.000321148639117 0.0168892830814 0.0134200534803 -0.19279084365 0.0890552324718 0.262388400193 -0.0567709784334 0.00423325742024 -0.386234899935 0.0587144888258 -0.0267204080719 0.000704984982378 -0.469314661103 -0.0777259246802 0.00148123933799 0.079801185766 0.00843837927148 7.06264932683e-05
-0.263197549129 -0.000350930241175 0.0129737976225 0.0159937147094 -0.00970573904394 -0.00255097430872 -0.00457020593623 -0.303444488725 0.0629406762096 -0.000198912022463 0.0693804305031 0.0103059197319 0.0106406498018 -0.359260136168 0.00348058341742 0.111005358725 0.00105159974755 0.00176233115357 -0.585081546833 -0.0479139091509 -0.00228036052817 0.000250029663388 -0.491425420327 0.000291791557356 0.00233498285708 -0.318646952326 -0.00570436171774 -0.00270619997792
-0.468981815775 -0.0293702970147 -0.00598861344773 0.122858108225 0.075247910329 0.00767255758562 0.00488699924602 -0.46159067279 0.0409289127124 -0.00402768478467 0.0544387748202 -0.0202268683729 0.00733342692641 -0.24554760024 0.00220389658769 0.250031568272 -0.0693750151371 0.00129868257254 -0.531743197373 -0.0157793938452 -0.0120559854015 0.00545345508216 -0.35210050537 -0.049217095396 -0.00261666811987 -0.0520314653013 -0.00045662239514 0.0148143547406
-0.264129102625 -0.000637332672216 0.0288008220634 -0.006729237335 0.00546692550401 0.00602778107924 0.00355639649995 -0.262518528844 -0.000850692073378 -0.00110373303144 0.00265272161849 0.0186652314279 0.00135658544238 -0.418527566395 -0.00393166268994 0.0504028249713 -0.00409799193276 -0.000951928339854 -0.610553024055 -0.0534641634228 0.0015124354805 -0.000224678902369 -0.485084232714 -0.00109259896696 -0.00102262174802 -0.266836109024 -0.00357820229765 0.0104231686911