-0.00710519636427 0.00405969690327 0.0125053459333 0.0234431709314 0.000876704481506 0.00660976916756 -0.0640368134219 -0.0260176954458 -0.0934560369527 0.0824225492592 0.0403361285273 0.00897012796113 0.0594361230402 -0.124011679174 0.0923741685858 0.243033730785 -0.0865853985118 0.0091485551659 -0.449454394896 0.642023069511 -0.0141634860239 -0.0080234434854 -0.517428208196 -0.0147225244811 0.0067006277547 -0.0131820193808 -0.0175683715024 -0.0116394033035
-0.498660279695 -0.0542301281386 0.127867406652 -0.180170029447 -0.0720151068704 0.0257444856232 -0.00374812477378 -0.354219031664 0.0228908790282 -0.0584601892482 -0.0282289009403 -0.0219349963143 0.0369179931551 -0.286757216476 0.164790613057 0.217060737894 -0.0215901303569 -0.0133295396764 -0.22535968029 0.486362209115 3.69500278323e-05 -0.00711432612493 -0.33710209161 -0.00991238698719 0.00601455874963 -0.0234302416943 -0.0182320400143 0.049847634447
-0.404171944742 0.0522367752624 -0.183152869137 0.109884072369 0.0841263119594 -0.0442428286364 -0.0334122343374 -0.324976556824 0.0954531255631 -0.0288174149763 -0.0661691728815 0.00565706976728 0.0341060571016 -0.407262714438 0.149626837459 0.265197234803 -0.0295432425682 0.0231365482222 -0.360339288143 0.383714010928 -0.0333135714557 -0.0168822211191 -0.335233249905 -0.0165814374179 -0.0120035367606 -0.046033189506 0.00777818700017 -0.0598029652032
-0.34571755431 0.00457873854793 -0.0037072701108 -0.0400625573214 -0.0802764082655 0.0546165115157 -0.0289904423433 -0.317872997739 -0.064967013789 0.0440106566066 0.0092578282291 -0.0146995989078 0.00329492244272 -0.0884937380678 0.0514638281196 0.175423878373 -0.0685879369405 0.0140971314308 -0.600186425416 0.365085779749 -0.0103723346899 0.0111725589637 -0.464508699015 -0.029386793091 0.0143905514019 -0.0605810788083 -0.02410935829 0.0082496025816
-0.312438008195 0.0218673073316 0.0224721512659 0.0427235571569 0.0717095721865 -0.0294960485519 -0.0039425831671 -0.31506462318 -0.0721059599004 0.0147489229488 -0.0154881690449 0.0323228675685 0.00125542191407 0.0534061837674 0.0547239369796 0.116627304891 -0.0752709968661 0.00505713244893 -0.6707722235 0.338235579147 4.32075370997e-05 -0.00222326182817 -0.437174683783 0.0169826001228 0.000822481984063 0.048503010551 -0.00286427134831 -0.0657428754623
-0.532774715104 -0.0807234764677 0.121672681085 -0.0460711066896 -0.0660379279209 0.0129177055175 -0.00410209191057 -0.485946605376 0.105518638155 -0.0346953659741 -0.0272195269183 0.0146959219537 -0.00451296564125 -0.21577959314 0.087411537823 0.109665848119 -0.00582493439523 -0.012301352571 -0.353765975924 0.378160842726 -0.0365963127275 0.00842993740227 -0.309306630528 -0.0232134815513 0.0047383342461 -0.0433076184107 -0.0167291308548 0.0658552347224
-0.552458064569 -0.0456280238594 0.0183184258372 -0.103787784336 0.0630915094354 0.0135554261192 -0.00381508743575 -0.597311815837 0.127192723561 -0.0940215588002 -0.00419958307544 -0.00845454672564 0.00922441549156 -0.246056706299 0.129804067618 0.212015467035 -0.0351792583493 0.0026245060835 -0.145934746363 0.306567141394 -0.013051467773 -0.00185611042377 -0.22389815057 0.00568701134941 -0.00584852396917 0.078445838087 0.0015338085436 0.00728011944182
-0.54646071866 0.048971416018 -0.0886190914057 0.0752576119485 -0.00612300820578 -0.028024803135 -0.00579829132736 -0.566926612452 0.086216885997 -0.0337433741187 -0.0852826057491 0.015259932696 0.0114806559773 -0.27881098567 0.10985587685 0.203234977454 -0.0179679294474 0.00454123215263 -0.221349034934 0.321389987118 -0.0339757848956 -0.00666287865289 -0.237579854663 -0.00924646244392 -0.00850968815217 0.067183838816 0.0221132880268 -0.0212402852469
-0.211385971923 0.0345488617431 -0.106139831833 -0.000766676600234 0.000858159535939 -0.00658572591514 -0.00310500256381 -0.186236043694 0.0746475087721 0.000529843605018 -0.000693859380212 0.00603754589326 0.00020492535812 -0.30328707572 -0.00124852220115 0.000228611046972 -0.0109625077984 0.00254612936188 -0.607486863843 0.0528184513562 -0.00281618191658 -2.67034412735e-05 -0.515119608976 -0.0116125537477 -8.57595161306e-05 -0.411916572147 -0.00288985719662 -0.0582491248506
-0.456451441577 0.0394569447636 0.110186551631 -0.0359811193942 -0.0608679442081 0.0257278238778 -0.00515222774392 -0.391506430671 -0.0585918017655 -0.000879120527602 0.00901523605789 0.000176017206279 0.0155056467908 -0.188721189808 0.0460520064644 0.0756455654512 -0.0243241144855 -0.0169465332536 -0.521812974798 0.260386040925 -0.0323159887927 0.010139232534 -0.462407635871 -0.0366157868206 0.0136162001798 -0.118757017702 -0.00570055073364 0.0132784395115
-0.495768464911 0.0252819039711 0.0379274526438 -0.108393020894 0.0187332273191 -0.0129992670973 0.015120590443 -0.49717190516 -0.0937810983335 0.0815610169434 -0.0711965020288 -0.00519129855178 -0.0094502567351 -0.37579820252 0.141001737502 0.235657743249 -0.0359935441068 0.00785485637612 -0.216904142893 0.271561504137 0.040006963391 -0.01636930069 -0.356171882835 0.0313533227916 -0.00160320470651 -0.0558333775881 -0.0109372381563 0.0092746221793
-0.545092365601 0.00492073888229 -0.0651853099838 0.118402326312 -0.0667171388506 0.0020921845269 -0.0193969918074 -0.483101404131 -0.0367392172312 -0.00278865710684 0.0633156663654 -0.00696056279914 -0.00234906887964 -0.34228445796 0.145181177084 0.312297747032 -0.0511892727437 0.00969452073656 -0.192942638787 0.28942678893 -0.0133100980654 -0.00546723747332 -0.284074430199 0.0179446636732 0.0114383831247 0.00191085580055 -0.0102816086114 9.93849617378e-05
-0.441229323327 0.0144493385473 -0.0532596142723 0.0415257601688 0.0661166735677 -0.0286299995096 0.000657848687382 -0.379633123294 0.0255563856873 -0.0115010405328 -0.0170482095701 0.00503865885459 0.00328106333877 -0.330389783237 0.115319512755 0.206598654685 -0.03073503774 -0.000227308532465 -0.492604971479 0.365767052889 -0.00595444797145 -0.00366431731052 -0.316714623474 -0.0194512750596 -0.00410048927681 -0.0562405759768 0.00121908707724 -0.0606326086691
-0.19235600928 0.017485796041 0.10899641343 0.000296032720248 -0.000596289287314 0.00476195003199 0.00461666884085 -0.157261253023 -0.0458501988401 5.19008152587e-05 0.000687896061892 -0.00121448413427 0.000298532353766 -0.362772511182 -0.000942895703228 0.000810787563266 -0.000539391367124 0.00134370740168 -0.601944054201 0.00201242324687 -0.00353433723254 0.000108024714112 -0.499437806865 -0.00818576078869 0.000136608064066 -0.424736366473 0.00478949699357 -0.00660115760279
-0.545822101419 0.0240895825938 0.00589257108509 -0.0448046119258 -0.0178356901613 0.0132928446385 -0.0140402173919 -0.56367630926 -0.0307832122758 0.0715920204354 0.0175568058809 0.0121178425356 0.00289912482365 -0.0164731127308 0.0495356901881 0.117170825246 -0.0710928851855 0.0110817788066 -0.330309160787 0.356579933134 0.00173220718766 0.0102366948475 -0.321387836307 -0.0237865505959 0.0112624347097 0.106428147262 -0.0274915586729 0.0209394754457
-0.369966906931 -0.0115047485546 0.011028633415 0.0203225894676 0.0221512575967 -0.0152662740027 -0.00922679185669 -0.387265162271 -0.0634008804867 0.0323972377701 0.0479859694547 -0.0272976425417 0.00902618164769 -0.388790726155 0.109928735817 0.132349792351 -0.0319633508798 -0.00317654860717 -0.414916282952 0.30219286254 -0.0197748068917 -0.00331805859815 -0.481551039184 -0.0320989785473 -0.00182243319222 -0.152058620928 -0.0133344893555 -0.0397769050999
-0.295085607212 -0.00327812531006 -0.0677934046893 0.0120570154288 0.0348187397407 -0.0191282731973 0.00980911434729 -0.27496387581 -0.00176340178073 0.00573338756553 0.0060414987282 -0.0148596616103 0.00337861208193 -0.354083728201 0.0280309294643 0.092964711821 -0.0292826252856 -0.00372945849555 -0.578485023899 0.142385852356 -0.0237684196646 0.00136350948631 -0.547768775014 -0.0415406944836 0.00197010345352 -0.179674352715 -0.0034329212336 -0.0731644704563
-0.165949768173 0.01548314347 0.0864694574571 2.7175053256e-07 2.28780713987e-08 0.00193304580211 0.00261386588985 -0.141607783969 -0.0424830430556 -1.22518984406e-07 1.87344283313e-07 0.00082517552702 0.000813178154332 -0.303628180908 1.38663206651e-06 1.68240832618e-06 -0.00194089498583 0.000481179621099 -0.603106530108 1.73697097817e-09 1.93955498624e-08 -4.02452154698e-09 -0.582877257813 -3.13340952837e-07 -2.55062229576e-08 -0.383604651032 0.00417972298273 -0.00520014513302
-0.527313484776 -0.000901419093375 -0.0380302085534 -0.0292632267284 -0.0480896429529 0.0247168205756 -0.0135406773233 -0.437088017666 -0.0206519896605 0.0131709955646 0.00538123001315 -0.0212032405199 0.00216146942963 0.0489476747818 0.0574220313454 0.142775608186 -0.0459027937889 0.0114643156929 -0.578846918436 0.308106439405 -0.00292934527579 0.00529738960853 -0.255265066427 -0.0188754111034 0.00771779700239 0.00435874746754 -0.0103653017199 0.018761290937
-0.536592984659 0.0299716319934 0.0150466579865 0.0519760357083 0.0729433406905 -0.00156438751067 -0.0044619886017 -0.443387548247 -0.0124301685397 -0.0249910375765 -0.00855777980495 0.00862650635021 0.00333505975572 0.175768088994 0.0416432250074 0.0794605308754 -0.0368662674954 0.00570899996683 -0.544146226713 0.309173098361 0.0205469648679 -0.00106008077864 -0.201446410238 0.0316611142901 0.00150726812154 0.175493178869 0.00203928129607 0.023243446286
-0.341760390946 0.00805365199186 0.00489491221737 0.0100908979614 0.0185139872983 -0.014365605603 0.00311337691114 -0.35344934791 -0.0228931433891 -0.00050806969119 0.00539310285949 0.0244756628684 -0.00355806483881 -0.00495998081978 0.0341300658143 0.0578474342695 -0.0427127396001 0.00525715799072 -0.717571211571 0.216013610921 0.00250624821522 0.000468894491058 -0.426927183078 0.00776708690371 -0.00136437977961 -0.000371834908059 -0.00310951190719 -0.0778158821587