-0.00140719694511 -0.000500081466021 -0.0252139124341 -0.0222542215863 -0.0106212737409 -0.00364064182994 0.016222804315 -0.00320257927638 0.00868978870331 -0.0189422574383 -0.0336228493926 -0.00638578833158 -0.00997239350363 -0.443266379052 -0.415839638215 -0.349518682932 -0.11016734831 0.00650099182449 -0.440156968516 0.372449054245 -0.0140151554393 -0.0254827498156 -0.395448925549 0.0434668757246 -0.0320887882047 -0.0199117992046 -0.000302420183297 -0.00379387787474
-0.340075117158 -0.0355864786922 0.00897811406069 0.00784651633013 0.0547190657062 0.0281735044303 -0.00574700648788 -0.426497392937 -0.0637702675561 0.0361163052007 0.0831552043051 0.0535595094164 -0.00475443117825 -0.496540124583 -0.396285709784 -0.33752682664 -0.0749049090178 0.0201923094212 -0.20438476025 0.245565183815 -0.020242910175 -0.0241918655653 -0.217191053843 0.0324449758072 -0.051487533402 0.00362790905052 0.0138442391293 0.0659863073424
-0.419847784462 0.0596704012236 -0.0243224780812 -0.043515613833 -0.102685376326 -0.0393525023138 0.00481800544717 -0.491746408027 -0.0883325377037 0.0194225551404 0.11661887243 0.0506071131222 0.0268445151137 -0.27089882138 -0.353887272108 -0.298400126226 -0.0586083195417 -0.00789841847981 -0.296591586977 0.258984126997 -0.00401655007621 -0.0259878364632 -0.287566056212 0.051157352451 -0.0263408825772 -0.0299811428805 0.05753650827 0.0397775080012
-0.28728418778 0.0102543916568 -0.0241124792128 -0.0254787900635 0.0246775447613 0.0348191059494 -0.00357941681572 -0.300935227374 0.0208947189327 -0.011972402346 -0.0754193586918 -0.0277805245597 0.0193921489386 -0.322869446976 -0.124727111871 -0.110535484203 -0.0956624927784 -0.000498659021987 -0.540017402958 0.320468218756 0.00364329050774 0.00574771133335 -0.522421814641 0.00170842834329 -0.000599739650901 0.0299912517874 -0.0358129087079 -0.0753261302642
-0.274423127041 -0.00615167312446 -0.0161271498786 0.0112952884178 -0.0400415045236 -0.00143525765383 0.00480177326257 -0.317285915826 0.0459256103424 -0.0122037532484 -0.0858442749836 -0.0408349468283 0.00948148621549 -0.376349715062 -0.350990853572 -0.207238689926 -0.0607722807021 0.00248195721931 -0.577552395266 0.13387322057 -0.00872418272499 -0.00161423231721 -0.353876846455 0.0180046045338 0.00392344048246 -0.1184143409 -0.0393684675845 -0.0799636686804
-0.110454447408 0 0 0 0 0 0 -0.110454447408 8.54444862652e-17 0 1.87305500352e-21 0 0 -0.497642397603 0 -1.81760412777e-17 0 0 -0.546876907439 0 0 0 -0.437172247595 0 0 -0.471359378245 0 -0.124812198065
-0.158122076995 -0.00109270918124 -0.000682209277378 -0.00103493827408 0.000307094408558 0.00705838471255 0.00352709559369 -0.160513187775 -0.0018680047663 -0.00107188183189 0.00538664289911 0.0178161593823 0.00873048116119 -0.607422379114 0.00157200747121 0.00134923513197 -0.0203541420111 -0.000198820415206 -0.565990088675 -0.000621894770406 -0.0177369559566 -0.000846971586825 -0.376828261573 0.0198592613921 -0.00208730657308 -0.336085868478 0.00608329930183 -0.0575368724502
-0.143495095073 0.000694639133177 0.000805621654382 0.000741736026322 -0.00104581435293 -0.00721669633382 -0.00397741074373 -0.144004839946 -0.00120947428719 -0.000675392166205 0.000728331797896 0.0092105557446 0.00611477297935 -0.578919173423 0.000834217811294 0.00325789687464 -0.018432530644 -0.000225765025501 -0.554839523647 -0.0145962720339 -0.0114246219299 -0.000495115362188 -0.434991718913 0.0061167134 -0.0012554494883 -0.348653972554 0.00402501200657 -0.0628855373551
-0.110454447408 0 0 0 0 0 0 -0.110454447408 0 0 0 0 0 -0.497642397603 -3.91071942195e-18 -6.08414135127e-18 0 -7.16653496617e-14 -0.546876907439 6.10875638905e-16 0 -7.51323583143e-31 -0.437172247595 0 1.65003641203e-28 -0.471359378245 0 -0.124812198065
-0.560003769857 -0.0929783477643 -0.00252252408681 0.0291776417806 0.0543176250785 0.0122784802686 0.00537506555633 -0.563999949043 -0.0105006120152 0.0479946024193 0.0248900297273 0.0221168897757 -0.0057843065791 -0.243800165014 -0.323224102461 -0.213481194315 -0.0542092383818 0.0111400134339 -0.16812226612 0.262544634733 -0.0357183079021 -0.0239223318746 -0.15702836434 0.00996711424872 -0.0270993930399 0.0928485325097 0.0157641032256 0.0784734970495
-0.56141772526 -0.00587354476995 0.0489307886976 0.0387681068084 -0.0287840185802 0.0136254970835 0.00421199793622 -0.547077480811 0.00151639172818 0.00583654386612 -0.0282842297876 -0.0123550781414 -0.00935107128299 -0.382605242396 -0.285526789043 -0.235353791139 -0.0279331924598 0.0159103228808 -0.0115234780281 0.126128886776 -0.0280371210821 -0.0136848120434 -0.100118942625 -0.0254125038838 -0.034193730245 0.12239370394 0.0166032685675 0.22589787211
-0.633536289727 -0.0235977528755 -0.111560530634 -0.0821384470518 -0.0216935632213 -0.0272435872083 0.010263318963 -0.578872681494 -0.0387831443321 -0.0394564203308 0.0292427268221 -0.00320674283586 -0.00842638800048 -0.224089613081 -0.239866214599 -0.186450382616 -0.0193390232134 0.0187169169391 -0.0169820971944 0.138795437437 -0.0196212622141 -0.0276550895092 -0.13364817135 -0.0230232737771 -0.0325209098649 0.116494365431 0.02241107718 0.202504913874
-0.554416870552 0.0726808050703 0.0154885061244 -0.0293923633806 -0.0598953011725 -0.0146698326468 -0.0154960272793 -0.538493933064 -0.035556869623 0.0358169334539 0.014056236819 0.011148940533 0.0141034557209 -0.111438188998 -0.330114969875 -0.216904113189 -0.0421651173247 -0.00466281217818 -0.337198924081 0.160895886138 -0.0337594681807 -0.00528265256746 -0.259155228832 0.0117657434952 -0.0065970904875 0.0587763087763 0.0597604175475 0.0614837658611
-0.402820361781 0.0200936613272 -0.00855749094841 0.0222950395114 0.0128585881921 0.0133754572015 -0.00290434621045 -0.417780287095 0.015033819481 -0.0203313709849 -0.0224670469447 -0.023512976151 0.0119195472577 -0.439518948738 -0.252837011873 -0.164311089393 -0.0664425233032 -0.0102515476138 -0.389602238722 0.289706551738 0.0033778496115 0.0121199385801 -0.362654781583 0.0107966194443 0.00310945282556 -0.00791479522394 -0.0292769843319 -0.0544579110905
-0.486806261118 0.00292043080244 -0.0136302034859 -0.0484538574791 0.0171654640338 0.0305442426879 0.00994035382607 -0.553534842535 0.0104088880085 0.00985072910407 -0.138581167832 0.000499804652296 0.0159433096873 -0.202335623039 -0.0703425125753 -0.0760542451548 -0.0845985523533 -0.000456451896379 -0.437684019685 0.193802158624 0.00298720712687 -0.00670966056347 -0.338681229656 -0.00658844057013 -0.00315723324946 0.153559553676 -0.0290458457228 0.076769556198
-0.386174866818 0.0299918495016 -0.0258642798781 0.00107149880906 0.0140244872194 0.00157617129099 -0.000258867073079 -0.500838929218 0.0212136572854 0.00630098968329 -0.101205698358 -0.021598401551 0.00993603942696 -0.485303346006 -0.271968782586 -0.233986001587 -0.0370268602395 -0.00320414119839 -0.422538575393 0.032509349699 0.0203316193196 0.00178248088435 -0.172158759542 0.0349463163123 0.0101630031852 -0.0945845058991 -0.0328770078747 0.0185293379672
-0.462514472329 -0.0401091150307 0.00371863396246 -0.0339585897596 -0.0286397154201 -0.0107791622353 0.00977311169592 -0.495339522965 0.0378682906499 -0.0266775382549 -0.0182757925226 -0.022345718028 -0.00150385227875 -0.11974284313 -0.272227812588 -0.183984656738 -0.0503596548352 0.00364613104446 -0.405686495026 0.265778020238 -0.0144698520322 0.000478130099389 -0.406139329164 -0.0131123438086 -6.49874862347e-05 0.0742784502151 -0.0299684948034 0.046026875943
-0.110454447433 9.16155526873e-29 -1.05060976929e-26 2.48162873096e-16 1.78062408481e-15 -2.34042888329e-51 6.05219250111e-39 -0.110454447433 3.1757937201e-17 2.64177998305e-14 -1.95685688529e-14 8.85186520644e-31 -1.80474517739e-29 -0.497642397293 7.74431011053e-12 1.12570692813e-12 1.58865274346e-24 2.14996048789e-13 -0.546876907521 -6.98193038874e-11 1.92611602692e-34 -4.4634546849e-24 -0.437172247712 -1.22115824038e-35 -6.48122134957e-25 -0.47135937835 2.46175282564e-17 -0.124812198093
-0.156655557971 0.00309841269285 -0.00685665044151 4.3097078164e-08 3.78381716452e-07 0.00795645592294 -0.000858305036461 -0.15614817927 0.00669810641017 -3.89458399279e-08 -3.44037667541e-07 -0.0071978787952 -0.000297810491797 -0.0612925352214 1.93416113161e-06 2.81375092055e-06 -0.0252245169703 0.00458220053263 -0.758911267689 1.01223281942e-09 -4.40281017395e-08 1.54946452773e-08 -0.606672066484 4.86034713398e-09 6.61737657636e-08 0.00312622784586 -0.0064667226794 -0.0489532001936
-0.121798282963 -0.000113809776859 0.000223654068354 -3.19838737579e-09 -2.73703208292e-08 -0.00256609417956 -0.00293036794236 -0.12173957663 0.000152663057515 -2.09657684907e-09 -1.84837185132e-08 -0.00183266462393 -0.0023090937946 -0.507143579648 -1.65433998601e-07 -9.8471018522e-07 -0.00630602129076 -0.000294459097615 -0.602314371149 1.15098520349e-10 1.78031292902e-07 -3.84437412977e-09 -0.481488839143 8.9361461775e-07 -7.22893234289e-09 -0.32997233455 0.00519507683891 -0.0977926771583
-0.110454447479 -1.64766311531e-25 -4.47820497626e-22 1.27736400917e-13 -2.12423973774e-13 3.17436497043e-27 4.79185970513e-15 -0.110454447479 1.40967625189e-17 1.70136694699e-13 -1.86261543917e-13 3.56684336445e-21 2.61027675838e-19 -0.497642395389 5.51373961836e-10 -4.41285173744e-10 5.052629666e-17 7.31283314222e-17 -0.546876908936 -2.57660963513e-11 1.67974820313e-23 1.31188263462e-13 -0.43717224786 -5.83672446698e-24 -1.28286245733e-13 -0.471359378546 -3.47447290044e-14 -0.124812198145