-0.0184264818978 -0.0170694608176 -0.0885092705318 -0.0998958181955 -0.0441775706107 -0.0221313949014 -0.00395606930093 -0.0527426088467 -0.12184882427 0.00796197205381 -0.175638771343 0.133799062243 -0.0288330671843 -0.0464723613296 -0.0254294529722 0.133454525213 -0.122731205816 -0.017327292267 -0.385431726474 0.736099979691 0.103433530836 0.0691451726327 -0.409687242037 0.016615316025 0.0200181362214 -0.0369369982072 -0.00693137070495 -0.00559527222452
-0.417868788223 0.0417611078453 0.0284478240621 0.0329961781008 0.0749335472431 -0.00683955984501 0.0012978875515 -0.519627511917 -0.199856337289 0.0181821211704 -0.099648981142 0.0486645884434 0.000723442955577 -0.286317511299 0.0490670122991 0.101558998331 0.000766888529418 -0.00481714055169 -0.428091237779 0.368530345687 -0.013055625839 0.0142193359477 -0.185445187581 -0.0227961267051 -0.0174519653713 -0.208870706057 -0.0216852237881 -0.00339559442077
-0.482565428689 -0.0243402269268 -0.0216074689052 -0.0303541128909 -0.109442445363 -0.024614454847 -0.00716075216694 -0.536685351676 -0.207056482537 0.0459044388344 -0.0426143922063 0.0809560983686 0.0105636796726 -0.258027950286 0.0967922620814 0.107407157442 0.0250808199335 -0.00753969196416 -0.33068683663 0.448085134961 -0.0233060887871 0.03115025209 -0.0284475740748 0.00288348335131 0.0262148648792 -0.0929012154985 -0.0197450037116 -0.0260888838784
-0.363211618398 0.0308611518715 -0.0301999785129 -0.0337382619692 -0.045487257936 0.0201101446201 -0.00245830648387 -0.533987196567 0.0509640329561 0.212493769196 0.109457205892 0.0431301631416 0.0148135633598 -0.0306116686077 -0.0606548568761 -0.0641035755941 -0.096465355949 -0.000251909327957 -0.225497740136 0.241050791852 0.0733105032597 0.0202549655788 -0.614715275624 0.0526846616404 0.00632230778055 0.0446327378933 0.00797659966177 0.0111642977614
-0.346957124362 0.0391497320503 -0.0339490373219 -0.0333835238015 -0.00598009796981 -0.0277959393903 -0.00702579977382 -0.595684886302 0.0339445786636 0.212714174156 0.156461652888 0.0344713967093 0.00519170820858 0.122055314353 -0.0545532977095 0.000802377372745 -0.0411598134589 -0.0137154297198 -0.124730700506 0.269495850101 0.0629459755213 0.0251871274146 -0.576407700375 0.0418555152979 0.00242427956339 0.0373823317791 0.00762455641748 -0.00546184833306
-0.42202961011 -0.0467382213269 -0.0234295936683 0.0121023703238 0.0512578057341 0.0170703496253 0.00448803293958 -0.52453963662 0.0818175163187 0.112714855439 -0.00118490879196 0.0448176363139 -0.00888078161761 -0.436946506933 0.0676799585316 0.0394960857365 0.0379197257646 -0.00260432646158 -0.455444174736 0.292785943105 0.0310791062582 -0.00731561066795 -0.107219951743 -0.00592180732665 -0.00943724359826 -0.121920658117 -0.0158147286105 -0.00527963571537
-0.388260020849 -0.00648902820603 0.0181845155281 0.0151857292998 0.00674985424735 0.0104946666216 0.00510318687522 -0.418988964563 0.0765968895361 0.0565329148382 -0.0240429046829 0.0162484430641 -0.0171781566084 -0.524505405456 0.0674629959592 -0.0165589651055 0.0160432787624 -0.00109605873445 -0.514349378026 0.247705700511 -0.0419607874628 0.00196850151152 -0.187241676928 -0.0819161806274 0.00861264681373 -0.1123624515 -0.0175554677943 -0.00846841964732
-0.420403465919 0.0124439942984 -0.00370001681278 -0.0162590350743 -0.0077034032099 -0.00540216735919 0.0057007995742 -0.476637065606 0.061832821771 0.0782670294455 -0.00364409337552 0.0390529126259 -0.0160808656815 -0.496701967538 0.0650780587484 -0.00493019950901 0.0273666638391 0.00644127357253 -0.457496557343 0.326187138863 -0.0138379713278 0.0118344196372 -0.0822011705637 -0.0648156200969 0.0255196566003 -0.0604118684525 -0.018760609282 -0.0192809152932
-0.476071834215 0.0936942753171 -0.0706535715818 -0.0251424874072 -0.0312662501906 0.00134253896837 0.00207445111511 -0.520182784502 0.0513574860197 0.0581944643054 0.0148295722098 0.0462306115997 0.0053656533069 -0.430452123795 0.113564468683 0.0556232582388 0.0494737592913 0.0032185235663 -0.368264887053 0.347698065694 0.0500580985389 0.00521755038186 -0.0565960381959 0.018940067846 0.0159158742836 -0.109636795922 0.000271186326751 -0.0186976963245
-0.502668094258 0.0280705873943 0.030133452174 0.00611755379777 -0.0187381149686 -0.0448270294068 0.00833918369615 -0.692838649507 -0.121839634949 -0.0653703560834 -0.0633172900969 -0.000398505584234 -0.014091861075 -0.0874243128796 0.00726361861617 0.0360091279222 -0.0234539997232 0.0141591783946 -0.185624232065 0.246157823111 -0.0334883684983 0.023420411133 -0.34236236043 0.0348603551172 -0.0151802454617 -0.120889895991 -0.00863443376805 -0.000508520694661
-0.465234085572 0.0121112938265 0.00303844786733 0.00592009077027 0.0127232487566 0.0101894869249 -0.00146557818203 -0.701141216912 -0.16731442886 -0.0379230059285 -0.0617094347674 0.012171000693 -0.0145619562028 -0.171135372569 0.0136721012956 0.0356094942994 -0.00514817283 0.0134394121451 -0.235503773382 0.216233158673 -0.0167696633198 0.010378334318 -0.307169091368 0.0468745760886 0.00681158173546 -0.16650423514 0.00011725174989 -0.00465033853959
-0.534173062025 0.00300377340256 -0.00848087412104 0.0190062939034 -0.0212728242787 -0.0270715412187 0.00296808439068 -0.752324100474 -0.0844030353175 -0.0904844198647 -0.080948584771 0.0255431236012 -0.0146252364617 -0.0778781207932 0.0588140793038 0.000747212772006 -0.0107162117818 0.00937485889715 -0.164226033617 0.202637397066 -0.0290880176437 0.0197788354255 -0.209035157209 0.023305429444 0.00703272190678 -0.027835804851 -0.00602958061808 -0.014303037389
-0.516154985307 -0.0160677924084 0.0418369170753 -0.0210008620372 -0.0194486503527 0.0345405709434 -0.0106160946613 -0.705172528193 -0.0830308152714 -0.0754481791487 -0.0964086866375 0.0167147541859 -0.00966179575381 -0.131947404101 0.055189622448 0.0272023371638 0.0126744603321 -0.00797814350883 -0.180779655383 0.225908538412 -0.0581152587432 0.0119372966686 -0.311130107893 0.00230398658521 -0.00697255660038 -0.0636789149482 -0.016720016758 -0.00904137246317
-0.380142209119 0.0422734502323 -0.0142504258402 -0.0227679266394 -0.0209058188411 0.0187129039394 -0.00403266859031 -0.634268186708 0.0610313828996 0.157579539405 0.0771837013291 0.00800369572454 0.00804404946823 -0.18403084898 0.0467520992875 0.057531557636 -0.0408843983823 -0.000649146348694 -0.228416680686 0.11717079169 0.0590236518307 0.00735553319462 -0.526363894501 0.0119061691329 0.00665763221161 -0.165456661138 -0.00281716388939 -0.0116901864588
-0.529664623097 0.0369480284921 -0.0405140731498 -0.0220775352356 -0.0342220653276 0.0270308520762 0.00113663166814 -0.60303235779 0.0526010188009 0.0975057826471 0.0530923998844 0.0148674822499 0.00782191676565 -0.0345072837098 -0.0625459009378 0.0304002962451 -0.0786125543023 -0.0097790449771 -0.180501943546 0.194141015489 0.0256955182397 0.00509146458937 -0.501572322074 0.00479206639816 0.00408331590323 -0.00850083614932 0.00937708130893 0.000199277240693
-0.520609246648 0.0385436156946 0.039114260009 -0.048290411007 -0.0196258627191 -0.0380986030806 -0.00385733516785 -0.597262856478 0.0364136452606 0.0790769482373 0.126946416181 -0.00804449080168 -0.00493831703645 -0.0216136816797 -0.0903130441853 0.00200618052131 -0.0477986552373 -0.0135839228948 -0.222528540841 0.201914072738 0.0378227117391 0.00977947724648 -0.471518932058 -0.00536068491065 0.00254801547989 -0.126357398712 0.00240314150453 -0.00343935215563
-0.367167578474 0.0385940801765 -0.0291694431664 -0.0339191264403 0.00431018571306 -0.0181006020818 -0.00105620710381 -0.585769114787 0.0607753256431 0.0831984132134 0.137656258214 -0.0406567402484 -0.00158501619965 -0.319447582213 0.0743642849732 0.1719013643 -0.0579374205353 -0.00408756944107 -0.296321172188 0.0965730302094 0.0219906486962 0.00612701067466 -0.431689117394 0.00889257558274 0.000562150900666 -0.248879399824 9.52271941318e-06 -0.0217733994287
-0.477932050714 0.00277853706447 0.00698302372093 -0.0261885664126 0.00749468402605 0.00855065780792 -0.00195102886328 -0.499480744913 0.021661557914 0.0278723898751 -0.0212331442619 -0.0301253478913 -0.0153338195517 -0.0182072341536 -0.0847955684803 -0.131637884029 -0.057834081819 0.00179762112664 -0.456494203242 0.130917044568 0.00569725658707 0.00384492336373 -0.508260058486 0.0286534824489 -0.00231861704529 0.0710031282119 -0.00564663836518 0.0196239838506
-0.564497509292 0.00688162924572 -0.0190792118823 0.0308867458625 0.00741179984246 0.00278580185324 -0.00264456050323 -0.582949529855 -0.0244352406372 -0.0805004432684 0.0238347305861 -0.0107364024306 0.00249994119568 0.0162366827993 -0.117275464219 -0.087184391737 -0.0733723848898 0.00556691602413 -0.315627177748 0.0605661984743 -0.00156028524025 -0.00109515472943 -0.440273686217 0.0241405801349 -0.00470231443453 0.0844417848806 0.00337791254566 0.0199379153175
-0.484024517621 0.00510210175856 0.0243015842736 -0.0128992629406 0.0143640839014 -0.0269215538093 0.00121137658934 -0.470977317856 -0.00702502695391 -0.00479717814057 0.0440660168373 0.00642105669562 0.00562817410788 0.0751201095169 -0.0221908360674 -0.0454550107919 -0.0627106629548 0.00075542485587 -0.457147403696 0.0758748113252 0.00903449232305 0.00301360049574 -0.547331103879 0.0111397027001 -0.00328862174644 0.115138799201 0.00775660842851 0.0104106507938
-0.585292491051 -0.0486835624206 -0.0537368562389 -0.00223516419433 0.0324231443646 0.0240964775001 0.0025844021681 -0.566238247338 -0.0260158567808 0.0134641467976 0.0526243093896 0.0314657810804 0.0069280624146 0.223917151605 -0.0976618666196 -0.023004225195 2.96778852327e-06 -0.0197246209151 -0.179659274055 0.10251859679 0.0346513128316 0.0247099584322 -0.455135574193 0.0547927691821 0.00176397925605 0.0994176073736 0.00272820533703 0.0011226482818