-0.000100481896731 0.000624641172057 0.000485752440871 0.0063989332218 -0.0090994685355 -0.00183299159693 0.000560243970977 -0.00817909872401 -0.050534062804 -0.0613579739551 0.0595212682606 -0.0249416536475 -0.00160778893082 -0.286160442109 -0.460976073565 -0.102486903691 -0.0677101471378 -0.0256459186105 -0.56731608223 0.500919016123 -0.0122380507879 0.0166122232532 -0.320541633177 -0.0494808410218 0.0154474352221 -0.0089959368334 -0.0216543962433 -0.00308710378905
-0.368977934695 -0.0353944441104 -0.0691779713836 0.090543165483 -0.0539813930669 0.0303083314977 0.00260920705855 -0.37776050501 -0.139471487798 -0.00348583192153 -0.0659380192887 0.0142421138298 -0.000750323714673 -0.384739197665 -0.352359036915 -0.0590508907109 -0.0595030438375 0.0102443157377 -0.459535538903 0.32959416738 -0.00576926969104 0.00400411509751 -0.280707558552 -0.0231112486788 0.0163364989526 0.000947491731449 0.00664474675366 0.015803529365
-0.365184756147 0.0389482881646 0.0701115084906 -0.083652635098 0.0544486733314 -0.0371123435883 0.00642180732694 -0.382072424539 -0.150535560041 -0.00356552750241 -0.0686322137459 0.0186481174255 0.00330583814498 -0.40105151588 -0.35679246374 -0.0587041623693 -0.0492538522033 0.0020795551746 -0.45044659492 0.31483900151 -0.0086328681436 0.00528796375385 -0.277709948223 -0.0293400492188 0.0195797012148 -0.00550188615994 0.0228358601482 0.00615099707024
-0.404971551501 0.0337282497904 -0.122559688863 -0.0173074081538 -0.112492543448 -0.00566148953724 0.0200485008437 -0.421111653731 0.0944171518821 -0.103360026809 0.0479167003855 -0.0163309218579 -0.0322043350155 -0.136592979228 -0.313711829029 -0.099393631768 -0.0577009684144 -0.0244082492887 -0.441435505664 0.453425359336 -0.0193574552901 0.0310907525439 -0.260875691398 -0.0375727103894 0.0180453512498 -0.0164214626608 -0.0563680125922 -5.14789099526e-05
-0.378830875651 -0.0308066859726 0.11691632464 0.034767301267 0.107695240948 0.00974100516427 -0.0194781800258 -0.413308065788 0.116714427442 -0.0868582940013 0.0473621272037 -0.0231992445041 -0.035259622979 -0.216892602163 -0.344045545546 -0.110431939289 -0.0433455564994 -0.0306269113736 -0.438668075537 0.410307330256 -0.0179584955909 0.0104518500972 -0.291808130696 -0.0282132603224 -0.0222011225929 -0.0218584096132 -0.0388691665028 -0.0500777461828
-0.379228938184 -0.0347042284083 -0.0276073200843 0.0370913023073 0.0216049346511 0.0187831286167 0.00220974474123 -0.388091980535 -0.0334733579857 0.0398619869231 0.00607182551732 0.0270353599852 0.000715468822012 -0.408759384728 -0.299054295002 -0.084351111029 -0.0528897783886 0.0183157438519 -0.409014583131 0.0948836487428 0.00762186605871 -0.0126874766545 -0.491826959559 -0.0014853809509 -0.0044915747062 -0.0549384530918 0.0105447268519 -0.0979767511384
-0.498847044526 0.0304013418673 -0.0207803937372 -0.0438525224655 -0.0784760972794 -0.00711212991538 0.00758992942729 -0.522997234746 -0.0818795419336 0.0629013309159 -0.0427000197889 -0.00777220807313 0.0112696605217 -0.371940318109 -0.326365066437 -0.0861055721136 -0.0254986335704 -0.00102662338028 -0.344483997064 0.191091036651 -0.0181540313908 4.64353993328e-05 -0.212922971794 -0.00588701475985 -0.0154355831731 0.0135347537216 0.0333457497087 0.0083788693075
-0.489101405405 -0.036787101855 0.0129656518182 0.0488209694467 0.0688244607541 0.00454836528093 0.00113059518451 -0.533393770247 -0.0832689416395 0.0742610535597 -0.0511973425189 -0.002206036985 -0.0104469413089 -0.367748247111 -0.319157217372 -0.060498045864 -0.0261369650398 -0.000598100520307 -0.346029213213 0.19601803085 -0.0268366352609 0.00684546958574 -0.223597443255 -0.0292813191129 0.00590139633826 -0.0152192468229 0.00323371243374 0.0303901749375
-0.394501234586 0.0400257801477 0.0264925450443 -0.0439853742565 -0.0117390471214 -0.020205721184 -0.00358113640675 -0.410807604863 -0.0353153379309 0.0432857059493 0.00406879970489 0.0327440699524 0.00523392909111 -0.402429410273 -0.304920085692 -0.0755422855376 -0.0559840265847 0.00294994164415 -0.404545361591 0.0738480630507 0.00659577406031 0.00319249846793 -0.47674228244 -0.00882565464949 0.0174035968095 -0.0339544277994 0.023580056803 -0.0652616421732
-0.551335591303 -0.00571194108556 -0.0484314207706 0.0716786845058 -0.0974232777538 -0.00416051423512 -0.0176913510867 -0.492662538993 -0.0214660410007 0.0175667747758 0.0101180781986 -0.0122053649841 -0.00225091209289 -0.228028569493 -0.129301801886 0.0282092550604 -0.0631730845947 0.0161269494515 -0.483856841246 0.21986298956 0.0154707371818 -0.00287963241183 -0.272000927508 0.000538841515504 0.0220915164602 -0.0305854767904 -0.0135023598932 0.0537694121629
-0.474518945864 0.00325682448321 0.00268411227996 0.0162225455302 -0.00619014228548 0.0275398442467 0.00542196315573 -0.504915686484 -0.0493164934897 -0.00678957238821 0.034123178011 -0.0182388065549 0.00780967766804 -0.43589054895 -0.297873944282 -0.150846578872 -0.011725790531 -0.0116044906336 -0.330048896071 0.260230624661 -0.0147517293033 0.00953899646799 -0.17842403404 -0.0145710286327 0.0198895358605 0.0379643130173 -0.00697169554766 0.0458085748072
-0.478579537093 -0.00933745701637 0.0144818834288 -0.0128743891217 0.0235325793766 -0.0270186108551 -0.0070018637567 -0.52371052334 -0.0449320322614 -0.0195770915817 0.0555773690448 -0.0245538844908 0.0225482868122 -0.416055556988 -0.286798130856 -0.15447429019 0.00393943146728 -0.00799710573705 -0.313972015283 0.257869574053 -0.0169696402296 0.00253401603759 -0.202223636195 -0.0128360463163 0.0123452360863 0.0466191223275 0.0153521577617 0.00195421318753
-0.535724252116 0.0146824227915 0.0446170059606 -0.100079411854 0.0969217218663 0.0068425148281 0.0112627257647 -0.497942106105 -0.0471884094403 0.0240728080098 0.0124535280562 0.0192124441405 0.0104455671091 -0.231874926499 -0.137638249903 -0.00181362374074 -0.0543759887168 0.00439743230589 -0.490552502686 0.24788011893 0.00690723852053 0.00681931508382 -0.23814696522 -0.0100245984867 0.0202502003167 -0.0520205021932 0.0270317850679 0.0359504247074
-0.611779369699 -0.00382148391022 -0.0540775619475 0.0595886091717 0.0221312054899 -0.00562233065366 0.0160189150799 -0.485757078929 0.0466504635028 0.00154825051126 0.0582323967222 0.00635866253409 0.00253190097605 -0.205626032261 -0.324746592533 -0.131665431174 -0.0271713348158 -0.0117789052133 -0.347128324114 0.240992116195 -0.0420493843364 0.0133404363123 -0.153650450155 -0.0442200996821 0.0134973235178 0.0532729360803 -0.0189633452028 0.0382291002893
-0.571586531556 -0.0209329839381 0.0552092078226 -0.0410586485586 -0.0531101352712 -0.00802623429771 -0.00231124263086 -0.405962172052 -0.0838798756056 -0.0741105181783 0.00012947572223 -0.00766438240774 -0.00544376978709 -0.454050084037 -0.251618779804 -0.155739809192 -0.0180249136712 -0.00182649576363 -0.2796361121 0.260691461097 -0.00061681001031 0.0125027700878 -0.147658862939 -0.0261246773347 0.0171556598452 -0.141165712571 -0.0635627426342 0.0262070179156
-0.596038924523 0.0256644785893 -0.0501633511132 0.0389131921422 0.067918271397 0.0109693426441 -0.00702430225724 -0.418731045965 -0.0808398795407 -0.0728346118084 -0.000609507181988 -0.006068768924 0.00400368093679 -0.450471260767 -0.249506737292 -0.147225249104 0.00272619921029 0.00879419065106 -0.253030110601 0.248493669015 -0.00403952573671 -0.00733132967049 -0.151920807 -0.0179601577675 -0.0113983043095 -0.100457485162 -0.00935821679195 -0.0392908287968
-0.592136406109 -0.00478874244008 0.0491333587835 -0.0556230185762 -0.0312874397467 0.00988389886581 -0.00423070795572 -0.48067789567 0.0407481921895 -0.00169973731236 0.0483742231605 -0.00273546332099 -0.0203962745691 -0.229036015413 -0.340578306808 -0.131777279471 -0.0205010658828 -0.02198940174 -0.354398497956 0.218015144501 -0.0389925257977 0.0127701955957 -0.197018946519 -0.0442762410549 -0.0107856943564 0.0675636441558 -0.0152172648044 0.00698557156109
-0.368716942166 0.0192480614319 -0.0154957067578 0.022178317278 0.0171365635224 0.0219019296313 0.00700848580786 -0.369023938636 0.014332046277 -0.019664637976 -0.0196656105406 -0.0201781708257 -0.0100872242657 -0.383063037716 -0.287353068517 -0.176695858872 -0.0534286572704 -0.010533479614 -0.48114957239 0.146464785015 -4.57371040073e-05 0.0109989393237 -0.442142782461 0.000328094175314 0.00488358694882 -0.0392448772689 -0.0135013719759 -0.103178934182
-0.549287646146 0.00903740671303 -0.0217193045157 -0.05853934211 -0.0557621219723 -0.00813359232366 -0.000516863725263 -0.631835631641 0.10591969473 -0.0398330817014 0.0539842451907 -0.0149538679699 -0.0123425978084 -0.00834740322865 -0.145526843893 0.00710701109312 -0.0463287517825 -0.0108900132245 -0.32374043946 0.316645111992 -0.00706557015786 0.0187867611398 -0.209535199474 -0.019996806548 0.00241321715503 0.00882826501424 -0.0464994988528 -0.0150303569726
-0.506949574132 0.00794778478079 -0.000701568134035 0.049739661319 0.0499663032563 0.0143607528311 0.00310722258697 -0.619680031858 0.134905790532 -0.0187359522643 0.0676515783096 -0.00619137042381 -0.0146319815221 -0.120779870935 -0.178194882813 -0.00831884722771 -0.041486382437 -0.0169885642479 -0.365595442917 0.296540981971 -0.0105136161789 0.00444694261092 -0.237172819023 -0.00369287799182 -0.00655890460459 -0.0420580797817 -0.0413288630219 -0.0209098871499
-0.364801787848 -0.0201927300989 0.0169328901732 -0.0251601306418 -0.0174226173488 -0.01992983791 0.00482963797647 -0.362872617997 0.0187358631456 -0.0232849707474 -0.0135120703538 -0.0153918036033 0.00670602531872 -0.362637054822 -0.258911954312 -0.200478028115 -0.0463314366314 0.0035806045307 -0.444043967469 0.163631315943 -0.00148878426081 -0.0041981038134 -0.501436836754 -0.000460311413751 -0.00704688226568 -0.0440209065948 -0.0415683075781 -0.108707606499