-0.00518734048707 0.0108705952101 -0.000941452456951 -0.0215731494429 -0.0699736211722 0.014564416482 0.0242147923174 -0.0461994270535 0.183325588225 0.050888846643 0.0822719652504 -0.0322551850028 -0.0569058346835 -0.294601548404 0.100243159378 0.56729167696 -0.129281273867 0.0168888868556 -0.207324907214 0.486859468906 0.0655560553961 0.0241212879925 -0.457456438583 0.117110674407 -0.0111199942027 -0.0225812902252 -0.0115276344223 -0.0037046902151
-0.57224278775 -0.107826067115 -0.171001124523 -0.0451700974395 -0.066289936933 0.0457135767723 0.00529990146149 -0.580354704447 -0.183104061005 -0.0837690977113 -0.00310815985172 0.0522513120283 -0.0499534972893 -0.0911428097524 0.0112637900022 0.246589031143 -0.0414930531254 0.0240618889512 -0.180871522623 0.270651172792 0.0516746486862 0.0459448758777 -0.190993717065 0.103169391408 -0.000979079377675 0.0815538358893 0.00467989168029 0.0666469703872
-0.565945736169 0.0911541376421 0.188377268375 0.0284968305764 -0.0146850620951 -0.0364554919514 -0.0339945742552 -0.59777024173 -0.171486290721 -0.00582009138416 -0.0792938382281 0.0579506048997 -0.0361955484549 -0.121597890243 0.0341920948243 0.301437976535 -0.0438221769457 0.0121979536168 0.107770488461 0.293734647443 0.0834983362703 -0.00855066260688 -0.0471016130532 0.0982620826822 -0.00856024992755 0.0385689765268 0.035282779544 0.0785042240498
-0.261106918445 0.00617055490489 -0.0468376210012 0.0157708037258 -0.0177216025153 0.0172431349077 0.00268402322674 -0.272348903497 0.0252088717818 0.0490236690567 0.0421751354759 -0.0234647014274 -0.0106422535686 -0.463279702039 0.0299824994492 0.236497255403 -0.0429621748918 0.00314773055153 -0.356202530968 0.216004635259 -0.0247071290994 0.0118096460862 -0.591000147519 0.00398718186945 0.00893662643015 -0.205739981983 -0.028971649531 -0.0944546589519
-0.390492836482 -0.0182126646559 0.0772378487362 -0.0121925001671 0.014527093397 -0.0499760565163 -0.011222971472 -0.40717900365 0.0349785733444 0.0592834151575 0.0847742996272 -0.029633480266 -0.00772707881607 -0.515441620578 0.0694626648011 0.341057341422 -0.0762564795735 -0.00401342892882 -0.134416395575 0.12303120756 -0.00847638186302 0.00711789427131 -0.478193468734 -0.00792199723601 -0.00969708619441 -0.0131065742418 -0.0444795560221 -0.0511669239349
-0.362922682263 -0.0132768694835 -0.031339754933 -0.0022944349874 -0.0171810652638 0.0155814927219 0.0125661738688 -0.363776390271 -0.0317596242375 -0.00933713615985 -0.0122265871184 0.0143159292443 0.00871755547667 -0.2243527224 0.0336540408424 0.155600687529 -0.0407841661186 -0.00989323639095 -0.600680920649 -0.043818253234 0.00216142457897 -0.00453636807835 -0.505913639554 0.00455308746747 -0.00822312071835 -0.0813288553826 0.0155376802446 -0.171676495028
-0.496209607899 -0.0688561025296 0.00208481917061 -0.1007591111 -0.0495723605141 0.00481430336639 -0.00481923210214 -0.676251380238 -0.103931636456 -0.0363192074882 -0.0694830188224 -0.00198645946949 0.014513620765 -0.0994511251493 0.0566076658603 0.219853446833 -0.010160619181 -0.0127630045481 -0.380140893594 -0.0204076749693 0.00960381071391 0.0121517835579 -0.22649456061 0.0215484297871 -0.0100710177264 0.00606437792383 0.0155191615107 0.0537750161959
-0.505868274123 0.0482782963976 -0.027692345657 0.00520161925914 0.0858624230717 -0.0134881998699 -0.00696163226782 -0.71904466413 -0.102633300849 -0.0670963193762 -0.0593269709648 -0.0157126914572 0.0123157475732 -0.120649051276 0.100730865261 0.213911247681 0.00555970484023 -0.0131248719736 -0.271614949173 0.037739887507 -0.00538445275878 -0.00809993133483 -0.220693860098 0.0301949476924 -0.03175680025 0.00704599595399 0.0261850698636 0.00847563246958
-0.431967996239 0.0280962325608 0.0480850916751 0.0184216746921 0.00869724804295 -0.0130337802558 -0.0161372661546 -0.431580026837 -0.0359312927585 -0.0296892253482 -0.0179682887743 0.0111948663779 0.0133134226901 -0.211918946031 0.114822070851 0.199920862829 -0.0238506362625 -0.0161626415402 -0.550020367955 0.109168409485 -0.0076850935139 -0.014949041464 -0.427753518107 -0.0111659222723 -0.00817564529013 -0.0553195575854 0.0465497878888 -0.135613178376
-0.710800581669 -0.0211240450736 -0.125294240166 0.00506889142215 -0.0309686940656 -0.0046548290203 -0.013781019644 -0.579130371887 -0.0280333997014 0.0271168336424 0.0203897799675 0.0217330343806 -0.00596545224299 -0.0180073704641 -0.000597109352211 0.125342591406 -0.0113062693324 0.0350456255187 -0.0593601345054 0.171325819038 0.0148074527859 0.00873224889391 -0.266462420726 0.0197059258963 0.0224955071215 0.121189561192 0.00254764146503 0.0493092750543
-0.59046751622 -0.00675196041592 0.00745072514605 -0.0178081385535 0.0195295624159 0.0406285544744 0.0119338635267 -0.631616473993 0.0544466352188 -0.0757682228564 0.0167969433927 0.00349690789666 -0.0194074314061 -0.398077498561 -0.0176091223159 0.0430637944827 0.0804013984282 -0.0042026293375 0.013144123697 0.189386613419 0.0657565750697 0.0191152416314 0.0271255032106 0.137230473641 0.00612836932866 0.0574943946041 -0.00671855939548 0.098192404778
-0.612046721521 -0.00982628882287 -0.0217735145892 0.0184384912953 -0.055443368305 -0.0180283090388 -0.00631826616417 -0.579633588076 0.0391051548852 -0.00428316926899 -0.0226181605058 0.00523736220574 -0.0144110448746 -0.346311418554 -0.0133521336793 0.0736755135663 0.0783580254448 0.0103191123777 0.238687060363 0.192827262195 0.0778489870003 -0.0075338867346 0.121912751343 0.136038829215 -0.00511773494526 -0.00822750275736 -0.0166835610341 0.130318528835
-0.695686427092 0.0509788257483 0.121328375454 9.36252579217e-05 0.0203414026117 0.00386599985243 0.0172090849867 -0.588407987296 -0.0250979686235 0.0473221926902 -0.0435479996325 0.021741193853 -0.00781413004983 -0.137080351062 0.0194539038705 0.269985853012 -0.0172855017173 0.0409444354165 0.0904413112939 0.136237667678 0.0451759108914 0.0022619012454 -0.12604136797 0.0164570451195 0.0228805929334 0.0357126314217 0.0489029595885 0.0572853813066
-0.367565866689 0.00858921645384 -0.0193185112372 -0.0179588961192 -0.0113706624079 0.0171632276421 -0.000430912873781 -0.372797964049 0.0209825964714 0.0216966507734 0.00318352666441 -0.0165589605912 0.0171642918796 -0.437232409478 0.137617954204 0.13660362512 -0.0375379870986 -0.0042386531347 -0.413562633248 0.051073818043 -0.0504533551967 0.00532463331519 -0.522923194315 0.0087379369932 0.004916153349 -0.119203003892 -0.0214070290898 -0.169120410849
-0.412838173255 -0.000479067730576 0.0103233881211 -0.0256808473289 0.010136994739 0.00187478893875 0.00860177626412 -0.526316604673 0.0251574848091 0.0448105157456 0.0637063493802 -0.0118676563552 0.0379897086831 -0.392707917498 0.160142301323 0.28183581768 -0.0295999365211 0.00520501562559 -0.301676237582 0.195703707553 -0.00377662481943 0.0127048894565 -0.387649676661 0.00345146520294 0.0198083990521 -0.0187421409435 -0.035482745432 -0.0368062567151
-0.484859933217 0.00629759482797 -0.0172354068734 0.0521686726203 -0.0291823080756 -0.0195810334534 -0.0117035136398 -0.590904986243 0.0241388904361 0.0249167924304 0.0909730057982 -0.00466639619992 0.0231055746694 -0.345929196519 0.229616629563 0.272919199489 -0.0361948456827 -0.00190221152988 -0.248827470532 0.129840841243 -0.0260868579907 0.00578819727597 -0.238081790086 0.0283381643907 -0.0124914933388 0.119844669178 -0.038420106364 0.0108882861445
-0.531493589448 -0.0199536655144 0.028162253191 0.00969586663787 0.0268416546731 -0.00502123933108 -0.00881900922557 -0.571330870448 0.0556080683757 0.00112895480615 0.025602565558 -0.0409665051867 0.0162891135787 -0.387633591356 0.0129251132011 0.238117728521 -0.0751337315567 -0.0101623653343 -0.204711154371 0.126473505221 -0.022048749905 0.0249967223708 -0.3062666985 -0.0246184984883 -0.00598718789416 0.00351657325453 -0.0517733084716 -0.11946444655
-0.279354304188 0.013167871689 -0.0338664157058 0.0187470619247 0.0144489875445 0.0190375667646 0.00266329040393 -0.295770461049 0.0375876631013 -0.0215849882111 -0.00729249160812 -0.0465815049359 -0.0205724310958 -0.447747571802 -0.0903156839055 -0.0786068892098 -0.0363605873198 -0.00135898370011 -0.371407827017 0.0130018383841 0.0101744600211 -0.000902599163247 -0.586824871208 0.00174912347786 -0.00283714960375 -0.356033244981 -0.00602120253037 -0.0466961733163
-0.274178034858 0.00310696242405 -0.00414084136302 -0.00192150945315 0.0154011909891 0.00429836602412 0.00113375584884 -0.384577473442 0.0944035978313 -0.0754366826469 -0.00835490971807 -0.0612849138659 -0.0192375829655 -0.482272350066 -0.1157312095 -0.0637218317609 -0.012419907496 0.000447275321311 -0.224000908299 0.0245065431819 -0.0168515186838 0.0104805574065 -0.572479449631 -0.0143404251509 -0.00513912222291 -0.356818300739 -0.0181693716879 -0.0293326385714
-0.464201275165 -0.00756947949688 0.0302725366981 -0.00261322796833 0.0321636738403 -0.039022748037 -0.000387788199805 -0.488848280906 0.0756376421385 -0.0211766228512 -0.0812472057253 -0.00289456833019 -0.0330236388554 -0.343253652236 -0.0373336298735 0.0767117459947 -0.0566402325432 0.00295355365599 0.0384251740225 -0.0490087993987 0.022178036184 0.0044651691646 -0.624446280066 -0.059370088178 -0.0108944880487 -0.0413180587616 -0.0117860540435 -0.00238690473503
-0.229472798463 -0.00607741935256 0.0246558019496 -0.0139148301417 -0.0120430852167 -0.0252009343244 0.00150266289958 -0.231284764605 0.0168008986845 -0.00806840907369 -0.00708589976259 -0.0243542040711 -0.0134880400555 -0.380428302472 -0.0616085060089 -0.0585499500573 -0.0401931623912 -7.36054219608e-05 -0.520738669494 0.115388549666 0.0156905066393 0.00180103031765 -0.597454248632 0.0132553595375 0.00165034102407 -0.308260720822 0.00130519284309 -0.0245381301417