-0.00186571959364 0.00273182661772 0.0204690430877 -0.028450307208 0.0230784136535 -0.000615191263865 0.00508428375974 -0.0153260660621 -0.114815741182 0.014019489471 0.0383453911085 -0.0029754488536 -0.00310877617391 -0.420388740846 0.244017325606 0.425269608926 -0.0464244940754 0.00188282687078 -0.364905064981 0.392153349274 0.0314207967402 -0.00166579302721 -0.524467444376 -0.0258111734671 -0.00567016338053 -0.00491235846466 -0.009797048587 -0.000302544400533
-0.337123881419 -0.00662045402627 0.0168815821193 -0.022795065461 -0.100818228753 0.0372653847312 0.00920246055551 -0.329248555484 -0.111128219116 0.0562912498804 -0.00150693755412 0.00969558776205 -0.00477010640769 -0.416608632519 0.191177227723 0.343027180438 -0.0383806763417 0.0112975503838 -0.36347531724 0.306474374353 0.0124175971441 0.00160174200801 -0.439528734962 -0.0303494166129 -0.000850373917277 0.00596605286294 0.00976730141697 0.00193732810145
-0.340605854566 0.0177319498966 0.0212556182255 -0.00129436787165 0.108785831326 -0.037863248948 -0.00591915776367 -0.32280188939 -0.102033754107 0.0541655433863 -0.017307537666 0.00709314123965 0.00841099188279 -0.417154430136 0.208090024114 0.271085020066 -0.047222955558 0.00329078643166 -0.394083641027 0.314526258171 0.0159418917867 -0.0065929758227 -0.450282389702 -0.0373957607163 -0.00237190082209 -0.00694317860075 0.0100822140426 -0.00828363646427
-0.310819041284 -0.00892153184205 -0.106729865385 0.102152841224 0.025353186435 -0.00636385503476 0.000779143605744 -0.299644468631 0.0223186584327 0.0419036086601 0.036278188228 -0.000687497565251 -0.00346313927554 -0.399552886489 0.186029553036 0.412915863885 -0.0467417783077 -0.00345275644788 -0.306877414148 0.328659919539 0.0331517166133 -0.00384737732755 -0.464595721627 0.00139749573417 -0.00199154059662 -0.0190707304088 -0.0310263523396 0.000260842943606
-0.323126931205 0.00313903066014 0.134057738081 -0.109309310907 0.00104812656846 -0.0045753728363 -0.000563900464201 -0.301188179487 0.00533874298405 0.0440540151857 0.0507355594756 -0.00249927830494 -0.0126187070717 -0.38108373111 0.212797956211 0.387919000935 -0.0430158289389 -0.00265983242537 -0.259620955426 0.332993340119 0.0306718638145 0.00424547977561 -0.497736558763 0.000688327949531 -0.00473992345458 -0.00721578885477 -0.0173694269673 0.00157454104133
-0.368461906812 -0.0397365755816 -0.0179588435999 -0.0246943875327 -0.0314146952489 0.0133977623169 0.000329597884028 -0.373152060947 -0.0235510617014 -0.0235446728818 -0.0293194081181 0.0155180098857 -0.000180538934974 -0.480588135013 0.151886794259 0.35969734605 -0.0383403035956 -0.00402347968867 -0.369966049738 0.17724456642 0.00290877550364 0.00213861898884 -0.382231093467 -0.010694717507 0.00107018404497 -0.0738788995848 0.0134103237495 -0.118513961764
-0.521615027055 0.0555664145878 0.088801919516 0.0390183750484 -0.016794757117 -0.00358974122169 0.0128934780498 -0.497229303073 0.00689334795229 -0.0371490639716 -0.0638431474828 -0.00632989826589 0.00712575377414 -0.341759350284 0.216450525252 0.258520196358 -0.00651539438055 0.00954802810463 -0.301922201266 0.221109386314 0.00896802938383 0.0178343803844 -0.298754686075 -0.00670739419057 0.00360923384994 0.0106430102896 0.0246432487069 0.0321712477595
-0.482276700389 -0.0520932578777 -0.0217078323903 -0.0846800996029 0.000680553780136 -0.0021887487803 -0.00229461926998 -0.497774342272 -0.0580902399563 0.00518451538408 -0.0709284193262 -0.00671034503115 0.00327876336139 -0.369784264901 0.199834552212 0.161490051671 -0.0134443917483 0.00489057965989 -0.35739656027 0.248618830601 0.0293998237711 5.72965436459e-05 -0.325378168693 -0.00404333251833 -0.00481277259445 -0.0305556861492 -0.00588745070594 0.0230440347972
-0.456363366485 0.0471197495582 0.00379512363098 0.033440004553 0.0481581034946 -0.0124992036057 -0.000168764278465 -0.462487544522 0.000685239255046 -0.050084344848 -0.0404868907384 0.0116479038853 0.00243312236137 -0.347983772827 0.068029334665 0.269562134107 -0.057252647585 0.0135055721581 -0.342722090745 0.279509603437 -0.00454668190279 -0.00379676033769 -0.382447412293 -0.041772844252 0.0064485764457 -0.0376844119079 0.0444008016023 -0.137155817165
-0.431655287442 -0.00367858559315 -0.0289242994363 0.0214709163974 -0.0855227608494 0.00432132706719 -0.002984152981 -0.39863933412 -0.011352355336 -0.017525261796 -0.00633713204127 -0.0114726189388 0.00708262116383 -0.411994450823 0.028935545196 0.23163289948 -0.0513287072107 0.00602175300206 -0.371291708015 0.103422621492 -0.0205872709441 0.00598947267502 -0.510607512018 -0.0410868764941 0.0119702776455 -0.0798074614913 -0.00581501933364 0.0240874085817
-0.491802544324 -0.00943882546703 -0.0346514269611 0.00692674958337 0.00842153526241 0.0160717123132 -0.000120093507845 -0.521564407401 -0.0898591285456 -0.00436374397616 0.0584382814879 -0.0145673808182 -0.0085643146607 -0.278534375656 0.136041491559 0.264610561524 -0.015363845887 0.00435778488718 -0.25041947386 0.263249530499 0.0238908766294 -0.00899174782849 -0.404204310744 -0.0167018618537 -0.00623777721286 0.0943884219782 0.000168646186155 0.031733051815
-0.488461080938 0.0171141117031 0.0367996864206 -0.00273239772329 0.0116496916865 -0.0189798660811 -0.00473699671909 -0.519474159053 -0.0938583072293 -0.00904525589858 0.0486006916009 -0.0130589940137 0.0181899234417 -0.284789775541 0.165282098439 0.261648885165 -0.0138819831213 -0.00452820199893 -0.23710926308 0.253499633698 0.0243418944477 -0.0087293379644 -0.41531420389 -0.015405194771 -0.0022615803324 0.076057627635 0.00526229940958 0.0289076771541
-0.392899066832 -0.00180512531443 0.01986566048 -0.0472928535535 0.0824326873861 -0.00701027606578 0.00926967843544 -0.366914812326 -0.0242554798203 -0.00438073819939 0.00876078605328 -0.0112555801239 0.0114099751981 -0.436587442254 0.119422829043 0.18695678617 -0.0313867833445 -0.000917110002256 -0.446330815944 0.0589232987648 -0.0346208967473 0.00429514352704 -0.49518869464 -0.0503240302356 0.00809504654687 -0.0881170552056 0.00294048471271 0.014331563874
-0.519927870985 -0.0492298653686 -0.0527138881858 -0.0254695834551 -0.0401041468009 -0.0149949949015 0.000694188646979 -0.456144042568 -0.0124432756585 -0.0378194012849 -0.0132465196217 -0.00119632649067 0.00351267781695 -0.351627037795 0.150570377084 0.311237469285 -0.0331087910032 0.0007599867324 -0.225988351516 0.251198974721 0.0427495489129 -0.00612892879507 -0.38826377004 0.0201457817009 -0.0010749697074 0.0185846141951 -0.00756417097915 0.0165792531204
-0.5767154772 -0.0388517289732 0.000821746170849 0.0740217403177 0.0773477743543 -0.00130230297503 -0.000381055912962 -0.403009065311 -0.0368285565619 0.0268323150635 0.031614267994 -0.00560394045848 0.00131830952296 -0.354212984668 0.164792350855 0.26646268414 -0.0125561237881 0.000412955879883 -0.242603171802 0.250672676918 0.0161370970431 -0.00149811416612 -0.367788308874 -0.0136717693599 0.00148916361207 -0.0786837239874 -0.0347755440981 0.017407872939
-0.581691198421 0.030551726864 -0.0512259171235 -0.0795399394683 -0.0243237466475 -0.0034265316017 -0.00326551024695 -0.407019088492 -0.0177209479789 0.0177784288956 0.023095022085 -0.00909419839316 -0.000175060884564 -0.384219023087 0.178344829768 0.255954899685 -0.0177500677552 0.00327716079671 -0.20259821471 0.244195109338 0.0299295067049 0.00698848591924 -0.361594374686 -0.00815954717404 0.00349987154332 -0.0784158932301 -0.000714521425924 0.0188627157844
-0.53275220225 0.0492918781216 0.0780804112865 -0.00205435044039 0.0467467148776 0.00934248309209 -0.000353809281161 -0.441050965505 -0.0127803874303 -0.0322457208148 -0.00980303683628 -0.0017438290842 -0.00533743945706 -0.340431135111 0.21565618571 0.295864949771 -0.0144626457818 0.00322894809055 -0.219098978509 0.233454993861 0.0200762713922 0.00582322116727 -0.391863775636 0.00768098033134 0.000721477117336 0.0410371286771 0.00661876947962 0.0327337104946
-0.430465955737 0.0561908257049 -0.0279765600877 -0.0192638426022 -0.0390964682997 0.0118098506099 0.00472521309807 -0.403854328696 0.00348924477478 0.0398462184171 0.0294257327726 -0.00711450954289 -0.00334389389797 -0.366038379579 0.199579445258 0.373766081256 -0.0405891244896 -0.00510864611329 -0.369014707694 0.20634634449 0.0132144789573 -0.00322753242012 -0.379367009815 0.00488509221422 -0.00506823075134 0.017912769827 -0.014694869202 -0.0666299142857
-0.550936019814 -0.0290531066745 -0.0248030086976 0.0538532471065 0.105344108382 -0.0054662912019 0.00327284181065 -0.443367233515 -0.000756823221894 0.0395163094604 -0.00115535170661 0.0133494125545 0.00720971306829 -0.315385338875 0.154575547933 0.259602308433 -0.0456189688589 0.00170234474923 -0.297208848924 0.24293624964 0.0219217112682 0.000526145521208 -0.370780537 -0.00266081966795 0.00238228716603 -0.0522209008566 -0.0336710115879 0.024112403287
-0.564363878154 0.0425163389205 -0.0115186010887 -0.0846055724805 -0.0370348260216 -0.00154988256523 0.00179690978234 -0.46258024524 -0.0066649342758 0.0370189752337 0.0110066691366 0.0128302142774 -0.00073512393595 -0.321779895462 0.133033447159 0.279457462127 -0.0438673664205 -0.00775578216837 -0.206554568252 0.253144869765 0.0375656449726 0.000772004949901 -0.379053369484 0.00231601752592 -0.00517356513959 -0.0346393322587 -0.0185348766113 0.0244765690687
-0.403548425153 -0.0483786698395 0.0255129691351 0.023252575986 0.0310231969291 -0.0126210756636 -0.00485820099341 -0.385985871818 0.0164506789902 0.0246389068458 0.0259558527524 -0.00676019915725 0.000842238736625 -0.385656509246 0.247262411127 0.322567595579 -0.0392969618749 0.00167638198593 -0.356339893953 0.221849486134 0.00388001296067 -3.23995763044e-05 -0.426303241195 0.00538139118353 -0.00300443558719 0.00815944509822 -0.0424818593135 -0.0810412492959