-0.0155432812519 -0.00721085269236 0.0316163375131 -0.0739209427155 0.0949256631482 0.00505051399248 0.0249385837061 -0.0196566705718 0.12634655076 0.024709941871 0.0275229466158 -0.0459744629001 -0.042030269255 -0.432586506209 -0.0990614775857 0.75135242703 -0.0535268133828 0.00110182934002 -0.0317623275406 0.0550259910077 0.144807807889 -0.00952129579358 -0.414393734398 0.0142208751441 0.00681634942134 -0.0235437699079 -0.00421254983115 -0.00232827887951
-0.541332637947 -0.0210486301157 -0.119708247452 -0.053092108183 -0.12817356556 0.0247727132163 0.017567657235 -0.524231277996 -0.095354555184 0.109925768173 0.00179474095922 0.0850885717524 -0.0267176109097 -0.261752802548 -0.113572167645 0.427140367442 0.00225211032445 -0.008154172397 0.221408588456 0.102871424283 0.0799934215452 -0.00819652715241 -0.189113180791 0.0134926233732 0.00236117885128 0.0411487902147 -0.0180856023514 -0.00942475401198
-0.602656116181 0.0262683555742 0.149167472293 0.112074255683 0.108625314772 -0.0199402397451 -0.0148630304627 -0.472834023717 -0.105102449717 0.0688678040389 0.0255235470093 0.033807799407 0.000811853065719 -0.245548242978 0.0338428525584 0.495848366699 0.0101649074689 0.00458365651225 -0.0062056560122 -0.0689739975654 0.0755731217943 -0.00370744820813 -0.144264217349 0.0019439388197 0.0121930172706 0.0859271958408 0.0266305327206 -0.0268732307784
-0.40822513615 0.0268545720158 -0.079630254374 -0.0116464700047 -0.0233840877236 0.0632740114208 -0.000305262668637 -0.429821754508 0.106385137558 -0.0408529589972 0.0106875801387 -0.0426412210474 -0.065698420118 -0.331793291846 0.00308794781943 0.263608734907 -0.0467018675244 0.00791275748872 -0.384294603287 -0.0404845911652 0.0757873035903 -0.0034150706625 -0.509603468489 0.0639912896359 0.0148760454988 -0.127453189577 -0.0171989805295 -0.0127818364204
-0.289240236628 -0.0314734346702 0.00643635924702 -0.00481707344745 0.108378659579 -0.0227224056253 -0.00329955631703 -0.298431835485 0.0765208020156 0.0149323191442 0.0451198113761 -0.0309814922491 0.0113754783543 -0.31725823832 0.00172767296819 0.405938062552 -0.0316655075216 -0.000989984980803 -0.5097717222 0.011644061689 0.0375189446527 0.00467869044378 -0.517637901282 -0.00422094023274 0.00456262886241 -0.0926171134514 -0.00503503801189 0.0166821262506
-0.24986500418 -0.0171399742616 0.00170478598271 0.0459831696307 -0.0443462186262 0.0107239661447 -0.00286539680558 -0.264604611121 0.00331521268894 0.0617322357881 -0.0564460927342 0.0195194037599 -0.0118062284433 -0.537247185784 0.00311861995545 0.0233866477219 -0.0117831208566 0.000431675254504 -0.523286354136 -0.0166561988519 0.0467142962479 -0.00352450143087 -0.47441619345 0.0184744736593 0.00174910495762 -0.253776620198 -0.00768489980853 -0.00385909729914
-0.368951437419 -0.0503936921363 -0.0223115517517 -0.0103953089536 -0.0245940231053 -0.000537960579091 0.0100080362685 -0.42961169789 -0.0230509572235 0.0422165651768 -0.0522841143269 0.0123297264427 -0.00786125296079 -0.312823273676 0.0433238914227 0.357845621301 -0.0108907584581 0.00328356553249 -0.653052057226 0.0111719994633 -0.00510954139284 -0.00168348814267 -0.121075840914 0.0150157611254 0.00423876934348 -0.0180163773464 0.00823445259988 -0.0187803961397
-0.468414368255 0.0534374775597 0.0244189480698 0.0456856448315 0.0252299418814 0.00938528911488 0.00498148874107 -0.580038570796 -0.0142526328196 0.0309924718275 -0.0847536244905 0.0311276095549 -0.0116405678225 -0.311712287664 0.124001851507 0.408674293308 0.00111386170837 0.00307435203249 -0.353216909693 -0.0677484822031 0.0275935525697 -0.00197047299315 -0.11893599277 0.0270579265561 0.00571351539434 0.0532843971185 0.0266941167076 -0.0160444276376
-0.355536949368 0.0264814161351 -0.0196851430068 -0.0124365453711 0.0406309221089 -0.0304541702547 -0.00458862190764 -0.363702942649 0.0132115090686 0.0302939050249 -0.0198202584076 0.0396606693694 -0.00254316317592 -0.596757156567 -0.0681529601438 0.0796741373267 -0.00416229669194 0.000431480392991 -0.368518620335 -0.266677045504 0.0659157581536 0.000904318696009 -0.371253272777 -0.0204542395632 -0.00185987242539 -0.130783069869 0.00925376134574 -0.0238301636224
-0.484466934603 -0.0202324645798 0.00538265118375 0.00904800737599 -0.104814267543 0.00977226086036 -0.0026007889834 -0.489889360292 0.0350794203152 0.0421846697185 -0.0295336467596 0.0283758733469 0.00999096933629 -0.495324810438 -0.234619509433 0.0900624818115 -0.0381424306948 0.00443912704851 0.199243794111 0.0187809817379 0.00396946667335 0.00750391047206 -0.390650992487 -0.00700733096613 0.00704414004898 0.0769269844618 -0.00794551815759 0.0107184738858
-0.690794398927 0.0375636061085 -0.0938061888297 -0.0726351250568 0.0176658357979 -0.0177334300562 0.00371840659679 -0.611607594896 -0.0657514860083 0.0511071698936 0.08109453167 -0.00559798783974 0.00259348183354 -0.0705999254627 0.0110456609869 0.23242028915 0.0392261081721 -0.0107773080819 0.147365814817 0.0599205795906 0.0604893164492 0.00127223545865 -0.144617715441 0.0407473325529 0.00607103519051 0.0782628393034 -0.019156182257 -0.0145311206721
-0.572546761722 0.00563519897411 0.0901238815113 -0.080950443392 0.0114282750573 -0.0176729450884 0.00956976651581 -0.499197247846 -0.0557690863891 0.0459841550182 0.0746591360674 -0.026497240606 0.0146990815634 -0.0668129222994 0.0278451893889 0.265082916145 0.0111292625269 0.0126834498841 -0.5435834697 0.0309129057924 0.0274620342396 -0.0100805179404 -0.113563590026 0.0285308711169 0.027142803518 0.0919903313415 0.00374200971644 0.00477790463493
-0.492861053622 -0.030408281941 -0.00870174919217 0.0391930138026 0.0618907774367 0.0151815477618 -0.00157504048602 -0.508900048941 -0.0539422952834 0.0268962113898 0.0797541084714 -0.0123034901112 -0.0114400395211 -0.595868479523 -0.194659354724 0.0829262044442 -0.0236645169275 -0.00187004959341 0.108862202208 -0.134123084559 0.0282474540955 0.00101466126309 -0.209697732183 -0.0367964635872 0.00213828062531 0.0657158988389 0.00905680979172 -0.0216719945765
-0.392554172517 -0.0136348383946 0.0318681534983 0.0369854319258 -0.0423875730358 0.0116334827164 0.00580115744643 -0.499616457948 -0.0369239847562 -0.0378204596304 -0.129131346039 -0.0360237592561 -0.0147202185294 -0.623451531848 -0.184312584428 0.10125927479 -0.0278810511351 0.00828985405374 -0.204270880004 -0.0178176877219 0.0637667171453 -0.00281522882149 -0.273965281739 0.0455458588904 0.0125869072016 -0.11080577603 -0.023012249874 -0.0280800041417
-0.599431021509 0.0532272271037 -0.0761220841848 -0.071495835268 0.0396625072925 0.0123344835981 0.00130196273385 -0.646721346344 0.125737267887 -0.030010456851 -0.0824702546874 -0.0170269364866 0.0185046232791 -0.0561400096717 0.0201501326932 0.259595705457 -0.0060246220634 0.0287835520606 -0.105311480643 -0.00210002049354 0.0437873393945 -0.00777269980169 -0.298514556631 0.0512528769347 0.0179555195956 0.0579065876016 -0.0497440464521 -0.00710743796275
-0.410729244096 -0.0359567390756 0.0157071851216 -0.0369247911065 0.0227970781726 -0.0158972199171 0.00586336855853 -0.481172019581 0.0333177924147 -0.0213887229174 0.0567771330652 -0.00603577180522 -0.0173659743652 -0.116132008281 0.0257749988266 0.347069566261 -0.0091269351109 -0.00636221920218 -0.601173594835 0.00507324384689 0.00758061843032 0.0028206474342 -0.300329898775 0.0124343079706 -0.00821817256664 0.064128968142 0.00143330920015 0.0129706330875
-0.374729562147 0.00835791524438 -0.00544253050907 0.018901815439 0.0713318063775 0.0333231421652 0.00607963158697 -0.36887889175 0.0193665427621 -0.0185753039834 0.015674071973 -0.0187739711095 -0.0222459522837 -0.563618066937 -0.122868476921 0.0367037843661 -0.0366927633212 -0.00157580207243 -0.227763796027 -0.0627824298845 0.0601913408679 0.00941599143855 -0.553311463395 0.000951072246999 0.00250881763296 -0.113489197832 0.000494545207045 -0.0311795523541
-0.309859843139 0.0312947639448 0.0100543926185 0.0514525393517 -0.0796575226536 0.0322970986139 -0.0156524861986 -0.286623597206 0.0107096871583 -0.041030478197 0.0574959073183 0.00753837250015 -0.00473195662083 -0.541309703448 -0.0327423125714 0.0835751933167 0.0190421246983 -0.000523640668869 -0.550853761386 -0.0697767377716 -0.00378349322744 -0.00214088681675 -0.294632820655 -0.00286545372424 0.0122741565693 -0.327060305896 0.0170497137863 -0.0360465307385
-0.421830819396 -0.0179846479163 -0.0233957639024 0.0276872274023 0.0253417249566 0.0453126591185 0.00883746926037 -0.484747305211 0.00138387452547 0.0132422142986 0.144643476842 0.0273880339456 -0.010839291971 -0.456758069826 -0.092456195164 0.172835648049 -0.0639791265782 -0.00273181474879 -0.370213501171 -0.0294878668979 0.0134169634222 0.00152764111344 -0.405298074618 0.00645869881201 -0.00384708318551 -0.0828004532559 0.0147305601138 0.00680974745201
-0.371352149638 0.00169698568184 0.0547129225388 -0.0426474201498 0.101457931739 -0.0127620632773 0.00613291436962 -0.302663342843 0.00185527722573 0.0297847622292 0.00774025203405 -0.00623772872477 -0.0130157155938 -0.546464215683 -0.0212747678447 0.131102573001 -0.0627532640298 0.00333937762761 -0.498926997342 -0.0310497553158 0.0191129652445 -0.00877450700317 -0.404044919859 -0.0396006916669 0.0164862904183 -0.127548560878 -0.00211832822829 0.0459518041727
-0.214267690022 -0.00303473669326 -0.00568021081531 -0.00189142619007 -0.000669002422754 0.00523810336125 0.00918513170508 -0.232983953101 0.0255754738995 0.0243848736767 0.0213878911051 -0.0176858079965 0.0235762743349 -0.471760370284 0.0645504968668 0.0651001613044 -0.00456983558453 0.00614789866144 -0.591538237846 0.0108660228413 -0.00432832109016 0.00375831459369 -0.472060721309 0.00601477027211 0.0043944161816 -0.304353282783 -0.0115302102009 -0.0180364279048