-0.0013996550539 0.000400106241374 -0.0191621161124 0.0264698597622 -0.0107752858768 0.00508504208987 0.00774543311146 -0.000765759851048 0.0146461428839 -0.000132383914935 0.0082925581265 0.0126948281682 -0.0040456155221 -0.34047690924 0.138910171468 0.442267144868 -0.0915950946243 0.00666353731753 -0.344204554669 0.450582311993 -0.0800355831636 0.016587289459 -0.573222748223 -0.027796860026 0.0154261916902 -0.0350283197593 0.00239246617484 -0.00146249648827
-0.351522457548 -0.0652562662071 -0.0487618749545 -0.0134090564064 -0.0557785530161 0.0172643771935 0.00325903728027 -0.464159662701 -0.0573966817246 -0.101274758163 -0.0797915672293 0.0478148193782 0.00283235347756 -0.256259398451 0.115132294116 0.346278002825 -0.0665397701073 0.0193555720564 -0.20211658983 0.388586017427 -0.0611443758893 0.0256424661967 -0.468565722907 -0.0197941615924 0.0260297751258 -0.088067129681 0.016722523792 0.000120100303244
-0.341731826341 0.0632703652875 0.0434669548849 0.0499480081758 0.0352697685162 -0.012346098466 -0.00168522944774 -0.424847582331 -0.077233625647 -0.0692595435506 -0.0801484462196 0.0343140923313 0.00985319467736 -0.187949642812 0.0861838717318 0.392935256279 -0.0567701924041 0.00279711331806 -0.380698262164 0.338152813638 -0.0508160803144 0.0156421937346 -0.439759599535 -0.0103403873998 0.0190176961831 -0.123243077178 0.0537282428944 -0.00758073008808
-0.279435124192 0.0220658616275 -0.026723765981 -0.00799680000949 -0.00739688883683 0.0433815093101 0.00263185732293 -0.311632846664 0.0245396349825 0.0571182821863 0.0296832202871 -0.0536732874667 0.0109187629365 -0.445355922078 0.142474946134 0.192229000387 -0.0985583698343 -0.00046097288574 -0.347483487701 0.362153962865 -0.057668316433 0.00388552575466 -0.534372345525 -0.0426832707446 0.00528490405378 -0.0232213180327 -0.0252579635187 -0.0686862221415
-0.333693607633 -0.037932053125 0.00542621729202 0.0583326742967 0.0239194307897 -0.0259281582631 -0.00020802980937 -0.380805306337 0.0305255966583 0.0707007267778 0.0671144372622 -0.0346380958345 0.000138772860069 -0.356682236005 0.170843087395 0.329812169841 -0.102710741545 0.00104446630739 -0.337977455637 0.359442733306 -0.0421506498492 0.000160475428639 -0.446325583391 -0.0285137365801 0.00190916708031 0.040626235178 -0.0188475494625 0.0540017393569
-0.122569659836 0 0 0 0 0 0 -0.123513021755 0 0 0 0 0 -0.526562649154 0 0 0 0 -0.411021495548 0 0 0 -0.471258184328 0 0 -0.53066893515 0 -0.140785381444
-0.122569659836 0 0 0 0 0 0 -0.123513021755 0 0 0 0 0 -0.526562649154 0 0 0 0 -0.411021495548 0 0 0 -0.471258184328 0 0 -0.53066893515 0 -0.140785381444
-0.122569659836 0 0 0 0 0 0 -0.123513021755 2.85533549607e-17 0 -1.00676819794e-23 0 0 -0.526562649154 0 -5.64296703553e-17 0 0 -0.411021495548 0 0 0 -0.471258184328 0 0 -0.53066893515 0 -0.140785381444
-0.122569659836 0 0 0 0 0 0 -0.123513021755 0 0 0 0 0 -0.526562649154 0 0 0 0 -0.411021495548 0 0 0 -0.471258184328 0 0 -0.53066893515 0 -0.140785381444
-0.494103547266 -0.0698317932007 -0.0221105373539 -0.0434037953402 -0.0224312246261 0.0110255668874 0.00603739285187 -0.513075397528 -0.0018695554562 -0.056804343446 -0.0282152130393 0.0204648144359 -0.000163663325873 -0.317910753587 0.160762987609 0.231160244854 -0.0506958147841 0.00637806653202 -0.180344891822 0.317345588451 -0.0146278778455 0.0200264350829 -0.401721596077 -0.00630839260975 0.0137097611673 -0.00994160117256 0.0123600717524 0.0399351349905
-0.477106640625 -0.0414337603343 0.000544705652159 0.0143315209763 -0.0484141911894 0.00343697614527 0.00555587137208 -0.765364391028 0.0120914520235 -0.104528031055 -0.070657401306 0.0222700983707 -0.00265581356959 -0.0405918700975 0.0212687443922 0.200982259282 -0.0189232809576 0.0185669724003 -0.0239808404045 0.230272702579 -0.0312630909655 0.0197430105356 -0.192299424571 0.0102006437622 0.0214406744771 0.0737603830303 0.0123928593946 0.156231344021
-0.478225635195 0.0621087766197 0.00956115458498 0.0549663803309 -0.0163479154447 -0.00246236080763 -0.000688449055722 -0.744488971411 -0.00445680469277 -0.0695323483312 -0.109285786397 0.00450503718979 -0.00474877004829 -0.0224573245676 0.0142951818765 0.2410948333 -0.00858076537721 0.0115142860461 -0.107215519772 0.224893890857 -0.0278173094453 0.0163420915086 -0.206096339459 0.00639543432148 0.0219639577218 0.0418114516101 0.0307273273505 0.158446431786
-0.506935707054 0.0575904953488 0.0271152719214 0.0341175867978 0.0399353109295 -0.0146454651193 -0.00865683227434 -0.501900016149 -0.040273367579 -0.0258502091277 -0.0235732041373 0.0137335422653 0.0064095125348 -0.194524320845 0.143670621452 0.291171894952 -0.057170893389 -0.000442801187118 -0.426680531219 0.210667364371 -0.0245184588621 0.00737314881822 -0.322209871147 0.00645928431254 0.00488785783794 -0.0216898009399 0.0539361159486 0.00701338983042
-0.420642578341 0.0300341689062 -0.0089390156849 -0.0254837275719 -0.0191209134816 0.0193406563344 -0.00489480357121 -0.436525329933 0.0120530754991 0.0374158740848 0.0168977042754 -0.0199059874896 0.00891188060608 -0.483541114135 0.172712594355 0.16338897667 -0.0519166896395 0.00635376875104 -0.244508937123 0.26969855533 -0.064896688059 0.00842242966437 -0.432570766112 -0.0332373748514 0.00566085212339 -0.0719192346044 -0.0272925646134 -0.0612760875459
-0.497231231189 0.00766264194191 -0.0142222200178 -0.000193126487972 0.031290217994 0.0268390132398 0.00941805341721 -0.609204000154 0.0172311531768 0.0515881547611 0.0323253435114 -0.0400530170227 0.00888656032744 -0.231312502503 0.130945316838 0.160943573557 -0.0810985512046 -0.0016579069656 -0.16975193392 0.33683532727 -0.0346432302182 -0.00360162499987 -0.301766493768 -0.0294027449362 0.00239153110095 0.150482137135 -0.0187615799668 0.111105100245
-0.551192299436 -0.0186074645562 -0.0587617449472 0.0650596583342 -0.0203467903886 0.0075123425948 -0.0079738816353 -0.620278096089 -0.0563458027896 0.0436763056264 0.0940889324168 0.0181775235159 0.0128896861134 -0.165928053989 0.114935192642 0.269267486273 -0.0534255826572 0.00505036958747 -0.0869709328291 0.261803307926 -0.0228243434501 0.00367654210696 -0.204378396422 -0.00623020409831 0.00794100537234 0.126778633259 -0.0145729710096 0.193701947175
-0.470313505955 -0.0341622967079 0.0193962360674 0.0213555850041 0.0184630739995 -0.0255458961635 0.000622333308748 -0.490487478906 0.0196929884636 0.0373857365461 0.0393848668566 -0.000499639733992 0.00225723143155 -0.239018158802 0.148100789816 0.214307636645 -0.0710439754469 -0.00424441682177 -0.400074888619 0.307909892808 -0.0187100680764 -0.00150404601369 -0.36908866651 -0.0126011471115 -0.00753301200879 0.082260824231 -0.00419494058388 0.0582091144189
-0.122569659836 -5.10270295698e-30 -1.10532391481e-26 3.59302940962e-16 3.83339333138e-16 -2.40225815344e-52 -9.34866661406e-39 -0.123513021755 -8.39263912745e-17 9.26878604732e-16 3.5964625531e-15 -7.0263614638e-29 -1.35675556406e-28 -0.526562649154 2.4545976214e-17 1.01126270065e-11 -1.89636696006e-27 -3.26994486378e-13 -0.411021495546 -2.86422228684e-12 8.62594947366e-38 1.58959259304e-29 -0.471258184329 6.99278513482e-38 8.55099229202e-24 -0.530668935151 -2.76554526238e-17 -0.140785381444
-0.33298207442 0.00672939351214 -0.0172784296614 -0.00909936157046 -0.0102756101811 0.017149504707 0.00233982172945 -0.334602390443 0.0161964550167 0.00922000407021 0.00754510178125 -0.0160532689438 -0.00567830631946 -0.324572952306 0.0775916787851 0.159751863726 -0.0764641811133 -0.00643429870321 -0.532469256477 0.152969890547 -0.00696429822803 0.000401482574187 -0.533498574516 -0.0131764834365 0.00486412436658 -0.139902568887 -0.0101798820105 -0.146270107803
-0.398920517551 -0.00491005566037 0.00256810968441 0.00113382333931 0.00656952128484 -0.00754030719078 -0.00384057554373 -0.426418394884 0.019584539245 0.0179539682016 0.0147231222289 -0.0316309509859 0.00733279750143 -0.350004798089 0.136655297331 0.203779186585 -0.0768531545734 0.0044630242814 -0.443049470012 0.166604786538 -0.0236914568759 -0.00634575492047 -0.489636505391 -0.0336300467281 -0.00608188359734 -0.0221627515756 -0.0359438702909 -0.0304825034357
-0.123242527257 -1.05126508459e-05 6.49534987731e-18 -6.42271799325e-15 5.41395366712e-14 -8.52931127942e-05 -0.00102669958401 -0.124189785649 2.67168029103e-17 7.57137543533e-14 -3.41236347611e-14 -8.09241571355e-05 -0.000966582823328 -0.529405498542 -5.11715994668e-11 -4.06690743306e-11 3.13873691338e-14 -7.07097026517e-17 -0.4132405527 -1.05000524054e-12 1.76415402508e-13 9.54637829444e-16 -0.473802452403 -9.14532648198e-13 1.17555720965e-14 -0.525749145512 0.000916578402953 -0.132085086132