-0.000343828050346 0.000355542139077 -0.0163960744242 0.00632461218859 0.00334602767753 -0.00380348579329 0.00226199631914 -0.00128422337854 0.0195713767035 0.00783335368245 0.00333835053981 -0.0070639806359 -0.0163591791906 -0.206499322954 0.238861801977 0.169267414023 -0.236807424355 0.00918027635729 -0.482613964043 0.607143788043 0.0244409769302 0.0117918894982 -0.446421877215 0.0883975042755 0.00458340513997 -0.0704633151052 -0.0023098665451 -0.000863162718018
-0.405982228486 -0.0588663467034 -0.0871594762382 -0.0209382212863 -0.00893123523944 0.0515300473774 0.0117086551666 -0.444937013183 -0.11088955345 -0.0383973548296 -0.00670396673123 0.0797839037154 0.000767450364351 -0.187744987541 0.174920347438 0.0965392147905 -0.211019705967 0.0355236248896 -0.376989153691 0.497002022185 0.0258544356432 0.0211201762733 -0.281866533847 0.0901357680856 -0.000872477342493 -0.0444628063787 0.00103631964215 -0.043592446296
-0.441147365884 0.0672302942008 0.0707069549158 0.0315405918006 0.00116115040714 -0.0537590004094 -0.0089047652004 -0.515504143378 -0.129452730799 -0.045694729493 -0.0108114747914 0.0784182261302 0.00527248077411 0.00226249238068 0.217364085534 0.137314413027 -0.186754217015 0.0170879250629 -0.3090759044 0.477245895982 0.0477938362954 0.00552750772722 -0.246565216771 0.100725654146 0.00805448188858 0.04191047813 0.0338162049793 0.0152156207027
-0.292892130617 0.019685950144 -0.0221628537198 -0.022267673055 -0.0147351344475 0.0159942325273 -0.00235921159081 -0.335018749769 0.0629403522641 0.0477258114305 0.0319721908981 -0.0502119421773 0.00861063181978 -0.381202548346 0.195774002289 0.152616523514 -0.128058966227 0.00338102971342 -0.413058405581 0.447779118119 -0.0135091234621 0.00949914160924 -0.408426852246 0.0384852294715 0.00304346478351 -0.155412038967 -0.0346367465326 -0.0432428349545
-0.307200396452 -0.0249809505302 0.0460345233786 0.0237437225959 0.0278031739068 -0.0343088489635 0.0168381007996 -0.319021799491 0.0507857415017 0.0460156421933 0.0390705315832 -0.0349148884539 0.00868378122642 -0.324642101951 0.0522577197205 0.209220744935 -0.110954697808 -0.00690350970709 -0.379018803801 0.393005624345 0.0182745468246 -0.00295065746682 -0.561445365195 0.013031334111 -0.0099260284598 -0.10326528553 -0.0131338991095 0.0419845559356
-0.120285867546 0 0 0 0 0 0 -0.120285867546 -3.03206502784e-17 0 -1.80308624544e-20 0 0 -0.511695281614 0 -6.12218515881e-17 0 0 -0.432561456474 0 0 0 -0.484195256919 0 0 -0.519197413362 0 -0.134573936631
-0.120285867546 0 0 0 0 0 0 -0.120285867546 0 0 0 0 0 -0.511695281614 0 0 0 0 -0.432561456474 0 0 0 -0.484195256919 0 0 -0.519197413362 0 -0.134573936631
-0.120285867546 0 0 0 0 0 0 -0.120285867546 0 0 0 0 0 -0.511695281614 0 -8.39944879133e-19 0 0 -0.432561456474 0 0 0 -0.484195256919 0 0 -0.519197413362 0 -0.134573936631
-0.120285867546 0 0 0 0 0 0 -0.120285867546 0 0 0 0 0 -0.511695281614 0 0 0 0 -0.432561456474 0 0 0 -0.484195256919 0 0 -0.519197413362 0 -0.134573936631
-0.372864545895 -0.0153823712453 -0.0158883451866 -0.021141512003 -0.0165647665789 0.0153569027482 0.0052763792793 -0.370652858123 -0.0135695440754 -0.0211527746909 -0.0150481159251 0.0140600377329 0.00281267840093 -0.380579249743 0.179547569958 0.174790379536 -0.0570589004594 0.029711479175 -0.459911414748 0.297513092605 -0.016510189763 0.0323686725863 -0.435819385083 -0.00698727201822 0.030079766844 -0.0925303471607 0.0176040499728 -0.0903655965426
-0.540181146895 -0.0437306830327 -0.0339569418155 0.0106693173775 -0.00742571006741 0.00980160632969 0.0079744786725 -0.691383673767 -0.0883627034359 -0.0284013949616 0.0282233786846 0.0492541130451 -0.0111535455882 0.0309861045053 0.0891558691751 0.0496760569789 -0.102391366479 0.0265213080485 -0.0328974761804 0.346304531474 0.0473419389257 0.0144169859383 0.0400646452672 0.0874490447597 -0.0043455890546 0.151205959954 -0.00700606104115 0.191393389856
-0.575434304328 0.00562408899011 -0.00554221325585 0.0127241138767 -0.00486844102844 -0.0145613271247 -0.00272653366897 -0.649453167445 -0.063649558715 -0.0188104991576 0.0145178048647 0.0330290249763 -0.0174357952365 0.0930382784345 0.0939184739255 0.0605549426962 -0.073160151556 0.0293041086878 0.0261655507508 0.326699727758 0.0700326870191 0.00931482888453 0.0847791748501 0.102654092289 0.00846869841084 0.191483377577 0.0156063646233 0.214796813882
-0.499770085106 0.0392658700738 0.0285186058262 0.0327122674446 0.0268297250737 -0.0169719319793 -0.00908869313749 -0.46864649043 -0.0176995049667 -0.0256151648244 -0.0162815851073 0.0139216266574 -0.00387522143934 -0.103638555527 0.22366870731 0.250441676253 -0.0542744388196 0.00708126253734 -0.351126099548 0.236867457389 0.00595759494373 0.00529768835736 -0.464738287243 0.0137016947506 0.00881098383637 0.0306136168019 0.0154907893397 0.0356690175602
-0.429390610104 0.0239856224707 -0.0140548777319 -0.0239989265623 -0.0184137203726 0.0168314898242 -0.00318719249783 -0.434945740058 0.0185474239678 0.0261936933791 0.0190193036645 -0.0187668959946 0.00383754899872 -0.406188663542 0.198561465682 0.212887040311 -0.0590720362964 0.0057329623979 -0.368856232516 0.282452927004 -0.0285769902476 0.0153304886656 -0.378748090626 -0.00267457684146 -0.00228752423253 -0.0799667560307 -0.0185813807158 -0.0485588943143
-0.497617231712 -0.0310045761609 0.023847623224 0.00713864960784 -0.0151298779567 -0.00964603462702 0.0090173732563 -0.674815095726 0.0923945767932 0.0349522682477 0.00958317404113 -0.0439498656959 0.0123318955099 -0.145507200769 0.148329084973 0.108128353698 -0.110418348384 -0.00192872769694 -0.158577980332 0.381743364514 0.00542856528251 0.00488333532609 -0.152020793256 0.053154709374 0.00408288293363 0.0311802934484 -0.0344695418774 0.130310900711
-0.541179063119 -0.0548880953479 0.0249608354078 0.011140943309 0.0248314900865 -0.0260159507757 -0.0103620570271 -0.62094555996 0.0268968919357 0.0549266757102 0.0468238705042 -0.0135064121692 -0.0107924667479 -0.0768968233208 0.0219207316116 0.176384941233 -0.0842574824258 -0.0143711957965 -0.102066136148 0.342659376904 0.0292412599309 -0.00612729451485 -0.264373716251 0.0227127445526 -0.0120642751059 0.124037470064 -0.00339929183732 0.22510218862
-0.322179432027 -0.00644489559688 0.0145473653059 0.00989915574755 0.00524727751867 -0.0116530643629 0.00931167573984 -0.323125375852 0.0153110503036 0.0112675369884 0.00730009711718 -0.0145081540529 0.00573314454104 -0.362292159464 0.165596432678 0.166609890442 -0.0527841427842 0.0017789447773 -0.47456126246 0.202932533318 -0.0125902712711 -0.000398579984237 -0.560386334547 -0.00232798272841 0.000129282624164 -0.135730889557 -0.0252470172345 -0.0407180936925
-0.120285867533 0 0 0 0 0 0 -0.120285867533 9.47968640161e-17 7.92260367482e-16 -7.29123880263e-15 0 1.84455188499e-29 -0.511695281788 -2.40931614625e-17 1.32483621355e-12 0 -1.01143095019e-13 -0.432561456424 -1.55960347937e-12 0 -3.09383526031e-30 -0.48419525685 0 3.54640338345e-25 -0.519197413306 0 -0.134573936616
-0.155034041473 0.00140466186568 -0.0117716896334 3.72782050985e-07 6.48786006686e-07 0.0121447475602 -0.00501783045039 -0.154670350213 0.0118928896151 -5.02558054591e-07 -8.10105919369e-07 -0.0123537817529 0.00206033115704 -0.362956319456 3.05059463819e-06 1.09017726201e-06 -0.0424148544527 0.00247148006274 -0.551530501818 2.66408822531e-09 4.9750370773e-07 -2.85834836585e-08 -0.617365341439 1.83079812622e-06 -8.41176032392e-08 -0.360000400859 -0.00257060603119 -0.0543583843654
-0.154874831182 -0.00423205196843 0.0104532817951 -8.23205259815e-08 -2.57014485066e-07 -0.00757855145334 0.010878762734 -0.156078782624 0.0105684337084 -1.50640187852e-07 -3.40381642145e-07 -0.00811851029563 0.0128639348284 -0.337153974556 2.97833757737e-06 7.94751089426e-07 -0.0356858728668 0.00738665341934 -0.543720964925 1.44764907448e-09 9.56499061741e-07 -9.77051614337e-08 -0.608623601019 2.18787502547e-06 -2.41969609303e-07 -0.411431270584 -0.00956479133267 -0.0241651891402
-0.120285867687 -5.82302338865e-26 -1.10842568147e-22 1.62705545851e-14 -1.12789056409e-13 5.37828436617e-26 1.99543657707e-26 -0.120285867687 -1.84349641408e-17 9.89883738177e-14 -1.71242877334e-13 9.69165831675e-20 -6.05697884424e-18 -0.511695279914 -4.23709960213e-11 -3.64752066641e-10 1.05561984282e-16 -2.06858820058e-17 -0.432561456995 -1.19395212594e-11 -3.82259939827e-13 -8.48093209009e-18 -0.484195257483 1.09266914025e-13 6.43840845074e-14 -0.51919741397 -5.14008682266e-19 -0.134573936788