-0.00454117670119 0.00329038757451 -0.0564660021124 -0.0674888585297 0.0428142235517 0.000446533863352 0.0095687335159 -0.0124479809939 0.0931636603148 0.0295201894074 0.0730000580246 -0.0349527992239 -0.0189757507219 -0.0807758038198 -0.198693607588 0.292522704239 -0.143149745911 0.00662392397404 -0.347695907501 0.734423847294 0.178835286012 -0.0152837393872 -0.356828783919 0.00700041117089 0.0182513289339 -0.0370999094199 0.0016258439454 -0.000603036482489
-0.331034530757 0.0105658925342 0.0414124996556 0.0215371495765 0.0218531988363 0.0116175018466 -0.00178125594745 -0.362144275781 -0.0900344689734 0.0135625536482 0.031034046391 0.0433244537633 -0.000339055598025 -0.0296436961386 -0.166825566318 0.213682071131 -0.0339122916905 0.00714771586885 -0.60763300047 -0.109335306358 0.0400659824018 0.00124047137914 -0.520464631999 0.00829178087361 0.004974470888 0.0683760434631 -0.0225336439761 0.103544877713
-0.460442252849 -0.0147524828904 -0.0334911251998 -0.0500419259391 0.0111305324605 -0.0133593099572 -0.00638374662023 -0.522759920581 -0.139445409268 -0.00124240816534 0.0399542026812 0.0454415202053 0.0020347323901 0.178089649257 0.0888150886198 0.230998898182 -0.0444831371889 0.00696712422561 -0.29182749811 -0.177643440492 0.0625744305888 -0.0181827538989 -0.489901360187 0.00548460623597 0.0104234199626 0.160877472341 0.0210213397681 0.0706570414998
-0.121305299915 2.92736222114e-06 3.97865732833e-05 -0.0020028709484 0.00720600869046 0.00417157137153 0.00333274604826 -0.121232692172 0.000475395849833 -0.00441271255438 -0.00192197777929 -0.00473230489482 0.00345339338343 -0.678081875138 -0.00491035175046 0.00050208334148 -0.0493723476343 0.000626226921106 -0.438113136889 -0.0402308439139 0.00582933372821 0.00295792019441 -0.404694374856 0.0160840157635 -0.00103243809478 -0.36695962262 -0.00550004853977 -0.125923776557
-0.319339126168 0.00138368127983 0.00980441322239 -0.0254623018749 -0.013314334776 -0.0537682871296 -0.00960572138551 -0.300991637155 0.00669014235676 0.00327046024449 0.0181440197219 -0.0115131702359 -0.0015009536732 -0.741077218313 -0.128528122599 0.0590399241343 -0.0963115496046 -0.00348871714408 -0.0683315033987 0.444168242478 0.106264110014 -0.0061298563689 -0.0399102316766 -0.0189767723869 0.00456791085528 -0.0945255586272 0.0108984686593 -0.0141246244993
-0.153023176467 0.000123330950871 0.000484064143449 -5.08275350368e-08 -8.75414322909e-08 -0.00186695499046 -0.00118450486134 -0.153324834204 -0.000792777081626 5.36083354401e-07 7.85537898726e-07 0.00495321689189 0.00340154281504 -0.593333644639 -2.85621094968e-06 -7.45031898752e-06 -0.0288188730971 -0.00014500243597 -0.446251788739 2.9343511155e-09 3.75331093807e-06 2.19327820524e-07 -0.499790498098 7.37445925782e-06 2.96102308078e-07 -0.387788922913 0.00238062130525 -0.029000891948
-0.349311270379 -0.00491243313347 0.00512224622816 0.00433512877927 -0.00932448850037 0.0109623422519 -0.00518965306306 -0.362352562774 -0.00346318138595 0.0131268429001 -0.0200059591894 0.0255969933592 0.0083359332825 -0.386955170037 -0.139312464988 0.130450469799 -0.0526228559089 -0.00357156849118 -0.473875783481 -0.188018484908 0.0314084478402 -0.000805327731463 -0.541716906603 -0.0412486361119 0.00325054108821 -0.00359453130366 -0.000124770456591 -0.00705568642287
-0.469101238233 0.0132922359474 0.00505737623474 -0.00714698556787 0.00763435424037 -0.0214119735688 -0.00249448195815 -0.491087315719 -0.0329371954715 0.00399079900875 -0.0102422088631 0.0294998060517 0.0239374090687 -0.214518386561 -0.0459901715546 0.102527564613 -0.0659563393377 -0.0145285330358 -0.379948283716 -0.269126134496 0.0147892411171 -0.0171016658479 -0.494926450787 -0.0222037230888 0.0102979699992 0.0690060718692 0.0362380940131 -0.0567321215255
-0.140959697708 8.80578442325e-05 0.000166208973437 -3.16177610542e-08 -5.08990809547e-08 -0.00127062667546 -0.00271557099892 -0.140982582248 -0.000182503081828 3.72771249617e-08 5.95941812589e-08 0.00139075114093 0.00309940113048 -0.60844974325 -1.66023105591e-07 -6.61160764459e-07 -0.00546014413144 -0.00049574404912 -0.410964741519 7.99042312186e-11 3.45080081202e-07 1.63959569481e-07 -0.46026991891 7.79695257712e-07 2.53278734416e-07 -0.434668870061 0.00534161224463 -0.142430866386
-0.542247585709 -0.0263778999712 -0.0503961157892 -0.00394137364616 0.0260573892908 0.00576392960906 -0.000532645415846 -0.546189774596 -0.040798593436 -0.00574255698976 0.000338349586137 0.0231238324961 -0.012732161404 0.106261455485 -0.147075489198 0.182435207587 -0.00349569467374 0.00918502636582 -0.434953056963 -0.0413669347709 0.000155726220907 0.00901531734791 -0.304961035916 0.0278349750357 0.00459320801379 0.152746741488 -0.0190510803497 0.162837527195
-0.548283583579 -0.0323372021408 0.0590777680223 0.00954802291113 0.018629442398 -0.00658966232082 -0.00134535974867 -0.569569218919 0.0316331044147 0.00570409136418 0.0926350186916 0.000553089625646 0.000445142586951 -0.0725771649993 -0.139036103998 0.126381766326 -0.0321980220529 0.00645216459867 -0.394153959667 -0.0917784195399 0.037358346651 -0.0064676523616 -0.34142216297 0.0179987434067 0.00783170220082 0.111169615703 -0.0286028352173 0.152785075095
-0.700083250289 0.0692680484349 -0.100808436179 -0.0200763726111 -0.0127738354784 0.0151393175358 -0.00292805072755 -0.607264040243 0.0245162650124 0.0280093454864 0.0752308551113 0.00563458213776 0.00211781728943 0.137045203199 0.00616158014122 0.153739080933 -0.00913048994096 0.0128602385259 -0.0354822986252 -0.129575829535 0.0649327098789 -0.00619644659555 -0.132383454459 0.0104669322845 0.0116827802276 0.139264138548 -0.00909699041581 0.126538156303
-0.6037500698 0.0235617733165 0.0461149021445 -0.0202822022809 0.0562979742964 -0.00187323531406 0.00415442070397 -0.580378652329 -0.0392990667946 0.0254989148451 0.0192217290895 0.0122058786136 -0.0179669063913 0.194540545663 0.0978072931861 0.0933012524175 0.00151459644259 0.00621172044465 -0.216252267495 0.0346994872907 0.0147555873931 -0.00534860345389 -0.342501946554 0.021511896817 -0.00200887966368 0.202627112614 0.0129575148272 0.161100911447
-0.231505773103 0.000720137020291 -1.78693098231e-05 0.00643709830264 0.00411858469368 0.00437023303828 -0.00309028106576 -0.232522860359 0.000303902441069 -0.010485958743 -0.00404817596647 -0.00966708730045 0.00649183131955 -0.53585357057 -0.0145583107997 -0.00342840014286 -0.0476017014249 0.00174538046518 -0.543022527244 -0.00348233403073 0.0167433386461 -0.00374317541698 -0.483488062427 0.0120128237763 -0.00294143008144 -0.243731104496 -0.0131000146902 -0.116990647054
-0.186201873505 2.17683591765e-05 -0.00190702189019 0.00712381681954 0.00415473177117 0.0145238648606 0.00691391705904 -0.185818243009 0.00110514232604 0.00255601114022 -0.0103276996198 -0.0100332167302 0.00511870004962 -0.71641537705 -0.00403502207409 0.00304651532462 -0.0268735562812 -0.000413239082689 -0.353692998419 -0.0486433471513 0.0177951757116 0.00187902337474 -0.317249212539 0.0150735424541 -0.00155168911795 -0.427990901477 -0.00101749134139 -0.0662632112208
-0.485266423139 0.00130320349171 -0.0113792419247 -0.0558051091729 -0.004341774675 -0.0316590457146 -0.0160726658187 -0.448681022416 -0.00294091355204 0.000166642528141 0.00725896693363 -0.00148694291485 0.00920135195126 -0.427777192257 -0.183966306212 0.0143408174138 -0.0666473842288 -0.00432260134378 -0.376537398608 -0.0479762236079 0.105357937346 0.00350825311568 -0.417701345634 -0.0105890862358 0.00579170963916 0.0755869338429 0.0132750761856 0.0363475285613
-0.16283133817 0.000734897932371 -0.00202064948536 9.23610925315e-07 1.40278546675e-06 0.0110167798013 0.0052195328394 -0.162376461829 0.0023643700156 -7.91595724931e-07 -1.22632613886e-06 -0.0131988706478 -0.00127646440713 -0.565474689944 -2.97801488325e-07 -3.26162525757e-06 -0.0325492865201 -4.55314992348e-05 -0.471574352924 3.65137404924e-09 2.68626104537e-06 1.69653462466e-07 -0.528151116288 5.88001385359e-06 2.26571033232e-07 -0.352973655653 -1.49929903662e-05 -0.00690776145997
-0.143514529018 -2.78955685954e-06 0.000120498397651 -3.9822986817e-08 -6.23751854365e-08 -0.000981133670561 -0.000250519250043 -0.143514866442 5.79939771414e-05 -1.84459062444e-08 -2.90735836396e-08 -0.00040332532817 -0.000555293284603 -0.612599629205 -3.67597262849e-08 -4.97451138454e-07 -0.0232783957164 -1.79141635264e-05 -0.418632411547 2.94816882542e-10 1.1087576438e-06 9.9588007242e-08 -0.468857511412 2.72002658141e-06 1.48325678003e-07 -0.416421256931 0.000815151371279 -0.120405852579
-0.190726779007 0.000581807012289 -0.00195732421271 -0.00852004905363 0.011752795327 0.0181083770509 0.00348344116913 -0.188396843647 0.000275057332638 -5.34504050436e-05 -0.00367459832048 -0.00149654434578 -0.00484688160639 -0.770247295975 0.00160842953985 -0.00257704543961 -0.0189219110605 -0.000701149788755 -0.2722227661 -0.0269177153388 -0.0163085109952 0.00751205057318 -0.249492030758 0.0298285834643 0.000666666519627 -0.430741549954 0.00213667532876 -0.100277181102
-0.504627756751 -0.0112447956052 0.00377580553164 -0.00655685573657 -0.0159627144828 -0.0420342334713 -0.0106222854544 -0.46435755154 0.0131198826512 0.00377844291142 -0.00484627799821 -0.0152620878843 -0.00918560778082 -0.569368631104 -0.0861178106507 0.0199532318806 -0.061083383603 0.000932150828159 0.140897872492 0.371327401741 0.0756947841713 -0.0109098321556 0.157962966209 0.00655575184641 0.00797570014193 -0.0225903887031 0.00167021908714 0.0446475549594
-0.150592628296 -0.000134785071172 0.000518528461401 -2.39774905979e-07 -3.61320134265e-07 -0.0035175101612 -0.00102777220688 -0.150976490996 0.000775925639368 -2.70069134138e-07 -4.1637921328e-07 -0.00446143712307 -0.00477598434577 -0.597497682784 -4.97520777751e-07 -2.05930904793e-06 -0.0356194891133 -0.000134856280354 -0.439118012148 1.0365233664e-09 2.58857625962e-06 1.94194664659e-07 -0.491800855018 5.7344528514e-06 2.7369122946e-07 -0.395929886605 0.00316038125402 -0.068815019102