-0.00115471346589 0.00400476860461 -0.0283312881266 -0.00715934037958 0.00874774054123 -0.00420692541945 -0.00400052759027 -0.0325392021862 0.0537551106853 -0.0603610915248 -0.0716095845102 -0.0374371079894 0.0614355211442 -0.426296341793 -0.346525332823 -0.400202528063 -0.0858826377513 0.00737192700859 -0.40057139503 0.382509880963 0.0130120705354 0.0448804015033 -0.448718878469 0.0286984241034 0.0152123346343 -0.0169955944174 0.003674533989 -0.00783521632346
-0.512614206923 -0.0230577516022 -0.088654335738 0.062263011993 0.0800241465547 0.0428618934726 0.0445101360014 -0.415220894804 -0.0437649315206 -0.0221293407671 0.00981384116212 0.00262980505319 0.0504536428463 -0.305841926504 -0.306346119118 -0.306689910674 -0.056295899209 -0.0177987097066 -0.214984107938 0.327620536398 0.0222017673395 0.0484238706099 -0.306158401818 0.0120780967147 0.0205348785397 0.0286854984527 0.0253531977231 0.0136022537656
-0.459184054267 0.0232163517699 0.0706914564302 -0.0474588612768 -0.0619786662775 -0.0458591133535 0.00138934756907 -0.411177986781 -0.0392274126815 -0.0374894829925 0.0538590134427 0.0212705881872 0.0267395480127 -0.38523519292 -0.30897751419 -0.342016988586 -0.0537453325888 -0.0111077035613 -0.189186193809 0.303070933659 -0.00442915777074 0.061771545792 -0.292896368995 0.00541656467522 0.0159834670754 0.130404662873 0.0142405185858 -0.0267279451018
-0.369864980902 0.0534590545596 -0.0939751829319 0.035951431248 0.036540033564 0.026263411036 -0.0389792565646 -0.34265600688 0.0911015354848 -0.0197909420378 -0.0124597123554 -0.00715152781274 0.0257186451244 -0.267657688417 -0.279398975723 -0.265506815168 -0.0511377569449 0.00961706196909 -0.557180126247 0.265954673092 -0.00114232458964 -0.00298952181161 -0.330522427486 0.0163971758699 -0.00214677398117 -0.0723292593315 -0.0274927761078 -0.00990516545574
-0.219014616691 -0.0267970971702 0.0305014417765 -0.063051935414 -0.0277192889017 -0.0377835119684 0.0347106518904 -0.219809936504 0.0480700176219 -0.0588445179946 -0.0374709142043 -0.0166199044236 0.030811919881 -0.367627013114 -0.0815941833251 -0.115042118661 -0.0735068755467 0.0167564238483 -0.665903503934 0.0508466687605 -0.0119650795544 -0.0176799849347 -0.498863578442 0.0199757294157 -0.0113196131444 -0.170000744749 0.000468949269717 -0.0283072205488
-0.498844251032 -0.0598146386298 0.0743805617409 0.0838954782168 0.0365614652164 0.0187432287105 0.0107827394499 -0.51663132591 0.0693265443993 0.0981882889079 0.0297701867088 0.028471606717 0.0104588022807 -0.418769988776 -0.251711566817 -0.159458056171 -0.0364355711108 -0.0162045054051 -0.268852869093 0.176404062078 0.0213135942235 0.0250045783787 -0.275367385451 -0.00649919600221 0.00609795747466 -0.0543273565534 0.0309224947913 -0.00141458027035
-0.489747359276 -0.0422283850867 -0.0144511232595 0.02443770927 -0.0127718987971 0.00102270819398 0.00984856822463 -0.733492920925 -0.118454062803 0.0296960610185 0.032751982761 0.0256366234034 0.00983382729 -0.225582635823 -0.200548568816 -0.172717096234 -0.0377829868345 -0.00775618692219 -0.0770466106902 0.194441338859 0.0120555463705 0.0426492202977 -0.178089218078 -0.00690683461349 0.0266974840818 -0.00510462148026 0.0402506061859 -0.016997165473
-0.488488105909 0.0403399556868 0.0126068702179 -0.0166510455605 0.00221537550249 -0.0130957213051 -0.00403066113114 -0.744913323887 -0.132561932661 0.0167410982912 0.051206138608 0.02540091847 0.00799914721609 -0.239330142344 -0.164926515142 -0.172378736354 -0.0371815227591 -0.0113733987079 -0.0545773687107 0.16578032426 0.00909656725062 0.0510619945427 -0.178284195311 0.00994214546099 0.0216868388278 -0.00706231900149 0.0321352972493 -0.0273567100739
-0.453979545125 0.0477357784804 -0.0517154075411 -0.0695793716517 -0.022568372961 -0.0210862099262 0.000877590644417 -0.494929125656 0.0583264332915 0.0984340160199 0.0231972936723 0.0326970761925 0.0181183571194 -0.415859287702 -0.240860958399 -0.153267339738 -0.0298022631301 -0.0210249251168 -0.350015851414 0.199905191332 0.032967966981 0.0211837676659 -0.293229104138 0.00705647969443 0.0142485555975 -0.030297358499 0.0560499366611 -0.11442592825
-0.440576951363 0.01288094281 0.0264176557927 0.0556298616644 0.0151511477831 0.0264390062517 0.015200097721 -0.4443896078 0.0388335311575 0.0065479871081 -0.0426827415209 -0.0173787203633 0.0135182365991 -0.392751895925 -0.202338237608 -0.142253804365 -0.0593243977401 -0.00195292147956 -0.394717128326 0.223927832328 0.00722453685721 0.00653157082337 -0.415871822429 0.0247893435715 0.000240971806054 -0.0171684625435 -0.00240819940032 0.0239878776285
-0.589608345681 0.00304425747232 -0.0611891596628 -0.0333832703762 0.0512608831109 0.00181853265907 0.00791335940642 -0.680987310882 -0.0845091186152 -0.133383357436 -0.0385849303195 -0.0225103028341 -0.00638859764604 -0.11795081801 -0.194882762371 -0.154929694752 -9.85979803202e-06 0.00538847200722 -0.139975753265 0.195418480903 -0.0252502652174 -0.00486770219411 -0.103718490087 -0.00953964384419 -0.00823091951839 0.0892141707404 -0.0196356227051 -0.0214432759193
-0.523259389226 -0.00250434431222 0.0230288448762 0.0147105175696 -0.0134691547948 -0.0276965347577 0.00810473340013 -0.680432782827 0.0155168524347 -0.111917784837 -0.0278059956935 -0.0118544476864 -0.035408779931 -0.229349501885 -0.182708250113 -0.173073623309 -0.00845989026902 -0.0191591681828 -0.166881319633 0.173915494648 -0.0536821838409 0.0343178570558 -0.181386987956 -0.0329340365889 0.0189699106365 0.181424537897 -0.00094732158015 0.0267618411395
-0.534462135504 -0.0625136276755 0.0327785855875 -0.0163732012648 -0.0270708148702 -0.0104499145553 -0.0277913906199 -0.601568752135 0.0136039588775 -0.0598844155264 -0.0419788286636 -0.024351140331 0.0156652759553 -0.301979271761 -0.270621755975 -0.214139372899 -0.0460301760876 -0.00598074160124 -0.1930331126 0.213484403223 -0.0104905145214 0.000562671876511 -0.19495645272 0.0143454173508 -0.00329942556479 0.0702905088184 -0.0238022478016 -0.0105364398717
-0.20289149665 0.00274316151364 0.00541870017854 0.0199795883223 -0.00390881979113 0.0299955366048 -0.0182746364523 -0.194583650413 0.0253901973316 -4.7906970612e-05 4.09529526357e-05 -0.0127840492994 0.00315856042502 -0.366414624032 -0.033133347994 -0.0313306936297 -0.0416633453847 0.000420701436952 -0.632886898839 -0.0108071904599 -0.00357574504546 -0.000859400460536 -0.483059153777 -0.00854709241013 0.000719325421391 -0.382318620257 -0.000834642050674 0.0113981748826
-0.617123787395 0.0246858922508 -0.071379619392 -0.00869119097538 0.0284459694277 0.00607835391251 0.00923240526385 -0.587606907782 0.0702024498119 0.0366139666405 0.0241963911196 0.020197110234 -0.00614150330025 -0.11452938681 -0.212402838355 -0.185689275332 0.00789792127654 -0.0243566720487 -0.314075230827 0.206016885388 -0.02171680612 0.0196772947371 -0.110953896637 -0.0137526110467 0.0200760546194 0.107170576106 -0.00846605663616 -0.00957526702676
-0.432364906371 -0.0203994089074 0.0151136678171 -0.039884782766 -0.00690998519695 -0.0529772232885 -0.0103238396983 -0.452110904866 0.0219384495669 -0.0862973768233 -0.0800367628097 0.000411724639964 0.0140496434113 -0.251814162822 -0.0374365002637 -0.116586440603 -0.0690855328325 -0.00753939900709 -0.59568690991 0.0643953374602 -0.0177370220218 -0.0123318230004 -0.379471268766 0.0254368716994 -0.00420242019536 -0.00420891808932 0.00863048288435 -0.038503042981
-0.303365692942 -0.00776607662025 0.07064760892 -0.0631249367632 -0.0307426712478 -0.0297652253255 0.0233138612902 -0.256370292831 0.0199196875438 -0.0101228605291 -0.0328392850295 -0.00699129906577 -0.0177623971262 -0.366867384546 -0.0550838133437 -0.098933195924 -0.015948038906 0.0165563357316 -0.598225496483 0.0168853755635 -0.0203179846246 -0.00659411419441 -0.402672550995 0.0110479239702 -0.0113120427274 -0.399744440779 0.00801026145508 0.00885499227458
-0.221820444478 0.00653775010729 0.0456098117355 0.00375454443974 -0.00856124678923 -0.026998266346 -0.00367875278841 -0.208657211811 -0.0165923449963 -0.00222309796083 0.023517767542 0.00671960847934 0.00118846351713 -0.362550887502 0.0104481194535 -0.025988022158 -0.00922694310648 0.0019410589101 -0.790656384494 0.00486547736387 -8.83026259691e-05 -0.00017685010674 -0.368947498079 0.00833285083967 -0.00157231542006 -0.0985185944079 -0.00652713201854 -0.00215133588274
-0.413066350682 0.0171457922393 -0.0487934431806 -0.0139492612899 -0.0123912547168 0.0189092876831 -0.00082713135831 -0.451780994589 0.0301895599245 -0.0549683704939 0.0166489764382 -0.0315533797332 0.0400387222874 -0.380521838348 -0.234450863404 -0.183902759827 -0.0606137229004 0.00688186562431 -0.487922039062 0.197553128625 -0.0203981996676 0.00134573134081 -0.293842897388 0.0116164483624 0.000696014223026 -0.0713533123695 -0.0349511996574 -0.0864259538322
-0.267851483304 0.00913889289699 -0.0107618476243 0.00181939226871 -0.0218940969501 -0.0286899134639 -0.0163126699533 -0.308987313292 0.0465316806039 -0.0270571718293 -0.00553598777662 -0.0127113327247 0.0520347949272 -0.453262586428 -0.0345600985084 -0.0133848857768 -0.0493686876397 0.00995607793449 -0.61860755248 0.00494428780994 -0.00340551115359 -0.00631815284112 -0.438277574123 -0.00894734883869 -0.00686355585889 -0.196318844288 -0.00844963694427 -0.0477389980013
-0.209600019671 -0.014986906606 -0.0660997885421 -0.0264355331253 0.0141983919379 0.00326109524537 0.0113474310521 -0.205507022524 -0.0512453430459 -0.00891030073291 0.0122668533374 -0.00522983823796 0.0167961085569 -0.415069624284 -0.0263875957797 -0.046942894541 -0.0296081707128 0.00281328053118 -0.590745946758 -0.00514332456777 0.00563119853494 -0.00361716172468 -0.42052165676 0.0106470481857 -0.00310232155341 -0.447133918358 -0.000612002800345 -0.0550071238978