-0.0167083385764 0.0068695094547 -0.0479078873114 0.0950232872605 0.00668355836871 -0.0352986965046 0.0178529337565 -0.00625313500181 0.0313498458657 -0.015313366537 -0.0632054791934 0.0217861134249 0.00228407151032 -0.2178707424 -0.393977511708 0.414338655849 -0.0464287121587 0.00218135029221 -0.369497362379 0.571244649841 -0.0143532157306 0.00922353135634 -0.375339958371 -0.00112374452318 0.00722519296082 -0.00491946999059 -0.0196657937796 -0.00113026104059
-0.256304600756 0.0160557801396 -0.0684672071145 0.0677634314112 -0.0282821346741 -0.0131582649967 -0.00158516793306 -0.257425929039 0.0376099469494 -0.0686728405992 -0.0266030331422 0.0643022749752 -0.00605667674205 -0.24581686297 -0.0742473026812 0.202839686345 -0.0106773951354 -0.00326433239264 -0.813945047338 0.0603183940696 -0.00942936520949 0.00175955452981 -0.268389910054 -0.00405976677056 0.000292502364245 -0.0314482543525 -0.0051375990592 -0.00284214525154
-0.455142606196 -0.0270038978842 0.0875999315314 0.0537934269818 0.0247075294325 0.00857857483824 0.0144981385347 -0.479312912789 0.0128819687601 0.0737011582126 0.0555430998995 0.0486167137159 -0.013716871162 -0.250855020143 -0.30527771389 0.16913970491 -0.0441906015606 -0.000519174404989 -0.000177912180937 0.563313296036 -0.0270570833962 0.016020312594 -0.171437488507 -0.0215835244209 0.00819447625786 -0.0672644689851 -0.00801161815721 0.0131009279688
-0.244280010242 -0.00520761852161 -0.0417192483098 0.00383461043713 -0.000744178726718 -0.035537849531 0.00234459525782 -0.244137540145 0.0185128856936 -0.0163748058192 -0.0456206166347 -0.035334659756 0.00649868143549 -0.190642908357 -0.0721476625023 0.201132978675 -0.01783985351 -0.000904576520015 -0.814514703193 -0.00851420416753 0.00711907319019 -0.00129215274666 -0.353755413824 0.0242470577908 0.00165062243846 -0.0418693919138 -0.0176124506804 -0.00325161761652
-0.387235769933 0.00347494520854 0.000200831175296 0.0491957468116 0.00318960571926 -0.00829772726084 0.0150507228742 -0.399312871153 0.0294159928069 -0.0360949812969 -0.0676380746261 -0.0206052229342 0.0216023319317 0.0205675086737 -0.254763474647 0.396928490847 -0.0489188695332 0.0105844001881 -0.550472733422 0.209046525557 0.016993386581 -0.00371363119615 -0.314295681906 0.00720041385063 0.00138718043413 0.0943081872885 -0.00444505753517 -0.00825598319406
-0.364677069142 -0.00555604388299 -0.018558833948 0.0716097777899 0.0727482739461 -0.00878174640259 0.00119631772676 -0.326558212915 -0.00882216238202 -0.00109794781315 0.019257593874 0.0243717123272 -0.00262313365264 -0.433784890609 -0.0180371489375 0.0507188807668 -0.0289637378529 -0.000590795074225 -0.636851769337 0.0782574087641 -0.00769133657227 0.000247096938703 -0.306719957754 -0.00934720391601 -0.00108585979992 -0.224958575224 0.000592476644133 0.00177862947977
-0.453285251306 0.00297518557982 -0.0595893665193 -0.0156663909258 -0.0594723521953 0.0147156201738 0.000682015056142 -0.359926396763 -0.00972789444601 -0.0402374904849 0.0162831574005 0.0126466683814 0.00129350419297 -0.25502272511 -0.0259767879752 0.221139662474 -0.00416598618226 0.00440414339516 -0.681406145015 0.0382956321302 -0.000339290212219 -0.00107221073099 -0.183872153275 -0.0176310889676 0.00214797078619 -0.201803417287 0.00151638579372 -0.0012153413118
-0.43001117494 -0.00824729386327 0.0344959909983 -0.0301433864024 0.0560203453018 -0.000814199830551 0.000597529309265 -0.388910281312 -0.0191180899992 -0.0313247528303 0.0279995969279 0.0079080832168 -0.000408508451993 -0.312140797043 -0.0119054033763 0.228147046016 -0.00806974484767 0.00202241915349 -0.656730656379 0.0539650090818 -0.00955790142071 -0.000745722086759 -0.210700199473 0.00350316054617 0.00408123818875 -0.166496880643 -0.000592557995553 0.0141982958108
-0.434633138096 0.00792104469167 0.05234858846 -0.0727837828701 -0.0260803781534 -0.0108655594132 0.00558104312334 -0.387899681836 -0.00196105799549 0.0329796843026 0.00196465282956 -0.00293440676596 -0.00272958521511 -0.0923195184153 -0.110408532737 0.140683453974 -0.0490427167158 0.00663195301482 -0.678644584728 0.00911344238763 0.00369482621969 -0.00303042240195 -0.382706628402 -0.0115771305313 0.00132291834439 0.0153671225668 -0.0111802177134 0.00261915702403
-0.393456765081 0.01157126643 -0.0113329664229 0.0426151252511 0.0383790047023 -0.0039067407654 -0.000309972511565 -0.409885980937 0.0331938801492 -0.0675036325358 -0.0209338221479 0.0274733518772 -0.00648637692812 -0.180142095154 -0.060124682941 0.11656158279 -0.0382541583008 -0.00932895528911 -0.701470876643 0.0109820511786 0.00246974431047 0.00470866363546 -0.346193857359 -0.0203143979889 -0.0070087810753 0.0537940289895 -0.00727190190996 -0.0072676581585
-0.46896045015 0.0168956794659 -0.0370342381945 0.0204049350639 -0.0859227794533 -0.00507421208441 -0.00046156100276 -0.379974102479 0.0335542802517 -0.041303464072 -0.0179144939442 0.014464533635 -0.00568805218459 -0.150365758631 -0.0544741494752 0.195433043932 0.00722538396768 -0.00420172406235 -0.712317738593 0.00271322368723 -0.00424073789061 -0.00039345571186 -0.225834618403 0.0197494902937 -0.000484698053434 0.0111069285624 -0.00476358570298 -0.00429683190776
-0.627795445113 0.00278933760493 0.0516640256538 0.0238186907612 0.0849873634703 0.00889358526088 -0.0033495741545 -0.568892498763 0.0807518716819 0.00527762047813 -0.0455336697015 0.0221402813357 -0.0100550927638 -0.244048838856 -0.195148048155 0.181702556786 0.0214976384153 -0.00533186204538 -0.0976190981363 0.278304219851 -0.0116570944145 0.00626100527514 -0.189795439199 0.00592675927075 0.00272780324445 -0.0887025496807 -0.0146443178099 0.00302357295969
-0.636331260865 0.0550805097818 0.075398741587 -0.0364787248999 0.00993327729952 -0.028807222124 0.00307295537533 -0.588269590945 -0.0531368371417 -0.0132998956039 0.04775789362 0.0219928055493 -0.00516056745219 -0.120710772717 -0.171921195405 0.0344345423575 -0.0277777634801 -0.00644048077589 0.118203258943 0.409272327272 -0.0354556044232 0.0195900883368 -0.040194963723 -0.0339706831854 0.00380199355909 0.00309357775356 0.0140659868442 0.00270633732291
-0.36852649158 0.0215931581484 -0.00995261657493 0.0848206750517 0.0824436497648 0.0017445166717 -0.000450484724458 -0.371285083723 -0.024177222161 0.00882729129489 -0.0809667403986 0.0161801257782 0.000568355819319 -0.216408664926 -0.0191768295538 0.0818904102515 -0.00939526992895 -0.00441867338434 -0.707597723333 -0.0488761253921 0.00125187077062 0.00024362486707 -0.382515907249 -0.00574965144789 -9.16457541367e-05 -0.0137629426956 -0.0200606822657 -0.0158959173145
-0.458575464431 -0.00514496198009 -0.0195095578717 -0.0292727256657 -0.100698035777 -0.0106874587997 0.000102195409842 -0.372197627939 -0.026630030019 -0.0253539981983 0.0179146287 -0.00991256709364 -0.00124097091487 -0.14451640727 -0.0497747011826 0.181367437032 0.0154238451185 -0.00750854804108 -0.716212882297 -0.00917697440812 0.00284421563571 -0.000518025272204 -0.256362616872 0.0415428559853 -0.00397531637554 -0.0277290616394 -0.00629602580401 -0.00317724883847
-0.453269915002 0.00406417346416 0.0228791797578 0.0406235391737 0.0747096743146 0.00658196011567 0.00336287242092 -0.411771162418 0.00158522106726 -0.0433973205155 -0.00138550000908 -0.0105775828666 0.00767507262691 -0.108695220546 -0.109213866436 0.153570515887 -0.0348769814629 -0.00224587327492 -0.690029703825 0.0594132583381 0.0152527628542 0.000541538643744 -0.289415371185 0.0201034082456 -0.00455704152903 0.0486662726459 -0.00978000884089 0.00204096879084
-0.703059720042 0.00159110460981 0.083623996935 0.00417849614837 0.0489602248964 -0.0278101797318 0.0044197034018 -0.542152491625 0.0244322200735 -0.0289624636778 -0.0498481922099 -0.0116366169015 0.00342362794737 0.0747102912763 -0.184151967849 0.238899843673 -0.0146844275406 0.00715322850706 -0.181052828493 0.212491948508 0.0184485184265 -0.00941281400367 -0.120462138275 0.00873477874209 0.00280033849309 0.0868561491641 0.0128960830389 0.00244670401869
-0.376945933087 -0.0175765154545 0.0121615712021 0.0242227027576 0.0472690746623 -0.0267141972021 0.000707945644331 -0.390240001167 0.0460375424107 -0.00834838058629 -0.0260142322835 -0.0381262442018 0.00630407231736 -0.139769765936 -0.0820770228737 0.162755622211 -0.0372945925918 0.00243831050856 -0.652400464175 -0.0729712810963 -0.00260709735464 0.000832267366143 -0.456395511382 -0.00346374904938 0.00347465690284 -0.0609920678083 -0.0104746847351 0.00231783244933
-0.449857431444 0.000570155171357 -0.0565745746044 -0.059338799178 -0.0571367203881 -0.00840420315392 0.00467321003999 -0.37888398763 0.00912848079211 -0.0166118246742 -0.00709397311867 0.00283922935629 0.0114497006761 -0.15987796994 -0.0421711189596 0.184296265823 -0.0334380644667 0.00306316224583 -0.705733403921 -0.016814659943 0.0119426905449 -0.00111320958607 -0.273690000544 0.0241144228507 0.00343674015455 -0.0827497912434 -0.0122699849793 0.00560866180381
-0.418298538076 0.00212657071466 -0.0136705245542 0.0627748316683 0.0504916107061 0.00481252641334 0.00550684278897 -0.403165511704 0.0108347522703 0.0199847225535 -0.0263474511287 0.00428330331158 0.00661196500763 -0.0779813654192 -0.0778892079016 0.218873277982 -0.0376258006355 0.00948795171365 -0.700796393648 -0.0141610976943 0.0157646121375 -0.000391314182246 -0.316611853133 -0.0073543996043 0.00422715916921 0.0156454111038 -0.0117701590177 -0.0255676451578
-0.584892437103 -0.0149036271788 0.0686251859671 -0.00104855023326 0.0375137394846 -0.0237968334082 0.00389307533033 -0.425535081852 0.00457625111205 0.0143685259196 0.0126022370055 0.00559468669269 0.00485588928935 0.0214782044158 -0.127192857585 0.258935030847 -0.0215669778691 0.012134337919 -0.583673205719 0.00938176240349 -0.00219735778367 -0.0010082391466 -0.203473137522 -0.00881826195533 0.00633310561302 0.0534426565753 0.00319609482782 -0.00232839370394