-0.00196025172337 -0.00811308989607 -0.0203894280835 0.00770392613259 0.0355252693365 0.00154681011017 -0.00190042157739 -0.0432625657639 -0.09060223661 0.1214817374 0.0976148991107 0.00319551256539 -0.00398570785825 -0.34274932499 0.264275726252 0.342885175578 -0.0209789775402 0.00466561442541 -0.459475086046 0.419133305917 0.0173862847933 -0.00667623895617 -0.520528993113 0.0133137573941 -0.00632170325424 -0.0014138259337 -0.0116814447665 -0.000528970808084
-0.27770823501 0.0279708396369 0.103618325648 -0.0396500443575 -0.0334921784662 0.0133936517914 -0.00243450170208 -0.29812291008 -0.112360916925 0.0551456101981 -0.0267866253144 -0.0151260393421 0.000609480403916 -0.353850355227 0.25291328864 0.368983360571 -0.0237809983567 0.00199395757141 -0.364064700957 0.286740593925 0.0128638236003 -0.00247815706186 -0.511110486492 0.0223012240525 6.62016331134e-05 -0.00615896411643 -0.0195066036992 0.00343752226498
-0.327244087109 -0.0214393660335 -0.122410423822 0.0809033783949 0.112565092109 -0.00870147700139 -0.00418484346288 -0.327298298584 -0.1357511565 0.0701005626371 -0.016185799613 -0.0067597768426 0.00478729809813 -0.317398027696 0.260657122844 0.342993387488 -0.0180610753665 0.00223461004089 -0.391833546723 0.284393307257 0.0100833202987 -0.00193678814045 -0.450777897139 0.0270232307608 -0.00230587718015 0.0358637701175 0.0139425531277 -0.0276754493473
-0.292935480102 0.00468034646538 0.0816486422086 -0.0152807362261 -0.0422996795999 0.0454639553509 2.74593034634e-05 -0.329783980376 0.0108844024004 0.0498138619903 0.0982015962786 -0.0166839101557 0.000347621075249 -0.355353105649 0.205271281586 0.269836143843 -0.0293736366654 0.00474340687892 -0.413747208482 0.370235975419 0.0128341925455 -0.00674342700356 -0.48055197958 -0.00697950408896 -0.00841289414933 0.0113414628023 -0.0182676464731 0.00621572618693
-0.287350189517 -0.00181999651843 -0.0849033389671 0.00961723100653 0.0756134616207 -0.0311113056602 -0.00141239040903 -0.307122609559 0.0439380325654 0.0281029676687 0.0716076491001 0.0122913451867 0.000968793554779 -0.358872799254 0.217543120951 0.251646034193 -0.0302196748153 0.0044859811408 -0.445106378337 0.358240208179 0.0217824381184 -0.00510270668044 -0.477447300868 0.00278107323011 -0.00571092260336 -0.0741567568302 -0.0131978193759 0.0106857582825
-0.4578920804 -0.0402391507658 0.070834256718 -0.0753412923737 -0.100267084565 0.0137092866196 0.00454938916701 -0.42523853798 -0.0488068855817 0.0199420730439 -0.0615683486642 0.0111839111073 0.00350893830195 -0.316388192361 0.2024734963 0.232946199402 -0.0389449643791 0.00502633525596 -0.368625733617 0.220052642814 -0.000471898244906 0.00128949850612 -0.436308902084 0.0238685794391 -0.0013622589061 -0.0895349112093 0.00483531352402 0.00585300997772
-0.426764512673 0.0129687081866 0.0101841061069 0.0498618896543 0.00212183937341 0.00826419696437 -0.00385696206165 -0.407976844018 -0.0156813015063 0.00807563808181 -0.0258887829993 -0.0152832211809 -0.000574103946597 -0.351972911878 0.238034206712 0.2920923852 -0.0124621809336 0.000160316457886 -0.314013832373 0.230011073541 0.0132537159507 -0.00497679555815 -0.471598873666 0.014924430774 0.00126329913562 0.0809727464383 -0.0210943315597 0.00240781625501
-0.42065497512 -0.0133366509932 -0.0516676422339 0.0501083880853 0.0109388800823 -0.0126301086432 -0.00113013364605 -0.447757123551 -0.0590362378917 0.0459029189901 -0.0489257555157 -0.00786748447859 0.00330719662554 -0.304322259603 0.225124928561 0.287349052235 -0.00725897803476 -0.000508991177528 -0.307286899955 0.23576117067 0.015448967273 -0.000629630176803 -0.465420444951 0.0224246205751 0.00200772281815 0.120976074875 0.014301567051 -0.0271872299854
-0.496230528666 0.0257211509439 -0.0985125675083 0.0772468807211 0.137336135668 -0.00331664052496 -0.00548555964287 -0.413990704584 -0.0300172193689 0.0222377722793 -0.0609903737181 0.0135854549969 0.0087468460342 -0.28648423748 0.157460702491 0.176606619699 -0.0373815402275 0.00232574883136 -0.456126834678 0.177725446892 -0.00633403476073 0.00101372158738 -0.395494159046 0.0190025626872 -0.00156633478867 -0.0683223887179 0.0167375287498 -0.0298093266058
-0.472411650612 -0.00587682419287 0.0742984564076 -0.0542511067561 -0.105648017102 -0.0117034054015 0.00044545652243 -0.434168393671 -0.0641534765199 0.00307817454392 -0.000995153553952 0.00260603343724 -8.14297291502e-05 -0.345265526521 0.159799158189 0.285086151037 -0.0106737896934 0.00150861068784 -0.337097429703 0.156528399761 0.0297539023256 0.00194234132537 -0.429872572778 0.0589842567712 0.000696798806695 -0.104594515426 -0.000326308615376 0.00510096693347
-0.527543636102 -0.0211223286425 0.057392255922 0.012739651255 0.075027238992 -0.00568078140725 -2.17600527711e-05 -0.396838444709 -0.0483183480214 0.0862941252114 -0.0112419204341 -0.00304378830151 -0.0025053844787 -0.326862687975 0.198835999852 0.279928501291 -0.0255983332997 0.00142957695655 -0.280569052404 0.237049365993 0.0187275061657 -0.00269077724534 -0.427756993146 0.00289156037435 -0.00227697350209 -0.00282908096002 -0.0321626868691 -0.00603117372803
-0.553528408238 0.0151089840674 -0.0867127855493 0.00775584251107 -0.0632806008889 -0.00199287406009 -0.00357451962857 -0.393549724478 -0.0456019550837 0.0670065842237 0.0161134420519 0.00147458439328 -0.000265788944364 -0.297613998832 0.204836465983 0.307105392782 -0.00679252046947 -0.00234119250962 -0.319151586743 0.185761093054 0.00377291637605 -0.00283587165419 -0.39737387616 0.0110059240418 0.00148183900742 0.0129630331331 -0.00394933306915 -0.0238183331078
-0.599319480046 0.0313602591748 -0.0300325494485 0.0739729544754 0.114635420098 0.00411223762636 -0.00318152296654 -0.463228613755 -0.0757213796485 -0.0184985285857 0.0380405999795 -0.00306339922891 -0.0059224016624 -0.257985204361 0.156817173421 0.262938308043 -0.00989132608106 0.0102288154035 -0.281157569276 0.20773818523 0.0200846466275 -0.00219924407758 -0.331762289794 0.042733221755 -0.00397727954687 -0.0535300632298 0.0163435093489 -0.00122331240435
-0.575652366477 0.0709453688697 -0.0147533588167 -0.0406722455988 -0.0767839142721 0.00365755281885 -3.59859206331e-06 -0.458428198182 0.0369733792897 0.012204109611 0.0197852702556 0.00362020479295 -0.00488581438564 -0.321531814682 0.177001534938 0.238921338498 -0.0278362974903 -0.0139591753748 -0.237066421645 0.307812448915 0.0172567396715 -0.00731015656537 -0.313525154218 0.0152462829086 -0.0121828090114 -0.0299196217547 -0.00693340379974 0.00463686008843
-0.480488935118 -0.0101168157098 0.0349378757453 0.0439311941126 0.00642205867014 0.0383413580024 0.00738159943817 -0.43986730681 -0.0329647407961 0.0348384786588 0.0410231268862 -0.00750252283026 -0.00261405909083 -0.296537154857 0.182859019029 0.249544018955 -0.0335120778748 0.00664702241124 -0.370424513431 0.236949915415 0.00592445278929 0.000125270240819 -0.412283344336 -0.0134943265269 0.000339247357316 0.13308338139 -0.0264549939634 0.00230110982522
-0.561318658875 0.0170225073046 -0.0534153968435 -0.0649432219349 -0.027646244948 -0.0194563157507 0.00203646558471 -0.419868286796 -0.0458884867846 0.0198792595675 0.0518579336484 -0.00409498323452 0.000352286943636 -0.29263528608 0.225696651903 0.278621479291 -0.023507583982 -0.00667780613388 -0.308177593305 0.204818965048 0.0214995980059 0.00243404737465 -0.372515405973 0.00181425864248 0.00140192744454 0.0613723972295 -0.00777293513002 -0.0111094129023
-0.515690218648 -0.0728799023864 0.0999561617454 0.00426622791527 0.0296860574434 -0.0131043062153 0.00328556009162 -0.439268181782 0.0623618256351 0.0365388018475 -0.0159103284682 0.00404680487956 -0.00738548578058 -0.366186700129 0.171461042314 0.234221549473 -0.0316503983304 -0.00435009680708 -0.290752182029 0.301569292701 0.0211315219243 -0.00163283520803 -0.331621408813 0.00599203097524 -0.00118198405345 -0.112467808822 -0.0309418173177 0.0159903396816
-0.404737472419 0.0181060674123 -0.0595771803433 0.022991685659 -0.0356983612277 0.00843561442341 -0.00758557364664 -0.394145187994 0.0199197555552 -0.00530415522256 0.0493090741929 -0.00314602559834 0.00767077491512 -0.409424801257 0.11930538369 0.198917122519 -0.0270178600396 0.00208244098137 -0.407647804637 0.178992712551 -0.0146486348862 -0.00348523647248 -0.478063761353 -0.00498153625132 -0.00191604200575 -0.151117881002 -0.00801206326833 0.00471822836421
-0.373192213394 -0.00581182761336 0.0231274962215 -0.031631974804 0.0288380117042 0.0127631294043 -0.000309223846221 -0.389978672172 0.0232224035658 0.0252206715302 0.0667579186963 0.0194063284817 0.00306160187734 -0.355312506903 0.0230792042745 0.0500292906582 -0.039635927906 0.00840239284716 -0.481779697935 0.159225407912 0.00365899763301 -0.0020508147316 -0.549843441589 -0.0147101156608 -0.00268096283296 -0.0952264146997 -0.00562918939213 0.0022522400836
-0.398056840126 0.0129646517306 -0.0372234818793 -0.0105159747038 -0.00642463439963 0.00219912924497 -0.00331582050116 -0.415307098932 0.0307720682412 -0.00767641878808 0.0668412922224 0.0139219218646 0.00277275704525 -0.321230996355 0.127372793789 0.138607317326 -0.0467829506853 0.00636883828857 -0.477250892665 0.216711680245 0.00852575248619 -0.00411272339772 -0.487507575243 0.00427603725506 -0.00671748825524 -0.0905391651991 -0.00584411572511 0.0062772325523
-0.293033199624 -0.00821999202765 -0.00949686849028 -0.0492062948125 0.00146431085021 -0.0144764213136 0.00706407598794 -0.300557581324 0.0042413717868 -0.0688091625561 0.010503192662 0.0194419314962 0.00382805316906 -0.4589920102 0.0252544121277 -0.022098717388 -0.0342349439772 0.00280133775077 -0.478336428684 0.0158424950552 -0.00948807365196 -0.000172844020559 -0.58206198609 -0.00937323886387 0.000259541218227 -0.185994089131 0.00256770086331 0.00945881020957