-0.0043845376549 -0.00448655428137 -0.0397080523271 -0.0520217923492 0.0338037208348 -0.0032078109631 -0.00218341374163 -0.212554015893 -0.00458537031215 0.116784782671 0.436404858744 0.0812850479164 -0.00245515036348 -0.0874323067196 -0.0338953501196 -0.292807491943 -0.0432589832459 0.0169435078438 -0.287327047459 0.495926698139 0.156149874961 0.0294944292944 -0.528528898375 0.0700332640349 0.0350588299525 -0.0507699526476 0.0107783046704 -0.00271621582439
-0.418296526859 -0.0108007287328 0.00884843282493 0.0814761444573 0.0761238688015 0.0277562278869 -0.00289035222598 -0.422142568846 -0.0187695725063 -0.112901968674 0.168358001614 -0.0109186343834 -0.00589761275959 -0.049910540976 -0.0611413072004 -0.125305440541 -0.0280637438016 0.0240410124746 -0.36015303041 0.44717723039 0.0623162876967 0.0346752503721 -0.471511108472 0.0429161499816 0.0288590973883 -0.0924481448061 0.00493476880199 -0.0138242434537
-0.393504223668 0.0153190885356 0.00376956658536 -0.0540071658297 -0.0676243548847 0.0166559244655 0.00621764454216 -0.412930893149 0.00898532839878 -0.0817291780465 0.171361513125 -0.0171803101519 -0.00971500644517 -0.146381165803 -0.0596289050259 -0.133324738058 -0.02227896708 0.0226625565643 -0.298094372551 0.424820930072 0.0913818261949 0.0557183650779 -0.534633373885 0.0365372838895 0.0339328803079 -0.1266669589 0.0186550725781 -0.0283634285007
-0.426360163528 -0.0192617590899 -0.0633001472344 0.0229779312418 -0.0104420157768 0.0433872305471 -0.00847376428065 -0.666180415233 0.00208866111574 0.183948348001 0.266595690867 0.000582837633953 -0.009402391829 -0.0500816804257 0.0318887150962 -0.206064259625 -0.0406779303017 0.00776206788282 -0.164037696905 0.173547423752 0.0550713592443 -0.0103926580682 -0.391034256973 0.0064386256472 -0.00533424201977 0.0387874804554 -0.00383255166069 0.00898990359357
-0.464600031532 0.00194554558081 -0.0535152413971 -0.0584613591102 0.055620659494 -0.0147348138049 0.00164588737484 -0.645795740593 0.0617579811107 0.158118913911 0.255302697365 0.0240360534046 -0.0117769382618 -0.00645081669279 -0.00748412587018 -0.191120138673 0.00182028434888 -0.00630665272405 -0.197469162669 0.173034854547 0.119148068545 -0.0192592146086 -0.376454156533 0.0139908746121 -0.0200073676263 -0.0100352921109 -0.00212712296504 0.0139758997665
-0.392097960942 0.000177163651598 0.0166234081077 0.0175911499088 0.00923434668572 0.00334093260465 -0.00764237467276 -0.409525088516 0.0383419535604 -0.0513343328303 0.0400244463272 -0.0150254002937 -0.00739702295899 -0.468046773204 0.0754384309577 0.15912598781 0.00943602047731 0.0142708525085 -0.311667136228 0.144772907377 0.106685494694 0.0165393403807 -0.471539057217 0.0620238433471 0.0160563489301 -0.254657187697 0.0160450000678 -0.011616778828
-0.467109196476 -0.0445829352091 0.00696721828553 0.0380501302936 0.0284294183807 0.00956808847963 0.00410555039027 -0.566312924105 0.0362328184886 0.00455191989397 0.124902573563 -0.0307416984589 -0.00237228013012 -0.323333504288 0.113580250174 0.170082911386 -0.0348791208086 0.0136645682122 -0.259390650411 0.237769079475 0.0364238190962 0.0306537699596 -0.395128556492 0.0275700229343 0.0259278490702 -0.0841906029103 -0.00163488735089 -0.0174073254383
-0.433644098059 0.0301834681501 -0.00954131955616 -0.0381137454202 -0.026286976719 -0.00260193962641 0.000666775675587 -0.487397040889 0.0423221212611 -0.0267378290046 0.115160675387 -0.0143497498758 -0.00454564478978 -0.441888320098 0.119719676094 0.192261214033 -0.00238366856496 0.0197993331433 -0.226844175383 0.214221410714 0.0659211644343 0.0280621919754 -0.422307611544 0.0173866379221 0.0265656004283 -0.160062283063 0.011104004285 -0.0266836303385
-0.472315490847 0.0192454506936 -0.038855880757 0.0527420631306 0.0229695539144 0.01815303986 0.00712820454605 -0.463716866386 -0.01431779274 -0.0636460831943 0.067928598193 -0.0269744026853 -0.00987642896609 -0.317956641163 0.0435474884781 0.0269920748847 -0.0521278241392 0.00825129320816 -0.232628570128 0.252605397785 0.0937870231274 0.0442146201957 -0.513021962934 0.0704377578451 0.0356861400644 -0.202321682516 0.0283263079046 -0.016535429082
-0.530079245033 0.0562977635101 -0.0130424522659 0.0358812801622 0.0548137009326 0.00331405140447 -0.0168477980276 -0.572615878296 0.0241125264488 -0.0864544427148 0.00613687989834 -0.0426882482839 -0.00196050601509 -0.175670248392 -0.109151706062 -0.178482536242 -0.020818067121 0.00814427697222 -0.25211411044 0.271664994185 0.0408817272567 0.011429520127 -0.394308044624 0.0372584396235 0.0117172617989 -0.0444233849718 0.00166341590489 -0.00231426821325
-0.48689154568 0.020465082549 -0.0388676835944 -0.00567641571626 -0.0282354785197 0.0194334644743 0.000958663320919 -0.698014535182 0.0421868062715 -0.0847804290059 -0.0660675914761 -0.0281763468989 -0.0103845121039 -0.0373529416666 -0.145098722623 -0.142340238154 -0.0225176906384 0.0011782295327 -0.227430502178 0.231522606712 0.0125641720685 0.0153392402942 -0.32913755343 -0.00652423150329 0.0103872954401 0.0298366876314 -0.00184784687192 -0.00514386728506
-0.477533161589 -0.0257006961597 0.027759294964 -0.0187617973461 0.0252636911676 -0.00217730021848 -0.000134854016238 -0.68381653489 0.0171609100715 -0.0909008424157 -0.0718265145745 -0.0416622823819 -0.00858659916412 -0.0732537113127 -0.156989853846 -0.157015427123 -0.0200762413022 0.00661893041392 -0.236383334372 0.240364445981 0.0149434394819 0.0213195786534 -0.34051805669 -0.00550572066282 0.0120412577533 0.0176095068293 -0.00236926008239 -0.0227761166053
-0.504663241275 0.0111904061541 -0.00750970581867 0.0441972963481 -0.0581247110902 0.00410905748898 0.00424830271354 -0.51453121598 0.0324698151799 -0.0286495528295 0.0515392364084 -0.0278063756415 0.0040617328309 -0.222190639596 -0.0418413400303 -0.0954446886126 -0.0544511373618 -0.00209959200676 -0.221732390896 0.22370615179 0.079047122785 0.0305916455795 -0.538395927852 0.0598755511944 0.0145443816457 -0.0795161468704 0.00930252293184 -0.00588132000045
-0.428305481696 0.0048156107325 0.00341931924381 -0.0479597321798 0.0350821246287 0.00905644349354 -0.00633634767852 -0.662056314054 -0.0231268013882 0.128168271721 0.0939422922688 0.0466736079355 0.00405732903398 -0.127135570497 -2.79922429484e-05 -0.128634572768 -0.0446942669499 0.000498393796901 -0.362679280214 0.150521610254 0.063566058021 0.000998915998941 -0.385424305948 0.0675079877905 -0.00286449660072 -0.0220861440172 0.00381116829313 0.00183590671063
-0.577621653568 0.0404931229605 0.0357774073656 0.0502465332528 -0.0595322441917 -0.0131679167905 0.00385585606145 -0.648464282246 -0.0355724896577 0.0718000584436 0.0816075788021 0.00312334253935 -0.00425841503137 -0.054610907619 -0.0219031162717 -0.198953090178 -0.0312507037254 0.0123729591715 -0.29015732304 0.127106488717 0.0305059840507 -0.00538522818825 -0.277952801789 0.0146319081944 0.0023609715174 0.0202697501853 -0.00361228175623 0.0134078886459
-0.437048284267 -0.049562560146 -0.01578217436 0.0133569167447 0.0122624473219 0.00073388090257 -0.00301998985947 -0.723585911682 -0.0267727803704 0.10899621902 0.0866709496779 0.0387319903306 -0.000901843841551 -0.145569090803 -0.113500177309 -0.195659286622 -0.0346335243528 0.0033076973545 -0.264525577238 0.155840042998 0.0446967118211 -0.00784607774356 -0.274379712141 0.0417324061405 -0.00300185989605 -0.115146187848 0.0125526733643 -0.020555893875
-0.532010709178 0.00874324296077 -0.0112782082648 0.0128843779537 -0.0336940016817 0.0087431366702 0.00484631933982 -0.701768740735 -0.0133852449995 0.0979925574452 0.110614242277 0.000255995042682 -0.0147416526313 -0.0164065338143 -0.042039330401 -0.205431732602 0.00730132013003 0.000878471937187 -0.181407799909 0.111273977077 0.028300272928 -0.00524636365896 -0.328405092695 0.00798114761846 -0.00947940063627 -0.0395254904939 0.00721331583191 0.0248222242269
-0.559645160135 -0.0030890670773 0.0280047728509 0.0810998665595 -0.0324628679866 0.00232120122046 -0.0061816426654 -0.635873988328 0.0531213171024 0.0210173296562 0.174552440765 -0.0303793682993 0.00773781944265 -0.127795231027 0.126366854653 -0.0651474393385 -0.0206831788806 0.00216187550615 -0.158837799823 -0.000952100359946 0.0318953645 0.00148632622945 -0.411148065558 -0.0702143926468 0.00673433481025 -0.0443449774756 -0.00786788297249 0.00222072605862
-0.643876029959 0.0116628020651 -0.0274474041084 0.0608005243521 -0.0933372208023 0.017905111259 0.00107711364759 -0.611588432906 -0.00560456354067 0.018196365133 0.0680206850481 0.00106762887325 0.00941911619288 0.00485195422308 -0.011039134065 -0.0939182375746 0.0254486972621 -0.00508497324465 -0.0974791022699 0.0122614812835 0.0248210216952 0.00340674185267 -0.408878907185 -0.0360989890662 0.00826914698976 0.0648915769819 0.000356445719735 0.000344941949853
-0.594514182023 0.015911920601 0.0272286787133 -0.0142510226303 0.0726777509456 -0.0104308037842 0.000905875420265 -0.595913387655 -0.0297032529759 -0.00876143184509 -0.0481572258548 0.0217926886638 0.0165189718452 0.0242038611627 -0.00175059432175 -0.0655941140863 0.0217331169013 -0.00789888162521 -0.190957482572 -0.0223439818141 0.0430399782506 0.00247275869234 -0.477235528206 -0.00304205751198 0.00247045679496 0.0928628588317 -0.00137503320537 -0.0134730970949
-0.621705277613 0.0280731373209 -0.062731569134 -0.0442622761323 -0.115229690186 -0.0255677380141 0.00752183209362 -0.564981982774 0.0134318761589 0.0180998494293 0.0646402516265 -0.0155676841403 0.00356720545622 -0.191393637065 0.133140701197 -0.0621133341594 0.0132165103832 -0.00530707057903 -0.208889911228 -0.0567455434734 0.0845251763551 -0.00432612141576 -0.376096554368 -0.0426768762704 -0.00503371825074 -0.108105814628 -0.0102067426785 0.0337980924002