-0.00430608930528 0.0101832037718 0.0282522136066 -0.0596937428507 0.0611796040217 0.00544650220446 0.0247701034772 -0.0753205151702 0.162344865487 0.219898112536 -0.220862368123 -0.109391460673 -0.0275091114673 -0.146163198571 -0.00527994099471 0.0379544687923 -0.449684198974 0.0159318072619 -0.261063080717 0.646072725613 -0.0140015092176 -0.0150530183277 -0.284038025008 0.179108738629 0.0186276504662 -0.157578839422 -0.00405977449344 -0.0014077396482
-0.543855694639 0.0674280785509 -0.109611701748 -0.0442968854586 0.0794662235817 0.087807207622 0.0104635281441 -0.507385121439 0.0754061763697 0.0751203273835 -0.076715462771 -0.054190716821 -0.0286768324293 0.0591084182854 0.106857513929 -0.108470184795 -0.165096317982 0.0064250828689 -0.184696832264 0.472481386394 -0.0306042507057 -0.00245365168425 -0.271555215429 0.0820617436367 0.00430008331757 0.00521268587543 -0.00625286144549 -0.0178442231608
-0.565442893859 -0.0180736165429 0.112381521647 0.0183446836441 -0.0560012934235 -0.0468179886415 0.0115678115449 -0.537848680401 0.000602384024244 0.0729644622293 -0.057043642304 -0.0463524223216 -0.0324463131486 -0.0105412710957 0.124895761349 -0.0528754567193 -0.164319968135 0.0133328256004 -0.107866098113 0.475439148328 -0.0894524220821 -0.00482520240357 -0.13149978604 0.160238920197 0.0169970606028 0.0679175370824 0.0256320213423 0.14333317982
-0.537804828868 -0.0172744901588 -0.0499390669411 0.0189398974632 0.042740610121 0.0593308278953 0.023824891386 -0.550852593182 -0.0954114849053 0.0430518277044 -0.0294786812418 0.0337801704149 0.0122587460898 -0.295505990007 -0.252754271252 0.249771598783 -0.225406628057 0.0184116557274 -0.187916276953 0.230245215406 0.0803604401962 -0.016201459261 -0.0138428726403 0.0329120149901 -0.00575803305328 -0.13094351109 -0.0510365261131 0.0655633294655
-0.222014247804 0.0100773436474 0.0301506974654 -0.0246836695703 -0.00265557035041 -0.0290998826557 -0.0166165385808 -0.222722150012 -0.0341821941906 0.0211973999387 0.00116753550365 0.036010742982 0.00965040033477 -0.487922424141 -0.177485615553 0.0151468755153 -0.111726257612 -0.0081202729133 -0.304126624612 0.200222357773 0.0300483201005 0.00796519417882 -0.565082927428 0.00738628454737 -0.00260038740275 -0.365445271363 -0.00282954060888 -0.162823355258
-0.599330046882 -0.0172659027003 -0.0572825722879 -0.0130163242123 0.0410145164824 0.0312647025291 0.00816716277437 -0.553704851358 -0.0226697846626 0.0192730559164 -0.0017049602794 0.0125954795047 -0.0148919023274 -0.0386407212224 0.0493592825237 -0.105679845142 -0.105587267251 0.0155516052489 -0.286838178103 0.288046796119 -0.0161154634159 0.00244074972257 -0.361080864523 0.0178309011964 0.00277222244528 -0.0503032572674 -0.000142878970679 -0.0351300742623
-0.589591531292 0.027046264083 0.0118917276567 -0.038908795366 0.034880054789 0.0161135461364 0.00149111868281 -0.69442451637 -0.110030227668 0.0596564920915 -0.013495802303 -0.0287905500979 -0.0112081859692 -0.0193801966174 0.0872908859939 0.0176069687758 0.0099637012551 0.0176206636591 0.10730514999 0.323338579867 -0.035370298576 0.00384157751989 0.0401372433295 0.0398736230257 -0.00808767816076 0.0499092580283 0.0216128790973 0.131230502134
-0.60100043624 0.0500794369939 0.0574806841405 -0.00969708963235 -0.00616681155527 -0.00534155404343 0.00365392807551 -0.682644504368 -0.105144211577 -0.00490074866308 0.0378629015256 0.0221259275382 -0.00707913836897 -0.0373979472405 0.111244162701 0.0134056134548 -0.0389679572013 0.0189842909576 0.0785714906278 0.301674360449 -0.0230193648275 0.0115975446856 0.084520433012 0.0680460969479 -0.00561889096932 0.111590782382 0.0167105101514 0.124665025306
-0.572220589059 0.0572061184596 0.0434411720494 0.0306862040686 -0.0327292908708 -0.0377005762992 -0.0201137464123 -0.576132527148 -0.0441097161376 -0.0327345931478 0.0370657720252 0.0412954561703 0.011210211572 -0.288441868671 0.202625590256 -0.0631327806416 -0.149128393633 0.00517178319354 -0.246319789644 0.254088952533 -0.0244576911152 -0.00186316831325 -0.199964485251 0.0809671877841 0.00928491460659 -0.0376979614567 0.0316923380927 0.00415709571786
-0.140509129028 5.64167884673e-05 -0.000727056799789 -0.00132764877895 0.000529431799669 0.00339223603297 0.000788871184994 -0.140527176336 0.000854793342806 0.00113395775789 -0.000622979579407 -0.00348941837569 -0.00155882353652 -0.563853839724 0.0084350355641 0.00103704336342 -0.0124662095188 -0.000319284075024 -0.429757468112 -0.00457855258074 -0.0289465358866 -0.000595322894303 -0.502040349411 0.0149428208539 -0.00095806897825 -0.435753624144 -0.00121766047388 -0.120899021873
-0.483777053875 0.0113072700081 -0.00871530330784 0.00890372844659 0.0499244196611 0.0329939541841 0.00679706326171 -0.455820434141 0.0174531463104 -0.0168674940189 -0.0134105298879 0.00425170115193 0.00554391345859 -0.0291185916064 -0.115135696201 -0.142305971025 -0.0890850842392 0.00133057247477 -0.504923707867 0.205661369634 0.00981882392107 0.0158457357373 -0.454995792822 0.0250980833999 0.00224344288649 0.0602962703504 -0.0442203009624 -0.0180860762467
-0.500330179116 -0.0152072176264 -0.00322020503779 -0.0180540617454 -0.0144711919816 -0.0188786584164 -0.00170153651903 -0.654023709309 0.104319415338 0.0125090924152 -0.0330897123255 -0.0290853072853 0.00400843951221 0.0170928218743 -0.0427360499189 -0.125791666256 -0.0836819844384 -0.000830629563851 -0.271277116655 0.254729572696 0.00347216073617 0.00824082607109 -0.365069661329 0.0142700864918 0.00635687302122 -0.0853854557214 -0.0402576847424 0.0430736414105
-0.609117986539 -0.0476952143728 0.0613040950059 -0.00417150116875 -0.0286953299027 -0.00689142498404 0.0162867789646 -0.66691690888 0.0658945835163 0.0401299014838 -0.0643362105102 -0.0402071069145 -0.0205467077065 -0.0523229004506 0.0519995940968 -0.0183991892247 -0.101102801226 2.48804117702e-05 -0.184937163936 0.264077027162 -0.0477874653901 -0.00429046920841 -0.16018048203 0.077941610947 0.0147434866104 -0.00590030133219 0.0182881936526 0.101579172426
-0.116685642777 0 0 0 0 0 0 -0.116682935591 2.79955945842e-17 3.72482013694e-19 -1.94159211887e-17 0 -2.05185186704e-28 -0.48739296231 -1.33358872568e-16 -2.07894887173e-28 0 -1.31660299257e-13 -0.448087133046 -9.43860415925e-13 0 -2.43382017055e-29 -0.466375091297 0 -4.75485848763e-41 -0.542166886846 0 -0.151607769674
-0.480737003378 0.00181541595388 -0.0110574581471 -0.00466919352545 -0.00122623873593 0.0151733554963 0.00345093105962 -0.480613263331 0.0158516610095 0.0115600388055 0.0227337931745 -0.00456805217741 0.00145220861278 -0.108036888813 -0.150448447169 -0.0406944363333 -0.0922090774047 0.0151870045029 -0.460006386015 0.225839429683 0.0528257369042 -0.016671324732 -0.465125979279 0.0654239449073 -0.0043318729575 0.0265812314933 -0.0435881953675 0.0544579050586
-0.125735823227 -0.00031993135034 0.000421321349488 -5.17087606104e-05 -0.000284385556281 -0.000992209725362 -0.00546778165375 -0.125547221669 0.000297699276907 -6.51288128709e-05 -0.000339027759283 -0.000834977905014 -0.00410178746772 -0.512468373946 -0.000474845852291 -7.36458347783e-05 -0.00912385959669 -0.000515896297396 -0.478878878416 0.00574783986365 0.00259527892457 0.000223122629466 -0.471460946114 0.0155655301553 0.000478861272965 -0.494905380446 0.00203321200013 -0.0940937624673
-0.116685642762 2.6984196831e-28 -3.40516674481e-25 -8.99526062316e-16 -9.61111528003e-15 5.1727345679e-25 1.54291176289e-29 -0.116682935576 6.44038408216e-17 2.73705981537e-16 9.79584339053e-15 -7.56664397779e-20 1.166598701e-18 -0.487392962362 -4.29552978204e-13 -1.23468796963e-11 -5.31940824836e-11 7.89958052596e-13 -0.448087132996 1.37777392374e-12 7.29450307144e-13 5.80278310223e-15 -0.466375091252 1.87483653772e-11 -1.7416456817e-17 -0.542166886891 7.9872018939e-14 -0.151607769655
-0.646789463449 -0.0186770124998 -0.0604202356518 0.00856033161263 -0.000851281763499 0.0518381569649 0.015441433342 -0.598614273326 -0.0485047224966 -0.00238190981311 0.0191602302342 0.00145411915212 -0.0156954392531 -0.179465179358 -0.154415832798 0.27059407447 -0.102495924026 0.00969457760879 0.0641972453686 0.146522013226 0.0369807359655 -0.0208315097064 0.191927420812 -0.0202784124211 0.00534084667363 -0.0699159280488 -0.0111045786773 0.0616427166808
-0.59149104907 0.0136591998408 0.0258801841619 0.0190451392336 0.0185233132223 -0.0116524157892 0.0101657632769 -0.634142188682 -0.0812280110469 0.00584918001612 -0.0701988622338 -0.00012505097783 -0.00259007779202 -0.210044616366 -0.164373601785 -0.0147133284908 -0.093795949717 0.00596648748597 -0.0447619349923 0.119614195598 0.0571960152231 0.000381385028743 -0.325628235086 0.0549976226428 -0.00463295256337 -0.0649459468225 -0.0249480426879 0.144719301854
-0.519273672546 0.0361417170792 0.030651801471 -0.0358249751998 0.00202239012805 -0.0241425803269 -0.00769193386184 -0.538627244978 -0.0521650943996 0.0176487911309 -0.0039121689222 0.0547056848491 0.00345383286892 -0.329880939768 -0.197067451331 0.0174225297463 -0.116050761856 -0.00440711941931 -0.112304472433 0.229767387364 0.0273609602001 0.00591031799647 -0.406901300465 0.00839902421127 -0.00388157187115 -0.189206269161 -0.00973904607761 0.0286847252908
-0.116685642637 1.10305931364e-28 -2.63518299117e-25 2.99846856122e-16 1.07571163291e-14 5.7607558608e-25 1.38756676375e-30 -0.116682935451 -4.16500020407e-17 4.36270456509e-15 -3.71486798335e-15 -2.81687226155e-19 6.89935672952e-15 -0.48739296412 -8.5951841828e-12 8.81918795683e-12 2.03319638766e-14 9.8768078681e-17 -0.448087132486 -7.46456840851e-12 7.2945030203e-13 -1.45390810826e-15 -0.46637509073 -1.87483653545e-11 -1.4737479194e-18 -0.542166886281 6.34842386045e-17 -0.151607769492