-0.0159659257308 0.0447159501129 -0.142644661127 -0.0288745969944 -0.017374492542 -0.0370398161256 0.01832586777 -0.259410575913 0.364655946455 0.48495870938 -0.257627246939 0.0460239040514 -0.0114170807918 -0.124369905643 -0.0131121438294 -0.136245243081 0.0928534514902 0.00292415189141 -0.313778743223 0.487245854583 0.228705627641 -0.0166403989188 -0.184049425029 0.0501520260841 0.00142783273337 -0.0512521008657 -0.0134589315675 -0.000722156213022
-0.582958494859 -0.0205890945837 -0.104394823551 -0.088186184117 -0.131792233779 -0.0229082055752 0.000489102102461 -0.554847249041 -0.0210868009895 0.100205725496 -0.144914564842 0.0324932003293 -0.00494154716681 -0.242057002742 -0.00450428783654 -0.13916297107 0.0150523131226 0.00227194257042 -0.25416117464 0.298273137073 0.184626291869 0.00132898911608 -0.11098208574 -0.0109145145968 0.00749735985339 -0.0661050160757 -0.00399280225555 0.00169981456419
-0.621235081583 0.0621591868836 0.0406441810586 0.0658965893059 0.193914801366 0.0401571446287 0.00564802463414 -0.569672003593 -0.0962232749412 0.0313509269066 -0.139109559 0.0153133696368 -0.00153364379441 -0.191401144421 -0.196842697738 0.013443855054 0.0638368658289 0.0124088427532 -0.185239049517 0.224421568489 0.0961880081267 -0.0216366154141 -0.0645934090915 0.0622363869165 -0.00870025888373 -0.16797395722 -0.00884907612321 0.000289174750325
-0.511127555655 -0.00355679338979 -0.0612685759925 -0.021129051939 -0.0470272120752 0.0372277585337 0.00330695396068 -0.609604005242 0.0699976665837 -0.0424939492658 -0.189690490178 -0.0465743383532 -0.00811850700566 -0.0990992251533 -0.0826800772056 -0.15390839614 0.00593019765445 -0.00239445121841 -0.406295158933 0.212242247473 0.0802987030031 -0.00545357919389 -0.215987167664 0.0149124449814 0.00561914914531 0.102430525218 -0.0015710714282 -0.001700256739
-0.457606469271 -0.00437028491256 -0.0106305533136 -0.0782744727202 0.00164477735089 -0.0265050516683 0.000273512559118 -0.68714201215 0.223330051004 -0.0599090009455 -0.181060549981 0.0333743376607 -0.000732405239076 -0.0637540377126 0.00349634705451 -0.0712042871409 0.0498042803146 0.00149440365049 -0.399749653193 0.18601804817 0.0502599564363 -0.00369188219154 -0.104990788854 0.0144334989018 -0.000429533456492 -0.0642424555457 -0.0128464239926 -0.00311855301178
-0.642546756454 -0.0897061719519 -0.092853242445 -0.0744232866076 -0.0615374482956 -0.0214353047186 -0.00236249885322 -0.602043848713 -0.0392756578487 -0.0734076796488 -0.0430567261251 -0.0331114067367 -0.0100029095937 -0.245025001616 0.0367113749662 -0.0955061530464 0.0304602518559 0.00410109779764 -0.249241975046 0.156292802362 0.0660429079983 0.0158672765255 -0.0679103327253 -0.018870830299 0.0142043362085 -0.142949269738 0.00134369924079 -0.00402137088056
-0.499527489322 -0.0541741049233 0.032373087387 -0.0368581891642 0.00567538125864 -0.0213396997476 0.00309080228987 -0.704741308868 0.00341654876251 -0.10889609401 -0.069605625451 -0.0478427164235 -0.00450949557729 -0.268928044921 -0.0298946084527 -0.106233112225 0.00818591333473 -0.00301816597402 -0.217331553203 0.189032696479 0.089769112802 0.0109035522593 -0.106508862846 0.0384707778048 -0.00341835152814 -0.200790561729 -0.00866695413543 0.00032843292328
-0.55339554919 0.0678699325414 -0.0256796952708 0.0668972240156 -0.0269147529725 0.0172599212733 0.00796419771361 -0.733632182245 0.0294606331597 -0.115408535794 -0.0679267634041 -0.00153473971289 -0.00495367834254 -0.212846200466 -0.0342135516897 -0.0813706226423 0.0505115050638 0.00852192790976 -0.0962902787104 0.162479681173 0.0788231685378 -0.00870621378028 -0.106220284878 0.0320110712364 -0.00690213683542 -0.125655565406 -0.00640778679899 -0.00416173427594
-0.640595967434 0.0777444937999 0.0534892153004 0.0269603253065 0.0990246473104 0.0481637199823 -0.00178578721211 -0.611973396337 -0.0329672612043 -0.0388630861719 -0.0873903036698 -0.0191798038395 -0.00225859140514 -0.202777654981 -0.062493005529 -0.0521750992858 0.0446946269759 0.00448543119825 -0.296723012225 0.059598321877 0.012848680744 -0.00695509096424 -0.0965191690286 0.026622015008 -0.00738149974775 -0.176257352672 -0.00583742057411 0.00178704009488
-0.645547062317 0.0907838318994 -0.0477356287879 -0.0534644717794 -0.0904518976898 0.00147215569351 -0.00691859622439 -0.685597796351 -0.0106911167598 0.115641596478 0.0391100864286 0.0171458311919 -0.00245958485564 -0.0677241068892 0.0277367863113 -0.0941383908336 0.00172938724307 0.00430695845981 -0.112588445056 0.135171576895 0.0971736985861 -0.0113856798827 -0.141849044466 -0.0151978870182 0.00654680962196 0.0337337308742 0.00104508901829 0.00198507527844
-0.512817164273 0.0115998570267 -0.0181941626054 -0.00320058735106 -0.0073209837215 -0.0103241384427 0.00182152067031 -0.801294772916 -0.00746753707997 0.15691645702 0.0620466880702 0.0290293937454 -0.00102333997246 -0.0599014845946 -0.0450451958995 -0.0482557843183 0.00360515609512 -0.0019424238281 -0.110215824159 0.113459891553 0.0886716970459 -0.009211390027 -0.147805340305 -0.00952222780188 -0.0012383601649 0.0452769695612 -0.0025604998619 0.00279309154712
-0.504049592909 -0.00688627342588 0.00643956221654 0.00619581815704 0.00828388769229 0.00594434631174 -0.00193105438541 -0.766484562278 -0.0446559291848 0.139694326198 0.0467087634708 0.0117975326929 -0.00787505133865 -0.0590463361823 -0.16786201055 -0.0168207245356 0.0202958647413 0.00779197402641 -0.0810457814956 0.0316852304069 0.0381233884772 -0.0143321157909 -0.302644729301 0.0256226557326 -0.000203509379533 -0.0196472984756 0.0028687308357 -0.0036583037432
-0.727450423044 -0.0691198277897 0.0335979116305 0.0390970916145 0.116812908996 0.0169617902599 -0.00276678952715 -0.616957463642 -0.0190494425886 0.0963902868328 0.00956272344856 0.0165256233505 -0.00150584747193 -0.0802765451805 -0.0865363369313 0.0546590617881 0.0304278935206 0.00551011584966 -0.119788685154 0.131535812806 0.040261976819 -0.0147592690094 0.0212403135179 0.0332538233058 -0.0027545479455 -0.0753836298112 -0.0115315601939 0.00602061628537
-0.676643166002 -0.0112383849276 0.0289571575153 0.0384313048841 -0.0869500221346 0.0227123300574 -0.00240989346823 -0.634197081247 0.0150886622047 0.0683932687023 0.00478708828828 0.0138430633888 0.00856774299488 -0.0675751066361 -0.119718565758 -0.162033608512 0.000622709044921 -0.00158198543673 -0.20959943 0.0515788570557 0.0281950212702 -0.0050066798517 -0.123550545201 -0.0169104987255 -0.00666453819287 0.12650044567 -0.00724255686537 0.00347978734649
-0.64853554223 0.0115924294093 -0.0235428820728 0.00643735455249 -0.0356765273529 -0.0103213927925 -0.00250982311426 -0.691475460599 0.0499026733112 0.0777297630211 0.0356184642068 0.0139152166146 0.00170857505133 0.0414524432521 -0.0497152967477 -0.0726545169835 0.0229817065844 -0.0037993946784 -0.178623801241 0.0211513441793 0.0379556068916 -0.0124466841259 -0.164152668864 -0.0549916518806 0.00377986841968 0.122943440155 -0.00570970390276 0.00757922158819
-0.65793020875 0.0643291540389 -0.0567508964741 -0.128964697253 0.0144622687005 -0.011366715074 0.000805272021098 -0.624583850775 0.0690643685227 0.0620082731278 0.0233028993921 0.0202877280495 0.00470976367957 -0.0573689853492 0.0044295228006 -0.0051359225305 0.0395928729327 -0.000691261347815 -0.314381352183 0.0246781095355 0.0618606561156 -0.0027087657704 -0.148568585305 -0.0109732951145 0.00571307525938 -0.111196718447 -0.0164855064992 0.00742854879668
-0.625576575084 -0.0377336310032 0.0544405925657 -0.020085145931 0.0636560051556 -0.000149700694774 0.00508610180245 -0.687018898812 0.0924618634306 0.0803141343548 0.0036130058127 0.0490425479429 -0.00245093440546 -0.077939915061 0.0141383674612 0.0417275395681 0.0740068752808 0.00397775173584 -0.285721265495 -0.000732087610428 0.0289773707687 -0.00111191507039 -0.0159300714113 0.00193654191388 -0.0025659283778 -0.118142934987 -0.0123048178571 0.00250606245794
-0.386442491275 -0.00105257639614 -0.00784572674196 -0.0103715296224 0.0088482371384 -0.0023700317391 -0.00121148553673 -0.716185400079 -0.0771412190096 -0.0936233145433 -0.153585175515 -0.0147318197801 -0.00269421815812 -0.239361636415 -0.00347448844382 -0.0283100381264 -0.00843387537098 0.00320673312822 -0.376502370463 0.205328995539 0.0314583167123 0.00475281834084 -0.222761200204 0.0477258670007 0.00282173959415 -0.0611883420684 0.00698825561581 -0.0118311700563
-0.44465941569 -0.0106691902303 0.00737596216342 -0.00230701279913 -0.0161810740345 0.0209268410749 0.00215917262195 -0.695339950139 -0.0534438338618 -0.0826824549806 -0.141283575696 -0.0187355676816 0.00011763149055 -0.210435677136 -0.0137306970026 -0.0208971194098 0.00111004018117 -0.000172651022343 -0.370122872204 0.226133046408 0.0341712380761 -0.00246160671235 -0.229516247639 0.0307654412747 -0.0017835041889 -0.00748794869836 -0.00190606212229 0.000267620822486
-0.443786015509 -0.00736025450167 0.0137296334749 -0.0139503273652 0.0083400778046 -0.0195453569585 -0.0038019520178 -0.705837648255 -0.0423102541993 -0.0898570160485 -0.137762624502 -0.0135931053627 0.000695581603153 -0.19235969726 -0.0100277022673 -0.0419355182227 -0.00964295217826 0.00214250720176 -0.336821039236 0.251538585091 0.00172542772781 -0.00346826694535 -0.2405843784 0.0298863588692 -0.00532343107009 0.0199782013075 -0.00101901570907 -0.00436280467223
-0.463045462069 -0.0146934435605 -0.0242219357253 -0.010547131178 0.000684074759701 -0.00821452435687 0.00360308279086 -0.73379001579 -0.0259059950973 -0.115146553353 -0.122080834895 -0.0120111002241 -0.000412023884374 -0.166230400843 -0.00372245080915 -0.0138919842806 -0.0188519540752 0.00301447622602 -0.300295872967 0.226488894546 0.0116126013873 0.00327909980695 -0.214419121744 0.0278085266784 -0.00203654663999 -0.0212139823061 -0.00432297804405 -0.0110578173676