-0.054618384111 -0.00600798314104 0.140674231019 0.038280525186 0.241836142449 -0.00566823689635 -0.0164476940333 -0.00974624172238 -0.0906813422453 -0.0115550838639 0.0980962282351 -0.017492135855 0.03699265311 -0.366489297665 -0.542997851767 0.528184770004 0.198828135652 -0.0124095507389 -0.165762173899 0.0552817823379 -0.0387930871542 0.0356303159063 -0.228212305317 -0.24682087384 -0.00667219212691 -0.0515119202055 -0.0187180579567 -0.00236646237203
-0.459563893429 -0.00645701282568 0.0370126204779 0.0278728937011 0.00730352919562 0.0698468807216 -0.0212698432281 -0.658851693986 -0.021001468024 0.0995479574069 -0.267741463759 0.105538175488 0.0275832934378 -0.106686847446 -0.249345130908 0.257270556011 0.085956536765 -0.0117222326961 -0.215785388471 0.115865362868 0.00857987535712 0.0437869042543 -0.189388529932 -0.0299108640714 0.00232073469707 -0.0823313906804 -0.0199861892419 0.00360226243552
-0.605478234402 0.0538265085148 0.0249915342815 -0.0965369444174 0.189601409928 -0.089023502465 0.00975908796711 -0.527294164704 0.0294114053296 0.0434426576552 -0.0639389225639 0.09869864592 0.0191635303064 -0.252303679475 -0.216301126037 0.251480360437 0.0840046590495 -0.00107806239421 -0.0832999989537 0.129618455503 -0.00114045911312 0.0228221898201 -0.247026248519 -0.12159241801 -0.00837050116477 0.0186966732836 0.0107340151788 -0.0158207507972
-0.481803105647 -0.0477834806113 0.0413580952843 -0.0743463358296 0.0339791810561 0.0626007634889 -0.000589114277403 -0.695733305785 0.0284483380119 -0.0749042483493 0.26015407718 -0.107655752387 -0.0174630021857 -0.121985327801 -0.258950760617 0.18087235476 0.0663012160083 -0.005974147173 0.0232271558092 -0.0797978990896 -0.0199293610813 -0.00500651150374 -0.0839756192765 -0.0743763449471 -0.0134536925901 -0.20954120442 0.0119978814665 -0.00180860670719
-0.612316880097 -0.0113924557941 0.0521045861624 -0.044967753536 0.201556358408 -0.105513235753 -0.00539245754505 -0.536828237116 -0.145617832806 -0.0116775123538 0.0202911901717 -0.0933972246761 -0.000177301132457 -0.216488630946 -0.212697643069 0.223468369163 0.0807456647927 0.00443058112975 -0.197656101376 0.0321116768038 -0.0797133302846 -0.00216353970978 -0.190092732804 -0.119894689079 0.00737822993246 0.0562369466195 -0.0313627588154 0.00022230418404
-0.518921243224 -0.0237285008935 0.0369736465951 0.0282234720798 -0.0242881776609 0.0101962852178 -0.00562705936388 -0.690637957435 0.0305343916087 0.0385177745929 -0.147330892866 0.0639084311572 0.0167111435385 -0.132009724248 -0.150847396661 0.145485182622 0.0116584220154 -0.00696644079533 -0.179541577771 0.060574527509 -0.0180672187596 0.0383667500262 -0.0930383291562 -0.0555075555604 0.0191884767216 -0.33224364334 -0.00677960696555 -0.00546351107138
-0.538657223627 -0.00582449269178 0.0152921240324 -0.00133058936634 -0.00568579455664 0.00961851417827 -0.0037161524613 -0.7285383002 0.0123185697718 0.0451317022034 -0.169534330958 0.0481646776135 0.0125952486088 -0.183221179978 -0.120865702419 0.125561966397 0.0343024833363 0.00213459835529 -0.0678157155194 0.0770430963682 -0.00442985790275 0.0372150062436 -0.205610713699 -0.0858707802582 -0.00336979069288 -0.134792332709 0.00499770022885 -0.0185354686737
-0.572314820892 0.0269495559876 0.0379380281214 -0.0103935418507 0.0385567060046 -0.0341204268011 -0.00106439700753 -0.63777687318 0.049906083201 0.081956594195 -0.0508438072195 0.0727252894505 0.00275695159209 -0.177035594861 -0.179698578989 0.17585408203 0.0659260498042 -0.0119355571361 0.0742210783715 0.0939815595559 0.0125831085922 0.0367278573316 -0.250778076521 -0.0850152907676 -0.000542239745177 -0.24170045394 -0.00443040429212 -0.0151756888463
-0.554685647915 0.0357175569017 -0.00073345836732 -0.0475565690868 0.0832167309409 -0.0170127414343 -0.000623593159778 -0.613972173953 0.0419772437758 0.11762740067 -0.0431355904013 0.047205534246 0.0108634683686 -0.284146367194 0.0185633418455 0.161914908977 0.0106340111587 0.00412979030005 -0.162049239465 0.12271126435 0.0201047027298 -0.00199667875279 -0.242932446207 -0.0519195091948 -0.0116637481106 -0.270680873213 -0.000232794448611 -0.0230505283045
-0.567945137524 0.0216023749093 0.00723512061285 -0.0259419030531 -0.00729406638001 0.0142297929202 -0.000232651160664 -0.651146563256 -0.0263370518189 0.106732435194 -5.44669245255e-05 -0.0138771117371 0.0163581634631 -0.00681055766822 -0.157209020031 0.196745034609 0.0584148711269 -0.00789878791991 -0.193349685767 0.0582257055249 0.0402047080349 0.0116951262858 -0.307342822803 0.119130423923 0.00906992725031 -0.145490649355 -0.00148876405936 0.00880655626949
-0.615369681196 0.0193344056453 0.023579654126 -0.0397256870479 0.00452422949833 0.0157090443474 -0.0125841455381 -0.620690238633 0.00416761251454 0.0717632058278 -0.0183715455368 0.0169421158521 0.0065090537549 -0.0505882592252 -0.207994439985 0.132437782958 0.0783177971926 -0.00743435747716 -0.167614961609 0.117881596028 -0.01536163411 0.0207199026793 -0.325119505599 0.0433829803634 0.0145228005182 0.0778913638395 -0.0319374574233 0.01440557771
-0.630858085112 -0.00572942443423 0.00628571915955 -0.0365789817065 0.0459508611898 -0.00266514566889 0.0363345087566 -0.634413808477 0.00369712144903 -0.0535684297647 -0.044177454353 0.0231264713513 0.00131706224432 -0.0414726193545 -0.215388031848 0.0973634232635 0.0909508622429 0.00843991173254 -0.153763799391 0.0277829358973 0.00918249587273 0.00843762825836 -0.244397177834 0.0469207174854 -0.00221252193325 0.191687056594 0.00720319089604 0.0088731452493
-0.577920402626 -0.0142250007967 0.0175935769665 -0.0212967431079 0.0742977688292 -0.0414642170988 -0.00547447348583 -0.549491204894 -0.01294899245 -0.000334192743573 0.0443664781614 0.00224959396681 -0.0144639919789 -0.341094724062 -0.0242573627561 0.065730556799 0.0160669441549 0.0120822341651 -0.301523153115 0.0283438376364 -0.0133356514801 -0.0163034007417 -0.270149967045 -0.0579341506779 0.0135468029292 -0.250677935442 -0.00846002830942 -0.0151116985046
-0.566361227576 -0.0270704364175 0.0176890379011 0.0121964824498 0.022183744325 -0.0352075258657 0.000718990534852 -0.667527430501 0.0359507940599 0.0652631428339 0.103697096646 -0.0334699371088 0.00296776947972 -0.0828051813897 -0.254027079871 0.168307917424 0.040729399124 -0.00245161417757 -0.110755166029 0.0907115417145 -0.0458928606439 -0.0213496472624 -0.174565147142 0.090415421788 0.0026187093454 -0.223290759406 0.0177517819248 -0.0040873557135
-0.646900827601 0.0371038138677 0.0141500652049 -0.0698985831899 -0.0261687500945 0.0345944479563 0.0012665749253 -0.648550890188 0.0189228608781 0.0172847727062 0.100670429229 -0.0282406333263 0.00249530770536 -0.0567786489123 -0.278014099645 0.104868488906 0.025802519234 -0.011038550093 -0.111786245377 0.0748610809588 -0.0744181451362 -0.0066162449297 -0.148628947013 -0.0307621235984 -0.00828909037127 0.0411232842842 0.00620430945795 0.0119147651126
-0.645299039847 -0.0279034715701 -0.00798134160496 -0.0215922070336 0.0949139491878 -0.0167098939459 -0.0299476587825 -0.642204708574 0.0288169941528 0.0644447229429 0.052929058593 -0.0141621912148 0.0138327574741 -0.0069846520547 -0.18186988956 0.0902522254573 0.0332017209909 0.00330670200503 -0.135520868683 0.0801446354503 -0.0482319093185 0.00106684594313 -0.152385327714 -0.0137623834607 0.0115448125684 0.237529856061 -0.0277932694683 0.0354183782825
-0.38349277226 -0.0240305774411 -0.0764594154442 -0.0241070590119 -0.00099738487704 -0.00906105893556 0.00146132750714 -0.394232144034 -0.098134704151 0.00384224230966 -0.0319766341746 -0.024932569078 0.00548976202986 -0.442852667757 0.0364899195905 -0.0439131955721 -0.00608307179697 -0.00238700709217 -0.208581289127 0.00726363920824 -0.00463426457545 -0.00421438370796 -0.317162349021 -0.00389601986168 -0.00200265208461 -0.579034131874 -0.000648118680854 -0.0139156144227
-0.512240180201 -0.0275609427931 0.0469346660117 -0.0346948075216 0.0476919961366 -0.0340217676918 0.00213555317749 -0.517204506615 -0.0305806341644 -0.0719612849306 0.0353715421968 -0.0297190499777 -0.00263655051709 -0.277500225329 -0.0955169193516 0.0154739139651 -0.014815717141 0.0064054466287 -0.122302902086 -0.0285040197189 0.018012450664 -0.0087880065852 -0.27678321458 -0.0115635874711 0.00488411208845 -0.524001173923 -0.00927846403416 -0.00446983823146
-0.559280522044 0.022944883366 -0.0252542407535 0.0239009576419 -0.055993999631 0.039040784052 -0.000157379128047 -0.544810384205 -0.0183514162048 -0.0471443876824 0.013271140437 -0.0196856475186 -0.00817720173239 -0.353799525864 -0.0454517180887 0.0656856157426 0.0166221414502 0.00077742143599 0.0389673395761 -0.0822150050721 0.000807433648291 0.00270651065246 -0.173246753612 -0.0743132720444 0.00465417258056 -0.452669157707 -0.00793118668011 -0.0124093708852
-0.615963282407 -0.0378842102606 0.0968835301355 -0.0201210671116 0.0164988582611 -0.0236531478975 0.00423023970061 -0.592683780219 -0.0255556177004 -0.0247289416545 0.0924588029593 -0.0180024544601 -0.0163398961883 -0.209799040371 -0.130858309505 0.21568533216 0.0621051597615 0.00499540210726 -0.0415338799924 -0.0288994255773 -0.0190406590056 0.000930977142431 -0.116106508324 -0.0405831583658 0.000315111790173 -0.342319569267 -0.00688957832216 -0.00338529042769
-0.387676062142 -0.0185885887435 -0.0396542596075 0.0223326443511 0.00568784452439 0.00753261510971 -0.00280280560773 -0.449923051846 -0.114048794795 0.00856070881274 -0.0506391016718 0.00252670410554 -0.00459713891167 -0.3702121006 -0.0265142600611 0.0455235361313 0.00745938976737 0.000211332125596 -0.137813688544 0.0196707147962 0.00289564199243 -0.00818088329252 -0.213417112139 0.000979393752191 -0.00669225506624 -0.651171559235 0.0011647936896 -0.0113695224702