-0.0224372957595 0.0692253158358 -0.11352208515 -0.088824282801 -0.10402389349 0.0725813561251 -0.00450223323499 -0.225261564126 0.274875275274 0.301198412638 0.417119552056 -0.147413260859 0.0157506699938 -0.0514827501508 0.0129981021559 -0.0567352478327 0.107543968411 0.000215213533333 -0.262002863226 0.565789789779 -0.101005742738 -0.0102522671252 -0.317471918714 -0.149414449773 0.0176204042379 -0.0486954928953 -0.0485591664442 -0.00179635152154
-0.67041172836 -0.0279942547011 0.154247868706 0.0415342108248 0.0277891686371 0.098527219681 -0.0200514169714 -0.630335162717 -0.00408041286975 -0.0419339685507 -0.0167245951394 0.125790794462 0.00629159995942 0.0140114920233 -0.0505930540667 -0.0775508235846 0.14565263551 -0.00382002296417 -0.121620452049 0.142076720535 -0.022502961347 -0.00424235793205 -0.159775651605 -0.0241121737073 0.0141054350778 0.0662008121798 -0.0439602021488 0.000342576782809
-0.641880083146 -0.00315863327557 -0.0769712612753 -0.00988515689602 0.0224015407602 0.0253558429942 -0.00594674210366 -0.668898843476 -0.0133068283628 -0.0926867496575 -0.051719538946 0.0976604891907 0.00472352758772 0.0628089820853 -0.033983131444 -0.112298753422 0.119842180972 -0.0124604797295 -0.107272321763 0.14676516612 0.0454717323577 -0.00687923962688 -0.206066570786 0.0267430844394 0.00150528658559 0.0327411398869 -0.0244979819883 -0.0102753677177
-0.455321547689 0.0694682508758 0.0606052392474 -0.0980537687621 -0.0932027568334 0.0542429952291 0.0060789824067 -0.474559439691 0.0460324966956 0.102625930386 0.114988116738 -0.0774878039943 0.00620817976966 -0.367152535251 -0.0509349700525 -0.0527354569217 -0.0298784499871 0.00919517433715 -0.341411546148 0.238131242416 -0.095158082843 -0.00436679848332 -0.325720095193 -0.0874152913291 0.0040191319019 -0.261088298055 -0.00935022950194 0.0166789953115
-0.501375506497 0.00719510895717 -0.098078876682 0.025553249171 0.0224854892925 -0.015974523163 -0.000399776351116 -0.714143978844 0.15587344336 0.158938755525 0.184903833372 -0.0432665061218 -0.00161860300223 -0.070134316095 0.0102052574227 -0.0246538079757 0.0116978334972 0.0120392193921 -0.117229466296 0.258188277413 -0.0343765212317 -0.00962500409376 -0.131618906491 -0.0623049155876 0.003229974791 -0.180424806579 -0.0132299364048 -0.0194638104357
-0.658377348921 -0.00785067346964 0.0582784158998 -0.0114317746828 -0.0268958596512 0.0527766463841 0.00329840833004 -0.624515090968 0.00823766034102 -0.000633594813726 -0.0254140746952 0.00364381872651 0.00627091254551 -0.0687424119003 0.126714107798 0.0253705367752 0.0699187808767 -0.000301486284668 -0.119514325707 0.130519709461 0.0125401449447 0.00753545235195 -0.156743598831 -0.0227991909934 -0.0196322318326 -0.291952809018 0.00282947953556 -0.00890968376558
-0.674414879631 0.0210472164289 0.0415614178684 0.048092933989 0.00813931268679 -0.0400985415102 0.000303911758548 -0.681045566203 -0.0205989530562 -0.000280971018741 0.00562390198511 0.0723623311078 0.0134124519713 -0.0911103208742 -0.0738581435745 -0.065422340878 0.0328905870237 0.00417543682075 -0.147131648305 0.0483413148543 -0.0290124626595 0.0067973629471 -0.140497837883 -0.0211373354792 0.0146914877206 -0.0613871336429 -0.0329372206894 -0.00695095636552
-0.642658699584 -0.0021946835521 0.0185349562094 -0.0102554418553 -0.0402476444967 0.0501292203882 0.00279028050681 -0.659575125578 -0.0562010204059 -0.0437019193329 0.00469369753634 0.0467527264507 0.00974999280998 -0.0369070136417 0.057551429741 -0.0273412238343 0.0850065145563 -0.0112246857444 -0.165395992068 0.0579738513401 0.0242452197726 -0.00802893121212 -0.198426947872 0.000128191872312 -0.00853397200231 -0.236072851998 -0.0248460544339 -0.00693850959711
-0.697264107152 0.0158305627829 -0.0689938939854 -0.0511201457526 -0.0279833391917 -0.0256938421704 0.00649052849313 -0.659086995551 0.00409017675094 0.00616631150334 0.0152750194229 0.0428479717506 -0.00824042158791 -0.0998537363184 -0.0187709337508 -0.065488187458 0.0778011198213 -0.0125918408129 -0.0930608841544 0.0782456797134 0.0243808427586 -0.00783688122964 -0.125550076011 0.0132969175338 0.00194275042765 -0.124149413335 -0.0225159359692 0.000608891582609
-0.706515222776 0.0246689049112 0.0453183885815 0.0531614383522 0.0043608500703 0.0386297662611 0.000678389568564 -0.677134380895 -0.0318205871122 -0.0268762976273 0.00375332177465 -0.0151591160678 0.00342800012101 0.00263130640151 -0.0354865536372 -0.076044245601 0.0980944186501 -0.0035165106273 -0.0212371875807 0.0797150937934 -0.000330641330291 -0.0155264936275 -0.0936479783474 -0.0258254235078 -0.00576916002512 -0.000454352189544 -0.00829476603167 0.00805293075474
-0.671002675865 -0.00015386126637 -0.00287372556739 -0.0139422825078 0.00557744584644 0.00518390479868 -0.0225096478658 -0.676241423272 -0.00226772053653 -0.0343017551716 -0.0122078469145 -0.00821658783289 0.00871218200697 -0.0320930523046 -0.167033406408 -0.0910918449414 0.0401901864092 0.00765210210411 -0.163296727922 0.0181331497089 -0.0075138032116 -0.00130473035722 -0.0259122698698 -0.000332468558576 0.0391133245832 0.144818633669 -0.0329104750832 -0.00015482995999
-0.677330215852 0.0166273790163 0.0227310046474 0.0407678375173 0.0206851168015 0.00613031542278 0.0174128226804 -0.693337440506 -0.0235291053719 -0.0341899856319 -0.0559698849468 -0.0039132524331 0.0175125667092 0.0381859332955 -0.114158677766 -0.080527344332 0.0241621898714 0.00168658952136 -0.0623118137722 0.0697701852438 0.014335769784 0.00979377707922 -0.051704080746 0.0239626427015 0.00444819085951 0.134336711335 -0.00485324837184 -0.0124481491555
-0.701090170618 -0.0420712874696 -0.0642620725074 -0.0510958683942 -0.0211844548748 0.000308139619269 0.00178429895266 -0.678973531751 -0.0359549903623 -0.0366119721249 -0.0285842062617 -0.0247706713566 0.00331165938702 0.0971819208463 0.0114077543676 -0.0456201066546 0.0660496932574 -0.0020960811581 0.00518993164873 0.0641647762169 0.0383085063528 -0.00425913751684 -0.0943594772089 0.0080302115288 0.00849818470947 0.0605448453948 -0.00489071852734 -0.00692049625322
-0.573006289653 -0.0260746177687 0.100554626393 -0.0034853025764 -0.00780819866837 0.0169073207624 0.000501139168873 -0.562682935652 0.0556066396343 0.0101136744413 0.0427114898068 -0.0336111559227 0.00674963894619 -0.229792713486 0.0527436519037 0.0248257038634 -0.0422485493442 0.00830406521897 -0.264694366476 0.12898385362 -0.0235359931403 8.2620275785e-05 -0.25646508474 -0.0503342397988 0.00713561217139 -0.351392821171 -0.0139023398285 0.0191772981939
-0.654176561812 0.0972548188992 -0.0680458504888 -0.0856232700987 -0.0555922982299 0.00113154375652 0.0009021468627 -0.672483779333 0.0538830190131 0.0878119445314 0.0573425158013 -0.0305655850644 0.00609664652118 -0.141280624537 -0.0848421872967 -0.0679667690026 -0.019601272029 0.00651223927758 -0.125325836824 0.129744828971 -0.0502978592631 -0.000733156877007 -0.108966118567 -0.031044807821 0.00292740364775 0.0130150259166 -0.0118925332728 -9.21229945901e-05
-0.669719308495 -0.0201749030873 -0.0402531996064 0.0150680311581 0.0283401140553 -0.023493849674 -0.00876520493133 -0.693211029281 0.0139602551123 0.0626889323584 0.0563251991124 -0.00308481809731 -0.0058807756967 0.0111745312245 -0.0700935942112 -0.0838438887729 0.0217839086993 0.00598467048372 -0.10130087322 0.12643429245 0.01522233899 -0.00558226582182 -0.141498840469 0.00151617098575 0.00804648089753 -0.00207083599546 -0.0107016829952 -0.0247074833693
-0.661582343806 0.0377141230333 -0.0262993209055 -0.021163859525 -0.0384511804746 -0.00455551442434 0.00397193523088 -0.7210646109 0.0459010216963 0.0553288153818 0.060713551064 -0.0323799865108 0.000791591890581 0.0357604658652 0.0145656210361 -0.0242251139416 0.0486215934315 0.0175838312388 0.0258881201931 0.0811403201559 0.00529487115689 -0.00672452908729 -0.00461448285867 -0.0208085622004 0.00628227100759 -0.123555810564 -0.0158690025951 -0.0174466426647
-0.353420242411 0.0198735004489 0.0749639874478 -0.00509730316874 -0.00811413689651 -0.00417356606493 0.00253065335756 -0.359379050568 -0.0624455014615 0.019366123346 0.0278738342171 -0.0264445011481 -0.00249876596036 -0.482561801595 -0.0937770599745 -0.102540199326 -0.00417476255741 0.000767425819658 -0.408336003247 0.0581343707775 0.00319691171804 -0.0010233747289 -0.384757075034 0.00200304106624 0.00263960932778 -0.404403231025 -0.00313919097718 0.0114507173292
-0.439773748553 0.0155330318392 -0.013715414135 -0.0392904230717 -0.0290709959331 0.0273181314743 -0.00144488917633 -0.441802747425 0.0170624767362 0.0262780197984 0.0359020787355 -0.0309166608095 0.00747837426282 -0.437751047592 -0.0844300511195 -0.0485560578254 -0.0160108747669 0.00562842571721 -0.440299344312 0.0913930600528 -0.0293683273762 -0.00147902871778 -0.328357570913 -0.0624135298503 0.00418344788029 -0.297186663963 -7.17338718707e-05 0.0052720761331
-0.584706090662 0.0274148058798 -0.06071314723 0.00636792524121 -0.0170006417761 0.010756270066 0.000315457099361 -0.626385995378 0.0929112613055 0.0375637478824 0.0392525051236 -0.0217546348333 0.0125420352583 -0.247530634049 -0.0545360593556 -0.0767008249908 -0.029749019188 0.0090584522291 -0.250851714398 0.172239001663 -0.077864528651 -0.00708225806609 -0.227627327569 -0.0747332033754 0.0036979764711 -0.146058033635 -0.00806928903772 -0.00699427377191
-0.529473176607 0.0281898553687 -0.0712966071092 -0.0599098578151 -0.0487093376328 -0.0219434911315 -0.00524708481952 -0.499737300105 0.0668555526113 0.014088563438 0.0276894753886 -0.00152290846266 0.00205050325065 -0.387791160575 -0.00308009325195 -0.0251740492527 -0.0105852929579 0.0052601161656 -0.293981851953 0.129318865794 -0.0249879236235 0.00173319236472 -0.289524268339 -0.0337168993256 -0.00290339596666 -0.334977247443 -0.0001493524318 -0.00321401400232