-0.0405376184062 0.00275121754489 0.14894716685 0.041155328043 -0.304215011802 -0.0622105486779 -0.00784561831175 -0.0544470461482 0.163069502577 -0.0139728132231 0.0520941992592 0.330395860307 0.0460300131642 -0.184342725492 -0.506331178122 0.424209696725 0.0977905282581 0.0239187172053 -0.121094977669 -0.0432017664684 0.157962213708 0.176024984632 -0.15649503899 -0.379866108343 -0.0313745758954 -0.106679893425 0.00337299176905 -0.0130864717178
-0.337164922262 -0.0518712026936 0.00848875275295 -0.0446155441564 0.0435433125749 -0.00781360262824 -0.00069922419604 -0.543349899123 0.137978379918 -0.0598053939771 0.138198731306 -0.0214892261021 0.0103851283897 -0.139211079789 -0.0914085303279 0.291338308282 0.00167756829744 -0.00194788815497 -0.189309651466 -0.0841301852036 -0.00161528909364 0.00294819701618 -0.172972866356 0.019704345339 0.00502276672475 -0.596427305243 -0.0215517124478 -0.00513455240567
-0.5179915955 -0.047347388833 0.0850486710237 0.00793591339101 -0.0349155683815 -0.00592358952668 0.00768917273738 -0.64816077293 0.255315501237 0.0121220913709 -0.0658778548772 0.0620419719231 0.00717290858933 -0.173843962345 -0.0999584270897 -0.0259898739587 -0.00780903492765 0.00283562223095 -0.198776646043 0.0748397642649 0.0792375120389 0.0327740978368 -0.0772469036062 -0.0599193364916 -0.0121300979738 -0.352031437399 -0.0087372808466 -0.00408433251673
-0.646518845222 0.0133766635404 -0.0479268072364 0.0744856067903 -0.0895392700633 0.0566650693628 -0.0244260376062 -0.641101021583 -0.044642627073 0.0529809025697 0.0818600728279 -0.0739169158509 -0.0221336580523 -0.0318228003067 -0.172178065239 0.092176847467 0.0350859757497 0.00883793305812 0.0662673800017 -0.0342860410385 0.0370478628333 0.104382122249 -0.0749328455323 -0.178839413411 -0.0149572038295 0.192966387606 -0.0158884269401 -0.00948543757605
-0.627766708663 -0.0341592867001 0.0389819951705 -0.00875193620693 0.0250053308835 -0.162879459502 -0.020961213679 -0.644771685076 -0.0397947409249 -0.11488383412 0.158676669701 -0.0503925131962 -0.0107356557306 -0.109912772379 -0.15287083624 0.0568282933365 0.0243124639982 0.00804249542916 0.106464427757 0.0668139256686 0.0414934602958 0.0657235985893 -0.205299780466 -0.0966417657183 -0.0171251131131 0.0618847615766 0.0196781710882 -0.00571789753652
-0.536318197171 -0.0242914744472 0.0146728109332 -0.0901119053811 -0.0158586297691 -0.0172938545741 0.00742019331234 -0.669272477768 0.0785325060417 0.00582398250674 0.0844184582394 -0.0124633853 -0.0104249734767 -0.0608823592523 -0.0824209993537 0.222298745275 0.0167547310269 -0.00250549950847 -0.0271750830923 -0.00803273187207 -0.0129915621512 0.00994667268457 -0.144304110545 0.030424284773 -0.0182712884204 -0.396549849952 -0.025004816743 -0.00892764768335
-0.52013008662 -0.0664855898581 0.030911205638 0.0345410471646 0.0471975136934 0.00102281866141 -0.00335842638789 -0.627364744896 0.100547482689 0.0877885337113 0.0243965319926 -0.00364812284259 -0.0168304368344 -0.103249060138 0.00404852458984 0.177135957873 0.00582200127194 -0.0117617331713 -0.244163810078 -0.0155524955718 -0.0129668633441 0.00825945059584 -0.173779317162 0.0292545134427 -0.00334748828747 -0.41764087188 -0.0218552676902 -0.00852960655785
-0.537565911839 -0.00116819189447 0.0371717741277 -0.0377671999789 -0.0982640901716 0.000254378038178 0.0044210896857 -0.562198041646 0.105621592792 0.0513809950343 0.0196449800646 0.00334514241669 -0.0171615211126 -0.166636714801 -0.0314516139179 0.0409633199183 -0.0231819062765 -0.011733738224 -0.362860088153 0.00250000083118 -0.00840631507421 0.00673146840498 -0.248107294528 -0.0290590714674 -0.0133623931377 -0.377446228544 0.00359039779474 -0.00502768047513
-0.659804612747 0.0678809395389 -0.0262059628587 -0.0354669102445 0.126203357313 -0.0179834726207 0.00309907162714 -0.67124681683 0.0258050982305 0.111055464797 -0.0347445222365 0.0244989464741 -0.0134894106447 -0.14708317768 -0.00206940691947 0.0386816510375 0.0290918595184 -0.00765945573707 -0.0122699629585 0.00563082971866 0.0569881109483 0.0217395012882 -0.130826625037 -0.0305949647429 -0.0071273907337 -0.173183923267 -0.0118585542055 -0.0103424778546
-0.443472178296 -0.0128021115589 0.0494713498192 -0.0719505104943 -0.0425951034056 -0.0181557610188 -0.00242493708403 -0.436594855935 -0.0543681337689 -0.0609780934837 -0.0505579276495 0.0254233387561 0.00609976345897 -0.43716271881 -0.0353126200137 -0.0484880926491 -0.0338531117098 -0.00210471401381 -0.320184865973 -0.054524864927 0.00735185780496 0.00757257707243 -0.345287833314 0.000358255296709 0.00317757673452 -0.414923103112 0.00194868161511 -0.00201577752156
-0.407489270047 0.0233726060311 0.0089910197245 0.0408865174258 -0.00920644755698 -0.00433335044249 -0.00270892966671 -0.457079280808 -0.0154954939874 -0.103135248724 0.0158122593745 0.00309992035069 0.00805122784656 -0.504686319373 -0.0302329908668 -0.0357482157119 -0.026644163209 -0.000279043452966 -0.257574122633 -0.0544890837635 0.00636289048258 0.00688585498339 -0.322140909209 -0.00634069304818 0.00694799232269 -0.424827016028 -0.00795152952724 -0.00194508871513
-0.668755673536 -0.0526427789588 0.00683618005028 -0.018265494432 -0.123092135317 -0.00577923590106 -0.00404314023195 -0.61819814473 -0.0323599690892 -0.0117285375056 -0.061264142013 0.0464846566783 0.00969628394145 -0.259423933461 -0.0867091671377 -0.037159011664 -0.0362937799584 0.00280237896044 -0.186047045193 -0.025710241898 0.0448073790364 0.0302452052487 -0.0835569388381 -0.0844432718676 0.00290895166808 -0.123294350597 -0.00123196667433 -0.00222652201882
-0.656812815063 0.0175253049139 0.034076193012 -0.0138939870509 0.0934010141054 -0.0198447350311 0.0107534962084 -0.651109206748 0.0311201796809 -0.0730044948035 -0.029318150233 -0.0123738919091 0.0205139507708 -0.171923484288 -0.105148583613 -0.0409033628353 -0.0506820346147 0.0101542049509 -0.120323788864 0.108893985585 0.00805403843777 0.0214866285015 0.0115772875013 -0.0117367516107 -0.0140257086673 -0.231427521418 -0.0130384275248 0.00305247075176
-0.752069546767 -0.0351792080855 -0.000126497349529 0.00779766343836 -0.117060432585 0.0348085792712 0.0118077722482 -0.610093355734 -0.015135254858 0.0185405840422 -0.0113168170962 0.0253793072787 -0.000428023813458 -0.0507691192581 -0.0354828592126 0.0132099417545 -0.0005124617937 -0.0106061472376 0.0766945951039 -0.0209548526256 0.0168232651519 0.0826895576287 0.013570152321 -0.125440117197 -0.00948206615964 0.0989562021259 0.00138126715817 -0.0333262151992
-0.644591826963 0.0130541597874 0.000377998312433 -0.0250219897264 -0.00322541907889 0.00438859128371 -0.022353568464 -0.702604456337 -0.0199659718085 0.0698952106205 -0.0311372918358 0.0180359143166 -0.0163542724922 0.079473152946 -0.100415486998 0.0922719949566 0.0266244608072 0.000411480512833 0.0566018965113 -0.0109515228719 0.0155484555977 0.0648000599692 -0.0295407740349 -0.0586957672315 -0.0110106565418 0.21059253654 -0.0213358663482 0.00675647050027
-0.666268040865 0.00616650636033 0.0103378625888 -0.00288653405766 0.014696543969 -0.0722127669916 -0.0066026291909 -0.648953291288 -0.0654308888978 0.00510772671107 -0.0262465442455 -0.000755859597738 0.00893825095094 0.0456567593242 -0.113628502686 0.0249240009043 0.0298239108488 0.00248363725918 0.0294233751337 0.0178983865427 -0.0142732504541 0.0438367438278 -0.27029469265 -0.0405400856302 -0.00932112307911 0.171417500424 0.0156228289275 -0.000684288132858
-0.689290119544 -0.0113579864755 -0.0176200610462 0.019105616134 0.11511802373 0.00360451543418 -0.009175532935 -0.60858835082 -0.0564402405348 -0.0190910830795 0.0217543606063 0.00473196554202 0.000628801122647 -0.183545012234 -0.085508692431 0.0491607216741 0.00724762078177 0.0162241622356 0.12460460591 0.119995128413 0.00385729515163 0.0188746289095 -0.111934925873 -0.0521790887224 -0.0135385175638 -0.216088658393 -0.0045035588724 -0.0109650367648
-0.650449601086 0.0297456299147 -0.0273785266616 0.0126676004226 -0.0522168401186 0.0253766774986 0.0034554951746 -0.677058760911 0.0620863911688 -0.0132529249288 0.00412457522452 -0.0758262376093 -0.00852858165222 -0.164553087211 -0.0515302588136 0.0918492241347 0.0368979056685 0.00693605467967 -0.119009349573 -0.0653571958593 0.0307698307302 0.0345370928518 -0.151959119068 -0.0695255412229 0.000225146244198 -0.123895212577 -0.00293926745666 -0.00471744472536
-0.62607303275 0.0299933661729 -0.00163940249833 0.0308899506125 -0.00416720022732 0.0166007689425 -0.020067999171 -0.730484998161 0.034333299423 -0.0547650976888 0.0546047212723 -0.075832016817 -0.00113146950536 -0.0562082781129 -0.117394063313 0.0224101009871 0.000645272221291 0.0113347920192 0.0053785185672 0.00105138975296 0.0183859543175 0.0360455582898 -0.182232136471 -0.068227208049 0.00949977087578 0.0406551818096 -0.0105935196802 0.00161572825236
-0.673794117805 -0.00630915084369 -0.0188056765054 -0.0755485650365 -0.0451160137767 -0.0583668102439 0.00248720248603 -0.695711451699 0.0344084405571 -0.0113351493972 0.111630300271 -0.0476228988908 -0.00398251909837 -0.0993741920573 -0.0578264510829 0.0192659447121 0.0248414463381 0.00530212427716 0.00844549582334 0.0124774132907 0.0611605515542 0.0345331643537 -0.10601116723 -0.0479219908964 -0.00182208000322 0.0362812916399 0.00726852294848 -0.00878028432829
-0.625230441986 0.0111152068858 -0.0210306730185 0.0144561346781 -0.0153765315363 -0.00152555758024 -0.00915289263117 -0.708508091776 -0.0131181714973 -0.0258149949319 0.11882968395 -0.019855133363 -0.00144753706518 -0.100828911385 -0.0455852095627 0.00568929602117 0.00281469357914 0.00599350513356 -0.118613820217 -0.0103186886994 0.00335915514379 0.0427567598239 -0.127003190954 -0.045117467161 0.0120607142646 -0.209754702478 -0.00259055810855 -0.000264937442574