-0.0302217755298 -0.0147118605414 -0.0742260760714 -0.18203633906 0.102118520057 -0.0132215455172 -0.0100612991829 -0.298574675866 -0.183070177332 0.161093845438 0.634768850245 0.145635153096 -0.00345856220714 -0.0923156458777 -0.0357114146195 0.354282016692 -0.101931018835 -0.00997809882903 -0.116415429616 0.162870297722 0.255389541689 -0.0259106866903 -0.345001115709 -0.0244181315542 0.00404438478888 -0.0719845731551 -0.0124719739633 -0.000730589909352
-0.502714051888 -0.0455789348648 -0.0627793812868 0.0418328090869 0.0137181547477 0.013186371111 -0.00461681443633 -0.64114423085 -0.125848598332 0.185126048868 0.0708890546154 0.0238373619298 -0.0124462195579 -0.0155401225203 -0.0632269913669 0.174686959483 -0.0636313970906 -0.00507660582861 -0.0654540762387 0.259775811032 0.147220689688 -0.00054287457617 -0.361062104606 0.0296939245324 -0.00986801187961 -0.089461452795 0.00148889020397 0.0241003982044
-0.477479866237 0.0708901093202 0.0148933136357 -0.0804466335589 0.0346123974923 -0.0684674666846 0.00582302752361 -0.647055347695 -0.146989049139 0.210280554321 -0.00172639793004 0.0777819379147 0.013682641579 -0.0791869046993 -0.0557129740436 0.120352824716 -0.033012417668 -0.00578817824727 -0.127434937891 0.159978900459 0.149339167409 -0.0118052668531 -0.408698503155 -0.0339268165691 0.00454166423825 -0.0586066211759 0.0161509846657 -0.049709517818
-0.481061326146 0.0188442630805 0.000645394146912 0.0212287501443 -0.0460515135273 0.0597642096864 -0.00247964858078 -0.622219716245 -0.0792414761112 0.0752562262413 0.282317158991 0.0102947303182 0.000291128937814 -0.160636403827 0.0923057920835 0.202691210678 -0.0711553122229 0.00398834673872 -0.30585900543 0.0365819138917 0.131497134705 -0.0144279003835 -0.291203323606 -0.0634699575129 0.010469751531 0.0174994293991 -0.00686068114192 0.0316315615678
-0.512897148804 -0.0188503430896 -0.0454604505942 -0.0709343238625 0.0300478120182 -0.0392249085854 0.0079064429718 -0.717485922073 -0.0570388364921 -0.0103080950446 0.317762336532 0.0718585309575 0.00184762637022 -0.0225140825194 -0.0131155764492 0.197475662193 -0.0618710256775 -0.00407908052176 -0.046524373821 -0.0379990846972 0.0129785540453 -0.0224019959109 -0.0906684142818 -0.0404722044981 0.00634495358904 -0.210972439352 -0.0188266384388 -0.0114629642171
-0.589120214511 -0.0604167749876 -0.00265481262093 0.0190040829823 0.0582749248644 0.027741805015 0.00685181273482 -0.675000515279 -0.00725872485154 0.0712680938739 0.0831718803664 -0.00527329181276 -0.0275995682422 -0.232198722223 0.0459909719594 0.0451603768201 -0.0422233004569 0.00158441724949 -0.0899642036486 0.19329511453 0.0878936324798 -0.0089766864246 -0.236473618109 0.071051477268 -0.00769968592461 -0.039840183976 -0.00102066051081 0.0225289588711
-0.579324247979 0.0095624665458 0.0815828080194 0.00155671296335 0.0128305005606 -0.0630711455844 -0.0076988535341 -0.627862629117 -0.0146821404312 0.110620208728 0.0633493380043 0.00891694861436 -0.00924784549194 -0.164446198649 -0.0530786051917 0.0762772328002 -0.0751805956108 -0.010396576384 -0.184036931255 0.121193040391 0.0265956208862 0.000767631508197 -0.294627131537 0.0168264535133 -0.00697973642932 -0.25444140881 0.00156984851687 -0.00253309660531
-0.323297822808 -0.0028997723744 -0.0327178850515 -0.00955024058926 0.0459030458533 -0.0035293833155 -0.00448054797385 -0.355514888647 0.00628559339401 0.0661244757802 0.0391733980228 -0.0246694876357 -0.00270910170263 -0.581519340842 0.0559087385085 0.0485212468704 0.0111146368115 0.00141684330624 -0.184593894087 0.0132169892383 0.0222593420613 -0.0162895219901 -0.307928409382 -0.00121986956893 -0.00108409122764 -0.533970188848 -0.00832327301308 -0.0204630702056
-0.362326527706 0.0171911953587 -0.115818494706 -0.00758613852905 0.00012344948527 -0.00660858525373 -0.00131832466887 -0.380344641632 -0.0210140670018 0.0771777778586 0.0228763640315 0.0175616758969 -0.0132271861789 -0.510159477837 0.102316115599 0.0888056383275 0.0036936792636 -0.00276921757034 -0.168644405976 0.0793752072146 0.0210344761904 -0.02785909503 -0.29794929955 0.0168573002654 -0.00852284309031 -0.544725102558 -0.0100224108109 -0.0478001547325
-0.660332240657 0.00507409639123 -0.0492134356644 0.0791563290273 0.0348587621773 0.01952991372 -0.00175552025806 -0.634535168664 -0.0381895514603 -0.0560495722197 0.0968925164794 -0.0132361217982 -0.00900743360246 -0.0973598697239 0.0425616792047 0.0376261042919 -0.00464472008792 -3.6267313894e-05 -0.0455372251067 0.169240312057 0.130018363859 -0.0014402447111 -0.272726744044 0.0178659385786 -0.00348402645892 -0.036248579598 -0.000489093777274 0.0198238371787
-0.641562981301 0.0252741872833 0.0435430840432 0.00208475501404 -0.00992558783884 -0.0189046957951 0.0246427997751 -0.69218130246 -0.0409050187169 0.019011769396 -0.0368982521225 0.0754395843535 -0.0108051866773 0.0400915649202 -0.0143328347736 0.136307677951 0.017334176329 -0.00780604471604 -0.16678304744 0.115424627319 0.00216579867577 0.00213018848403 -0.178931917104 -0.014459561838 -0.00440998053896 -0.0458415229617 0.00802120751589 0.0127316472681
-0.596940401787 -0.0146421594743 -0.0176518981305 0.0176756031618 0.00964695888803 -0.0098152814498 -0.0117441207164 -0.731605414882 -0.109553402078 -0.00581638693933 -0.010803279506 0.0294179547533 -0.0103571017398 0.103316669693 0.0325011433431 0.0796450557378 0.037220554969 -0.00428966956736 -0.145643971039 0.0796088581431 0.059434008265 0.00275458179808 -0.12289929417 0.00213199501872 0.0111111434507 0.167058861709 0.0130934019664 0.0156502943536
-0.66208456976 0.02594063928 0.0494486239705 -0.0903334584813 0.0349152037893 -0.0642636248094 0.0038073470332 -0.619680475942 -0.0663962001425 -0.0299807118044 -0.0277972348794 0.0142754175341 -0.00135130771824 -0.0436536078013 -0.0378105412814 0.0536767238398 -0.0467076295781 0.0105218596906 -0.148367995547 0.132077146689 -0.00409969280639 -0.0155105611306 -0.233572654526 -0.0711539801566 -0.00262732474651 -0.209874855809 0.00726151734176 -0.0525659169914
-0.464299119823 0.00339440130596 0.102277590584 0.0134700741225 0.00233464226368 -0.00740054886809 -0.00479219752816 -0.512901170725 -0.064060182866 0.0398721336953 0.14270519255 -0.00358851271261 -0.00517667425317 -0.344123864022 0.12745501107 0.0970704574556 -0.0944562421708 -0.00183001555541 -0.406324045685 0.0310666837276 0.00472639321355 -0.00551658544213 -0.292409115219 0.000610052883554 0.00924906580537 -0.280823248429 -0.00300964181062 0.0305450397584
-0.608590555502 0.0227483025102 -0.0121323341557 -0.0289947769023 -0.0505086906017 -0.0247200555945 0.0060286978101 -0.677337204195 -0.0104099662201 -0.00082240021434 0.10502251145 -0.049584171718 -0.00237788380673 -0.0125103839059 0.0923956010698 0.183039875306 -0.0164444436862 0.00260598424283 -0.205718293207 0.094338533003 0.081096353845 -0.00670244779651 -0.161017254914 -0.0338910674305 0.00403106356601 0.158136989902 -0.0080964150253 0.00671204933886
-0.601339374773 0.05237834239 -0.0290344060861 -0.0126874213409 -0.0289238596293 0.00294179529219 -0.00315204604264 -0.734321763171 0.0608383742973 -0.011378641814 0.080382329597 -0.0536904697566 -0.000511637941081 -0.00466700353098 0.0248553888074 0.177650322817 -0.0354362411726 -0.00332377703489 -0.102533203122 0.0695216970408 0.00843695308641 -0.0100436260252 -0.110041887371 -0.0827439234417 0.00738692431557 -0.113824899851 -0.0203099098796 -0.00464047442657
-0.68588893464 -0.0538018116637 0.0290704952175 -0.0306102034081 0.0779266689922 -0.0768191719426 0.00334364922281 -0.658121651432 -0.0458198994413 -0.0229106264328 0.109686591602 0.00922748227796 0.0019264876069 -0.0517847337676 -0.0892426105033 0.10949166498 -0.0436231648862 -0.00642885746754 -0.0282010865117 0.0391104977122 -0.000189379444742 -0.0130282689231 -0.0742819112212 -0.0623847704455 0.00539154118731 -0.167980850264 0.00296033349591 -0.016966118533
-0.585446502102 0.0592520707489 0.0267938939982 -0.0746914454034 0.0393701812321 -0.0255360263746 0.00330495968538 -0.630250107849 -0.0637264079421 0.0603427430827 -0.0600040602013 0.0532116566388 -0.00533797184081 -0.163216638624 0.0454195010548 0.0673886067759 -0.0366396177448 -0.000381105222537 -0.208375085167 -0.0524262282675 0.0417424940057 -0.00236147505016 -0.363024255113 -0.0245580377371 0.00410544403198 -0.136939132427 -0.000714043472565 0.0138328382631
-0.616000509653 -0.000140905883053 -0.0204784138724 0.0134944860808 -0.0119180826765 0.00763161276395 -0.000910269667672 -0.644298705199 -0.0120215400872 -0.0503979874488 0.0202112956832 0.0498945996195 -0.000292175117405 -0.0474707669301 0.0334042367661 0.0995843875884 -0.0459749285779 0.00471544625524 -0.169985488085 -0.0833344183102 0.0635747782016 -0.0103054697681 -0.363973118548 -0.0460840092329 0.00190965297753 -0.0939820776663 0.00161377374075 0.0137271234302
-0.603740984415 -0.051928290835 -0.0552265956039 0.0190187658417 -0.0463187593768 0.0384258952683 -0.00441243023941 -0.655490036003 -0.0944446829886 -0.0362520391316 -0.00195744213227 0.0464177505075 0.00353368030707 -0.0533600852907 0.0391436687255 0.102657908648 -0.0306721032254 -0.00453507187836 -0.0810171097678 -0.114698921317 -0.00406614623921 -0.00576028110075 -0.355131044815 -0.0032887684164 0.00425856092934 -0.147334276942 0.0100098796269 -0.00846020531706
-0.639168725602 -0.0133585342954 0.0540095506439 -0.0483171129876 0.0192967701405 -0.0328610921412 0.0015240501104 -0.670242979464 -0.0288806988382 -0.00156194824163 0.114197081993 0.0512145598465 0.0085376208462 -0.0393171820734 -0.0113550244567 0.0997447037898 0.0135998922036 -0.00546670411751 -0.0489820596019 -0.154965181651 0.00531721500026 -0.0073321180977 -0.208038436807 -0.0138396900541 0.0122589359989 -0.191318013084 -0.0147662488141 0.00180336654054