-0.0450074663729 0.0353552866392 0.0168284449197 0.173210463362 0.0880939804929 -0.0778198195908 -0.00672542310109 -0.0540570366632 -0.00354048693277 -0.0875139036486 -0.221318160385 -0.0623170880113 0.0206110203703 -0.217250445171 0.30499566249 0.3574712908 0.10937303059 0.000933640004394 -0.349807544848 0.497930236005 0.0087883081721 -0.00247605953442 -0.430496052125 -0.221610905788 -0.0189247023733 -0.0476070013905 0.0357050385516 -0.00204647305796
-0.533054404319 -0.0770612373006 0.00487697216463 -0.104633928279 -0.100421508803 0.0646873777095 -0.00522655954729 -0.558189995453 -0.0217988122307 0.0511235631795 -0.185700778923 0.0840599538636 0.0264194134573 -0.0655103555892 0.181246396506 0.203065687636 0.0707595587756 -0.00264851888857 -0.25483147268 0.355763943384 0.00972531408633 0.00489343210174 -0.183115852023 -0.124620977094 -0.0157144749955 0.0466951794625 0.0346040577881 0.00537282051811
-0.528103783216 0.0819571666529 -0.0197500475453 0.145313077684 0.0299855177162 -0.0855489676329 0.0168818768538 -0.575753162913 -0.0121683643835 -0.114648274828 -0.134074070868 0.022204481682 0.0571914966931 -0.16028748755 0.177774039534 0.274255971152 0.05366310628 0.00225510487292 -0.215631730686 0.298565734517 -0.04831171427 -0.0126486550066 -0.140238196528 -0.141006007279 -0.00134881697043 -0.0686445455374 0.00778094956612 -0.0019158537611
-0.494108205972 -0.0429291783281 0.0285527589875 -0.0245152067413 0.244607105314 -0.0487726463778 -0.0130942470812 -0.426642830791 -0.000819955223575 0.0896468633998 0.0887676113677 -0.0437004834215 -0.00416113602099 -0.0137992800484 0.128262530103 0.0930787753998 0.0616869498425 0.00455055771163 -0.319336385177 0.0924290785194 0.0355604788372 -0.00129507214622 -0.581098582217 -0.0695802159861 -0.00393328108282 0.0808321003163 0.0164252371925 -0.00972038798884
-0.348868906985 0.00068713704763 0.0216261847443 0.0311262489476 0.0156454785199 0.0471185971852 -0.000399650858328 -0.357229253967 0.0103704846623 0.0203791382136 0.0636673617455 -0.0719166272473 -0.00807267910773 -0.337950192592 0.144504582293 0.195171947317 0.020581555227 -0.000805963888362 -0.195393850473 0.104252273213 0.083348129542 0.00658089830397 -0.562111279866 -0.0229807207804 -0.00457686193118 -0.436785674086 0.00364616867915 -0.00177397035774
-0.580750874732 0.0481099349653 0.0189699982976 -0.0925458831581 0.0104574963692 0.0309145864432 -0.00345827854502 -0.558576863164 0.0185856030033 0.0727102111611 -0.0313899309321 0.0211091919433 0.0231648739717 -0.315881438551 0.0937914851683 0.249313368564 -0.0226880760468 0.00729400354351 -0.0598395320818 0.143151803173 0.00513187066892 0.0103930819352 -0.184000533738 -0.0305439840892 -0.00619213512665 -0.316875223092 0.00536139486499 0.00525890589284
-0.54682163517 -0.0635018404878 0.0104367720373 0.0642331450389 -0.0336470429294 0.0180200296485 -0.0081845125516 -0.695102430682 -0.00240397717089 0.0955717422063 -0.122374329172 0.0759906728818 0.0136332202101 -0.133115503303 0.0652189478386 0.0689006150631 0.0379450329426 -0.00450919987254 -0.271515999131 0.0391132390421 0.0573739881049 0.00892706615603 -0.245779924748 -0.0657864880983 -0.0149800981097 -0.0776466067087 0.00925547326264 -0.00861763706548
-0.715985103759 -0.0191840212257 0.0200687753498 0.042768277736 0.102445881115 -0.0230338023686 -0.00526992977699 -0.586662379648 0.0208395261145 0.0416720657564 -0.00465267521005 0.0433806976861 0.0323627890047 -0.155471078775 0.0909475698082 0.183711760736 -0.0164251189352 0.00507578636175 -0.0957025607765 0.141411192039 -0.00974426281872 0.00951219610983 -0.111091666798 -0.0895821272139 -0.000562510338667 -0.089782997668 0.00327962540966 0.0122176326823
-0.401164423414 -0.0270432591626 0.0560921613858 -0.00715811712075 -0.0146643580686 -0.000190884131462 -0.00219448049579 -0.556634647997 0.0461841338044 -0.0123538935082 0.113499592018 0.002997585282 0.00880275353642 -0.340615397034 0.0448295936846 0.260390194829 -0.00970628057088 0.0145124536743 -0.196706133928 0.0235089775841 0.00142627469855 -0.00184264252452 -0.2088479699 0.00369750288333 0.0225984691748 -0.490111055617 -0.00825902486336 -0.00390246608352
-0.576351874374 -0.0610196939628 -0.00308288584967 -0.0644639073917 -0.0491710366949 0.0136214746664 0.00572315704399 -0.57990885425 -0.0114103890666 -0.0182073067676 -0.0768970861603 0.0341615023112 -0.0091390122031 -0.0697989027719 0.131782225144 0.0994126177494 0.0610193708371 0.00112196141734 -0.37346141586 0.26643398031 -0.00178617574075 -0.0116488275049 -0.249926536107 -0.0643306814072 0.00511923294946 -0.00974991276003 0.0141559918983 -0.00235960418006
-0.499676928972 -0.0210551877109 0.00649056535652 0.0489183872309 0.0438554736081 -0.00150077287627 -0.00700436337906 -0.507011780429 -0.0054593697131 0.0333886076033 0.0771391527459 -0.0186949232965 0.00175993180827 0.0728229726377 0.100737866768 0.0456889174893 0.0510973222466 -0.00153422726048 -0.476301024152 0.1329959601 0.0237615425421 -0.00185361279337 -0.445712932056 -0.0129264328901 0.00108297666189 0.127107144077 0.0253661683873 0.00791440170444
-0.547951657391 0.00659025745193 -0.0106556288745 0.0442481796225 -0.000878265961616 -0.00556873562102 0.0112756100722 -0.575976460044 -0.00916356428149 -0.0445536813264 -0.021174733849 -0.0461222577105 -0.00417163195323 0.0517304585016 0.100578549307 0.0535717665283 0.040418356305 2.15909029392e-05 -0.365215365479 0.273247860802 -0.0110064409452 0.0146787547466 -0.342297537707 -0.0556381797627 0.0164064560407 0.120586036253 0.00520213124178 -0.0168790124444
-0.508640359603 0.048652541594 0.00609303575731 0.051608204534 0.0223907892335 0.00825562418918 0.00222744100375 -0.625292145014 -0.0287600030475 0.0139530453191 -0.12704563914 0.0532572852321 -0.0164473058006 -0.248759180591 0.189468278958 0.178063475399 0.0246358125663 0.00902741649486 -0.224560311894 0.174591932775 0.0503393872303 -0.00164354744709 -0.227345059011 -0.0402485141123 0.012926163554 -0.238666129624 -0.00157605791841 -0.0180488493618
-0.440867415555 -0.00251262606603 0.0102899235945 -0.0312101821843 0.0154368758134 0.00715048225612 0.000278900097071 -0.438148883936 0.0150897031076 -0.000746305877601 0.016045344026 0.00229838802048 0.00422751408279 0.0683890024739 0.127720023109 0.0657219422319 0.0467555116373 0.00210573160815 -0.459827398218 0.0190799095735 0.046310738811 0.00390236735713 -0.595905926775 0.00543898169032 0.00316902955427 0.121371293047 0.0207486895595 -0.0027023512851
-0.619516707716 -0.0380704527276 -0.00886611028724 -0.00346822016698 0.165221583237 -0.0325648309173 -0.0111536554254 -0.528630061543 0.0194303720244 -0.027170729397 0.0444656940638 -0.0104792962328 -0.0178491983897 -0.0265847516809 0.0623890073116 0.072933257981 0.036153668916 0.00126467048579 -0.204245781359 -0.11568310142 0.0565082408379 -0.00989618907995 -0.475580767494 -0.0389832773925 -0.00998047960425 0.0743198299314 0.00459095641443 -0.0157119710786
-0.554495802175 0.0198156976512 -0.0535360945967 0.0747088261972 -0.0503560864859 0.0458606803264 0.000589554924463 -0.496894623731 -2.39101011977e-05 -0.0385880656551 0.00162326610735 -0.0113036672522 -0.00685969826324 -0.260124525293 0.0885938255265 0.138847982048 0.0224678503429 -0.000646067270995 -0.158646477791 0.0178139886367 0.0918279058101 0.00465311184188 -0.413287624751 0.0198256488581 -0.004086375078 -0.360435273492 0.00198185615384 -0.0106094089128
-0.52861201333 0.0212988896261 -0.00753029022759 0.0142411301944 -0.0206086702942 0.0291427083054 0.0017589526748 -0.588396135883 0.0285864511118 -0.0732853222001 0.0425671872362 -0.0538959339243 -0.0233228755486 -0.165820905771 0.115565565907 0.140150345006 0.00679267274092 0.00596856500981 -0.0995465931521 0.0335543471896 0.113864269451 0.0121895860493 -0.451467605042 0.0349060545794 -0.00446669919745 -0.266402767145 0.011200939624 -0.00618325350297
-0.475240948542 -0.0240048754462 0.0186108864347 0.0244930941078 0.0507268313085 -0.00301051597538 -0.0067757513367 -0.51917990286 -0.028751992615 0.0582282931634 0.115807142556 -0.0144738262939 -0.0109470176316 -0.0117841099206 0.106799146968 0.0186842824442 0.0255422121109 0.0067568297792 -0.424985083733 0.130896159092 0.0130668283391 -0.0105000770494 -0.520884465181 -0.00661033015655 -0.00788769308947 -0.0175823874564 0.00888160992095 -0.00748150376004
-0.536087313451 0.0163942485478 0.00448167382004 0.0186387941028 0.0591040090729 -0.0269576505431 0.000728952315831 -0.576435396992 -0.0335937569146 -0.0770723226962 -0.0251697460586 -0.0478214322369 0.00748731278048 -0.252468855102 0.10110485844 0.087159596448 0.0364929853003 0.0020185013753 -0.227285645645 0.15465667947 0.00410319173264 -0.00642322663777 -0.421919196798 -0.0726039060628 0.00906316367209 -0.152774701139 -0.0119169307791 -0.00695814310478
-0.448221054033 -0.0026352294151 -0.0106580602514 -0.00760567465435 0.0145852777496 0.0306477471366 0.00154509748649 -0.501136092257 -0.00581671590475 -0.104361787234 -0.00695364325993 -0.00580128622745 0.00667375476258 -0.301813281068 0.0954414460135 0.140318799148 0.0137303547941 -0.00194536212867 -0.277618932168 0.114968253096 0.0142415787459 -0.00180022765518 -0.439512207982 -0.0160835095434 0.000210030150551 -0.362706066812 0.000687823232331 -0.00347154920651
-0.455552749755 0.0236968488674 0.0296745733007 -0.000846863670303 0.0410401369044 0.00912580270166 -0.00827492193449 -0.536118286556 -0.0302609094311 -0.10103936568 -0.0623689198298 0.0261734868642 0.00582482658789 -0.314284400422 0.0750949794519 0.11427208452 0.0180708949866 -0.00463649142154 -0.248466292609 0.0714185961089 0.00839174900486 -0.00141252849867 -0.402453441407 -0.031444247177 0.00111533708412 -0.371692257881 -0.0124094167687 0.00631908585916