-0.0790438654359 -0.0141453725257 -0.260774033284 0.0442186428134 0.232743431644 0.0187305549521 0.00901013356178 -0.0958804973112 -0.0310124657574 0.404236964658 -0.0813282163361 -0.102729013006 0.0037294346795 -0.0484767292778 0.108130489926 -0.0399683432669 0.0064154514157 -0.000355212087676 -0.355545712378 0.673072524732 -0.0330876397094 -0.0149103482224 -0.284263737018 -0.000211763133181 0.0159887639672 -0.00847525716396 -0.0260183890166 -0.000696684900017
-0.596981191346 -0.015442733154 -0.0771870535164 -0.0137605257272 -0.145529293868 -0.0157016670161 -0.01266582326 -0.568349157632 -0.0392313398347 0.127051010271 -0.0633766072085 -0.0115855285798 -0.0134655019588 0.0160426876079 0.0570435813905 0.0327429899918 0.0233777180462 0.0023005073478 -0.414924430775 0.23899084114 0.00156932391258 -0.00982318206507 -0.185745038875 0.0215650339452 0.00731155181948 0.0272571699106 -0.0160397168032 0.00866112052898
-0.578079340528 0.0507199378998 0.0346365227963 -0.062635367716 0.133419647015 -0.0393159987245 0.00927186877625 -0.650025354061 -0.0640222001608 -0.042995780126 -0.217253264989 -0.0129028761233 0.00813447461106 -0.093957356606 0.0636729910086 -0.058013881323 0.0231573650081 -0.00431533218407 -0.271440883879 0.233755945659 -0.00836439408993 -0.0137072458893 -0.124308888897 0.00549158767711 -0.000164524151971 -0.041650649894 -0.0133725810744 0.00228654025449
-0.587498074844 0.00603428045777 -0.175595008653 0.0165538958301 -0.0678299555019 0.104801910943 -0.00781724788159 -0.500583755397 -0.0273971367693 0.0184376924123 -0.0192014913578 -0.0691266042659 0.00965570699387 -0.116167251539 0.044615482809 -0.0263085226802 -0.05204126568 0.00220037183421 -0.244286403766 0.349305307876 -0.00104125727973 -0.00146545789197 -0.382247437652 0.0189485745179 0.00743933175759 -0.0622663908723 -0.010621361567 -0.00633314073719
-0.52630306017 -0.00628557817313 -0.0712264789925 -0.0454686879677 0.0983452863702 -0.0105150950064 0.00521820023039 -0.693869115362 0.0660198717763 0.196145986501 0.120769862769 -0.0464672751084 -0.000592475178301 -0.00901542761833 0.0707810191007 -0.0262199915695 0.0389096685665 -0.00280360069417 -0.0541908805562 0.370733043425 -0.0310893018235 -0.00481082110018 -0.125387278829 -0.013487534692 0.00640896300757 0.0170253743556 -0.00615860682849 -0.00645100357906
-0.69430802951 -0.0271962508015 -0.0421267513444 -0.022534192649 -0.122078645685 -0.00829844590146 -0.000404224539284 -0.626340630801 0.0106128895249 0.0293257111364 -0.0512239479045 -0.0148929806414 -0.00502188067336 -0.0457909544078 0.0124958733011 -0.047898085947 -0.00865877660631 -0.00230432766894 -0.262784495594 0.0326891907261 -0.00606547205392 -0.00147566334896 -0.164174826815 0.0242412747324 0.00632081711565 0.0372594390334 -0.00585299120799 0.00131066050391
-0.675147269573 0.0310959704116 -0.0194086661032 0.0586529605707 0.0850798695834 -0.0019414021468 -0.000626605264141 -0.65022498629 -0.0443383761224 0.0285240485194 -0.0788245059711 -0.00456053973106 -0.0017547884306 -0.0362725017987 0.0317696040228 0.0146135406058 0.0058332002429 0.00424466973378 -0.244847007167 0.134208107571 0.0102293185333 -0.000512435211066 -0.13201004074 0.0354616530324 -0.0110904579536 -0.0268890158699 -0.0113205616384 0.00496374397122
-0.673245077355 -0.0002368673107 0.0786447316671 0.0281241763146 0.080751349921 -0.0082213416646 0.000751764531457 -0.606662310094 -0.0022621732043 0.00909961821798 0.000488461763441 0.0123815744364 0.00168555792394 -0.120047097794 -0.00953379877466 -0.0331167344789 0.0143080594703 -0.00440371822345 -0.305329757812 0.0968987041961 -0.0127286227305 -0.00598430467871 -0.211976749523 0.000882637917764 0.00651085003277 -0.0318915961684 -0.0156559835114 0.00408314966153
-0.664408749938 0.00918223079272 0.0448579612861 -0.0574759565058 0.0161909387365 -0.0160895082393 0.00309638091422 -0.642849740252 -0.0266653424716 0.0092401887235 0.00416207606917 0.0113150808263 -0.0027739171238 -0.189409503982 -0.00948418648279 -0.0995341551131 -0.000700535924259 -0.00104052445577 -0.18596373189 0.0573147535726 -0.0049839186394 -0.00112347522756 -0.219164203379 -0.0019565483236 0.00800032630773 -0.0807685835241 -0.000876545025079 -0.00564578928836
-0.671651121719 0.0508572596505 -0.00891282017061 -0.0102756715778 -0.0924406336871 0.00942004221528 0.00194418409625 -0.662287744728 -0.0267175234338 0.0710651678849 0.046079374827 -0.0112741648823 -0.00681623682206 -0.0156381862312 0.0528395975641 0.0359467712511 0.0110482063294 0.00126874840348 -0.208722943444 0.194400546279 0.0134204622487 -0.00664358905119 -0.0672549432971 -0.00978483107798 0.000875599929235 -0.00947349621818 -0.00475924769896 -0.00488237342889
-0.622670255031 0.0329851358698 -0.00124498649291 -0.0306577128646 -0.0795500625393 -0.00671711518197 -0.00155154433347 -0.632357054383 0.0327038180265 0.0598745171767 0.0598155503111 0.00273943358845 -0.00790218322392 0.0594028227269 0.00681736623112 -0.00231799806158 0.0322395098985 -0.00350444493303 -0.337326066395 0.08947479603 0.00457301881494 -0.0177592531947 -0.258803983145 -0.00702365001716 0.0119329801488 0.0375294543964 -0.0122391716644 0.0143576564022
-0.638603003846 -0.015494780521 -0.02249030354 -0.0163398049784 -0.00271832077423 -0.0223254791006 -0.0202967376303 -0.725977034233 -0.0193747702197 -0.0460940547267 -0.0946962560319 0.000756248973446 -0.00447562111914 0.0667220478401 0.0792785767467 -0.0201516160995 0.0198849259079 0.000350418209371 -0.0794493119217 0.164305190913 -0.00626012202859 -0.0193952025222 -0.0608266642817 -0.0158633114733 -0.00464943338736 0.0495478834143 0.00305605702956 0.00500822836692
-0.652556010695 0.0418158693649 0.0457081569938 -0.0725901790316 0.0674683813248 -0.0244135409284 0.00674524369199 -0.689220098109 -0.0552940174409 0.00797653410862 -0.109051552603 -0.023815408369 0.00799229893961 -0.0884364700055 0.0177989305613 -0.0560880083913 0.00974112802524 -0.00367934747649 -0.173839680047 0.112001748271 0.00678771211039 -0.00228335882759 -0.0971107634992 0.0300609872614 -0.0107498429436 -0.0655596989069 -0.0154331056289 -0.00270788955459
-0.6020384195 -0.00620394552061 0.00658739158467 0.101130110324 0.0279592260257 -0.0191524473472 -0.00271897970261 -0.575600531969 -0.0111994973312 0.0311466825334 -0.0648211501678 -0.0456670932889 0.0108300900632 -0.320022326001 -0.0677055304477 -0.137567443365 -0.0523421477959 -0.00397673923022 -0.23013622294 0.10421335174 0.00507663957126 0.00176495717686 -0.28450252276 0.033784504573 -0.002682717962 -0.111925651942 -0.00922717857599 -0.00592927902474
-0.713413330875 0.0545162230385 -0.0466130292825 -0.0643092527801 -0.0866271703337 0.0107034619491 -0.000624189839785 -0.607298539265 -0.00436793648081 0.0565779710334 0.016622328145 0.00589822460781 0.00800274473846 0.00618410793441 0.0378065521538 -0.00997969302332 -0.0129425838994 0.00522855346451 -0.102470335177 0.226119058538 -0.0245043932752 -0.00312615576914 -0.189537442673 -0.0201073602929 0.0189161477341 0.0319238058035 -0.00457416555552 -0.00245989530665
-0.649698553203 0.0550061218179 -0.0261942667979 -0.0377625662716 -0.0510138043725 0.00983314556571 -0.0177774927919 -0.676704886677 0.00402953060161 0.0601612621623 0.0645162651074 0.00832202941106 0.0070906907262 0.079530229024 0.0292235890009 -0.0230884338661 0.0165040115796 0.00492916976041 -0.0698769609433 0.220027757852 -0.0189318861768 -0.00379145296739 -0.178476873144 -0.020434060458 0.00896169678554 0.0992785128599 -0.00233848380431 0.00128533809298
-0.702218504916 0.000344161256942 0.0322083570509 0.00416537493191 0.0670430612716 0.0100573329042 0.0106525864542 -0.659504511108 -0.00252074134028 0.0200499610891 -0.00707287375353 -0.00491657718973 -0.00103498040865 0.0011174482266 0.0745237063077 -0.00151707304179 0.0790041768473 -0.00229630638001 -0.0942601607806 0.191053194969 0.0450268058707 -0.00811808578374 -0.050549845986 0.061028739602 -0.000194630478686 0.00593183487722 0.00459471959812 -0.00866523110768
-0.496929201559 0.00991744186084 -0.0250487772503 0.044565302733 0.066492545304 0.000415534650261 -0.00348509357082 -0.471550134047 -0.0207341745987 -0.0289013290242 -0.021993058063 0.0288800477466 0.0070602071005 -0.424073711945 -0.0441097170311 -0.0823019584714 -0.0209614935138 -0.00241318195095 -0.336798639615 0.0763560474533 0.0234974749062 -0.000995836812123 -0.3559285132 0.0220758917684 -0.000539461991369 -0.291409448916 -0.00341633804992 -0.000186029112385
-0.681561121679 0.0350550807579 -0.0730233068265 -0.00740450210984 -0.024491955644 0.0534899696377 -0.00841135597267 -0.634709916465 0.0481971379281 -0.0220684885851 0.0312040370587 -0.014937334733 -0.00525642831962 0.0132717907705 0.0540005946845 0.0169163315715 -0.00121020101515 1.92001934742e-05 -0.0581097607693 0.252250532872 0.00716407294413 -0.00292163341801 -0.217095613962 0.0227309073466 0.00203928689737 0.0163211963746 -0.00381398530832 -0.00751032758274
-0.647855384613 0.0262995870578 -0.0581573796522 -0.0746448188178 0.0441402185023 -0.00903554592432 0.00187351766343 -0.647927839667 0.0632869323989 0.0388930659866 0.0272004553309 -0.0408957941776 0.0035047422656 -0.151210000795 -0.018784537328 -0.0638495203636 -0.0339267617625 -0.00451001089252 -0.192850743597 0.169648939366 -0.0137699539507 0.00428934648054 -0.197149028193 -0.0185620129558 0.00303640401456 -0.0816592758593 -0.012966464258 -0.0121482904108
-0.657068081119 -0.00172527876291 0.0561626173287 -0.0384981592159 -0.0099533982055 0.0181853611218 0.000409184242625 -0.664568144707 0.0574421362157 0.0349347127521 0.0478924802993 -0.00026850292488 -0.00247036475342 -0.163691797598 -0.029631278998 -0.021470947866 -0.0232815550622 -0.00311458624815 -0.148998021098 0.1375089702 -0.0597611430755 -0.00164534672536 -0.172743035741 -0.00841423360029 -0.00147722022537 -0.106896342355 -0.00342197614957 0.000946610256593