-0.00633027886625 0.0202405252767 -0.00669234916591 0.088839302571 0.0560221859408 -0.0376968939314 -0.00799873961781 -0.164041632345 0.177261115466 -0.460184670495 0.126371472842 0.160189977712 0.0210413005436 -0.080741351049 -0.039813793224 0.27614319745 0.187547664629 0.00861156067617 -0.258813866246 -0.31086711169 0.311277912663 -0.0355557572238 -0.241323764959 -0.441055173399 0.00971224919898 -0.19801571077 -0.0367301616804 -0.00241846664955
-0.54341195989 -0.0156632782946 -0.00120063877473 0.0743180381316 -0.0160072306353 0.0183857731242 0.00753062499688 -0.599978978224 0.0639426726235 0.0595973806853 -0.0426111399299 0.124787729253 0.00330969898314 0.0289976081348 -0.00472781515402 0.102561549306 0.117624832036 -0.00524045728173 -0.446063552023 0.0252913247166 0.0611058534418 -0.00204573549967 -0.160899142786 -0.235996857419 -0.00545178388952 0.0521247941526 0.00726109011876 0.0170438231696
-0.508129620403 0.0564932464427 -0.0158611893784 -0.116115655943 0.0246909726671 -0.0802782166102 0.00920341120665 -0.561022608131 0.0773938987679 0.150035057029 0.0511414906148 0.125838179793 0.0154243905221 -0.176475828998 0.00305673737112 0.182524724261 0.0566410374354 0.0035205908288 -0.275567914866 -0.0105298302754 0.106394381815 -0.0168688872252 -0.304249487459 -0.152473567324 0.010118697709 -0.289621479149 -0.0232458247785 -0.0110912431786
-0.534711257316 0.0438767874647 -0.000235411103803 0.0616465661122 -0.0775880623671 0.0594166494722 -0.000375245365867 -0.545352995919 -0.0208380607828 -0.114716182901 0.0401578272441 -0.0718461656499 -0.0105924913836 -0.0707070461273 0.0628309774506 0.19355813342 0.0764434560421 0.0021883057905 -0.401782788541 -0.267084195542 0.174041874588 -0.00619038733782 -0.0256716380871 -0.171697784398 0.00298934277891 -0.184061253719 -0.0375271004064 -0.0113911638623
-0.560781075971 -0.00785713315014 0.0126425710263 0.0295976803795 0.0768355932038 -0.0158395128591 0.00695628954564 -0.672193285642 0.0186517217717 -0.185402706175 0.0481925242923 -0.0762473031771 0.00600652564913 -0.00946232865269 -0.0423313985547 0.0301419842059 0.0405103809948 0.00950323569846 -0.0183782479142 -0.21656883236 0.226604908207 -0.0186588295381 -0.176500554826 -0.182944808195 0.0143418758981 -0.120241916236 -0.0271953878693 -0.0014374582383
-0.550666100554 -0.0227351561552 0.0219876171231 -0.00301252696484 0.00553752182127 0.039804213254 -0.000155710704017 -0.660696731013 0.029008263401 0.137298169423 -0.0240787847843 0.0592421961155 -0.00700971106009 -0.125451645393 0.0419661478555 0.0939917791646 0.0716433845789 -0.0131506234117 -0.336354812562 0.0553123549774 0.0585415290071 0.000510161766625 -0.188661533678 -0.0988365666273 -0.00513559646606 -0.192106075929 -0.0154129279297 0.000136251849264
-0.485785509508 -0.0207403796829 0.0163509658615 -0.0133555421489 0.0562677183271 -0.0288149100832 0.000376011432226 -0.541016007643 0.020892552683 0.0759256837776 0.0627662099499 0.0121306794429 0.00166083354771 -0.290975788691 0.0497977482266 0.165987147915 0.0165956487127 0.00706715031604 -0.177297507379 0.0544469601475 0.017091281464 -0.00342715114677 -0.289258979675 -0.0329141583434 0.0106715969305 -0.470693637709 -0.00187988909424 0.000668082276719
-0.417001548789 -0.00863582288266 -0.00225379486522 0.0470374648737 -0.00199339825521 -0.0130210195387 0.00579169553776 -0.472143095888 0.0472113300043 0.0130487898743 0.0879601427318 0.00422595096775 0.0009736345267 -0.358316932191 0.0383533713399 0.166557992444 -0.0215664484386 0.00507629368911 -0.117734698888 0.037306212707 0.0019448398687 -0.000153542895848 -0.309695025877 -0.0191377869559 0.00557510366038 -0.566417512889 -0.00558357885753 -0.00407392262711
-0.433208618749 0.016364771895 -0.0214600443873 0.0145393070497 -0.00651961013354 -0.0304420928011 -0.00938063218367 -0.473511496975 0.0251852026006 -0.0314263314102 0.0569154170146 0.0126902356384 0.00237262292283 -0.255931488876 -0.014270778084 0.24945208853 0.00981516289152 0.00202438336651 -0.265905979512 -0.0490429597219 0.00791120834964 -0.0154010878321 -0.259440220593 -0.00524553210363 0.000915916586642 -0.558739597364 -0.0103974641583 -0.00377948851925
-0.614490975041 0.0316416436782 -0.00658939217293 -0.0255822329845 -0.0535377951748 0.0330135797222 -0.0036833611553 -0.706354662432 0.00898150729485 -0.134278954484 0.0592426084795 -0.00709002071534 7.44003698788e-05 0.0635112887691 -0.0212538252735 0.0424190272967 0.0455230701007 0.00285069282955 -0.235738193688 -0.05000048287 0.00626053901493 -0.00420926717859 -0.00109745531767 -0.152012626696 -0.0167220421584 0.0781400986861 -0.00751303032189 0.00882820692473
-0.571128490767 0.07190280352 0.0230202779961 0.0643385305514 0.0604332538926 -0.0160359089272 0.00894753382899 -0.629634683396 -0.00167289958596 -0.0299575055943 -0.117657729848 0.0218623408374 0.00456390702245 0.126888182172 -0.0343303703718 0.0202225827935 0.0548335862487 -0.00699668347499 -0.405931867775 0.12490003874 0.00829928871338 -0.000874092803274 -0.165730757877 -0.0571176443312 -1.90957311031e-05 0.1249626383 0.0198855998493 0.0191542339178
-0.623773692014 0.0744582540197 0.0149532026064 -0.111034531874 0.0274189286569 -0.0126642670684 0.00754422893793 -0.691884863815 -0.00598580405607 0.0672916508496 -0.110100508146 0.0422551968987 -0.0061026024288 0.0883753986085 -0.0415750543288 0.0227005555571 0.029751007716 -0.000115649275793 -0.230907753534 0.00647410440587 0.0465193051346 -0.0233346160186 -0.131918865698 -0.0813217139984 0.0121409841005 0.0494223287071 -0.0264838372141 -0.0176716469357
-0.434477516694 0.00106349955307 -0.00670105689229 0.0100228910115 0.0182667644118 -0.0086065917875 -0.00276895574058 -0.443311815588 -0.00183324730365 0.0231109525603 -0.0147265520158 0.0311997339716 0.00967896634412 -0.364009760088 0.0472153067478 0.137569421009 -0.0263624193402 -0.000170684582727 -0.225735283601 0.0143941372654 0.00604287829718 -0.00310821827067 -0.344045017969 -0.0573858072317 -0.00167796118651 -0.533937896895 -0.000213353780053 -0.00232064709867
-0.493089701237 0.00314886974835 0.0408124221169 -2.09211027689e-05 -0.0108046532268 0.0332112445675 -0.00292269694825 -0.665542024026 -0.0162166095856 -0.0967986850479 -0.122899100567 0.0381967956799 0.000638171597399 -0.200577528956 0.048479290131 0.184373542119 0.0610385856404 -0.0110285994014 -0.158699819988 -0.0793171027002 0.0404113977197 -0.00383003530085 -0.114400249858 -0.10102930262 -0.000755726706852 -0.38447811826 0.000387490543819 -0.0122625479638
-0.564162502838 0.00807810711146 -0.00664632709003 0.070539487032 0.0614295013527 -0.00147850387448 -0.000411024101835 -0.69448688187 0.0129021035844 -0.0999898901965 0.0418946944447 -0.0253671912303 0.00655971205309 0.0763010312008 -0.0320386013122 -0.0360245805377 0.00385374948414 0.00924052791933 -0.252193775463 -0.264279889474 0.0867670483592 -0.0101166489846 -0.0960962124139 -0.106579092398 0.00630166050443 0.0830611472871 -0.0325529728416 -0.00514001405256
-0.652858804871 -0.00220749887164 0.0164130245944 0.0280869600546 0.0368147327234 0.00498144715777 0.00208554113181 -0.696367404396 0.0365933637379 -0.0541242342407 0.0104396631477 -0.0235846253269 0.00258916253088 0.108271119285 -0.0518305729517 0.0023565280646 0.0167421726311 0.0134833832023 -0.0936765659068 -0.16667777972 0.0964051714403 -0.0125322809047 -0.0335269135692 -0.119985419928 0.0190353264937 0.063502281331 -0.0256785720515 0.00066180451239
-0.663107940533 -0.0458625338932 -0.00159315881063 -0.0532930373751 0.0383746342757 -0.0173522762572 -0.00399180539295 -0.654113991448 0.0275293850136 -0.0496366057985 0.0314244085091 0.00980047372595 -0.0043115513613 0.0123251446477 -0.101284985647 -0.10353704596 0.00143373886431 0.00388755922828 0.0874663432678 -0.144100795256 0.113713983867 -0.0195437185535 -0.207145268158 -0.124080956725 0.00523544930794 0.00448827272659 -0.00926717483168 -0.00697799239221
-0.52844672605 0.0205344446553 0.00331469403971 0.0258086599474 -0.0270248476023 0.0141028914439 0.00131404687552 -0.608203441631 0.0191928279224 0.0247021117411 0.10845200286 -0.033025074229 0.009546370614 -0.221098512525 0.0699713948697 0.132909285141 0.0074509186973 0.0107934441289 -0.287892277892 -0.106310867038 0.0671148607616 0.00626364087988 -0.19079683843 -0.0597573863565 0.00777107736979 -0.352362999457 -0.0172418522954 -0.00663116363817
-0.474234422332 -0.00223278421456 0.0040754431253 -0.00239922525887 -0.00134298718409 0.00052835672623 -0.000988952574188 -0.692495204922 0.0240087879657 0.0238641199489 0.12056779957 -0.0457580518002 -0.00572160128545 -0.0887996178242 0.0530868568376 0.220967349266 0.0658818418779 -0.00374092187057 -0.330181605595 -0.168879979288 0.0511691373306 0.0059841385167 -0.0510961765771 -0.0407583688502 -0.00397114234413 -0.263195251594 -0.0063729550139 -0.00578418009615
-0.578162486307 0.0237130889847 -0.000337315745265 0.064886369417 0.0249963405617 0.00425151102446 0.00132002541046 -0.691327536526 0.021208452513 -0.0850585343295 0.075870812535 -0.0224347314364 -0.00622596153509 -0.0847718394267 0.0804976624304 0.125335098219 0.0470413288582 2.91967936303e-05 -0.216619606869 -0.153342403612 0.0958171191923 0.00412084804391 -0.0927459863289 -0.0664821926371 0.00381701528384 -0.209793181046 -0.00949115630792 0.00552920919466
-0.56858541305 0.00810245909855 0.0230957316771 0.022282089982 0.00794187906842 0.0191059614355 -0.00181524569745 -0.577486431058 -0.00262088767427 -0.0397889002073 0.0134194074679 -0.00891399444579 0.00345531454274 -0.257144695389 0.0979110311003 0.0912284283926 0.019586416495 -0.00142067459276 -0.159142664114 -0.108375098131 0.125313224663 0.00076991655844 -0.249165962529 -0.0701504987004 0.00162519303871 -0.368240769466 -0.00185584754666 -0.00506781598088