-0.00268140113122 0.00923529472757 -0.00303629636409 0.0203526437242 -0.0470392590676 0.018354202035 0.00306551646926 -0.38374657638 -0.0100908970922 0.369014398856 0.410570958934 0.112322985582 0.00195731421918 -0.176366371014 -0.366988052125 -0.0731698806641 -0.107117257469 -0.00271899090505 -0.432787922261 0.220516890221 0.122986138625 0.00287168756399 -0.296413236626 0.0690538888364 0.00625269483355 -0.0760512939419 -0.00785341067337 -0.000149177287099
-0.338523080061 0.00938324431133 -0.0743108367615 -0.0657983391755 -0.0222236288738 0.0347479106154 -0.0119697688465 -0.472294071721 0.0144793470588 0.20381167925 0.0965977539241 0.0820117256371 -0.00307181165124 -0.265294969862 -0.211249550532 -0.138158946087 -0.078129233641 -0.00315817262341 -0.458779159861 0.0993319503069 0.0936935138365 0.00242853028463 -0.440203135782 0.0838241070452 0.00974664137498 -0.147983996111 0.00507898881228 -0.0240050814523
-0.331079871906 -0.00935057913197 0.0309683083866 0.028149334702 0.028832169338 -0.00975183735031 0.0145445910741 -0.419799341946 0.0134587041295 0.14362228235 0.0934422643672 0.0819091377261 -0.00885938750769 -0.281327137524 -0.133203145212 -0.107589781271 -0.0955032874413 0.0033484659921 -0.332919828233 0.0632588306189 0.0649153598248 0.0131229168665 -0.62815168206 0.107586554513 0.0118082857515 -0.177667054112 0.00895406374344 -0.00982347145716
-0.449655376526 0.00205222480507 -0.0395217204471 0.116367669803 -0.0387510970088 0.0544765799263 0.00162014606671 -0.535156934083 0.150306087513 0.167004001506 0.132982084713 -0.0252198960524 -0.00455997832036 -0.13821166567 -0.148996820612 0.0110374143232 -0.0358988074343 0.000625920123503 -0.503510354777 0.047180815152 -0.00851748702981 -0.00436044924998 -0.314490929229 -0.0421996741012 -0.00276383355861 -0.152914307182 -0.011070780199 0.0161900820618
-0.558439529694 -0.039828183543 0.0744141134879 -0.0806339501613 0.0431957484876 -0.0816371007613 -0.000559012961076 -0.561362441155 0.0750526257456 0.0213760164176 0.125160546979 -0.0552780880847 0.0211544830108 -0.0350620146355 -0.305552084588 0.124190967198 0.0150044177001 -0.00440814457527 -0.371982839946 0.0466166229754 0.00196005947683 -0.00692703856454 -0.250302326904 -0.0688081386245 -0.00401746983557 0.0780919034284 -0.0239704226025 0.025932940131
-0.230048742055 0.018351548251 -0.0460207847081 -0.0482400652922 -0.00755615735798 -0.000236959198556 -0.00297885778385 -0.23824648616 0.017597553975 0.0704595456659 0.0200223153867 -0.0116998029409 -0.0104176828321 -0.546934073919 0.0650924356422 0.0228983254624 0.016801277938 -0.00125909528865 -0.349702406021 0.0384486442409 0.0314970990293 -0.00451698920192 -0.535996111045 0.0194619899252 -0.00106112221977 -0.403059237609 -0.00290344103575 -0.0211254445405
-0.201391578788 0.00912697703989 -0.0143367295167 -0.0235594766372 -0.00551924563794 0.0044778903524 0.000490732690299 -0.227949601054 0.0375227386984 0.07090876836 0.0148637458191 -0.00922510882852 -0.013205971193 -0.560201957447 0.0580295007439 0.0175285486615 0.0102098492257 -0.0011259831026 -0.355477048125 0.0176874252235 0.024453908845 -0.00330567554783 -0.512322828034 0.0123327779291 -0.00113893999616 -0.438256567226 -0.00125919234537 -0.00887310829219
-0.246764757935 -0.00923979132202 -0.0056740554171 0.039136119489 0.0230631244307 0.0101406963158 -0.00121625914601 -0.258592465809 0.0431078462827 0.0435070515519 -0.00318482004651 -0.00182563846899 -0.0201887971807 -0.509612283144 0.0653980782313 -0.000395819205346 0.0150336210522 -0.0028760734384 -0.326178451864 0.0837274809697 0.0412526755282 0.00373451160073 -0.554630338095 0.023432085334 0.00396137693816 -0.422018067512 -0.0037524818462 -0.0123339086981
-0.257530363249 0.00176166341184 -0.000312099514127 -0.0124376394957 -0.00246934054883 0.00606605125905 0.00263396888166 -0.266389377465 0.0285948427489 0.0101228778796 -0.00371789123297 -0.00902176490598 -0.0203025125717 -0.465776693644 0.0724991205747 -0.0203231182982 0.0039093109325 -0.00207919561222 -0.307335497688 0.0882475202186 0.0207299868024 0.0113463580061 -0.570033490151 0.0101321883547 0.00672855378905 -0.458853540555 -0.000461794959868 -0.00295776451071
-0.548469617634 -0.0606067242437 -0.0534041105336 0.0169180375906 0.0556665935893 0.0483380859341 0.000844835860069 -0.5008682624 -0.0485062290153 0.0054583467372 0.0328747705658 0.0269253635993 0.0019275507883 -0.236813891956 -0.119885760963 -0.173007506661 -0.0742159600325 0.00294236281407 -0.440609624853 0.0949574594355 -0.013186868769 0.00324303348507 -0.302745810434 0.066123298086 0.00207150725596 -0.162393473925 0.00671173526177 -0.013578659778
-0.545082357734 0.0287932954668 -0.00842811020073 -0.0079373737094 -0.0742761444938 0.0174587377997 -0.0109344890405 -0.698807432911 -0.0318946155006 0.0769527549938 0.0666614135131 0.0542398906389 0.00466085379486 -0.0390512989204 -0.216199356534 -0.081662458832 -0.0458796605305 -0.00464606634199 -0.265079498642 0.057426996389 0.0678193788512 -0.00249027797149 -0.224411094568 0.0504569058647 0.00947031302523 0.0712136680718 0.000710408895571 0.00127462018242
-0.569039435271 -0.0369406811052 -0.0209742327294 -3.44108366673e-05 0.038908703257 0.0228122587511 0.00614091546621 -0.637457036869 -0.0380394210688 0.0513452915125 0.0304962788984 0.0523917342322 -0.00182392531465 -0.0460925890853 -0.139450398834 -0.0880725459002 -0.0801676538463 0.00380993900461 -0.141862100707 0.0145852332128 0.0320109194091 0.000449927037674 -0.44059092429 0.0806065947937 0.00513349242566 0.0171513732833 0.00787263176992 -0.00852536511088
-0.536161759697 0.0416271883484 0.0203852931236 -0.020339648309 -0.0127643617424 -0.0350303515025 0.00441539541362 -0.606365694064 -0.0103337853312 0.0523688950506 0.071879625942 0.0588211194804 0.0169968722674 -0.231055579741 -0.122783324513 -0.133344003074 -0.0681815998857 0.000918093470537 -0.275490027619 0.0374441633733 0.05060993381 0.000954918903006 -0.38295100389 0.081628174347 0.00215626960366 -0.0706284580079 0.00727121233187 -0.00159428838485
-0.593133980658 0.00790740547608 -0.0362474186288 0.0361233613871 -0.0133750991266 0.0119053856775 0.00410317558655 -0.642276633376 0.059356636444 0.067811873722 0.0627874033038 -0.0436507546988 -0.0107736887747 -0.124355249901 -0.0531101686569 -0.0456326863286 -0.0322461885611 -0.000512179552388 -0.288046551898 0.020751850923 -0.0374204138865 -0.00710170564861 -0.258208612715 -0.0247792117524 -0.00510878661587 -0.211875056999 -0.00409997450634 0.00946034992748
-0.576399591184 0.0442295756858 -0.0129682798829 -0.0158169882499 -0.0492617523584 0.0144202602198 0.0013879661763 -0.698970487496 0.0794961929198 0.049146231016 0.059710302638 -0.0703580132027 0.000331350374273 0.0499018603838 -0.130199433633 0.0441268799501 -0.0109730542331 0.000703226904228 -0.321474104982 0.00688887263726 -0.0153187984607 -0.00240875065064 -0.167200640422 -0.0422882076534 -0.00694169155011 0.0424135612192 -0.00724779301361 0.0124186053627
-0.635886130939 -0.00733464358221 0.00304389641735 0.00773601402855 0.010684769541 -0.016875749116 -0.00954723731628 -0.686698671879 0.0179496091123 -0.0370017605066 0.0643834560586 -0.0395357221515 0.0124877221678 0.0791026650831 -0.18912247644 0.0896530682198 0.0687413328069 -0.00874749771074 -0.0473009963519 0.00411328344108 -0.00395608043538 -0.00795076317182 -0.172092902798 0.00739745125931 -0.00128392603755 0.167365778194 -0.0229007217458 0.0227997033886
-0.683847265579 -0.00687760626652 0.0144725115269 -0.0689375935661 0.0755574310998 -0.0572349741207 -0.000846035243968 -0.600099274438 0.0345756974092 0.0286939085409 0.00943670324468 -0.00644625964236 -0.000448106057149 -0.0470955912681 -0.164887956278 -0.00647401409537 -0.0169639609117 -0.0015406374861 -0.28342854622 0.011347409908 0.00484769044271 -0.00258507476308 -0.200031556829 -0.054253875666 -0.00633450376823 0.051993602141 -0.0098429262038 0.00801805403232
-0.416164186531 -0.00819735885948 -0.0198470746781 0.0334123833264 0.0603117112445 0.00748763769514 -0.000734396397039 -0.412470225711 0.0292856940113 0.0828735034912 -0.00229488722503 0.0399625642059 -0.00126132033843 -0.397153452892 -0.117201371413 -0.16662955187 -0.013925105573 -0.000204886325627 -0.544573488166 0.0472544068992 0.0132072247578 -0.00237193928164 -0.334242206448 0.00793419773644 0.00278997117439 -0.178412835152 -0.00509584362968 0.00539929459652
-0.515516201983 -0.00647251821455 -0.0346087896167 0.0364917904605 -0.0502779314486 0.0212925120946 -0.0014759568186 -0.49288396668 -0.0127811839823 -0.0206576520206 -0.0229768021736 0.0204017757236 -0.00274074213336 -0.298146327522 -0.235549652781 -0.0568125106561 -0.0159824983976 0.0026125876759 -0.478167308373 0.00370034205125 0.0105327592202 0.000918217446478 -0.285848192647 -0.0102239985138 0.00288592188721 -0.159600439738 -0.0117258820611 0.0120764535898
-0.602901011014 0.0112318488206 0.0537244040348 0.0284774786326 0.0679359170996 -0.0233190458426 -0.000778283202877 -0.565149100379 -0.0159198099315 0.0265486932942 -0.0142945338807 0.0218463862033 0.00564373651105 -0.189475283759 -0.164608932 -0.000321871000418 -0.0124066149609 0.000247968943021 -0.415976408442 0.0993481455596 -0.0186366470175 3.29455555845e-05 -0.218878481362 -0.0469625317914 0.000113398753545 -0.097508635417 -0.0108802358022 0.0178217893855
-0.577970500414 -0.00060076018442 0.0138986125552 -0.0695805824101 -0.00851005185244 -0.0454922970785 0.00219334904366 -0.582424009799 -0.0668080662332 -0.0132563730257 -0.0557633461297 -0.0210418389365 0.00547665109803 -0.178103560929 -0.17104120507 0.0253822704131 -0.00195517945274 -0.00375503651282 -0.426486030798 0.0708696386319 0.00768547653416 -0.00683019468891 -0.235439980632 -0.0388123370597 -0.00796203190962 -0.0745536903825 -0.00442178739659 0.00964137617048