-0.0914652675585 -0.00724263714433 0.0718662274806 -0.0354632600325 -0.301276398536 -0.0434810402051 0.008015486532 -0.0179354619766 0.00441241664423 0.129048382973 -0.0878830015445 0.033952948744 -0.00900797054075 -0.230262614806 0.360290464747 0.229683526317 0.104472210094 0.0112239884835 -0.404633140654 0.449432514091 0.131282956251 -0.0172702423447 -0.4331203905 0.196496704189 -0.0110077042195 -0.100088255636 -0.0162655316865 -0.00111114376615
-0.362392868914 -0.0108668607451 -0.0382746318858 0.0344892772923 -0.02137487319 0.0298508215038 -0.00239759126585 -0.413629083169 -0.0154507813098 0.0825200334989 0.0380791226685 0.098084762987 0.00810547276916 -0.325235931541 0.185387890883 0.132719749141 0.117638751074 -0.00780321180946 -0.499719787351 0.271064612142 0.114034049893 -0.0123769006285 -0.390035725389 0.0722065462697 -0.014546015962 -0.0967758651695 -0.0137285028874 0.0122481499365
-0.46056519409 0.0243087628583 0.163715824322 -0.0732551126045 -0.158096917397 -0.0291269651714 0.0117035753628 -0.426176715096 -0.121076920738 -0.00302429399032 -0.0626641641274 0.0399983760537 -0.00917340028876 -0.139369739797 0.287890935724 0.172556686829 0.00898820039476 0.0219882979454 -0.348354284667 0.196661191957 0.0782568164884 0.00341507108656 -0.413186124135 0.0969363784642 0.00923864550688 -0.219531988419 -0.00186002932167 0.00485515552466
-0.511657843216 0.0648550372891 0.016382419585 0.219472229142 0.015579961898 0.0278928739582 -0.0155390059569 -0.47955524184 0.0244424298876 -0.0339269931435 -0.142494782561 -0.0845572329124 0.00130988282848 -0.0599688776838 0.180382461375 0.119127049176 0.0664649527101 0.000202270984869 -0.396367458489 0.298516612935 0.0662724415217 -0.00444405072272 -0.316396787691 0.0915995340909 -0.00259254725294 0.105110882616 -0.0120061027627 0.00725598912654
-0.64739586193 -0.00881947800538 -0.0417619220749 -0.228174827055 -0.0718986142863 -0.0437944788665 0.0116917767551 -0.391860548183 0.0886521888319 -0.0318349080208 -0.0403384043835 0.0106402901416 0.00269223730177 -0.23990849855 0.224586262557 0.174058783367 0.0774585855566 -0.00140499306091 -0.135100940893 0.267017596581 0.0638897159568 -0.0163163738901 -0.209808414722 0.118634593679 -0.00907462138198 -0.2409738274 0.00137718178688 -0.0339916915755
-0.461058671957 -0.0091383569323 -0.00256110571834 -0.0186662625478 0.0206988276142 0.0234068914644 0.00108266771671 -0.563298881937 0.026679240107 0.0347591848532 0.0819598336556 0.0203235149092 0.00653742658927 -0.312872351403 0.154518143647 0.149172924221 0.0513613001257 -0.00291902125383 -0.300105771012 0.218810651509 0.0445118249112 -0.00710299590436 -0.243202318388 0.0407994383171 -0.0101190364252 -0.334371379842 -0.00454477323222 0.0152808472645
-0.35453114005 0.00156873624392 -0.0154716405708 -0.0159433039081 -0.00868221840082 0.0111693310322 0.000318810164592 -0.364279323436 -0.0373947410358 0.0563457198647 0.0207824076159 0.00632617273508 0.00105276033357 -0.415373569005 0.0947229498974 0.0805602667319 0.0473466566359 -0.00253529055341 -0.516997856344 0.0261878224719 0.0238670163252 -0.000556488852215 -0.306313659397 0.0126473787047 -0.000440262818253 -0.427865337918 -0.00184064844346 -0.00414016247031
-0.547303403725 0.0294060657213 0.0965734479343 -0.0268069228447 -0.0821468376972 0.0183615476412 0.00428725051421 -0.507962229047 -0.048306231758 -0.0228845442486 -0.025890352934 0.00166764819105 -0.00914770276625 -0.0850574448019 0.197630313289 0.0792813499281 0.0122599882226 0.0152407876049 -0.378627041282 0.104129843916 0.0533074953478 0.00546964287476 -0.367258661932 0.0259383099793 0.00299679701891 -0.274070747697 0.00982570144045 0.000533680635636
-0.462986615638 0.0275923184752 0.0220554985071 0.00449686467643 -0.0141852128844 0.00120252444638 -0.00464532868459 -0.657399723748 -0.0873012186974 -0.0354637917008 -0.0249073389619 -0.0166781507905 -0.000618831293086 -0.0613137220302 0.232640396883 0.185782650939 -0.0249588674091 0.0136508161532 -0.260636972723 0.200532330168 0.0594078115728 0.0225024422531 -0.359734719825 0.00438336941774 0.0099226412713 -0.0830460290736 -0.0139331952429 -0.0139722207908
-0.549508044927 0.00402497395927 0.0143472605032 0.0692994876455 0.0482375010093 0.0181870643319 -0.0115993050801 -0.522993505585 -0.00436323196921 -0.0195816726519 -0.030904333425 0.0554279376549 0.00192369266987 -0.284025055775 0.104524900122 0.0662494583941 0.0816837491155 -0.00280966465811 -0.412585276438 0.11617308289 0.0597319178232 -0.0116939593891 -0.318948644077 0.0438525842399 -0.0145836882709 -0.131001817758 -0.0233931211124 0.0245686015504
-0.551283776528 0.0460645969285 -0.025187685665 0.00336627774786 -0.059104236734 -0.00153736036562 0.00391071289414 -0.63181390814 0.0218661386766 0.0696589426439 0.0341764749592 0.0401769493742 0.00113375959305 -0.0838241994909 0.117442437229 0.05969310404 0.0961450519557 -0.0074082725207 -0.333592498813 0.218984258199 0.0930476196943 -0.010387469406 -0.25495768856 0.077979333495 -0.0126931703534 0.0974593610411 -0.00709944285271 -0.00506053037836
-0.630658450989 0.00747744396052 0.000123352778307 0.0420171712174 -0.131347645078 -0.0360039007574 0.00156832746944 -0.582988015431 -0.014244047005 0.121617282433 -0.00259431558391 0.0115126497998 -0.00451822350325 -0.235800840493 0.12967700876 0.0503184804203 0.0930757977639 -0.000172653520636 -0.243063256746 0.0842443906525 0.0687459365608 -0.00686775688071 -0.212470231161 0.141681336162 0.0111701884352 -0.0824130459412 0.0121163562397 0.00502648371488
-0.371112752902 0.00478139500443 0.115094395188 -0.00765885401395 -0.0746616417653 -0.00656061305908 0.00151477788986 -0.32184056346 -0.0228329329166 -0.05358699038 -0.0241573823866 0.00292630614586 0.000583636769738 -0.406223995441 0.0877290485299 0.0247704520895 0.0102979234664 -0.000972664469649 -0.44688576828 0.00271238571538 0.00165364896671 0.00118766704878 -0.328081143433 0.011420499735 -0.00531348061567 -0.504674003644 -0.00490660917655 0.00956791649937
-0.598398436063 0.0196280610537 0.00493294474169 0.054328470907 0.0164616600495 0.0247336534362 0.00334347039355 -0.58250022658 0.0411599415211 -0.0402912056351 -0.0272219746156 -0.01636414236 -0.00124688914105 -0.10205295496 0.175683165182 0.129816631252 0.03183505235 -0.00231969162244 -0.303606752224 0.256496434559 0.0520560614448 0.00665450507805 -0.26104177051 0.0484397878278 0.00988613012647 0.0579072465927 0.0137044170435 -0.0054408309929
-0.618307538292 0.00114045315537 -0.0277929452759 0.0628529940973 0.0323942226 -0.00990903074862 -0.00353731343856 -0.605095089847 0.0476044598315 0.0117080433562 0.000755050746749 -0.00795835066951 -0.00035477322878 0.023189617134 0.0845999802923 0.0364874472319 0.0320818508572 0.000307992467063 -0.287910983424 0.22661441111 0.0155523606883 -0.0111627315759 -0.25159902528 0.0153725294986 -0.00677737445467 0.186192307037 -0.0168207182861 0.000604918742428
-0.645807998556 0.0317572426575 0.0377083736533 0.0109377401079 -0.113853653305 -0.0258679399378 0.00263199463969 -0.620605780139 0.0836650428225 0.0668339412389 -0.0104974858236 0.0139959553792 5.14058142827e-05 -0.183941184796 0.149423832356 0.095553832654 0.0359159393823 0.000975937977426 -0.210760394268 0.210934961384 0.0362907375604 -0.000654567454183 -0.0242229612799 0.0823689625214 -0.00209347703392 -0.0635868317811 0.00239199425359 -0.0397487666985
-0.393699104278 0.0417556288211 0.0989579102026 -0.0931135896065 -0.0511984069116 -0.00536565326013 0.00675752368056 -0.330156912618 -0.0355123086403 0.0560064181647 0.0131714195565 -0.00999532427586 0.000945485858221 -0.422434819566 0.0656960736437 -0.00465037129843 0.00280719469197 0.00268509324191 -0.192413603937 0.0133926253553 -0.00530328152244 -0.0088428421326 -0.401695692097 0.0105370083119 -0.00368130000854 -0.571650978085 -0.00345528892313 -0.00546736270259
-0.528974066565 0.0687530205361 -0.0749775408492 0.127824465469 0.0791727180957 -0.0382652457955 -0.00162325817415 -0.479073493646 0.00940290678351 -0.0544234094632 -0.0842605295942 -0.0242534438049 -0.00700168771854 -0.26686626903 0.0820154435664 0.0978193939817 0.0767516563268 -0.00180979446213 -0.412806356254 0.139866744629 0.0179602450123 0.00203355313269 -0.277154313185 0.0530408854974 0.00918710427273 -0.286436030202 -0.00111015955329 0.000527133793352
-0.609505097341 0.0149494023667 0.0189108101557 0.149039254042 -0.100051572747 -0.000475052885014 0.00208607786174 -0.589396350567 -0.0327785081047 -0.0642783573306 -0.0831437963021 -0.0266551678586 -0.00134988770053 -0.0123008237323 0.0844822380828 0.0701302576878 0.049333168197 -0.00302073809445 -0.365776346029 0.0597566682853 0.0199267985275 0.00293434014127 -0.283038299754 0.0514409888633 -0.00417059050868 0.0146932587986 -0.000206694558172 0.00816509313828
-0.616135213514 -0.0817823087106 -0.0236350906479 -0.0525028832204 -0.0516701975094 -0.0303711287281 0.00229760516561 -0.625432817126 0.0185095321825 -0.12298786655 -0.0228876030017 -0.00729972175004 0.00742982234961 -0.0798841395038 0.0752413894253 0.165994660041 0.0409659769519 -0.0088191811233 -0.270347550552 0.219152660799 0.0260374772889 -0.00726353315487 -0.169408544764 0.0691993031745 -0.0112202388433 -0.0267136510461 0.00283100430167 -0.0444359128953
-0.339531408075 -0.0455276765657 0.0562775630789 -0.050417531004 -0.0850376331343 -0.0208569412637 0.00204087193092 -0.337897842451 0.0531912401788 -0.0736340218563 -0.0555664210656 -0.00457993698252 -0.0111392652249 -0.458298603033 0.0697530031195 -0.016423665519 -0.00120484079335 -0.00114955329148 -0.250771563731 0.0241801057323 0.000591969495078 0.00174556462535 -0.373917847501 0.00543123229431 0.00166163234319 -0.57016123499 -0.000531512871883 -0.00510736046551