-0.0423645819848 -0.00710802340333 0.0263738517181 -0.194931532069 0.0741428844202 -0.0288948822572 -0.00180638046679 -0.384889890326 -0.431224399614 0.0914049161698 0.407128662003 -0.0690025955889 0.0378838425696 -0.302517826391 0.144505036992 -0.273588789247 0.0728352801675 -0.0275799825517 -0.170807998851 0.159923383317 0.293045369739 0.0256414534948 -0.299204557734 0.0420572203911 0.050484379196 -0.101120910883 -0.000349788609813 -0.00775154482395
-0.422696805674 -0.0887095222576 0.00152482761123 0.0560228102998 0.0519969188193 0.0666744392742 0.00100927210818 -0.629200306515 -0.114448651967 0.078894674272 0.237952245613 0.0369037552353 0.0295830248051 -0.200987034708 -0.0491964980678 -0.030353960873 0.00767401059413 -0.0102674414993 -0.159940724031 0.301724267512 0.14839711088 0.017240348944 -0.347969633254 0.0725469304811 0.0263549420398 0.137020990978 -0.0155142036433 0.0140556838902
-0.415232716888 0.0484923243036 -0.0364296056963 -0.133213334626 0.0160668056612 -0.0407387589159 0.00500929827833 -0.70623734469 -0.0972401502531 0.0773633202771 0.284375326256 0.034547962301 0.0323718587689 -0.196759557859 0.0694144469585 -0.0916270544983 -0.0256259564915 -0.00991445726306 -0.17311498862 0.229926112312 0.13202704715 0.0324163162098 -0.156436389055 0.0125927558757 0.0308319110188 -0.158017798439 0.0278331454557 -0.0395720662852
-0.347081711866 0.014262516979 0.0956039481587 -0.0362350470048 0.0649590308874 -0.0136801571629 -0.00621507047003 -0.372068380046 -0.107791905682 0.0624956712323 0.0860156757622 -0.0546067197317 -0.0119622429694 -0.30632389606 0.162789395047 -0.0460161283175 0.0932677726441 0.00123612115305 -0.162337066326 -0.187932837871 0.131697614537 0.00163570599795 -0.682143196623 -0.0352719372971 -0.00206403062463 -0.151936215501 0.00978708617055 0.00540602608478
-0.298766566938 -0.00668794638953 -0.0726219194636 -0.00242782587368 0.0349075714825 0.0310910993795 -0.000919863492492 -0.369925040601 -0.113713933123 0.141761716496 -0.0788102192861 -0.0110534755267 -0.00673094198654 -0.42834015014 0.0946300064807 0.0642976192144 0.108043274907 -0.0038214095174 -0.304668501421 -0.0789865619505 0.0515120267542 -0.00271923168263 -0.549438476081 -0.0269179267156 -0.00498732193138 -0.33803117269 -0.00528739262941 -0.00880824887258
-0.273547972613 -0.00256649610584 0.0200155468558 -0.016381577285 0.011423729785 0.0139266318595 -0.00423219022834 -0.48196964087 0.0291337177021 0.072335657075 0.0843448029839 0.0191780889933 0.00530462980788 -0.556053427861 0.0658122078259 0.111906154581 -0.0397699661212 0.00138397691285 -0.251180432345 0.213863761951 0.0231985985026 0.0174080748963 -0.285658943087 0.0195152899147 0.014863828063 -0.397936261172 -0.00140176863274 -0.0201455875648
-0.545539947407 -0.0953340926086 0.00311875956703 0.0630853130827 0.0211599610815 0.02304885293 8.82805259323e-05 -0.576752438026 -0.0257987722812 0.0155680755065 0.0864457554206 0.0335795955317 0.00579857636347 -0.22773408943 -0.0876314259298 0.0661563780938 -0.00499382717673 -0.0011454714549 -0.145194837015 0.347973054675 0.0862021616653 0.00813114863696 -0.355049966995 0.0696175249424 0.00437115216286 0.0398297181934 -0.0045238443707 -0.00138629917154
-0.450061178031 0.0104618187037 0.0461991742833 -0.0541877323718 0.0328928372994 -0.0311053148211 -0.0186694396698 -0.619097714052 0.0601701082546 0.0326258879838 0.142228198893 -0.0023336064109 0.0107776013816 -0.305081600545 -0.112922259569 0.100098240155 -0.034359494284 -0.00246543562644 -0.22461192356 0.283127679169 0.0863858637505 0.0290155838778 -0.317391103654 0.0240235055172 0.0157821690657 -0.151917442443 0.0116435171425 -0.0286862640458
-0.28845759261 0.0383363854393 -0.0368337795165 0.0209910915426 -0.0413356023905 0.00217874978775 0.00474946541043 -0.379419185547 0.0516385649433 0.0189874975976 0.0676797069533 -0.0141834806793 0.00959986161898 -0.635331724987 0.083391730912 0.134740009193 0.00513361362678 0.00696250312173 -0.274300044342 0.234333768806 0.0300853687597 0.0175225129729 -0.248188899565 0.0193952680315 0.021116013483 -0.367683904422 -0.00996113346529 -0.044984926609
-0.574551452136 -0.0354759390415 0.022402193518 0.0956031584823 0.00668090854758 0.04443665919 -0.00543418160932 -0.633412384742 -0.0857858097965 0.0507147632848 0.138994759126 0.0144685644403 0.00981324968095 -0.0722262241457 0.0109128101377 -0.031599980286 0.017711121301 0.00473042924787 -0.210139372894 0.0310426050538 0.0755420101941 -0.0214993306402 -0.399596849727 0.0297285132834 -0.0145291915552 0.081410370476 -0.0205367315015 0.0197630150577
-0.583925351118 -0.0226108119356 0.0321663988354 -0.0702595812498 0.0505523348329 0.00701360197376 0.00379425423781 -0.590210283493 -0.00614378245494 -0.0369347959292 0.0607706105931 -0.0319946043109 0.0212625070383 -0.155234783237 0.0377437878853 0.0446209191443 0.066223809995 -0.00211687668534 -0.26030064648 -0.0561382393825 0.0482028073957 -0.0130833548098 -0.386504093094 -0.00171164207045 -0.00173420334752 0.196756050703 -0.0224714558688 0.0330967929191
-0.612207345725 0.0296331433424 -0.0323486920632 -0.115988203157 0.0404800171276 -0.0340996077721 -0.000484373596043 -0.622122785694 -0.0824629459668 0.0349381688966 0.104175162795 0.00614766867719 0.000486490174439 -0.15829768394 -0.0449258793219 -0.0404377218694 -0.0221840075798 -0.000933538821155 -0.112034107923 0.124409995137 0.0767043361833 0.00164828278963 -0.369401074657 0.014217998331 -0.0117906295905 0.0245285267086 0.0215386345042 -0.0095013040607
-0.430743045376 0.0481500670226 -0.00700055711982 -0.0303138373889 -0.0387814692635 -0.00971906640736 -0.00107441313978 -0.78070531093 -0.111646170341 0.0240988243409 0.14655815741 0.00769254876749 -0.00122379027623 -0.0875835065954 0.10750603582 -0.0725813462802 0.0207468757951 -0.0104640674918 -0.337803047759 0.0493074097544 0.00944390915555 -0.0101796766315 -0.091003517358 -0.0405884764459 -0.0218101937368 -0.113708798857 0.0118165901675 -0.0155779367368
-0.629249046004 0.0714202831818 0.0512953468978 0.0786406812341 -0.0385132988345 0.0274580514407 -0.00325165515348 -0.513492738092 -0.0328762487492 -0.0268874671149 0.0390543749987 -0.00754044742002 -0.0149639723264 -0.181175792997 0.145118901196 -0.0149433538687 0.0794663952196 0.00420967683219 -0.10465608037 -0.130944818921 0.103247225849 -7.98778294893e-05 -0.469890152106 -0.0179513709981 -0.00239955044418 0.000933681514638 0.0107393476684 0.0125027105904
-0.630177537087 -0.052893787201 -0.0213223493056 -0.0852304739604 0.0980455282118 -0.0111586237812 -0.00540596318252 -0.466069868293 -0.0580550396858 -0.00362277789002 0.0105302739312 -0.0020532389184 -0.00595417739565 -0.221656161252 0.190034270826 -0.0235021905963 0.0417261570372 0.00321469606568 -0.114636428948 -0.161680667726 0.0902220166088 -0.00172984375368 -0.469644427925 -0.0241037000721 -0.00116010625089 -0.0752491969579 0.000833423484769 -0.00728276149074
-0.45100857857 0.0201092186794 0.0248602344604 -0.0372899075564 -0.0135888341325 0.0508082605938 -0.00258268724808 -0.509250810694 -0.126679223724 0.00537935601907 0.0421267269501 -0.0177260153563 -0.0122691360496 -0.374775262753 0.131291600669 0.0186108234879 0.0952267576806 0.00420994601769 -0.240943717426 -0.0204860340884 0.0500918505291 0.00552509078346 -0.479175836462 -0.0142003547388 -0.00514682385191 -0.236087982725 -0.00228952260304 -0.00576844918944
-0.445808837974 -0.0102578064522 -0.0401557728093 0.00022653820034 0.0342838070159 -0.0322202563979 0.00481122564154 -0.53466808571 -0.139373216947 0.056187370131 -0.0545216237156 0.0312432386274 -0.00489559627908 -0.331510420142 0.111855818457 0.0924885463847 0.0808762290135 -0.00533614870147 -0.355043585581 -0.0246628309446 0.0465344860121 -0.00917457608532 -0.384289409293 -0.0197909232362 -0.00787408983865 -0.264841256085 -0.00182473018392 -0.0122848609277
-0.505382614489 0.0123188159497 0.0876850002581 0.0523150227109 -0.0146707759577 0.0183944540819 -0.000772156909103 -0.449362689751 -0.0334157725369 0.0297019192667 0.0483201188441 -0.0207813936119 0.00479257429711 -0.305390720225 0.0516697696129 -0.0137133956173 0.0701475757104 -0.00508828310085 -0.161418268691 -0.116897489343 0.083338775367 -0.000300092949934 -0.515484165782 -0.00517290313231 6.9926424801e-05 -0.336489416313 0.000345296691267 0.00561216746905
-0.470650624489 0.0165354151723 -0.00390363265754 -0.0456549314181 0.096630947637 -0.00320502185604 -0.00374634355198 -0.461262917426 -0.0123211595958 0.0836465364663 0.0414436410038 -0.028664932955 0.00230596291283 -0.364514445654 0.0269801661188 -0.0415678548881 0.0632961295217 -0.00491641420982 -0.183632650262 -0.0991250681654 0.0975634639523 0.00390907528387 -0.526526658557 -0.0250634977951 0.00110557364033 -0.271954926346 0.00592933721026 0.00208248842457
-0.385009574606 0.028263519809 -0.0284861452466 -0.0526790050572 -0.044054117562 -0.00641294040128 -0.000344487910628 -0.407838085094 0.0350332250921 0.0702327142345 0.0137583065053 0.0428459903247 0.00556633798122 -0.395522031853 0.0345019093187 -0.0164996612731 0.0040055891441 -0.00345449180933 -0.208928358455 -0.0806824223143 0.0375296077044 -0.00346705182164 -0.506782641191 -0.00461070685833 0.00407695948502 -0.452179292971 0.0008901955988 -0.00306964676076
-0.441010965133 -0.0182727266712 -0.0613374198014 0.0202113770502 -0.0036563785716 0.0199404152676 0.000533399558297 -0.502302013663 -0.0343679506845 0.0875052633384 -0.0939909951745 -0.00710820642895 0.00803039036934 -0.292467502064 0.0388310117231 0.00660106601504 0.0948436962681 -0.0101496236966 -0.267230125236 -0.105806696994 0.0369524464779 0.00117025377045 -0.563361425765 -0.00565881638478 -0.00480728196121 -0.180951467868 -0.0108189010255 -0.00677194736742