-0.00648514101538 -0.0172539242664 -0.00385952163767 -0.0526446629746 0.0895795180707 0.0209719071794 -0.00868788827726 -0.0841433289196 -0.210505467882 -0.114345874678 0.253954300715 0.0486428646951 -0.0700093115494 -0.0705077191515 0.0278098509527 0.200157336458 -0.0274441416348 0.02968926014 -0.37277531498 0.650294162409 -0.211021197323 -0.0437391122508 -0.419332875012 -0.123576786402 -0.0184543484511 -0.0676902116291 -0.0166970316946 -0.00802123883975
-0.441286569192 -0.0188576190078 -0.0373688434809 -0.0167463594407 -0.125313676481 0.0552511292791 -0.00447378960621 -0.481337479901 -0.156796869623 0.00796556597894 0.069797374167 0.0986967193384 -0.0416314227717 -0.115053702573 -0.00690543760951 0.105030401451 -0.026680567223 0.0239452527231 -0.266626170036 0.469008428181 -0.102366481166 -0.0337522541304 -0.412793256541 -0.0523593072748 -0.0114338022998 -0.0922512498711 -0.0189319957017 -0.0368740431924
-0.503360805056 -0.0284948078556 0.0515044721498 0.0643135924456 0.105737629092 -0.0603534972642 -0.00272941697849 -0.517841903908 -0.116380390984 0.0575510816306 0.152594091484 0.060014587003 -0.0171556269553 0.0406645128108 0.0181718655992 0.13095952273 -0.0312987520754 0.0237727449117 -0.178344794308 0.403429528967 -0.127294438618 -0.0367106466576 -0.39387095533 -0.0890725164115 -0.0214721744852 0.123303397682 -0.0111108079378 -0.0186957612218
-0.630688983838 0.0503675559276 -0.0394626866255 -0.0930227314327 -0.200838088096 0.00883624501276 -0.0145526955619 -0.518420870243 -0.0541076714293 -0.0101872792585 0.12261622034 0.0306198488084 -0.015543500232 0.0734615183861 -0.0166277026507 0.11794772813 0.0339392231166 0.00472763843914 -0.215824627783 0.362162698244 -0.121305426399 -0.0232857634681 -0.192360338986 -0.0105738981251 0.00433399598887 -0.0995330467503 -0.00588053130936 -0.00445726122158
-0.463373110381 -0.00935274674564 0.077960903644 0.0433685546465 0.151373518634 -0.0196936713155 -0.00925627382985 -0.414012618728 -0.0195943135625 -0.100278433684 0.0980496484396 0.0209399843397 -0.0204117846116 -0.344688353139 0.0578843862589 0.0871587487461 0.019469791124 0.00259358995921 -0.36675175676 0.237500587142 -0.10677824063 -0.00112071797 -0.372610737836 -0.130388788296 -0.0022430372346 -0.268861447425 -0.00270590765935 0.0306352121144
-0.300508730924 0.00486018196774 -0.0276316973419 0.0162375543242 -0.0286686802725 -0.00857440335403 0.00542920801941 -0.46842324761 -0.0441837792288 0.0122776859109 0.116269960885 0.0186718132266 -0.00141559401609 -0.520920886246 -0.0283394695801 -0.115291957553 -0.0570742468767 0.00304241396307 -0.135345206804 0.244502608222 -0.0207294872366 -0.0248120161188 -0.324894770859 -0.0188285615759 -0.0126746061794 -0.443753583501 0.00620869003735 -0.0378519912026
-0.419498960822 0.00971914774607 -0.0188175136658 -0.00389021287485 -0.0259929484268 0.0262796708188 -0.00747497655744 -0.60408665937 -0.0897765671894 0.0376047919469 0.101122359447 0.0410057458657 -0.0114011120497 -0.24208310444 -0.0446461961145 0.01222282358 -0.0599618029693 0.0117490689066 -0.172470856215 0.313993531961 -0.0467520611144 -0.0320147856153 -0.366921016581 0.00963571594142 -0.0192633732182 -0.319226074276 0.00290233300718 -0.0516245479111
-0.536557909328 0.00899121627018 0.0161015306095 -0.0045943119108 0.00152798507287 0.00344252041383 -0.000616434318787 -0.645427105457 -0.0645608364692 0.0386135353409 -0.0290786299681 0.0597686612343 -0.0219124978879 0.0482575542852 0.0296983539397 0.0376624510763 -0.0415920350484 0.0182672013069 -0.126903905287 0.265169776751 -0.0704509956289 -0.0172316808782 -0.400080699725 -0.0294755648334 -0.00284669706574 0.1516761351 -0.0158433205766 -0.0450078438034
-0.477555401668 -0.00557223326796 0.0229611875961 -0.00147922291595 0.0474099806787 -0.0142269224693 0.0065989936411 -0.57651695189 -0.078711645299 0.0499815562366 0.0477251368021 0.0518248400058 -0.0159174996818 -0.230291220437 -0.0253923420113 0.000878073499496 -0.0543818625589 0.0143435632999 -0.189677364865 0.334461856952 -0.0563885802225 -0.0435032470924 -0.414836026647 -0.0119705531736 -0.0339460758169 -0.192155056136 -0.00235575844297 -0.0503344133707
-0.507133531065 -0.0222133206046 -0.0237368739311 -0.0165809805328 -0.0525536383079 0.0198277137713 -0.00371727346821 -0.549479785028 -0.0435469631319 -0.131875838587 0.058713623491 0.00966118194977 0.00133072329172 -0.216586112025 0.0467485705931 0.119502371786 0.00766385349221 -9.13543554754e-05 -0.384501646867 0.223057098153 -0.0706238638051 -0.00103000047769 -0.305282714329 -0.0461061190342 0.00240283229718 -0.228488539676 0.000874888482441 0.000872968495907
-0.5614551462 -0.061959213257 0.007218865927 -0.0346191815918 -0.0461284930663 0.0105090102871 0.00835388546327 -0.652502186545 -0.0156589353487 -0.0500076413687 -0.101553957476 -0.0144849733223 -0.000800962052256 0.0779366394365 0.035154157216 0.0874643620078 0.0319287224221 -0.000558819766048 -0.173194588078 0.276261121403 -0.0987887604224 -0.00403001889007 -0.304350344492 -0.0271790027108 0.00162032143995 0.11351937056 -0.00270689940776 -0.00236855442684
-0.625412814367 -0.0587596101622 0.0205510983762 0.00131739720807 0.0629158691731 -0.0212338414688 -0.00486697587626 -0.658980270174 0.000125925499504 0.00372238206856 0.103940967641 -0.0113742290923 0.00651148210007 0.0986884140541 0.01972922599 0.116111076749 0.0306416785942 0.00415861767537 -0.0719032944081 0.214098779589 -0.0865417522023 -0.0202510392681 -0.197487790554 -0.078339260089 -0.00952400360228 0.162531724114 0.00658972515866 0.0118725126266
-0.588256211484 -0.0658278617249 0.0210617586888 0.0596341529425 0.043510937538 -0.0247339762815 0.00100652562907 -0.58944990224 -0.015294369228 0.00804147160934 0.111253172309 -0.0109134178368 0.0056886708385 -0.0631713308897 0.060870893981 0.16701856721 0.0148466410503 0.00244121334378 -0.274026687456 0.242153763875 -0.0973260579606 0.0076374152862 -0.301553158301 -0.0563324379013 0.0053318789745 -0.0967777188029 -0.0133310440411 0.00894723935472
-0.712978762066 -0.0274667330289 0.0172581735213 -0.0500846985227 -0.117356310837 -0.00377700837137 -0.00347014856056 -0.515444658938 -0.00477888512462 -0.0453156609691 0.0129115828798 -0.00839977425782 0.00250141148594 -0.118233492725 -0.0170180230262 -0.0224161254538 -0.0302117850832 -0.00413430589445 -0.224785868706 0.309758602123 -0.0542581606067 0.00798751399659 -0.160055922625 -0.0238950392739 0.0112718257217 -0.121378484005 -0.00786414440857 -0.000482337585612
-0.474303483031 0.0111589764569 0.0050232324754 0.0386899771622 0.0459439508489 -0.00906453580452 0.00228755695341 -0.474107797952 -0.00929074222851 -0.0376292424423 -0.0332963544582 -0.0156289409613 0.00939263241419 0.121213996784 -0.00957769933254 0.0704696721919 0.0127109580679 0.00334463909027 -0.242023715167 0.057060477008 -0.0669356573492 -0.0174352363859 -0.67443419078 0.00017034314472 -0.015745874473 0.0418272805434 -0.00173030556852 -0.00828734605538
-0.716230632452 0.00275471276512 -0.000539342956884 0.0609290064023 0.114598234017 -0.00524681279009 0.00462039450949 -0.532891693686 -0.0190742063648 -0.0430466127102 0.0338872896028 -0.00187013260846 -0.00472331592201 -0.0667048270408 0.0232112933853 0.0579366511828 0.00343274872155 0.0047109027784 -0.242150202562 0.261583479757 -0.0987941121429 -0.00203732991555 -0.17044683282 -0.0893074844158 0.010344089255 -0.013449495353 -0.00190283851861 0.0148937047062
-0.371683883161 0.0282226082153 0.0637818761664 0.0310539492407 0.0409657614137 0.00794407047882 -0.00891445883699 -0.410054957268 -0.0875237797373 -0.0658911105985 -0.0214716647552 0.0486091908823 -0.000506312011629 -0.48903951798 0.0198673163013 -0.0715195299111 -0.0180776063433 -0.00198845076132 -0.280372018381 0.022979750415 -0.0328880220433 -0.00233730549377 -0.453498619881 -0.0271024664799 -0.000509391992799 -0.373416387781 -0.00277487944635 0.0127667473268
-0.669981904196 0.0437142011118 -0.00495842463824 0.0236726219275 -0.116622782266 -0.0177725641989 -0.0179251124277 -0.634286775865 0.0247307199223 0.00971869241314 0.0635527164352 0.0397903272535 -0.00704071449115 -0.158280250739 0.00428977055726 0.0514229254374 0.000694547700007 0.0105823599559 -0.0501663083765 0.15242766009 -0.0448523928168 -0.0253707421085 -0.162061743149 -0.0209706894426 0.0109342264776 -0.206157828817 -0.0110397045072 0.00351805346251
-0.566327083185 -0.00656429183567 0.0152376157515 -0.0637810643184 0.00637318464481 0.0153137863961 -0.000358677213447 -0.736612809432 0.024839685192 -0.0185764042343 0.162144436618 0.0110053305612 -0.00451483315488 0.0160314788799 -0.0152863617115 0.125187828644 0.082937008655 -0.000462644768666 -0.16911619182 0.138395420999 -0.0847264399628 -0.0204852996274 -0.147435741671 -0.0094866132499 -0.0167575370386 -0.0634833117569 0.00432333682161 -0.010586431489
-0.584475942259 -0.0678190823218 0.0545939300922 0.0213248231366 0.0777064518311 -0.0130189366487 0.00598332530167 -0.594092155027 0.0756430252329 -0.00700169956473 0.0788199544784 -0.00350761305082 -0.0095183715585 -0.241347757048 0.0457989269608 0.111999197783 0.0476523347062 0.00120256665551 -0.251579973636 0.115010635411 -0.0346028297861 -0.00388413650832 -0.261763026678 -0.0529512065078 -0.00413555842979 -0.233561145017 0.000352488882004 0.0170685016111
-0.429477355393 -0.0101286123507 0.0577966826198 -0.020904928469 0.0259999876006 0.00418573542987 -0.00547527140366 -0.426257421369 0.0498730707737 -0.0123307987755 0.0178299216583 0.00178890828199 -0.0035901443037 -0.468805896778 0.0116817511799 -0.101409563283 0.00791857014796 -0.00064507817304 -0.273887125719 0.00252245764271 -0.00279555216887 -0.000626512966916 -0.471468216368 -0.0320473859485 -0.00521619340847 -0.312008141345 -0.0035122263454 0.0169636889195