-0.0046691726695 -0.00205419355144 0.0621294711743 -0.0339259458494 -0.00928265946602 -0.0212947674845 -0.00788551011826 -0.191633614293 0.238943942605 0.360146681329 0.0924965009493 0.0162249581713 -0.0485308184175 -0.188822163743 -0.0311458404507 0.397184416062 -0.0515579525311 0.00333954097728 -0.340993954733 0.529467059525 0.011209625736 -0.0229163390235 -0.394304940919 -0.0980532575608 -0.00785924115249 -0.0119848622369 -0.00676537656567 -0.00315883656764
-0.542461241549 0.0200610396859 -0.0620019507916 -0.112950052186 -0.0967036885095 0.00446710997004 0.00163242808128 -0.634082499953 -0.0353870776964 0.223029150665 -0.113112976251 0.106976542624 -0.0462102742988 -0.0770832049772 -0.0543409992952 0.18305499857 0.0291156022279 0.0131886827124 -0.230264315437 0.191011411504 0.0426306619323 -0.0100216909088 -0.239791712333 -0.0489533072135 -0.0087582125679 0.0609475087402 0.00442521825972 -0.0370221428169
-0.509857385531 -0.0359646693631 0.0594961705031 0.106160307488 0.0538813095525 -0.023884903937 0.00166617701319 -0.601541044655 -0.0552033073722 0.240112767464 -0.0473480022868 0.0882570503898 -0.0306536376191 -0.0907595148545 -0.0215546066991 0.237567067208 0.0180285505236 0.00937954885346 -0.227161198036 0.303242146087 -0.0201598538143 -0.0312784246266 -0.25160899579 -0.0852056361682 -0.00343439685204 0.0726802072128 -0.00342057610424 0.0239372664516
-0.447389762264 0.00963046779778 0.0283816147317 -0.0210757783712 0.0310022183498 0.0492418653734 -0.000145246338295 -0.484033886302 0.0722552718072 0.034663854182 -0.127330220493 -0.0649576950929 -0.00592940497354 -0.302989357978 -0.104194672954 0.1271553657 -0.0886197687374 0.00144943603456 -0.359075623431 0.322982613592 -0.0119301951606 0.0101319102935 -0.39974184831 -0.0375359005918 0.00344581279629 -0.110905701221 -0.0121936222119 -0.00953225616511
-0.464326295817 0.000381306763001 0.0804811093415 0.0945446575058 0.0558166376124 -0.0535417107273 0.00325382990266 -0.439235730638 0.0527197003936 0.00916340064682 -0.096348399066 -0.0348725040472 -0.00635742834836 -0.32308324258 -0.108294307533 0.150290798346 -0.104022599091 -0.00214044820051 -0.377212682826 0.242056073733 -0.0164610171952 0.00184878711453 -0.427742486127 -0.0308521871241 0.00686092107942 -0.14816910479 -0.00587851329833 0.00567246615026
-0.595589624641 0.0144640189633 -0.0284856432336 -0.063341599576 -0.0143461067374 0.0241297119804 0.00897120616989 -0.637841294535 -0.0482955144347 0.0816897080851 0.0049627838131 0.0486063818796 -0.0403496348525 -0.128618900626 0.0328018960031 0.0983032033045 0.0371666659403 0.0174508897847 -0.231434770717 0.100527457768 0.000185464915894 -0.00505895311644 -0.318334667133 -0.00791176834496 -0.00315395178338 -0.149637970434 -0.0231010341224 -0.0501282914057
-0.565335829008 0.0307970902476 0.0226649078844 0.00128180468071 -0.0728153810413 -0.0482831942987 0.000214305321258 -0.665571624385 -0.103189416658 0.090109827851 0.00321239169747 0.0622572771687 -0.0313530305316 -0.195617308069 0.00421167421679 0.0440526312173 0.032031154756 0.0300032914696 -0.243501440756 0.060528289825 0.0231454724697 0.000216946513782 -0.298768059804 -0.0358126592092 0.00110416910919 -0.0881103704095 -0.00161438546428 -0.0268372330676
-0.56744860731 -0.0317943025679 0.0103129160395 0.0195420247289 -0.0215558046494 0.0494656416273 0.00555688460994 -0.644453594074 -0.0375184946324 0.0673186133182 -0.0619397691437 0.0710058145351 -0.0363707636274 -0.181042043825 -0.00586856257838 0.0932159462024 0.0187886844693 0.0183768409196 -0.219115876332 0.0925133561481 -0.0124262810518 -0.0269253195261 -0.362924855427 -0.0630742450927 -0.00836018297746 -0.0787945226877 0.00769630739911 -0.0207008766244
-0.659305034142 -0.00354240255219 0.0165315535423 0.0442929399409 0.0946358926232 -0.0433739003442 -0.0154608774912 -0.592774937363 -0.0239561583391 0.0751888481258 -0.0202927134097 0.0264333995703 -0.0215880503471 -0.0881172477224 0.0410347841322 0.123211359999 0.0432129721172 0.0103467642943 -0.254289414838 0.176765734865 -0.0173719707677 -0.0159908488414 -0.255246143814 -0.0579926980382 0.0136394558172 0.0154894423755 -0.00874222087998 0.0268349998029
-0.662992379648 0.0385287930121 -0.0499151805707 -0.0246372902023 -0.0553020222796 0.0378074325147 0.0152204525376 -0.664032821125 0.0177710841027 0.0812197473521 0.0427140132145 0.0206915283595 -0.00582049702183 -0.0148066989271 -0.123921294822 0.10325728757 -0.00911059345372 -0.00478648999514 -0.139245072489 0.159923701425 -0.0348622881433 -0.005989874027 -0.132419876326 -0.0400659363209 -0.0102849524083 0.0844954558557 0.00384762163942 -0.0451671634137
-0.642161613971 -0.000195677219482 0.0121818889079 -0.00953566929621 -0.0336465013396 -0.0043857534325 -0.0268662590341 -0.652551654558 -0.000922414749406 0.0414170891373 0.0111208458609 -0.0125893030954 -0.0259351702319 -0.00617767129955 -0.0466355819124 0.120874287348 0.0460315429779 -0.00475604884153 -0.264251514655 0.160684573609 0.0216793570012 -0.0156183319308 -0.171956103054 0.0436909651105 -0.00930558108363 0.0960031153489 0.0230373776001 0.0195473600496
-0.629184059609 0.0195470222923 -0.0224533034474 -0.0375248504756 -0.00843522278694 0.00544385396781 0.0256951398884 -0.661945636208 0.00641499403087 0.0919945332927 0.00486940892397 0.00332215824382 -0.0101427300219 0.0120012607675 -0.0851888639143 0.100881900128 0.0586505524324 0.00247505420232 -0.242362611679 0.14247441953 0.00687217162624 -0.0195465976098 -0.191077437125 0.0218075473799 0.00060519259227 0.127102685642 0.00240540272955 0.0248718285995
-0.567157341285 -0.0524175446824 0.0540731358669 0.0375380604729 -0.0116718449106 -0.042121279758 0.00108950408324 -0.71512457117 0.00427596282558 0.0822275852739 0.0972763306365 -0.00165470918665 -0.00536042812308 -0.113963955798 -0.0142647512507 0.147633388996 -0.0164919626318 -0.00553587534934 -0.144259204823 0.222677487689 -0.0453832486343 -0.00474167693014 -0.179201541605 -0.0234968580474 -0.0146650793269 -0.0254240126098 -0.00154298972312 0.0191471046589
-0.6109387547 -0.00397289760571 -0.0474418066585 0.0176094437458 -0.00251725945528 0.0267969669879 -0.00155704415835 -0.629417324598 0.00133322439298 0.0816106678357 -0.0366934751576 -0.0158760217705 0.00367176670977 -0.167618104124 -0.0485125048412 0.0890891864019 -0.0645400937032 -0.00564575029389 -0.200513325679 0.230950011495 -0.0412438245957 0.00132792488661 -0.278636265879 -0.0537162989655 -0.0134037015221 -0.0180859545011 -2.03973153693e-06 -0.0122494188875
-0.59295885534 0.0645440033039 -0.0235485341985 -0.0691553040726 -0.00955098395901 0.0117991331132 0.00688348743929 -0.686852711898 0.059173153328 0.0942338215433 0.0495822714051 -0.0204221265792 0.00292841773861 -0.0863015359065 -0.0684115219303 0.10706412012 -0.0615842719503 0.0109564737092 -0.17955399403 0.180217669657 -0.0154686460691 0.0104769834544 -0.236075294495 -0.048853335419 0.00600368469327 0.0110825889036 -0.0266762045218 0.00525687015241
-0.623002054811 -0.025746727765 0.0230710184569 0.0444168441959 0.0248668386219 -0.0101822612187 -0.00348514569448 -0.642871351872 0.0454146079107 0.0327949864016 0.0191926824265 -0.029039503656 0.00275362814336 -0.0787703988514 -0.0685165941488 0.11533946472 -0.072720157863 0.00380854773378 -0.249770142007 0.209416471456 -0.0102830066642 -0.00243884189992 -0.226898255747 -0.0319640295015 0.00170030291333 0.0431238590169 -0.00401767359519 0.00921521962036
-0.479546088866 -0.0148198490243 -0.0127960471019 0.015313945064 -0.0631930810555 -0.0195690805316 0.0061327695639 -0.497196532142 -0.0455387450574 -0.0130493255683 -0.07665577922 0.0218404875339 0.00403707310177 -0.459343376154 -0.145404699552 -0.0523733543959 -0.0247918499219 0.00175705706371 -0.226992761644 0.126575951411 0.0108522230724 0.00397252797934 -0.396643115942 0.0219853545762 0.000561970085188 -0.219412867741 -0.00706100138889 0.00206955504282
-0.539143739656 -0.000713215806414 0.00320274023625 0.0343006911843 -0.0452380019798 0.027409481053 -0.00174139993249 -0.588898941941 0.0379430595844 -0.0353418131757 -0.0733668665469 -0.0368419088519 -0.00813583024487 -0.27228552936 -0.0717662824283 0.0553039254447 -0.0279487045824 0.00240912433939 -0.321412065001 0.201132632765 0.0284613314396 0.0118496892116 -0.306172366067 0.00142664182565 0.00629482253591 -0.164911032792 -0.00115902871592 -0.0145974689453
-0.499728065996 -0.00431285688449 -0.0322788997011 -0.0658745107094 0.0338334846212 0.0142063632516 0.00164601844539 -0.676959484218 -0.0308531880586 -0.0318808531112 -0.162192057948 -0.0204714067837 -0.000874135233779 -0.297653724001 -0.0791392306507 0.0410494754096 -0.0314613074952 -0.000901177573197 -0.232588119695 0.176537179062 0.0132788258833 0.00254784118068 -0.228467102119 0.00018901592464 -0.00116961641826 -0.146134972007 -0.00275598751702 -0.00325146888392
-0.56266816994 0.00737054525754 0.0246712530204 0.000626687034128 0.0134717048313 -0.0141041061418 0.00213834071679 -0.611691878966 0.00738990617589 0.0590806421148 -0.103707931385 0.00313644758514 -0.00356436099503 -0.274121940006 -0.0505329130092 0.109705861836 -0.0286792820673 -0.00469017376311 -0.279013268683 0.124250746774 -0.013983485355 0.00387452195842 -0.303232953059 -0.00501871582326 0.00519564060311 -0.133163151604 -0.00485923247268 0.00585310147082
-0.553735306187 0.00336139617797 0.00570935814801 0.0818208175595 0.023309767184 -0.0227850361238 -0.000554011912902 -0.570477192388 -0.0551557763523 0.0361116807261 -0.0797467325764 0.0093160307256 -0.00295587958669 -0.307025324643 -0.0691481707097 0.0932014281131 -0.0512867810574 -0.00485032414771 -0.28940694246 0.119299747778 -0.00546406665993 0.000353727485814 -0.325462306274 -0.0163690975144 0.00696214701694 -0.186211280192 -0.00282147684718 0.000666104345484