-0.012137272282 0.0489771903319 0.0397902352491 -0.0274528890822 -0.0850050216456 0.0271544883936 0.00422765278153 -0.261632229001 -0.122839161231 0.300223609122 0.315258338255 0.0683958729436 0.00659294069504 -0.0534444056043 -0.107724826157 0.0607363328752 -0.139725151813 -0.00106376453302 -0.4255988092 0.523594919079 -0.0760514664692 0.00482938715739 -0.436580011778 -0.131167677229 0.0105004283207 -0.0515853950047 0.00241460111014 -0.00029489734711
-0.301311543358 0.00534773895436 0.0157150408465 -0.0352201107064 -0.0607404088318 0.0415326151509 0.000114135634752 -0.364294807144 -0.0761408069113 0.0919861887404 0.0753783562724 0.0973211496296 -0.00370768709109 -0.0743839624713 0.0374782519691 0.0478103792446 -0.0690988908095 -0.00261999922661 -0.743328637214 0.226723346572 -0.0210974999899 -0.00126131138367 -0.338285198877 -0.0569026710562 -0.000490341396983 -0.0635226300874 0.00567282931172 0.00306825251043
-0.264793630732 0.0202088744385 0.0201231889627 -0.0129574525017 0.00144523041005 -0.0184820422774 -0.00169211333795 -0.399854976819 -0.0736889561597 0.124825585806 0.0984775077397 0.0938819577081 0.00654138331807 0.0261444638144 0.0200103912889 0.044303189041 -0.0712804840887 -0.00363421300012 -0.757148456671 0.247242978577 0.00774478343225 0.00217410044292 -0.289162694424 -0.018224709527 0.00360794032171 0.0502976528315 0.00284239663629 -0.000246653830646
-0.381566284326 0.0982875170159 0.012005193848 -0.0613814857508 -0.0329328592473 0.0433988890228 0.00457965737939 -0.71235660434 -0.00835254366891 0.23143797984 0.155105160273 -0.0496292248443 0.00630082932843 -0.12814762046 -0.127597570307 0.0380456233212 -0.0664640489764 0.00557527841374 -0.145175245569 0.314518692298 -0.0392433309036 0.00461623472108 -0.223005754805 -0.101817377983 0.0110237236552 -0.172620087375 -0.00451033842767 0.00205364775491
-0.40079314622 -0.0833676366543 0.0317971686923 0.0412835000993 0.0554793039012 -0.0402851636729 0.00378650317547 -0.690990531939 -0.00238599111603 0.237334558102 0.146999574978 -0.057923288376 0.00610720274493 -0.0159611005927 -0.0875520031477 0.0372141667042 -0.0746152340061 0.00291435715527 -0.197033062708 0.336041927527 -0.0392861036694 0.00264433185743 -0.286949268101 -0.106028952375 0.00519537061291 -0.0658164725525 -0.0023950758034 -0.00757984271939
-0.342667478949 -0.0120441005015 0.0524630976395 0.00320002290376 0.0185268563194 0.00563304403429 0.000761935646495 -0.369500332872 0.0161792416979 0.0433851755565 0.0664779094403 -0.0125170675571 -0.000719850411191 -0.427671504705 0.0435012134954 0.00571830651307 -0.00753479695633 0.00120649745734 -0.513392306712 0.112184486006 -0.00463404880213 -0.000798653704222 -0.272058572193 -0.00793117525305 -9.52825969453e-05 -0.448142819442 0.0047100719786 0.00681460834054
-0.352633618642 -0.00765718506081 0.0721615778882 0.0206783674565 0.0197357797261 -0.00702874292496 -0.000502820030649 -0.363323695711 -0.024991666835 0.0319085760744 0.068353060694 0.000317139485098 -0.000294922825418 -0.423204330298 0.063265586135 0.00549149740478 -0.0277852200263 -0.000431995087417 -0.511479044651 0.113910579706 -0.0111794734063 -0.00151782504926 -0.260830774721 -0.0053248822814 -0.00108046877813 -0.452215171159 0.00299044900057 0.00272740976172
-0.339836133723 0.0176921868577 0.00843756221754 -0.0215953562832 -0.00752981279735 0.0227934623675 -0.00153095384432 -0.462584920105 0.00829505169081 0.0643913193796 0.103054140408 -0.0161141613193 0.00101118488024 -0.481044946423 0.049755672274 0.0261576808371 -0.0405983024032 -0.000846159901942 -0.493584484543 0.160842792971 -0.0113218798873 -0.0003515506488 -0.190670372459 0.00540184297128 0.00091549332598 -0.334296304987 -0.00433621060366 0.00247654582318
-0.333511479988 -0.00395847678642 0.00131428226772 0.00161433082597 0.00317127950637 2.11456580736e-06 0.000822383728306 -0.46513980187 0.00528937689997 0.0650315671517 0.104840633432 -0.0223265095441 0.00330490977939 -0.461744459934 0.0485532674726 0.0411089328457 -0.0591762331204 0.00179196735825 -0.525638734619 0.179359993189 -0.000109528559411 0.00397931333947 -0.208181859557 0.00407669906378 0.00498410094755 -0.289710700653 -0.0082191527955 -0.00173538554942
-0.48476399935 -0.00830741943887 0.0116777869107 -0.0056009070558 -0.00533888535739 0.0365399844987 -0.00334312533161 -0.516580942379 -0.0505447371906 0.0468398870524 -0.0107407629002 0.0495455250056 -0.00343546316401 -0.140415209385 0.0265977213825 0.0330915469236 -0.0606436138239 -0.00238704218679 -0.574701226797 0.183897842267 -0.0237197302192 0.00283965880944 -0.260212074211 -0.0514701213825 0.00420051995774 -0.170158623575 0.000446397031214 0.00124482237053
-0.438584299034 -0.0327430921703 -0.00264786948186 0.00716192746225 -0.0353905256857 0.0100258237393 0.00203466747731 -0.547137858615 -0.020775567745 -0.00578611699499 -0.0994681839003 0.0404008048446 -0.000780597287792 0.101728714777 0.0462265147566 0.0701283268596 -0.0341471034428 -0.00418589596169 -0.586161483327 0.135667512462 -0.0255847347545 -0.00268915578595 -0.311846554625 -0.0650303509434 -0.00177432862811 0.104818806127 0.00887672527486 -0.00430022948232
-0.403403700446 0.00498643908489 -9.21064037151e-06 0.0157918739109 0.00591134327959 -0.00116943106438 -0.000425068956875 -0.460048261911 -0.0173972330604 -0.031792300548 -0.0656129154292 0.0302692027057 0.00086293896738 0.135344243164 0.0375586647748 0.059063391808 -0.0258819360566 -0.00349697405563 -0.657842722233 0.087875797709 -0.00570046081004 -0.000297797258075 -0.371899740439 -0.0288336808676 -0.000590569832652 0.123138204764 0.00771063105213 -0.000403327563389
-0.45702550486 0.0251347702312 0.0124664269162 0.0303847966827 0.0404647163488 -0.0239819514934 -0.000217212923564 -0.45461905596 -0.0192131000848 0.0392888150065 -0.0385546436205 0.0255506288182 0.00224919181919 0.0541543444792 0.0370459715237 0.0776777668097 -0.0417970118753 0.000548208863205 -0.657045118781 0.117395742624 -0.0263116323103 -0.000918038325298 -0.32831011172 -0.0676393073939 0.00127050864627 0.0762597939681 -0.00433983117391 0.0010432901815
-0.530172155324 0.0415349213169 -0.00657219083053 -0.034090000806 -0.055230353997 0.0437743449628 0.00138005665691 -0.51295165161 0.00134427212959 0.015246244205 0.0689439461082 -0.0123422525508 0.000270701174241 -0.112253224149 0.0158185920502 0.044633475592 -0.0554209969994 0.00735806243364 -0.546674361743 0.216763391271 -0.0322275672124 0.00129178846983 -0.248188080152 -0.0766424102965 0.00258311917905 -0.101487277627 -0.0107235808792 0.00426416917653
-0.430319437571 0.0190692976345 -0.0109299193076 -0.0258290728488 -0.0213020151489 -0.00191565865937 -0.00108243641167 -0.485330720553 0.0163208161429 0.0703225189427 0.0645140018439 -0.0240417730968 0.000943571316299 0.0523183471118 0.0384911545199 0.0463448905395 -0.0262257936454 0.000860585391976 -0.63546964678 0.159123653453 -0.021254028273 -0.000188857636201 -0.357851218011 -0.0458894250057 -0.00216213794694 0.0298839220157 -0.000707434009505 -0.00270891579923
-0.432523298232 0.00514516933285 0.00125919637126 0.0206553925274 -0.00916478810954 0.0161327606164 0.000791824332315 -0.480603748925 0.018544546801 0.0508244060298 0.0699700289013 -0.0221191677014 -0.00549797292696 0.148815646224 0.0370116052182 0.040740425447 -0.0164140612496 0.000811362373096 -0.609880121941 0.116068540769 -0.0041733546933 -0.00161828891832 -0.386984717654 -0.0210786122582 -0.00104576612373 0.107912868575 0.00168919852289 0.0077198519222
-0.47986773343 -0.0256813997514 0.0165493052727 0.0100473523762 0.0416450613915 -0.043310208473 0.00160879030192 -0.466965923233 0.0121203141273 0.0572193946774 0.00252670891699 -0.0326747309589 0.000662583718186 -0.16219930708 0.0128357890139 0.0365881920371 -0.0689466277163 0.00168410762326 -0.605766309102 0.195499684568 -0.0367263566097 0.00254047871226 -0.300357761433 -0.0734450095783 -0.00331774168517 -0.0882564862812 -0.00439611830486 -0.00143582132581
-0.396003244625 0.0574193461514 0.0406546353583 -0.0162652423959 0.0103655572389 -0.0254967279658 9.90927285687e-05 -0.620320364583 -0.0245767705692 0.133942449402 0.0133801227798 -0.00538958904875 -0.000584487675531 -0.349219247508 -0.244504008718 0.0178903785578 -0.0278237635856 0.00343155134094 -0.144754882205 0.0941469719177 -0.00297937515473 -0.00302120573075 -0.199588414958 5.38606540833e-05 0.00363942453306 -0.4255415522 0.00409575769509 0.00548491681958
-0.389391237485 -0.00881226335191 0.0628531329156 0.0201690074219 0.00748121659908 -0.0068930267466 0.00251883012593 -0.659419783882 -0.01331139903 0.131026594427 0.0370484414343 0.00485638051035 0.00167520389714 -0.376543253552 -0.158351539809 0.000206129815844 -0.0237471891527 0.00141753458753 -0.119209170048 0.167230009231 0.00598938179186 0.00078394993079 -0.132863818659 -0.0113548394526 0.00268459990173 -0.403468271769 0.00435080581426 -0.00416812172542
-0.387179911422 -0.022145242003 0.00957597019951 0.013335831917 0.00550213931026 0.00119537681652 0.00133168858788 -0.680743621683 -0.0368574399383 0.129787199719 0.0435449510593 0.0121568017266 0.00113574073848 -0.380479324007 -0.163653790389 -0.0187657023575 -0.053608824252 0.00206562981827 -0.111267754548 0.140323813693 -0.0119548786578 0.000477665115227 -0.168178486999 -0.0281971527869 0.00079866798227 -0.359848674051 0.00317108772999 -0.00808061824321
-0.417253672737 -0.0518369905353 -0.0247302586304 0.0190036818883 0.00154130898285 -0.0196861516196 0.00385337083615 -0.663458468106 -0.0650515287079 0.112489422916 0.0282443474744 0.00289592753818 0.000756714356355 -0.330334929323 -0.206670686716 -0.00581365013099 -0.0604167678829 0.00246160607936 -0.137844943139 0.147757725641 -0.00250169197055 -0.00530465193671 -0.163567530214 -0.0221121699677 -0.000951828076867 -0.374389542752 0.0014506249533 -0.0126338112777