-0.011416075848 -0.0438773527129 -0.0428945056652 0.117700204809 -0.0239962013135 -0.000288786209842 0.00426040028494 -0.290435180037 -0.14742493576 0.443253093619 0.282352928402 0.131821538736 0.000142345265984 -0.102344009244 -0.264752441095 -0.0286026037659 -0.106747221758 -0.00199108376962 -0.440158329414 0.385008574204 0.255459377507 0.00677297508451 -0.226989942987 0.130014991718 -0.0175454114311 -0.11488518288 0.000799704615894 -0.00024652599689
-0.338273151135 -0.00613511491138 -0.06003062173 0.0240227421324 -0.0132665356297 0.02160703944 0.00106945493524 -0.358196789458 -0.0739208094924 -0.000304696820447 0.0591073335914 -0.0815169540947 0.00427246161687 -0.154355435308 -0.0770436840517 -0.0100446441806 -0.0734655097885 -0.00304004872024 -0.685788729548 -0.0299838534212 0.0390672440106 -0.00406061285595 -0.412184056657 0.0405237747796 -0.00862726124924 -0.238985561086 -0.000865154024605 -0.00623276653343
-0.438333485358 0.0243767151054 0.0837524780076 -0.0175973506152 0.024884037752 -0.0533479227944 0.00166766324003 -0.465489889703 -0.103752174453 0.054504325353 0.0907687911996 -0.0538267908355 0.00597491647135 0.0702703811629 -0.165857459609 0.00840437808013 -0.0540910966409 -0.0020760316337 -0.559474210246 0.0438022119283 0.0728812231818 -0.0044240604425 -0.415351994705 0.0599222427026 -0.00530025949812 -0.151696701912 -0.0056178768636 0.00106724999176
-0.527061080068 -0.00985717339264 -0.0218402729567 0.00138134662039 0.0267813084236 0.00452455519146 0.00254235294188 -0.687146927992 0.0177490799804 0.207393868806 0.0139609533039 0.115439537285 -0.0109253445038 -0.227843375891 -0.149055848073 -0.0126693514252 -0.0564876642318 0.00170821621414 -0.0272306362257 0.258140076997 0.159374963752 0.00942219784272 0.118857745258 0.0570284775474 -0.0106749354033 0.0623410960001 0.00116408448972 0.00387770430665
-0.552328906521 -0.01845241545 0.0210834884824 0.0898360632158 -0.0379629264157 -0.00655359424508 5.39859066569e-06 -0.608333257891 0.0870475373963 0.165959809646 0.0569503149699 0.0604906902191 -0.00435648206235 -0.128787455685 -0.115083201253 0.0195460753818 -0.0121748395684 0.000581724638898 -0.427675007892 0.115597064569 0.0724901680282 0.0138446465589 -0.196932355031 0.0339790819753 -0.0146968104432 -0.0120381374827 0.00984812513535 0.00339247732076
-0.443492776299 -0.00469384012075 0.0156769226604 -0.0285691495094 0.00910831300842 -0.0123065008879 -0.000896193170316 -0.473324488805 0.0110548002921 0.00671982804564 -0.0302236949786 -0.0652385861739 0.00176718248105 -0.405428835779 0.01916041116 -0.038252598144 -0.0455402685578 0.00150813225796 -0.525861023684 0.00255528727609 0.012788196874 -0.0084397163859 -0.310359816124 0.0414917077672 -0.00748026104897 -0.171545364907 -0.00190436181728 -0.00603716801035
-0.48155095068 -0.0172866084858 0.027373850915 -0.0129661680558 -0.0407808650217 -0.0145485783157 -0.000347068998645 -0.505328597575 0.0264477886683 0.0112695409716 -0.019570360148 -0.0646038437332 0.00217014483484 -0.329029714703 0.0107629920337 -0.0530566581814 -0.0516993001399 -0.000182052950809 -0.543291317626 -0.0118517756728 0.00147673193368 -0.00787478213964 -0.281117731825 0.0415597801773 -0.012412902567 -0.118574464643 -0.000686385755206 -0.00833563980737
-0.505448792325 -0.00651131329055 -0.0153396475102 0.0349526944102 0.0298785240619 -0.00270119235552 0.00146476434457 -0.52348787502 -0.00921550904116 0.0799198260747 -0.0226229577229 -0.0298499322844 0.00542445970124 -0.306391961803 -0.0633783894439 0.00612664685537 -0.0518079395695 -0.00128343013991 -0.461767164246 0.014772297671 0.0386317561739 -0.00921367307008 -0.357242443142 0.0690135151525 -0.00821239248928 -0.109594817724 0.00145535650025 -0.00836081325946
-0.42686157939 -0.000954468658903 -0.00706767065076 0.0311742266819 -0.00928995088631 -0.00180727025698 -0.000892104475099 -0.456755451759 0.0263235042595 0.00115127814533 -0.0152298377032 -0.0666123588675 -1.7871264782e-05 -0.370946175497 0.0363459020739 -0.0259200036903 -0.0410739122087 0.00128935226266 -0.569890233206 -0.0219399399286 0.0114272970956 -0.00800866988618 -0.313039721485 0.0338595316987 -0.00641567836418 -0.191716820658 -0.00169264750231 -0.00372230159206
-0.299676150192 0.0011041100177 0.00934920009851 0.00386735369526 0.00585609311049 0.00547708784051 -0.000530883457426 -0.335261596669 -0.0978052239338 -0.0200164064772 0.0449977293983 -0.00159138184849 -0.000215332400952 -0.576993809956 0.0298864102103 -0.00569770276368 -0.00957375832436 0.000267743957009 -0.430568732101 -0.0372176500863 -0.0051340899368 -0.000658168074468 -0.265627054736 -0.000137549478175 -0.000789662642784 -0.440828913152 -0.000813650682725 -0.0014227290865
-0.595374657089 -0.018767079743 -0.0606666434132 0.056701124416 0.00191730356438 0.0170668320194 0.00212932500089 -0.544583416601 -0.0299027477176 -0.0205791481 0.0401726679508 0.00826808575601 -0.00149326825836 0.0826442398716 -0.0805634430298 0.0281942335889 -0.0656005984122 -0.00321443508406 -0.455455532793 -0.00845388580743 0.0704784852951 0.0024810592992 -0.300844811942 0.0169111483791 -0.00379040069756 -0.12915531709 0.00164553334094 -0.00175909606585
-0.64768296669 0.00986167890981 -0.013558196587 0.0694996084491 0.0339983596501 -0.018473763192 0.00132790116986 -0.648258918089 0.00553220935851 -0.061418977451 0.0381990109383 -0.0297531373122 -0.00377831516007 0.182178503644 -0.0569150019122 0.0594241588807 0.00303447723654 0.00240952200163 -0.273787830454 0.036857168368 0.0445785511204 -0.00256467165253 -0.161074225318 0.0261893056611 -0.00502458421449 0.0476455936474 -0.0124670881084 0.0112772200728
-0.487127564155 0.0130330074447 0.0482149630963 0.00617410333326 -0.023089806613 -0.0338638216733 0.000143709873813 -0.480454781585 -0.032859010618 -0.0306659288572 0.0522644142872 -0.00819314046812 -0.00018774611769 -0.164874865887 -0.114817060708 -0.0153371974889 -0.0545869706694 -0.000614643102076 -0.505433761964 -0.0110794258211 0.0591895376058 0.000506767634894 -0.364384226993 0.0277883890452 0.00100346835742 -0.294262921148 0.0025511991706 0.00453307933938
-0.531677136298 -0.0362960646653 -0.0252057925339 0.0227985596961 -0.0122031108167 0.00158361170256 -0.000617581881611 -0.704894502131 -0.0408368958548 0.128965775092 0.023341678384 0.0367414160363 -0.0024215101778 -0.156102480079 -0.138554406108 -0.0104135314997 -0.0519401000165 0.000466517642663 -0.185069474139 0.064238247052 0.121965741199 0.00224747889251 -0.256254312827 0.0332856541059 -0.00408458493433 -0.176620015554 -0.00134526472484 0.00116936312995
-0.570999487174 -0.0576667563913 -0.0279352445693 0.0125064429611 0.0366518931581 0.0105452510507 0.00146160251762 -0.76716447581 0.0270581724968 0.124773264666 0.0817616878885 0.0497414923082 -0.00152566373765 -0.091164876136 -0.0648382608914 -0.0424117662185 -0.0319944093435 0.00132302604942 -0.123345123827 0.00223136047209 0.0825584076486 -0.000710466946541 0.0992408399947 0.0473304682435 -0.00462863853064 -0.0689097762525 0.00106932992527 0.00163022605647
-0.593881265071 -0.00776775021554 -0.0195784737224 0.0259481079642 -0.00702046462818 -0.00204422360271 -0.000467513463394 -0.764330390041 0.0117324598753 0.106688141501 0.0968655084281 0.0348345306784 -0.00271664760684 0.0776244187572 -0.0352480920312 0.0448549167456 0.00583516801822 0.000793820224262 -0.1464312438 0.0313490768255 0.0673121682345 0.000331123437402 0.016728392287 0.0381733404779 -0.00497814071541 -0.0420291884782 -0.00161984653511 0.00287382420849
-0.602177392405 -0.00837260009814 -0.0140317969392 0.0335092949869 -0.0317652929606 -0.00164943641398 -0.000555163131874 -0.663481106457 0.00946437799757 0.0873658123307 0.0476362547364 0.0352184425262 -0.00280056369038 -0.17117626723 -0.149346896323 -0.045596927269 -0.0440672546882 -0.00013666801267 -0.235295952627 0.100570144389 0.0610928536152 0.00542045379731 -0.238251750166 0.0245016907533 -0.00969989429454 -0.0343755828597 0.00491495623701 0.00151146884359
-0.644161022272 -0.000408314884936 -0.00229605480897 0.0160616954309 -0.00406116480554 -0.00776338595146 -0.000460345592569 -0.64737207752 0.0249953567379 0.0172153479807 -0.0128961688973 0.00952956769579 0.000725875209214 -0.108801634327 -0.103916499909 0.0378306066679 -0.0293963356936 0.00114927190685 0.0600980172932 0.258748780162 0.0612012299127 0.0160888940253 0.188271319658 0.0202874933609 -0.00966970641541 0.170235179934 0.00259967553259 0.00293957507728
-0.584173207778 -0.0014915640596 0.00836787898083 -0.018886204118 -0.00110359051823 0.0014918124105 0.00226165187206 -0.608772822222 -0.00867573034832 -0.0118716551539 -0.0702057145554 -7.28097221199e-05 -0.00202991593377 -0.234654883556 -0.13378581992 -0.0390887462166 -0.0136881468908 0.00233972143119 -0.420866742163 0.0327250220601 -0.0236157900003 0.0188631461715 -0.167224640207 -0.0264790842659 -0.00569613870363 -0.00338129091894 0.00654001517549 0.00178319283649
-0.600085136486 -0.0215980679846 -0.00734599442024 -0.0216570725877 -0.0524261730666 -0.00741688316353 0.000973781363291 -0.612761448624 -2.07606885507e-05 -0.00135337847474 -0.0731388369383 -0.0077986797585 -0.00128903889366 -0.219952774868 -0.102380310497 -0.0298365907999 -0.0128472396651 7.94642653614e-05 -0.416375146677 0.0210605378561 -0.0220781853825 0.0164862578225 -0.141648640468 -0.0219905702334 -0.00568699729685 0.00775436063253 0.00920615732858 0.00112756953263
-0.57812654655 -2.56697747942e-06 -0.018239954443 0.00204616967334 -0.0168444175144 0.000100083152221 -0.00022601844356 -0.598604807104 0.0285986146531 0.00171710656778 -0.0373982613663 -0.0394813699487 -0.000563180469734 -0.225202939344 -0.0991311616701 -0.0257933670248 -0.024978129768 0.000868879486629 -0.427154718578 0.0477662791892 -0.0213879679074 0.0185237208424 -0.235210719461 -0.00447097013017 -0.0131227284621 -0.00678288166883 0.0101353857878 0.00103972159157