-0.0769662391317 -0.0274507507178 0.294624925411 0.0807857548435 -0.0489738779355 0.0294000062814 -0.00797109694337 -0.241263942716 0.120590276952 -0.390430329193 -0.267291040721 -0.0801409873461 -0.0137366945123 -0.165591120613 -0.143705698351 -0.166578401273 0.159369008511 -0.0130101587158 -0.378736169606 0.484312982842 -0.0788426406947 0.0243285512062 -0.317671407394 0.0722790690402 -0.00336111456912 -0.0322314636564 0.00613023263928 -0.0010145250222
-0.512601467884 -0.0366065857418 0.101046944673 0.0018872701364 0.0194491006743 0.118686826387 0.00879522132841 -0.538060000777 -0.0165904581648 -0.179073875786 -0.00730411713498 0.0869436190508 0.00519773696571 -0.325180687991 -0.112421993078 0.0208156499109 0.175651326806 0.0011775022724 -0.235039868254 0.212974535439 -0.0765698701522 0.0179869398862 -0.35367536538 -0.00305354316547 0.000358309149585 -0.00932601293551 0.0017477788543 -0.00304560872698
-0.552198208549 0.048039543126 0.0153265249954 0.106504287188 -0.0140528909686 -0.0660215391917 -0.00685085036329 -0.583453397152 0.0552899682563 -0.144229626621 0.0199305063182 0.0559839971988 -0.00955790287688 -0.271353699906 -0.132737108485 -0.0589500631092 0.117027695554 -0.00579045352948 -0.0929864917829 0.31108651591 -0.119119578462 0.0167101144601 -0.269792385654 -0.0215009605996 0.00614035835066 0.0802161514968 0.0245189749185 0.00428436512287
-0.452644906707 -0.0265829772453 0.111667399308 0.00493555150946 0.0422431067854 0.0234065556354 0.00155839333235 -0.603319949064 0.112825008483 -0.135787905306 -0.182756566417 0.035904768212 -0.0126209963678 0.0234783616421 -0.0243115630388 -0.08071993742 0.129217556833 -0.00880147000008 -0.462565028128 0.2179157852 0.0230952290437 0.0203766337571 -0.196358280067 0.0630432778467 0.0024069166994 -0.140717895698 -0.0182693847873 -0.00767725285414
-0.393328031328 -0.0468554423841 0.114677896065 0.0342021465188 -0.0151820753396 -0.0372275892789 -0.00406159663003 -0.601849725986 0.124609443475 -0.0955884812606 -0.188124850998 0.0363378352388 0.00381867188201 -0.252966158964 -0.106391477949 -0.140781141461 -0.0262654009779 -0.00512496657144 -0.385351134887 0.290257331386 0.0196232565615 0.00319109791959 -0.153865469004 0.0155439742058 -0.013814452808 -0.224507060007 -0.00561468806832 0.00128390382879
-0.462288156796 -0.00534974353068 0.0172709364625 -0.00376441405939 -0.00443236138582 0.0471274382734 0.00204578787205 -0.456701565922 0.00900318520717 -0.024308972045 -0.0152294123078 0.0181192984128 -0.00354567294524 -0.440282003619 0.018787734548 0.00782452959572 0.0439442945501 -0.00626773026291 -0.349098561677 0.0499679678224 -0.0379569759565 0.00713278796459 -0.393641111773 -0.00277101041817 0.00231209854108 -0.311137608965 -0.00261888580009 -0.0034316295635
-0.558158341562 0.00538679616229 -0.0264050249232 0.027891086051 0.0255760362825 0.0268806953712 0.00537845265885 -0.650066778635 0.0610995030761 -0.0493673334153 -0.00890148343416 0.0762012215672 0.0104736361463 -0.298773881851 -0.0725176493513 -0.00753245073735 0.0825230031958 0.00122535634526 -0.176815310367 0.0928239820051 -0.0807798048718 0.00584579750699 -0.317131871443 0.0134412306235 -0.00738430229614 -0.041860856619 0.0134012144068 -0.0149884048177
-0.580964462238 -0.00865065024255 0.0396694162072 0.0294721840287 -0.0453881914857 -0.00531328296309 0.00326925352211 -0.723947087301 0.0263415716668 -0.0655218342082 -0.0282871856926 0.0861769303702 0.0108488881826 -0.187355515825 -0.0807799962761 -0.0509131646025 0.0774331572757 0.0011095565067 -0.0892730284338 0.176552209132 -0.0824182906228 0.00542247717726 -0.151388735325 0.000349408591368 0.00307337272479 0.0254609119261 0.0258412892807 -0.0031664157488
-0.607563207524 0.0521980228545 -0.00521094085231 0.0351817564318 0.0332744133362 -0.0284691388683 -0.0039336137351 -0.655547925877 0.0191237088986 -0.0614456729223 -0.0277662586842 0.0476198173935 0.00877618087501 -0.208913465394 -0.034521136251 -0.0555330029531 0.0812859784975 -0.00122567414928 -0.0595143026184 0.184381151529 -0.100520789983 0.00362631210326 -0.28899377105 -0.0198377201043 -0.00982079079634 -0.0349527504278 0.0220141368058 -0.00672590611793
-0.672403120761 -0.00573015159729 0.0267175644364 -0.117401119128 -0.0279056564099 0.028431045766 0.0104000812249 -0.586402907689 -0.0466320042673 -0.0433887981229 0.0209021602956 -0.0281051546263 -0.00162002047257 -0.139667181593 -0.00889087147078 -0.0137831511466 0.0916367280417 -0.00290489466567 -0.19316238513 0.190576502419 -0.0353565128874 0.021676754894 -0.246767293169 -0.00960770204956 0.00795914119854 -0.131831020203 -0.0230704786109 0.000232443169466
-0.631820754381 0.036349424501 0.0467831357634 0.0360047170593 0.00638740810721 0.0324894201268 0.0265021223435 -0.669318545189 -0.0844408075494 -0.0374189690371 0.0544161052556 -0.0409089272702 -0.0170519185226 -0.233535171048 -0.146834659263 0.0269821959838 0.0646194240464 0.00678122569778 -0.147435265944 0.116075272576 0.0284893282678 0.0190295478322 -0.102147068554 -0.00700218762792 -0.0033037671861 0.0690592412938 0.00194933360296 0.00736453351357
-0.653975152912 -0.0246762225979 -0.063025963271 -0.0459860537452 -0.0501008017338 -0.00621265852244 -0.00616306711765 -0.656843385123 -0.021976608858 -0.0425603024203 0.00895490628999 -0.0568313222646 -0.0263577246988 -0.151025177483 -0.125105348886 -0.0195111958561 0.0753718744093 -0.00299965680308 -0.204333939792 0.127650482124 0.0424511345878 0.0131366402488 -0.115769867686 0.022133589235 0.00436144669878 0.0810870213249 0.00666943436888 0.0144299305253
-0.709210924806 -0.0228482316174 -0.00348001088194 0.0869284844174 0.0259211538677 -0.035131389141 0.00382724923988 -0.629132036921 -0.00894589973232 -0.0129486753395 0.0537303534824 -0.0175379672628 -0.00186129851291 -0.13480486213 -0.0581289072969 -0.0246771644613 0.0260277762764 -0.00878307302665 -0.0296636106091 0.202151738238 -0.0590174742212 0.0159084914738 -0.133709406613 -0.0356261300513 0.0125635944 0.0073110260569 0.000680725437477 0.000340802889511
-0.587183580101 0.00432370432825 0.0224531845661 -0.0863542099016 0.0745671499452 0.0303817626503 -0.000578810094246 -0.592528863453 -0.0526279247607 -0.0601897624709 -0.0493838047898 0.0270778728957 0.00245303874621 -0.163699921962 0.0348684473802 0.0788052660156 0.137204261448 -0.00980305935455 -0.288349597423 0.137323543553 -0.0160745659519 0.0106233151227 -0.240200783818 0.0180284871618 0.000180383933544 -0.257815157865 -0.0079031524192 -0.00436153124036
-0.616243264267 -0.0153977744392 0.0551841614913 -0.00268594396925 -0.025431042966 -0.0178793067833 0.00196239173186 -0.627107899976 0.0426325194158 -0.00919447741465 -0.0596501136989 0.0052805123114 -0.0227330800252 -0.182293312508 0.0435897224756 0.0542694358145 0.100587005905 -0.00817198536552 -0.300088784313 0.0771899414867 0.000346849709595 0.00802608592873 -0.238024422716 0.0115056289583 -0.00363683923852 -0.124032656857 -0.00259334216905 -0.0136530759516
-0.629342865814 -0.0181022836887 0.0440279486361 -0.0124330340561 0.0125751253964 0.0116141747987 -0.00457174187415 -0.664860082587 0.0659113180666 -0.0246146136906 -0.0497830301651 0.0024497534185 -0.0135906170285 -0.106137922011 -0.022708332283 -0.0328981867284 0.0505709825953 -0.0134090317956 -0.246331080682 0.15004894611 0.0153361742592 0.00653371968959 -0.20589232967 0.00199248047459 -0.0063318013288 -0.0994910947717 -0.0100235241921 0.0052964410537
-0.487138651338 -0.0307479672643 0.0586900910101 0.033453580254 -0.0111323266819 -0.0456878315619 -0.00586850695338 -0.686850377393 0.0935457999174 -0.0673876879755 -0.0699994555628 -0.0163170285504 -0.0030831163957 -0.290509392439 -0.101663994136 -0.0704965747887 -0.0401269298357 -0.0030433451323 -0.198402500187 0.190128041293 0.00257952280305 0.00661360814946 -0.0649267493627 -0.00219540217494 -0.00868554985708 -0.288861519034 -0.00947891554593 0.000623337248972
-0.524609957994 -0.0317040363178 0.0303162543709 0.0229890155432 0.00646516031112 0.00287992502079 0.00250561911364 -0.690651047709 0.104595353587 -0.0185962626076 -0.063407529117 0.016754602537 -0.00263086826012 0.0511809054348 -0.0364979300917 -0.0519469177606 0.0911857080593 0.000490702355722 -0.41789516203 0.104553135001 0.0414492491019 0.0192958201902 -0.148531277712 0.0435611747518 0.00457444506888 -0.0524070995978 -0.0172556304597 -0.005893837446
-0.553538247253 -0.0413216583095 0.0550774378982 0.0148716549764 6.5957808643e-05 0.0149205511789 0.00407004475117 -0.662550935881 0.0598080807732 -0.0326900417911 -0.0944905966556 -0.00582015067634 -0.0017425799863 0.0304197997808 -0.0415604835052 -0.109182679312 0.0517564577775 -0.000868941883013 -0.40981683539 0.131623508086 0.0460361506536 0.0171912451385 -0.156401371276 0.0613492435774 0.00265534567439 -0.0494060319055 -0.0139123696479 -0.000401948138389
-0.467539089641 -0.00970003455975 0.00573670903244 -0.00252771773629 -0.0134805977072 0.00100745735885 -2.46037027709e-05 -0.528201107555 0.0201887708742 -0.0244569157124 -0.0898251900611 0.0154909240257 0.00217087129285 -0.361075853891 -0.133993815389 -0.0744801041337 -0.0526184067419 -0.00105602539749 -0.490994345737 0.145396214327 0.0522278511374 0.00493663593865 -0.213389680702 0.0612517555374 -0.00183014842461 -0.147792442663 -0.00442561337507 0.00289329744215
-0.372309027071 -0.00372133335775 0.00447416981006 -0.013519377955 -0.0214212448552 0.0124782468244 0.00236956043596 -0.373891958239 -0.000931702008712 -0.00965049295883 -0.0166076155732 0.0246040401194 0.000349262408369 -0.519979049123 -0.112909215591 -0.00152214870886 -0.0702369710712 0.00321666938125 -0.529450410573 0.0773453023977 0.031553179303 0.00440236690337 -0.336900635042 0.0106688711012 -0.000746530960349 -0.175331197457 0.00295643448774 -0.00498618625341