-0.0122192909557 0.000481336145964 -0.0965648566995 0.108225301798 0.0284630997318 -0.020677271756 0.0454794576429 -0.0198077712147 0.0671934105515 -0.00504373856941 0.0859047455607 -0.160893356306 -0.0196442521968 -0.346748360425 0.507970624319 -0.600863561228 0.0903631610151 -0.0293021601555 -0.194175082145 0.0886188069238 0.289362494304 -0.019819371932 -0.197856030219 0.114379829293 -0.0253623395477 -0.0776668502853 0.000219267446869 -0.00251636346044
-0.659987954433 -0.0100756942102 -0.107721197769 0.148113443757 0.115549653302 0.0478750341044 0.0247485951567 -0.572916777493 0.0637776908648 0.039750768403 0.0515721634399 -0.00697576268234 -0.00725852303094 -0.160681647944 0.164626978664 -0.249409079917 0.0279204864702 -0.01656468481 -0.102199079578 0.0302602057497 0.10480879085 0.00738771225248 -0.127017933736 0.0268905487193 -0.0148384514769 0.14641876649 -0.00364230000456 0.027685627043
-0.586791881269 0.014875627288 0.0916636561501 -0.000446919595792 -0.0702238709106 -0.0197025339834 0.000561183656405 -0.565823896735 -0.0495537668404 0.00264462615586 0.0308371830676 -0.0250282511855 -0.000190407634002 -0.196482891503 0.278936801484 -0.292080199298 0.0821878197194 -0.0237683628772 -0.162983163284 -0.0104260167442 0.160403676718 0.000410410269917 -0.228650237276 0.0363628686869 -0.0269752500546 -0.0168715577962 0.0362000178036 0.0128647221904
-0.551001653443 0.0176877610167 0.0246421080936 0.134466443566 0.0133904163432 0.00541868458978 0.00766808596461 -0.53406663653 0.0712509812692 -0.0755123783759 0.0434110114522 -0.0666036086574 0.0066542053967 -0.276077352917 0.247684450985 -0.384179066001 0.000134380440594 -0.000101339331823 -0.11099521471 0.107807655545 0.120084555249 -0.0104819975737 -0.0719445569577 0.0746629259067 -0.00640270121007 -0.192636377242 -0.0309034930748 -0.0476416522773
-0.595007450269 0.0168826654163 -0.0418477588233 -0.0632180243932 -0.101463200307 -0.00328393634429 0.00548335695671 -0.577821145843 0.0189956307408 0.0717786799295 0.0294421446944 -0.0255617857922 -0.0102139968193 -0.146760809308 0.32198867602 -0.221481833923 0.0793087323872 -0.0129148007312 -0.0952145330683 0.00711185916645 0.161122887914 -0.0325814465085 -0.0522351749518 0.101195125636 -0.00243074280855 -0.242150593681 -0.00864483836908 -0.00561346981923
-0.729658678449 -0.000127543772031 -0.110312878703 -0.0269079903846 0.0293163093765 0.033319067749 0.00428329701054 -0.605767700904 -0.00472463984904 0.0256238054765 0.00964001774122 0.00378754086208 0.00598234596546 -0.0545698244456 0.132254874172 -0.0829915415922 -0.00148567555586 -0.0157082542452 -0.198598298595 -0.0885115107204 0.0689521939249 -0.00585504425493 -0.0555053641699 0.0381230734426 -0.0131463943032 -0.0130995031651 -0.0174643964665 -0.00933420707731
-0.713411420255 -0.0124551392017 0.0158065756644 0.0875626809211 0.0349591586619 0.018160748437 0.00400622953949 -0.642536742898 0.00280280695691 0.0145205223847 0.0184828624139 -0.00748548486311 -0.0079807697747 -0.0996543967622 0.0764085725992 -0.125786921345 0.058435928234 -0.0052691954354 -0.00957325544494 0.0600600612841 0.0652480516973 -0.00100346461904 -0.109086433336 -0.00245963284534 -0.00138123330401 0.106773605051 0.0169029257303 0.0358468539872
-0.670660607454 0.00255911200478 0.019806991422 -0.0393035319074 -0.0250097857747 -0.0250171092415 -0.0131572325229 -0.656085055994 -0.0205400560954 0.00316266249051 0.0168010649857 -0.00627161413643 -0.000765413276692 -0.128280723785 0.178488362931 -0.158246618868 0.062626677598 -0.00637666629688 -0.0346118685797 0.00651034539671 0.0921446076177 -0.00909196100518 -0.161027229975 0.00381851370316 -0.00735735006651 0.0480157821501 0.010528320793 0.00986264007408
-0.634537328109 0.00335823359726 0.0243523948849 0.0204114713338 -0.000269189433325 0.0063188556163 0.00114445284729 -0.635412775567 -0.0217260207548 0.0144994017795 0.0119784655297 -0.0152352059816 0.00277551708842 -0.170391496302 0.0955918284306 -0.194283980371 0.0108679187135 -0.0191107216962 -0.270370687015 -0.0373203222575 0.0701245425482 0.0171314419846 -0.173382513864 0.033020753292 -0.0361139637119 -0.0409082847864 0.03527268994 0.00259493590375
-0.702572668816 0.0218581928692 -0.0959735840354 -0.0635088389361 0.0151565878536 0.0344987241759 -0.0152103328589 -0.595622011704 0.0260086971063 0.0127353932973 -0.00468012286738 0.00977369966859 -0.00239030687554 -0.135812123734 0.0944584091527 -0.14034546137 -0.0246692896216 -0.00435666973534 -0.229226668224 -0.056658424802 0.0443075641913 0.0097836796014 -0.135108816565 0.0181722182766 -0.0160699149068 0.101359883958 -0.0257122311795 -0.0027385930478
-0.695914578935 -0.00444547518932 0.0235759642728 0.0779698022613 0.00369202608781 0.020176625057 0.0161196981245 -0.642441177036 0.0224227641649 0.00596884646898 -0.00346224500259 -0.0172280919366 0.00752460576102 -0.1518300061 0.08784686483 -0.193807405408 0.0316033328603 -0.0102878859431 -0.00937596078483 0.0434815375044 0.0713919169266 -0.00458773993225 -0.0979588653827 0.0097073857409 -0.00964180754292 0.0864446448376 0.0144498853125 0.0271403430919
-0.667722144898 0.00749596063389 0.00814927788263 -0.0181460469883 -0.0625402089348 0.00614232229861 -0.000789312165995 -0.648277470744 0.01753856235 0.00218104386672 0.0270800947668 -0.00764563410091 -0.000125594035313 -0.156760060289 0.156877263545 -0.198947653546 0.0590321147614 -0.0133138234558 -0.0206502496081 0.0134250158682 0.103763280942 -0.00700897925712 -0.153018663103 0.0112052052293 -0.00639021534407 0.0251766209995 0.0128803866978 0.0121614900127
-0.675037360307 0.0095796127142 0.0333174425137 0.0551144991488 0.0398493309982 0.002821275822 0.000146793869228 -0.644429954469 -0.0225897902267 -0.00116361639037 -0.00650552761559 -0.0117254137551 0.000762450461378 -0.0905506440065 0.192370647703 -0.122368930392 0.0560895075034 -0.0164429660858 -0.155350808024 -0.0230591564039 0.0912166324124 0.00723577278166 -0.103598940553 0.038614384378 -0.0125731677201 -0.111695779657 0.0318242031838 0.00129601923755
-0.670767299327 -0.0254252576689 -0.114731931184 -0.00177874199234 0.0510610833591 0.043815875698 0.00216922417082 -0.557507888622 -0.00776346563336 -0.0540658215586 0.0148111328226 -0.0366337967097 0.00773217953891 -0.208397604117 0.197101047312 -0.170803035467 -0.0140693685501 -0.0073147250975 -0.215971401878 -0.0498706286024 0.0603285091936 -0.00674265979268 -0.206744121332 0.0241968188032 0.00134162443611 -0.0850718439917 -0.0247411624146 -0.024654018057
-0.675364648117 -0.0163675293946 0.0505849080047 0.0584773513411 0.023806882663 0.00459108101965 0.00152919184929 -0.63639821745 0.0395045147341 0.00661917295849 0.0136488846895 -0.00262580488715 -0.00717469226149 -0.17751502993 0.103690121227 -0.241590157931 0.0443681317492 -0.000528345422043 -0.0243013821704 0.134438550749 0.0780869668776 -0.00692968363815 -0.0267484711845 0.0409433384181 0.000199388884291 -0.0157610586078 -0.0119312237526 0.00198587673333
-0.63528648881 0.0150223688229 -0.0306141098873 -0.0402427604503 -0.0482811929054 0.00886353812377 0.00229786151164 -0.623377014503 0.0416834956527 0.0169601688579 0.0142483576927 -0.00983856643172 -0.00501420236087 -0.214257873428 0.197569722819 -0.24815154741 0.0321051747646 -0.0071636229097 -0.0350858262876 0.0173407109896 0.10753902929 -0.0180251663616 -0.157949613077 0.0364767389968 0.00170201111469 -0.110431752299 -0.017904834978 0.0210887621955
-0.662895063083 0.00256070404055 0.0487468509091 -0.00378853182659 0.0248760302183 -0.00129966137548 0.00497973536648 -0.648959550867 -0.00302885016353 -0.00496782578104 -0.0019663881307 -0.0171134946494 -0.00277547853423 -0.0476420473138 0.200391036834 -0.0464277531691 0.0663265304824 -0.0110429590403 -0.150646963952 -0.0851277073866 0.096920131215 -0.00922680015502 -0.0646377016148 0.073742933982 -0.0027977323095 -0.191928070293 0.01212945242 -0.0301758238533
-0.650608970083 0.0230392899809 -0.0826650545173 -0.0642877562303 0.0287892950361 0.031961057083 -0.00163372615342 -0.615216991088 0.0171059022252 0.0740286664935 0.0749297739274 0.0119951293238 -0.00577087337556 -0.160818409155 0.161237486583 -0.108093856702 0.0131970845311 0.00258949247643 -0.152316141222 -0.0096936751663 0.0472489616456 -0.000724518977136 -0.0145949602052 0.0179782049944 -0.00525010959949 -0.288902112788 -0.000707542925934 -0.00448848862227
-0.611584848306 -0.0248410052561 0.0679460283598 0.0233696222684 -0.0337212005515 -0.0131153455341 0.00855276304903 -0.577755962608 0.043444159152 -0.0268822506634 -0.0104311054071 -0.0112178135065 0.00563750085719 -0.277341638275 0.0815690551362 -0.257657569274 -0.0199238893733 0.00216146629731 -0.251143911752 0.0561901647555 0.0681423737975 -0.0128515989238 -0.151896853711 0.0757799332289 -0.0117601231446 -0.151509249366 -0.0277723515188 -0.0896848746253
-0.659014392455 0.00149176530001 -0.0176544397725 -0.0174216715692 -0.00498549865759 -0.0101779591095 -0.0112687051279 -0.657529509443 -0.0131242999822 0.0203093911178 0.0034071247767 -0.000538541059091 0.00201338879275 -0.166753956362 0.147044984102 -0.23860540859 0.0435891773668 -0.000400345830468 -0.0741435633134 0.0773897052007 0.0685517538948 -0.017646773453 -0.040957727128 0.0479573225941 0.00619901509689 -0.0545725248965 0.00940264451258 0.00632484492335
-0.657007792122 -0.00620378786923 0.000395063807608 0.0441125493176 -0.0352429586555 0.00807435460885 0.00802708386637 -0.643079414713 0.006362014497 0.0322039092304 0.0187613272089 -0.0120116949226 -0.00627288837111 -0.0670836043582 0.217823611972 -0.0661400838733 0.0272343795011 -0.00676269858225 -0.0835839582226 -0.0422228453732 0.101289891503 -0.0232367127513 -0.0245383114663 0.0863814663264 -0.00384633085422 -0.253202364766 -0.0251401991376 -0.0178917296186