-0.00738947136384 0.0238238836171 -0.0294012453186 0.0239964020937 -0.0887262270128 0.0177819291517 -0.00227776972455 -0.379444449217 -0.061046009757 0.261525235705 0.474584266469 0.210494654977 -0.00696747187541 -0.0587899103062 -0.122810228035 -0.0738126886754 -0.130995855527 0.00210866417688 -0.321588181319 0.386084623798 0.186224883139 -0.0111274945449 -0.401769870709 0.0163057730341 -0.00270949747326 -0.117649597952 -0.0093792621982 -0.000392113502037
-0.396633831519 0.0153618885244 0.0629215043471 0.0457270091588 0.00507529328087 -0.0625247944461 0.00122321393721 -0.549065785663 -0.0800311116719 0.1131047164 0.172511042181 0.0917594597236 -0.00995454228309 -0.190425120478 0.0203812823003 -0.0808836694524 -0.0966060816364 0.00153157212281 -0.231385511982 0.247077457612 0.128948902896 -0.00755208562375 -0.483963396925 0.0444902197984 -0.00758615436204 -0.230880724115 0.00600172835677 0.00916042428326
-0.346096587793 0.0169442477796 -0.0759424215917 -0.0807921235893 -0.00826602764765 0.0407923427924 -0.000220754387181 -0.447580542948 -0.0432594969309 0.142549817835 0.108363270308 0.0627621000005 -0.000683248673131 -0.136060605197 -0.0370203523777 -0.0275877016073 -0.0684676701301 0.00164404807792 -0.318315587971 0.310372642288 0.101663037138 -0.00355739371352 -0.585701052329 0.0367138089912 0.00200219208922 -0.221901049347 -0.0006210382513 -0.0269071533709
-0.486053652003 0.0241455799873 0.000715405521195 0.00550584554673 -0.0752546734762 0.0259396975129 -0.000179836979821 -0.5445589009 0.0771854425604 0.0148802420274 0.160934084239 -0.0511323205326 -0.0022296814355 -0.0115090421508 -0.0733442613407 -0.000874752319015 -0.0770750551076 0.000729905335231 -0.45460053001 0.0872552036031 -0.00829106426296 -0.00414113555113 -0.406250758802 -0.113430910382 -0.00107071760139 -0.146854927878 -0.00582556340854 0.015387082676
-0.570269474147 -0.000271199212337 -0.033298641901 0.0403761139985 0.0125130668775 -0.0135754699189 0.00561880717999 -0.581380190884 -0.0593696164775 -0.0534846284715 -0.00234721407221 0.0402145640214 0.004682554905 0.116615230611 -0.147193017699 -0.0457335297335 -0.0597300001867 0.00119671967342 -0.289848047681 0.061751748363 0.0284428606103 -0.00991994435126 -0.405551435284 -0.168216430811 0.00531508674881 0.0525170150084 -0.0177407269612 0.0109712872611
-0.229870993946 -0.0130610575677 0.0696807696907 0.0714642422184 0.0444463129006 -0.00078916073007 0.00156371865858 -0.196731341654 0.00415340986381 0.0391098559101 0.0152221890144 -0.00111890508222 -0.0027804822228 -0.472932418492 0.0410057175556 0.0361568709752 -0.00138794446364 0.000761738171827 -0.377837708307 -0.0161578232519 0.00571390676242 0.000372624962287 -0.553012099374 0.00474440022638 0.000269853344994 -0.467892569403 -0.000873471506897 0.00872619705798
-0.192221043505 -0.00644699658582 0.0259519754164 0.0252109411099 0.00983351497487 -0.00281117742526 1.1812252352e-05 -0.199430906325 0.0179868138141 0.0487249812261 0.0248001456209 -0.000347961730059 7.64458181382e-05 -0.511688099456 0.00942987454819 0.024644448072 -0.00185389555126 0.00043667919466 -0.360966454914 -0.00226606586842 0.00231112255266 -0.000561311565794 -0.548041084601 0.000913100638387 0.000107273066249 -0.474685857296 -0.000873018928251 0.000902979798598
-0.197126284771 0.00882931618161 -0.0377786140611 -0.0409225302432 -0.0225054779519 0.00389355148511 0.000373070041646 -0.19419504494 0.0303878730354 0.0340806441557 0.0186210365006 -0.00375075359329 -0.00193988245901 -0.503642504251 0.0120159697432 0.0175171664143 -0.00191153490652 -0.000406394625083 -0.403731214136 0.00659595977063 0.00396821311661 4.73449309053e-05 -0.536436322297 -0.00424650328143 4.81956138295e-06 -0.460746972787 -0.00105980107705 -0.00620998556072
-0.280230521774 0.0145066430811 -0.0847973407812 -0.0912329735595 -0.0450976822622 -4.23803164869e-05 0.00118004177712 -0.212281999408 0.0298111818858 0.0067467139935 0.0156664369091 -0.0031381633805 0.000750762737646 -0.508606227322 0.0557726517905 0.058506768324 -3.64386084019e-05 -7.2870754572e-05 -0.345662977443 0.0334273862555 -0.0007567050832 -0.000832136967627 -0.477451237479 -0.00245871845001 -8.26621027787e-05 -0.493487143697 -0.00123121414974 -0.01204812092
-0.578731504148 0.0181742147706 -0.00164773903968 -0.0444009263048 0.043546901946 -0.0284249275774 5.77249033217e-05 -0.736079043986 -0.0468711337336 0.0305750619334 0.112589307741 0.0575207154369 -0.00701144451964 0.0441651026734 0.00132662006728 -0.0626583009293 -0.0196309293697 -0.00154103207944 -0.0220206914866 0.146718607796 0.109806641343 -0.00621787806614 -0.239567682389 0.0324018303006 -0.0130477555395 0.00209327211201 0.00941788798445 0.00184626615516
-0.508924931723 0.0165255067642 0.00588627081905 0.0598674124415 -0.0775693081181 0.0129264287786 0.00235587527625 -0.734184541542 -0.0378749132737 0.0706714117688 0.145892765205 0.0521360218249 -0.00398012888842 -0.147162536645 0.044885593485 -0.0187656869963 -0.0831017776838 0.00011464760428 -0.106323405279 0.167574398391 0.0379458959008 -0.00539400020027 -0.249302841322 0.00142225708207 0.000862277289696 -0.165442980648 0.0104379820864 -0.00445958421861
-0.473916744917 0.00275128443728 -0.0412710560979 -0.0210892559687 -0.00433050702921 0.0283735010003 -0.000728225095072 -0.661271852964 -0.0378084274782 0.0807634437695 0.127089340806 0.0364402056776 0.00146232699295 -0.12619724739 0.0162941449791 0.0125641104233 -0.0813970848726 0.00531361079894 -0.21216820785 0.247482027424 0.0314718151351 -0.00754975775128 -0.390704336769 -0.000111630737161 0.00383901701449 -0.162145545887 0.00132231627799 -0.0209284003951
-0.522063282475 0.00975042225702 -0.0199692910114 -0.0271810673418 0.00512979795081 -0.0013483938691 -0.000486640890008 -0.710675210128 -0.0376288495192 0.0678614131043 0.0927005807683 0.0449638843551 -0.00184868898597 0.0701446137738 -0.0538796265566 -0.0402820656171 -0.0185655417619 0.00113513980443 -0.141236986741 0.206576412942 0.0988912336299 -0.00195940962128 -0.346306114893 0.0430237409902 0.00177235873031 -0.0123184152331 -0.00203289419101 -0.018843796794
-0.617181610305 -0.0374746292245 0.0353936269416 0.00390742244047 0.0322160788957 -0.0218022214631 -0.00208154433011 -0.675981095026 0.0365751170801 -0.00705853879214 0.0994318700025 -0.0388691491522 0.000434460899761 0.0290097798632 -0.032295092027 0.00346549209288 -0.0457547898303 -0.0041171193331 -0.268750433838 0.0553933197706 -0.0112806721436 -0.00505910301823 -0.233094773454 -0.0883560655547 -0.00139676449861 -0.0582691885174 -0.0035086401211 0.012517905914
-0.669984402936 0.0359560790736 -0.0201896862187 0.012997872485 -0.0777831383601 0.0306804708759 -0.000751104367129 -0.65167508343 0.0145289212816 0.00634046892818 0.0650044447212 -0.0146791797199 0.000931198372694 0.139600175683 -0.0488100307229 0.0325347764888 -0.0323548708277 0.00436545232671 -0.184477472562 0.0808027119882 -0.00135114849973 0.000288215547164 -0.202587043046 -0.0829244578952 -0.000843886368921 0.0172583324552 -0.00387543494553 0.00981197617007
-0.627202501185 -0.012343909063 -0.00985519362596 0.0143270763205 -0.0370963804771 0.00765978846644 0.00338782608723 -0.645041199429 -0.0140493902762 0.0108391839522 -0.0328257280294 0.0382207167657 -0.00258826106389 0.0533340284657 -0.134860731405 -0.0151921579809 -0.0584179772386 0.00169826407588 -0.246322919745 0.091400319529 -0.00843938443102 -0.00218639595714 -0.268957912614 -0.103154339423 0.00225555635671 0.0938313986757 -0.0140057755278 0.00313929158239
-0.599490474307 0.00802838004868 -0.0155989071017 -0.0173312135981 0.0319520947935 -0.0043113497037 -0.000264125781074 -0.605770397143 0.0206968632557 0.0371852025752 -0.026994948529 0.0154104528985 0.000388088395553 -0.137852546764 -0.107941268754 -0.0531292657738 -0.0662761885185 0.00654969333108 -0.286499304128 -0.0330977698358 0.010136711701 -0.00522860619413 -0.332151486955 -0.0613942550264 0.00200438832227 -0.183779681047 -0.00974713569903 0.00633517173191
-0.522430500622 0.00105779824873 0.0246750489828 0.0238809779242 -0.00566730262797 0.00509897178709 0.000988459528876 -0.527629852437 0.0150025171303 -0.00465155727424 0.0504670490571 0.00214521796797 0.000562691121195 -0.26743600663 -0.0789790621522 -0.134220968922 -0.0397401721518 0.00056296552354 -0.366567573192 -0.00776304987852 0.00505442074133 -0.00244703408058 -0.396373458228 -0.0112619175314 0.0020208743395 -0.235625416988 -0.00199766869944 0.00713164809825
-0.544696956143 0.000394088497258 -0.00270885463825 -0.012554751186 -0.0155674280243 0.00495017741046 0.00173245643972 -0.551488967133 0.0253980239402 -0.0197789152619 0.0303167042059 0.000394567401529 0.000825481968736 -0.209221032274 -0.0842933575218 -0.128445880223 -0.0549079851887 0.00265787438656 -0.35086235082 -0.00640465681509 0.00242417854356 -0.00202829370583 -0.41140341875 -0.0160796274944 0.000597930617014 -0.183326796708 -0.00651266105348 0.00752699246407
-0.646863742517 0.0380978004182 -0.00811623404922 0.0374100266906 -0.0413813110762 0.0452395471984 0.00254258959243 -0.667531595063 0.0223973667253 -0.0351644494256 0.0903533896209 -0.0273297610736 -0.00263410834013 0.0617390785186 -0.052235570349 -0.0416447415587 -0.0271591395128 0.0013191923542 -0.168769673475 0.0358488105427 0.030880561845 -0.00540313737618 -0.270591329411 -0.0747291631809 0.00187631941252 2.08231591557e-05 -0.0044475155883 0.00618920871935
-0.662454879431 0.0228850779866 -0.0167437464153 0.0210822280935 -0.0638375453722 0.00738131183949 0.00638567344891 -0.679411477337 -0.0161471423356 -0.0581369408866 0.058527379566 -0.0156567164114 0.00216771893691 0.153342824821 -0.0674063919356 -0.0304437321294 0.00887613368074 -0.00187507869118 -0.050285194529 0.0455205851442 0.0253090929189 -0.00856414515598 -0.209610446338 -0.0621849436857 0.00859345304069 0.0661179483294 -0.0113235796335 0.00775102832484