-0.01177465641 0.0227545507421 -0.0703473843148 0.0147569267353 -0.113745139777 0.0506942079764 -0.00659693332225 -0.239347363703 -0.0442056402333 0.577853180226 0.318191692187 -0.0775292402519 -0.0140469754027 -0.0944523499271 0.33085211124 0.17062765628 -0.162645414872 0.000481822012924 -0.298090504592 0.315630755691 0.00642180587921 0.00100459277653 -0.194179880884 -0.270698377183 -0.000488571113504 -0.0624601126414 -0.0256122018285 -0.000460665644932
-0.657742391991 -0.036543924057 -0.148026135419 0.0130304245061 -0.0755951028217 0.11891787557 0.00370424407578 -0.610004633449 -0.128201612136 0.123140483506 0.0592903803891 0.0185249967787 -0.0115641098461 0.0303015726062 0.169764389227 0.152928539683 -0.047255638567 0.00203569192709 0.0173280314862 0.0938095818137 0.0463495913921 -0.00267503477254 -0.159728412118 -0.125594923613 -0.0081597387876 0.0917278426957 -0.00202720647941 -0.000793886580447
-0.628100305642 0.037859309334 -0.033602033537 -0.0872641967125 0.169964965524 -0.0382763764157 0.00104296608348 -0.646343567528 -0.0984949387579 0.219107187686 -0.0329635200941 -0.0134997453648 -0.0117840368989 0.116593838019 0.146451501251 -0.0265004280051 -0.0384066887166 0.00609544909654 -0.138787601789 -0.0035856095882 -0.00289770432986 0.00180389400336 -0.0530437147558 -0.0873924967069 -0.0063727358741 0.142767696851 -0.0257145866468 -0.00162494772294
-0.506521328255 -0.00351239045435 -0.111333732493 -0.0317788657177 -0.0877726164754 0.0210275111959 -0.00503997813402 -0.476683736336 0.048516994033 -0.0580653549563 -0.0549461818063 -0.022645259093 -0.00647548858156 -0.341952871398 0.0542545938467 0.0615531088191 -0.107226710783 -0.00179373661111 -0.447245594782 0.0926147400906 -0.0607628101777 0.00202484667714 -0.221768079999 -0.0986316608956 0.00598625370623 -0.280817755207 -0.00570037091483 -0.00411997443031
-0.51249445266 -0.0158405602149 0.102158578635 0.0320823884037 0.00138663675024 -0.018284418016 0.0020270660696 -0.508460092998 0.0667500473909 -0.0389144409107 0.0129192925944 -0.0605062896585 -0.0030867900424 -0.191344390032 0.0438820934524 0.117631125193 -0.0979517918991 -0.00638617755284 -0.510282966821 0.170254636071 -0.0208612820431 -0.0033166911268 -0.2224777571 -0.0697739528987 0.00575887176649 -0.225138937539 -0.00439857286006 0.00405052731849
-0.538746433681 -0.00351259143696 -0.0145260825405 0.00326978188399 0.0153980483092 -0.00593651332734 0.000257075567466 -0.7472128818 -0.0501147587132 -0.111000858772 -0.0460874793085 0.0110105944161 -0.00427870618032 -0.0894607608815 0.200019778747 -0.00973576234909 -0.0400818313256 0.00678615068325 -0.0342878562807 0.0624776367907 0.0304583848415 -0.000852104326163 -0.272446111251 0.0323632944801 0.00845014076533 -0.0516243865014 -0.00218706892249 -0.00639182956722
-0.614866363333 0.0235604730644 -0.0266883591577 0.0571056772231 0.0316760521781 0.0254470181666 -0.00194417607267 -0.726250520458 -0.0948670527319 -0.0481003626833 -0.0806497954896 -0.00522851047279 -0.00383335079258 -0.0176624869654 0.0940472947111 0.0139614507503 0.0312568376932 0.00877090840298 -0.152961180694 0.00914284751104 0.0723374817905 -0.00338353339189 -0.172614532319 0.0345332021058 0.0045416994986 -0.00801226091654 -0.0143196931144 -0.00691515863917
-0.661834036311 0.0174791809411 0.0548704120322 -0.0489585163131 -0.027853897515 -0.00327225644932 -0.00184961006601 -0.646709781656 -0.0473419236598 0.0255828801938 -0.00496911745869 -0.0184908993761 0.00143226307398 -0.0802717539168 0.118203268319 -0.0551972099005 -0.088708921706 -0.00106634834905 -0.121426820971 0.11631722923 -0.00577721782505 0.00852654575297 -0.263569983338 0.00839053729313 -0.000154290628056 0.0674056106375 -0.0127780713823 -0.0039070994326
-0.706693884017 0.07394122413 -0.0650066542139 -0.0219013979709 0.0655424604779 -0.0238843397567 0.00244040706039 -0.657500642451 0.00371704855169 0.0679755641409 -0.0582622736926 -0.0110661166212 8.40837718132e-05 0.0257410590135 0.0862397903412 -0.0848017635713 0.0158239294237 -0.00126517679582 -0.111837407448 -0.0483447746299 0.0188291435941 0.0025243374195 0.0661990154869 -0.065810293607 0.00275922938615 0.0736825479809 -0.0112391999806 -0.0074032174066
-0.460390114033 0.0198752806911 -0.0700760534624 0.00785974349147 -0.0311189944157 0.0124328662173 0.00269347797609 -0.594324203554 0.00785569285972 0.104299101082 0.0461496913948 0.0181869110202 0.0084607933476 -0.400378676435 0.109543821774 0.0402999750249 -0.0556988070626 0.00474581046848 0.0146996086913 0.0487348731574 -0.00942380320016 -0.000159629810635 -0.316694397709 -0.065319433903 -0.00282443171479 -0.36116454335 -0.00715238570714 -0.00755088324267
-0.611845101758 -0.0235283742807 -0.00350730314416 0.00831414693467 -0.0266759119139 0.00668372091405 -0.00419677223955 -0.725626419742 -0.0150516510045 0.0855434178993 -0.0507545651316 0.044680985875 0.010008232432 0.111860654383 0.0124734686488 0.109191088324 0.0267618332568 -0.00756968077982 -0.0844430558455 -0.0483463483587 0.0629338261137 -0.000773988186087 -0.106965260556 -0.0638769937658 -0.0028753961083 0.1755168713 0.00547736566945 0.0180564239878
-0.63450044573 -0.0179136768022 0.0299645808057 0.0678934297928 0.00248110565923 -0.0106750671389 0.0112922668438 -0.702842200532 -0.0490868438883 0.102225025019 -0.0259283556025 0.0363103587442 -0.00433491167388 0.108943214841 0.0239858751871 0.100608156843 0.0174486882432 0.00159847728155 -0.130256887005 0.0484660326738 0.0316328722686 -0.00362528201694 -0.135837372567 -0.0436163735269 -0.0138955057172 0.135560347658 -0.018616328289 0.00203035499733
-0.585285228072 0.0040551853402 -0.0482161832025 -0.0437694337225 0.0120673185942 -0.00228736942133 -0.0113936098941 -0.688885759743 0.00616998192159 0.0295057684766 0.144287903527 -0.0218109495736 -0.00966887382765 -0.0666886815838 0.0409399089379 0.00406138895866 -0.0264452531944 0.0126942253301 -0.299868682839 0.0817159602291 -0.00753278786204 0.000929547709947 -0.209405678158 -0.0509068701341 -0.0105794385311 -0.0756426047833 -0.0099179142521 0.00345767080856
-0.536415851276 0.00807052196199 -0.0688566678038 -0.00680039801255 -0.0379660830547 0.00613060266349 -0.00188712105921 -0.542970144969 0.0250179534428 -0.0620787572316 0.0483254211977 0.035992003772 -0.00382427942263 -0.317605755914 0.0353804250899 0.0153930069531 -0.0483522144513 -0.00276741605157 -0.324499585095 0.0306934440996 -0.0547506187918 0.00635010301603 -0.338751580965 -0.0421150211742 0.00172321473201 -0.269183080117 -0.00208780165164 -0.000530461178525
-0.626793455032 0.0329261101977 0.00573616944498 0.0299304432757 -0.051887191379 0.00601473127981 -0.000519811677693 -0.686217568778 0.0379425773754 -0.0385910464771 0.0817798822274 -0.0228017678117 -0.00352444953691 -0.0810075789394 0.0233232944426 0.0853628860583 -0.071876935316 -0.000674657523934 -0.253832668704 0.139732103214 -0.0549724899281 -0.00299371151837 -0.05073810324 -0.104376710179 3.75551071554e-05 -0.0358524518515 -0.00617607421858 0.00233001106708
-0.603525247279 0.0507247096765 0.0230213463277 -0.0106514672381 -0.0543920535005 0.00758829892236 -0.00952562484587 -0.718827136622 0.0286169319856 0.000672167967517 0.110497674509 -0.023041092029 0.00371883055938 0.0105176437387 0.0160949683461 0.10250572716 -0.0542562685113 -0.000204349503907 -0.238065639034 0.151324832774 -0.0102269066034 0.00112118364042 -0.0363181999024 -0.0646118772822 0.00501385147462 0.0103074672614 -0.00455721790851 -0.000838421380588
-0.632877264546 -0.0220655408005 0.0482295073767 0.0501126617477 0.0291428584301 -0.0335705316855 -0.0023879371474 -0.640671231988 0.0405236275954 -0.0457455108148 0.083219894111 0.00596071255788 -0.00308580361325 -0.0698800345069 0.036146045789 0.0895823387625 -0.0587255274482 -0.0133779662591 -0.247874392518 0.0530671699297 -0.00281664745351 -0.0152911688054 -0.262360095461 -0.0218295611609 -0.011097919715 -0.138500333612 0.00105627052226 0.00609158499515
-0.524947067045 -0.0122843405282 -0.0700657632741 -0.0396962810268 0.000903325282059 -0.00300153707224 0.000766248909086 -0.582283498892 -0.05526122483 -0.0255217828199 -0.125110584859 0.0176408613018 0.00168999860709 -0.35496823497 -0.0493954705494 -0.0625034197561 -0.0455227280672 0.000912940187165 -0.293832222344 -0.000999653606637 0.0194513807734 0.00215953156337 -0.284028924209 -0.0108316908528 0.00340597194441 -0.238896524107 -0.00396663023127 -0.00510667619901
-0.569049440296 -0.0288176785962 -0.0578036352812 0.029908898384 -0.0466709927677 0.00879132660777 -0.000488826982134 -0.653040328524 0.0361626999432 0.0368455065801 -0.125394269888 -0.0118585776743 -0.000217831072571 -0.230688363668 0.0547417674392 -0.00850040396978 -0.0345380058041 -0.00236767237743 -0.304037028524 -0.0235963900535 -0.0023077649782 -0.000846185360032 -0.13937357894 -0.00207813068325 0.00563316126696 -0.232137906392 -0.00151025432204 -0.00567162324548
-0.532358655179 0.0219352215999 0.00134335299109 0.012042945809 0.0340114756166 0.000820669787013 0.000619063298667 -0.60054921027 -0.00855882268142 -0.0100094281523 -0.114163079062 -0.0009679239899 -0.00199319524954 -0.291418791937 -0.014681299492 -0.00742013166355 -0.0279070649448 -0.00181165009276 -0.394588930275 0.0221500627048 -0.00385340460365 0.00241910079538 -0.181003993668 -0.00186877175584 0.00422243853022 -0.256800925683 -0.00363402015593 -0.00211743320936
-0.534281542968 0.00102194513965 0.0955880152371 -0.00869923504276 -0.00564066422999 -0.00743936150548 0.000998477297163 -0.603768420976 -0.0160635975389 -0.0239088854717 -0.138543856489 -0.0103509125379 9.3834585567e-05 -0.262182559889 0.0251770181733 -0.00360853877217 -0.0441090124366 0.00182906238743 -0.363336099155 0.0902118311149 -0.00978412551789 0.00220114646311 -0.225177632045 -0.00830107944933 0.00731175213267 -0.241130263017 -0.000482672671761 0.00386828244305