-0.0168117748297 0.0253199044856 0.0769116082724 -0.0132425766205 -0.0862155182143 -0.0232693223053 -0.0139018203727 -0.207614962023 0.161033324241 0.316835038522 0.24212098582 0.0212796889316 -0.0206396559788 -0.0896427606828 -0.274920666913 -0.00108549978015 -0.0608221011346 0.00379364888452 -0.481608698251 0.541000221865 0.0201265242082 -0.043797548737 -0.374805432886 0.000328233280513 -0.0268421875991 -0.00673459166604 -0.0184287151434 -0.0052780716797
-0.439495920055 0.0168357801832 -0.0743987280118 -0.00125481474409 -0.0572191681374 0.0292175576378 -0.00535056405852 -0.60003055475 0.0259384174616 0.191495189749 0.159073388216 0.0720501434202 -0.00970435865546 -0.00530684600524 -0.168882892768 6.46134159009e-05 -0.00189675719524 0.0156820801412 -0.389425558368 0.305650328508 0.0349021406142 -0.0369204833276 -0.30224548279 0.0123671860376 -0.0175143601564 -0.0116835142352 -0.0221425293023 0.00189252372266
-0.426916918671 -0.00558571272257 0.0883144756933 0.0159332962137 -0.0123133106071 -0.0442532410918 -0.00743642760717 -0.508902696181 0.0899855932964 0.115317757062 0.136698954247 0.0653942723653 -0.0356663674782 0.00797165301787 -0.129638437532 -0.0762350026195 -0.0381022746768 -0.0059023959335 -0.415339961009 0.339175246922 0.0237727875989 -0.0355985138357 -0.430175042187 0.0355146470027 -0.00386814106378 0.0357344009232 -0.0237968613461 -0.03408594828
-0.481737862316 0.0296453536679 -0.121713466004 0.0400833672962 -0.0345243976497 0.0228054647261 -0.000909965448444 -0.481303952525 0.109555177373 0.0649608541563 0.0574644139838 -0.00705262903831 -0.0148251227737 -0.215056059959 -0.247171357186 0.128934040906 -0.0399777871444 -0.00453141850516 -0.426201668487 0.339242905894 -0.0370497370036 -0.0257015001712 -0.243815210042 -0.0447659494226 -0.0215804148476 -0.102139071054 -0.0180892608844 0.0210022834596
-0.408703552752 0.0486661680432 0.0476843485759 -0.0750241922878 -0.0642610191847 -0.0235520643387 -0.00626909965536 -0.445542518645 0.0701816552208 0.0790754154083 0.142510244535 -0.0434466088954 -0.00603635328307 -0.316236584458 -0.340572158616 -0.0560892124525 -0.0714501571486 0.0151851409149 -0.397367159453 0.367087484676 0.00205412964574 -0.0167606401326 -0.261082117985 -0.00187243010154 -0.0164359249766 0.000869656574125 0.011203319189 -0.00823848951242
-0.429909718004 -0.0390496410417 -0.0620558079142 -0.0431630910051 0.00662186642883 -0.00300722797203 -0.0063159007448 -0.473476466396 -0.0645770582518 0.0574485594695 0.0202088848287 0.0273532139298 -0.00693982660966 -0.0273163703006 -0.0581260210014 -0.0297592146028 -0.0241072928412 0.0016481022946 -0.435100965464 0.107627674181 -0.00698124004616 -0.0215027082537 -0.603103335854 0.0157293662765 -0.0178465304008 -0.0501837682551 0.000970400990961 -0.0342033565404
-0.480502516407 0.0744390239429 0.0558658453685 -0.0038593790935 -0.0376940057118 -0.0178042704494 0.00503768817136 -0.534673291616 -0.0622533124151 0.0419949847552 0.0474487528721 0.0318090390006 -0.00393841953675 -0.0943932580699 -0.161922025694 -0.161169423143 -0.0172635973872 0.0108779504672 -0.390827229633 0.0898110633267 -0.0317037093024 -0.0172928536784 -0.478188290207 0.0149936149244 -0.0115502880215 -0.105720514623 0.00690973170052 -0.0002282588883
-0.401055589576 -0.0103386962381 -0.0241745812848 -0.0117174371644 0.00143814182126 -0.0149561638341 0.00705761654327 -0.549706349553 -0.0789735217171 0.040732293136 0.0505020384363 0.063951730528 -0.0091488206645 -0.153707104211 -0.11046026902 -0.169680953213 -0.0482685007941 0.00874464565115 -0.413996792677 0.0728688841618 -0.0244080147909 -0.0168580824547 -0.503705294815 0.01385560872 -0.00406123337845 -0.147448418079 0.0179205742268 -0.0255955542395
-0.565759656251 0.0147056881827 0.100585116852 0.0781631598439 0.00358441363154 -0.00655902842671 -0.00740548142682 -0.504876467393 -0.010653601914 0.082601774176 0.0616428650123 0.00618321390984 -0.0103410343006 0.0600645858488 -0.111436224327 -0.0813523139376 -0.032438031288 -0.00299374745116 -0.375471106622 0.104629396977 -0.0175564887235 -0.0120812498405 -0.468209429582 -0.000398755921249 -0.00476306923824 0.00242128956689 0.0174252450047 -0.0440765939524
-0.573387618288 0.0308515163242 -0.0671038506097 0.0435277412691 0.00136150843671 0.0129506575556 -0.00447158598326 -0.684912063477 0.0597522976373 -0.00118868936801 0.118512875726 -0.00534629538826 0.0170788603602 -0.0256033931687 -0.109849641338 0.0543984917485 0.0120088057667 0.007470796143 -0.331147140352 0.207696809914 0.00789841819583 -0.0101654108672 -0.0729333283591 -0.023371767671 -0.000191865377928 0.0355616009029 -0.0259124050821 0.000607044965797
-0.590346321099 -0.00895705271844 -0.00185774102182 -0.0587023435494 0.00712996623438 0.025283540103 -0.000466347880659 -0.608720086014 0.0564217893617 -0.0235791922473 0.00854911312236 -0.0179998481675 0.0114578966878 -0.0219291473599 -0.137953932112 -0.0246957155034 0.0343740581563 0.00748903252519 -0.250140950648 0.100277804594 -0.00749849813253 -0.00253036879745 -0.420464485685 0.00402997712321 -0.00478734344911 0.0181658041136 -0.0105873585224 0.0338119767496
-0.572813109475 0.0269022279744 0.0140626806718 0.0657657882991 0.0369119327268 -0.0218256745912 -0.0227901832853 -0.689996007743 0.118112751465 -0.0907384204649 0.0559611513728 0.0246944117233 -0.00174552755787 -0.0828468699002 -0.0659153293689 -0.0261776344973 0.000552084944067 -0.00164508996015 -0.240205237597 0.187396919829 -0.0204020582434 0.0011944735956 -0.227944641705 -0.0328110084764 0.0133169067826 0.0509799277728 -0.0357755608708 0.00592732103432
-0.60494096369 -0.0442356504099 0.0403948194326 -0.0866045309093 -0.00621173302492 -0.0243335559458 0.011359780666 -0.564955301516 0.0594854563705 -0.0429834223508 0.0523494737815 0.00466664124902 -0.00907669515916 -0.0505724419962 -0.184477407982 -0.0603130308301 -0.0362063098789 0.00562003209482 -0.377504319031 0.219177714313 0.0192696831904 -0.00943895887468 -0.232055318757 0.0307515436774 0.0155548898479 0.0717291695992 -0.0228105001072 -0.038877759524
-0.503091916024 0.00222464653643 -0.0501365059782 0.0693951238909 0.0103900140235 -0.00894071098608 -0.00308888585849 -0.543134238958 -0.071145448365 0.0721119136562 -0.147039549295 0.00934168196782 0.000973976358585 -0.401123541127 -0.130158095914 -0.136962959452 -0.0211281822389 0.0211054468703 -0.321508080831 0.236743013867 -0.0205329157294 -0.00732211533941 -0.23140740871 -0.00872310248023 -0.00228863375922 -0.0366014565445 -0.00588743692383 0.00380311524334
-0.668822244977 0.0165048228984 -3.88521842431e-06 -0.0505485912621 -0.0838020040201 0.0124183850765 -0.00879881469721 -0.633332071865 -0.0229371654243 0.00577803818834 0.0361886059484 0.0310446441102 -0.0224703739808 0.00234396660247 -0.15263698878 0.0994028818455 0.0200405569796 -0.0118554913751 -0.189300942272 0.144428905153 -0.0103803468626 -0.025458066685 -0.213072997094 -0.0082225660298 -0.0200187018503 -0.0130765329942 -0.00197992982725 0.0304476196143
-0.506080281911 -0.026819211232 -0.0162510837692 -0.00516873273991 0.0340153101239 0.00740164161398 -0.00165762913767 -0.621413931824 -0.0435212114976 0.0363964585684 0.11537445414 -0.0049524968214 -0.01653826074 -0.157262370096 -0.273326679544 -0.0512992307729 -0.0242907131665 0.0175481280242 -0.26436993489 0.106492105441 0.0151552890327 -0.0258900113708 -0.390313802341 0.00788006424325 -0.0143630730674 0.0149996940108 0.0253217077952 -0.00973424091539
-0.596078185856 0.0361527814299 0.0862910076591 -0.0411936362138 0.0100328417394 -0.0259838124527 -0.0029088534537 -0.509058649572 -0.0227784073612 0.0376451631272 -0.0124273261708 -0.00535492871223 -0.000983392316929 -0.234012310226 -0.270902156377 -0.12163742909 -0.0556092209744 0.0135440341685 -0.321020062373 0.198573339082 0.00742219046861 -0.00729929178421 -0.273345975583 0.023784445192 -0.0170790441556 0.0863358742025 0.0073838527535 -0.0172327320067
-0.492025844554 0.00574954250764 -0.0407621024672 0.066371091452 0.0143039753694 -0.00932975643256 -0.00593521878544 -0.514969362926 0.0778306700104 -0.0628104358461 0.122539395475 0.0108603593672 -0.00208769623531 -0.387354295415 -0.147334344425 -0.0748201270753 -0.023658188859 0.00286963583819 -0.358760109777 0.284486251387 -0.021759934412 -0.00812895552245 -0.264573891415 -0.00361719901529 -0.0122948335315 -0.0528892407964 -0.00867954187578 0.00397194357721
-0.492605609556 0.00422555816682 6.70004481119e-05 0.0158331116682 0.00305430394341 0.010078955284 0.00555250693655 -0.570263886591 0.0744092263771 -0.0100195392213 0.0524061951639 -0.0306795567936 -0.015265024273 -0.274017580261 -0.221113573809 0.16666267468 -0.0563030009095 0.00298819009166 -0.358271844471 0.145841098461 -0.0325451080968 -0.00890558771323 -0.276093669721 -0.0689197904643 0.00308212919472 -0.185642042256 -0.0314510883805 0.0056882546002
-0.400669730272 0.00691238714256 -0.0184333711646 0.0283031501786 -0.00874721257592 0.000646894778491 0.00201674139727 -0.477774096532 0.067208726352 -0.0277150976309 0.113630114773 -0.026444014005 -0.00600360236725 -0.470337680702 -0.0681495195311 0.0134613273765 -0.040181095926 -0.00499675399725 -0.394154901853 0.178749675439 -0.0116510736756 -0.00298544167031 -0.306236947347 -0.0195253474453 -0.00902816092469 -0.284967405804 -0.0178734070645 0.00934316073142
-0.587497693682 0.0189957251509 0.0340123524153 -0.0711924618777 -0.0425591975813 -0.0060349301652 -0.00792022860511 -0.44622684698 0.0824115418164 0.0292111179325 0.0401316771044 0.000121022892628 -0.00411157372127 -0.347210514354 -0.193495754543 -0.150999798303 -0.0390192037818 -0.00135697859657 -0.288244236445 0.33119460979 0.00660589018387 -0.01372544498 -0.248861468077 0.0109084707552 -0.016707097641 0.00145532712306 0.00703519336579 -0.0158029102628