-0.00808327158196 -0.00364225898868 0.0416219261159 0.038182223131 0.0362245074642 -0.00941578106331 -0.0164212855068 -0.00725859965262 -0.0137669902141 0.0407034315419 0.0396284776896 0.0033519995332 0.0379589070117 -0.0742556454916 0.222536530195 0.0403127908588 0.0413771202234 0.00137579241912 -0.524607388196 0.64399230339 0.147673787312 -0.00355592764619 -0.444676024234 0.13161124732 0.0116312170314 -0.0692681197003 0.0025712072231 -0.00247899399228
-0.361669739988 0.00184489919849 0.0502704790963 -0.0112309677243 -0.0226648154786 0.00803199215377 -0.0204147137493 -0.400897808221 0.00968346035162 0.0756774466344 0.0602552135787 0.0399956883879 0.0182606870691 -0.254398323301 0.205031650206 0.101683690871 0.0539362657561 -0.00591015413621 -0.450781165805 0.363989735677 0.132377196607 -0.00149583260812 -0.427780165706 0.10255238249 0.0165179546952 -0.158563869443 -0.00124507116493 0.0353788917451
-0.312165933936 -0.00342993491872 -0.0705434497084 0.0921443318889 0.15833748818 -0.0178085688895 0.0228043851155 -0.232636255992 0.00138675334862 0.0319092601647 -0.0128868114909 0.0209708293053 -0.0167438854179 -0.185016363768 0.245844054343 0.180272750894 -0.00651425854149 -0.00709185207091 -0.533829832784 0.269495488439 0.0507230064739 0.000609140870108 -0.559953064034 0.0473855234731 0.00908198063459 -0.0501503877904 0.00856069112542 -0.0352066228485
-0.477761000395 0.0852194367053 0.0369501251112 0.0770345872027 0.0673305438796 0.0385838679049 -0.0463912261918 -0.534758325684 -0.0178260416728 -0.0674883410642 -0.130854636077 -0.0709180045704 0.00623425005033 -0.258708755589 0.0295988726664 -0.0431630540483 0.117460147815 0.012975823072 -0.217796816597 0.437902600688 0.132052329783 -0.0118257698055 -0.211111931559 0.159023276264 -0.0022910009811 -0.159400656073 -0.0173441173609 -0.000617294804151
-0.346618246023 -0.0254536805403 0.0434034122151 -0.0464537188475 -0.0146544335904 -0.0376263026493 0.0150587365497 -0.407020620648 -0.0258581303408 -0.0869710657052 -0.0585395936392 -0.0499989489209 0.00519242492722 0.093253898618 0.199778488377 -0.0224655514517 0.0130911797331 0.00401392680943 -0.489296562655 0.529778444744 0.0826967550315 0.00183955656244 -0.332788802115 0.0488212340184 -0.00387988324491 0.0633352591451 0.00651172389419 -0.00613232742093
-0.395434184213 -0.0163653066366 0.0874785988147 0.00624064618358 -0.0807795712794 0.0184396601545 -0.00551256790614 -0.369013161309 0.021569473575 0.0321182942146 -0.00446526001884 0.0169812737579 0.00631453772509 -0.31928275649 0.185428733184 0.13189551416 0.0439245558065 -0.00225573541588 -0.443626427938 0.140631004469 0.0460513560756 0.000778479304088 -0.534518814586 0.0414810104127 0.00109287551981 -0.164749371145 -0.00553708130549 0.0423889766826
-0.201472798035 -0.000145117914903 0.0212392651676 0.00123040285348 -0.0302138570875 -0.0101738038315 0.00369651623634 -0.206423578129 0.0127853614822 0.0436172194572 0.0106443749299 0.00338178990754 0.000891217777459 -0.529624476009 -0.00523582546493 0.0304275504569 -0.00439877308074 0.00107787715335 -0.418450245084 -0.0351862920868 0.0125461586036 -0.00220205309826 -0.480462682411 0.00049847422374 0.00129931382974 -0.473140945806 -0.0016035487284 -0.020876594312
-0.236582895758 9.0068751769e-05 -0.0926755572617 0.0430828628873 0.0190004714449 0.00893754527563 0.00107838279046 -0.215954982894 0.0261802290783 0.046329174974 -0.00688390104345 -0.00425045878522 -0.000219732516606 -0.486100083002 -0.0342477896812 0.0147459483132 0.00308999571625 -0.000601252910915 -0.438968674204 -0.0169706115016 -0.0054138248209 -4.17800552724e-05 -0.455056766592 -0.00107863389072 -0.00137977159691 -0.495064863858 0.000135572202753 -0.027099603136
-0.536058656594 0.0106917438904 -0.0465913964493 0.0704786332388 0.148753231691 -0.00248569093079 0.00797730949945 -0.369465390183 0.0106836497823 -0.00545333794329 -0.0146063590108 0.000870171716891 0.00264620831924 -0.0752797639396 0.218351408479 0.14805388625 -0.0159056432148 -0.00360516925122 -0.422849164939 0.267438043006 0.0300113170134 0.00098818556919 -0.465712339691 0.0358934592864 0.00437392961739 -0.00938827911123 0.0297820188364 -0.0198682023633
-0.67939020919 -0.00431650865711 0.0564659441952 0.0567260260069 0.034134685161 0.0359011215521 0.00126684635578 -0.548931047906 -0.0196120631796 -0.0349772903996 0.0681471438507 0.000693414519932 -0.00134135279258 -0.0847133141279 0.120337148415 0.100739534279 0.0459585360008 -0.00777419404364 -0.172654359443 0.273783350241 0.107022972981 -0.0180239988887 -0.244931967818 0.0799414566112 0.00574865423766 -0.0203961573929 0.0126439929705 0.0667340240243
-0.532152913753 0.0505504797762 -0.0548343066315 -0.0301042755583 -0.01407474429 -0.0173771109466 -0.00129179737707 -0.557225969804 0.00210048638403 0.043602535408 0.0537301910963 0.0336325031125 0.0026544632452 -0.114201112775 0.182686553955 0.0360879875003 0.0131628433261 -0.0042880878365 -0.419185082544 0.307892969527 0.0755105254529 0.00309808913275 -0.251233735706 0.0521030612209 0.0175183961443 -0.0539527289731 -0.0131458141548 -0.00721039499039
-0.313861297619 0.000100132443222 -0.0359263024214 0.00214979024293 0.00880828123051 0.00451754065903 -0.000630714344589 -0.343112225849 0.0105961033911 0.0253920337054 0.0478028875162 0.0186816335039 -0.0188918271601 -0.399102812103 0.0349349848464 0.0520853854214 0.0588231633992 -0.00438780862176 -0.516978501273 0.078872146211 0.114702564084 -0.00950358423842 -0.554206436058 0.0968871109636 -0.00633157746818 -0.0857006060642 -0.0179348410907 -0.0308980234931
-0.537836351904 0.00116878350261 -0.0532925514691 0.0522834059612 0.177104368197 -0.00177445644266 0.0154792156397 -0.367792669516 -0.00239323182525 0.0155932924888 -0.0110844241039 0.00152334846922 -0.0075514351958 -0.0998190683574 0.216089869031 0.185304737639 -0.012925176961 -0.00628363168458 -0.396471627511 0.229306598543 0.0329982286086 0.00262960790696 -0.482782844547 0.0248482202029 0.0163711298474 -0.0105926565187 0.0286589312935 -0.0296209306867
-0.523489998922 0.0292435321521 0.0620443991186 0.0687063091121 0.0316954776785 0.0207547441747 -0.00994224915266 -0.492721439957 0.0279623644376 -0.00997303566008 -0.0403958485926 -0.0286082434546 0.00198780334332 -0.43337577494 -0.0285286303833 -0.0570319236342 0.0757107153903 0.000276606128322 -0.358246477807 0.23784296489 0.0568845131952 -0.0109569463642 -0.16708849744 0.0886263351066 -0.00877786480378 -0.214816164112 -0.00829987409876 0.0307355362695
-0.594815510783 0.0319215338987 -0.0434927485769 -0.0127908563583 0.0550411928395 0.0113866213652 -0.00714461711162 -0.737028899686 -0.0526460794193 -0.00897363602283 -0.109966693726 -0.0384244501073 -0.00206176305424 0.0855988122928 0.000849071803838 -0.0408426196718 0.0694508885877 0.027395441313 0.0359541605844 0.207338650185 0.0379315296742 -0.00162099706081 -0.0582315333327 0.0366833876498 0.0186790020861 0.119638391614 -0.0186266381775 0.0152906486086
-0.51012989859 0.00484921953303 0.00479369308524 -0.0049289261422 -0.0906136468974 -0.015082057402 0.00717441915328 -0.608583692691 -0.0781926324269 -0.0498232628029 -0.0105015034767 -0.0245390164147 0.0019322542233 0.152788846132 0.0649353238946 -0.11061458654 0.0240204696166 0.0051525269363 -0.397814385536 0.228252327776 0.0209412168377 0.0226852468085 -0.287703428075 -0.019947327326 0.0121747931937 0.126127197201 -0.0103087056971 0.021857596113
-0.523167646757 0.00931597208222 0.0663215235527 -0.0637670938471 0.00524240416934 -0.0182616416296 0.00984463690204 -0.486951293289 -0.0204619099172 0.00170351541433 0.01678123691 -0.0121212571662 -0.00566254687886 0.0327307622705 0.184278377687 0.0738946044077 -0.00542998457558 -0.0020226459106 -0.382897120985 0.377021105956 0.0392474198261 0.0109102808755 -0.376852245057 0.0237654313581 0.0129756362009 0.0733718672162 0.0140437014406 -0.00355523819154
-0.285618535317 0.0164692970508 0.14085588192 -0.0222725938943 -0.0823503032519 -0.00490863961359 0.000288469478575 -0.214305570043 -0.015841414934 0.0161043371154 0.0307825715871 0.00454263794081 0.00117820570682 -0.50383724371 0.0178257177177 -0.0113902905652 -0.00115524202334 -0.000681062427195 -0.497138555188 -0.013162446454 0.0027475504571 -0.000148920623379 -0.34814186852 -0.00445076425936 -0.00136411544581 -0.469810978826 0.00502218584122 0.0010068023424
-0.286733864943 0.00383657068719 -0.00514621391252 0.01487510085 -0.0095866689161 0.0182738146467 -0.0128535113486 -0.290947356334 0.0069352457948 -0.00626478613289 0.0162960603495 -0.0321118720922 0.00170748423457 -0.437817118949 0.0187536249509 -0.0451925490987 -0.0218008549212 0.00129993141207 -0.547728332956 0.0678042818126 0.0676059491788 -0.00176760066477 -0.480861830886 0.0771152488459 -0.00303498597806 -0.295888600592 -0.00140491186756 -0.0492382224234
-0.450658103744 -0.0273998752675 0.00493539143842 -0.00930453223776 -0.0152155792187 -0.0353971981607 0.00278097671475 -0.497499459871 0.0103865737568 -0.0255398449258 -0.0402054148127 -0.0530483173967 0.0133832534226 -0.233372455476 0.00462616991486 -0.117709750892 -0.0370038321998 0.00187186757555 -0.461843722462 0.32297169482 0.0558751557054 -0.00478213682741 -0.326240205933 0.0689331665986 -0.0153186212037 -0.198308387693 -0.0187652531389 -0.0106116375239
-0.502952158898 -0.00597084119169 -0.00938549394765 0.0511065198471 0.104476788992 -0.0022027953357 0.00547062757225 -0.408897612767 -0.00263128230129 -0.011547829266 0.0238324289389 -0.0067340175521 -0.00387631715552 -0.0828613991147 0.229428971321 0.166878899824 -0.0151771448488 -0.00264931916378 -0.424464329574 0.2473855127 0.0319212638392 -0.00803382563128 -0.482733295496 0.0308059392144 -0.00520047611242 -0.000144176040358 0.0245554128111 -0.0270979928292