-0.010098708348 0.0412478636435 0.0586289841138 -0.0243451973663 -0.0476655750619 -0.0334280647119 0.00420372820115 -0.336610141903 -0.0117787976803 0.339518642993 0.361084952856 0.0740528612157 -0.0293974941119 -0.0934566196917 -0.252517282218 0.169830327787 -0.117607846228 0.0181923365594 -0.427725428621 0.412591706412 0.0394578324021 -0.0273261897827 -0.3878223771 0.0316180645836 -0.0331953817679 -0.0355438179395 -0.0225313923983 -0.0066006439928
-0.300157558268 -0.0375488955367 -0.0597571362519 -0.00594046311234 0.0026697334903 0.0271609893552 -0.00871664149674 -0.391622790438 -0.097631248472 0.0902151039243 0.0391371189971 0.0782076746991 -0.0150975390039 -0.135622713641 -0.161068149328 -0.108947607058 -0.0670299021813 0.0193103446628 -0.545796324461 0.0681647678969 0.0426759608811 -0.0142484371986 -0.59535948682 0.0360040740764 0.00298380041763 -0.0612906006022 0.00124821045317 -0.000941603199564
-0.26760038714 0.0147447117572 0.0550665271742 0.0706669856849 0.0997396995858 -0.0226935580286 0.0026940689013 -0.266798011239 -0.0746979256569 0.0310160499397 0.0040101493539 0.0477941941916 -0.00793193351498 -0.199404231598 -0.0490942936356 0.0453114303272 -0.0769692227562 0.0161918512127 -0.398102665674 0.0793954572418 0.0131275636809 0.00549119816468 -0.776708151907 0.00872488291324 0.0058423568557 -0.103662615634 -0.00498125065773 -0.00545008572222
-0.41546191016 0.0101201204962 -0.0230920901198 0.0490622427264 -0.0294604049846 -0.0109376819137 -0.000536405671056 -0.645465765954 0.130276490358 0.12250896614 0.200588748418 -0.0628772800861 0.00977397645131 -0.160064833198 -0.129061698465 0.221549120892 -0.0277605939371 -0.00317324545596 -0.357641438757 0.211311562733 -0.0206596438113 0.000862476785097 -0.246529023088 -0.0576020407152 -0.0179435044202 0.00787100272363 -0.0225796002079 -0.0187388559581
-0.493130646743 -0.00392427606643 0.109278722474 -0.115047566991 -0.10983797876 -0.0482602775825 0.000372011993777 -0.544208660986 0.136502176724 0.0805735487823 0.14298113731 -0.0605503565911 0.00688103570778 0.024457833537 -0.222671690229 0.196159081632 -0.0429727440836 -0.00604937869407 -0.411608358092 0.215674411221 -0.0223330976891 -0.0244349595231 -0.249832672464 0.0202482626084 -0.0285838660212 0.0196397567579 -0.013473032239 -0.00205769857287
-0.253537107552 0.000281021854412 0.0104094651826 -0.0451720218756 -0.00296762278349 -0.024017730647 -0.0021764225752 -0.244381637686 -0.000139222871715 0.000906477352299 -0.0035533350016 0.00171016455411 0.00194062708251 -0.584278495798 0.0917483494455 0.124733869333 0.00603566713147 0.00160452636302 -0.393918226922 0.113944871666 0.0287654480304 0.00296280997497 -0.514006566523 0.015631523009 0.00321823470998 -0.272722606832 -0.00357867699575 0.00112954703747
-0.208163398558 -0.000412091708629 0.0508447741159 -0.00797980768085 0.0182252439318 0.0110592533961 0.001716480115 -0.207622618072 -0.00686193012979 0.0175339301706 0.00446549212343 0.0297431802844 -0.00191868975494 -0.588522499118 0.0064488745073 0.0154194686173 -0.00549020529382 0.000412816354443 -0.474214027752 -0.0119601934818 -0.0068145659201 -0.000342774266202 -0.45871081262 0.0253877656591 -0.000550639127669 -0.355513429238 -0.00117309148216 -0.00174024168309
-0.193106544328 -0.000338477775202 0.0449833819932 -0.0042716073397 0.0413597986612 -0.019657887522 0.000742509168046 -0.186399095113 -0.00679774181173 -0.00761507619887 0.0112880566961 0.0103326715369 0.0067901305341 -0.57718324562 -0.000608865371927 0.0094954524793 -0.00447673568469 0.000327765137877 -0.4967874215 -0.0225564275551 -0.00765152824368 0.000200272862593 -0.428962682312 0.00967151684067 -0.000972518164629 -0.398293650309 0.00212624842133 -0.00889641267982
-0.265690016914 0.00170742689708 0.0474329682461 0.0655641845716 0.0622503866428 0.00459173561184 0.00165217593595 -0.20854105158 -0.00494227453439 0.00181448812271 -0.0106254924074 0.00291020813751 0.00259668978049 -0.682950596554 0.0343123419117 0.0441580440214 -0.00738776323039 3.41968790772e-05 -0.176497300102 0.0487303828856 0.00209276122649 0.00694621760872 -0.504386920743 0.0106709608205 0.000297322645352 -0.342697796161 0.0111966825351 -0.00663414384536
-0.437998780588 0.00608170636276 -0.018462100673 -0.0752754976971 0.0461967871575 -0.00167017166137 -0.000170876474414 -0.513486371555 -0.0550356788342 0.0567303696604 0.0319373101629 0.0421126529388 -0.00548042122022 -0.131372318548 -0.104130222173 -0.0793817500761 -0.0523831228219 0.0132099736312 -0.410507485725 0.142796987093 0.0137667009679 -0.00926497823099 -0.546056181531 0.0256082944561 -0.00566060839821 -0.0410296396464 0.0128252199481 -0.00438984269896
-0.520862986348 -0.03697480405 -0.0382380232169 0.0236265636742 -0.0557265355514 0.0150790773228 -0.00526264544432 -0.592398731761 -0.0228157743788 0.131633802442 -0.0430135709282 0.0136393058044 -0.0287535415513 -0.0398835956986 -0.127311259088 -0.0811048588667 0.0166221865759 0.0057868803184 -0.418847041082 -0.00573063646967 0.000499606127307 -0.0152401436981 -0.382344868256 0.00286766179723 0.0196375468109 0.0560583392516 0.0133221388321 -0.00449267419591
-0.468896405993 0.0436821156068 0.0416288504791 -0.0508760016534 0.0165451990661 -0.0355462046337 -0.000906777571321 -0.449188485883 -0.0395472371429 0.0208214343358 -0.0212451884704 0.0241510149939 -0.0115203550539 -0.0726315076925 -0.116357960629 0.0130724043277 -0.0494579637387 0.0109947214465 -0.405956505815 0.0186903630164 0.0201414612034 -0.00444955906066 -0.616147619263 0.00789063203515 0.00351690032342 0.0241531605384 0.00109820640594 0.00291225248967
-0.492494003741 0.0126168216797 0.0785141957118 0.0869178251683 0.0386352877172 -0.0217932523125 0.00763519780286 -0.404641405344 -0.043936926757 0.0332403307022 0.0130943766524 -0.00746260925092 -0.00246481907075 -0.141116109264 0.0111581260213 0.0854372281559 -0.0528650109415 0.0192281976514 -0.338936610965 0.0603102779566 -0.0152370500304 0.0104363667485 -0.650497547193 0.00144719930145 0.00819756709662 -0.0423251223266 -0.0113047826494 0.0069185887882
-0.534789231034 -0.00813230533541 -0.0142797778695 0.0429326527242 -0.00475538836857 0.00963844812417 0.00203472198773 -0.739178455364 0.0903236148218 0.100651432118 0.0810604304123 -0.000597197743804 -0.000338980709943 -0.0322545660119 -0.0606751611794 0.104493880309 -0.00713248910674 0.000849901510976 -0.257949581706 0.141796592338 -0.0268790520169 0.0168308295118 -0.173016395781 -0.0155287360581 -0.0138192280972 0.0808547872052 -0.0154577333827 -0.006066563254
-0.550141932994 0.00287128363769 -0.0262548316406 0.0244945985035 0.00470579545273 0.00626271155886 0.00109614821308 -0.748117880055 0.0256295631328 0.0236425124027 0.152946474411 0.000704730662876 -0.000542421179401 0.0122984716727 -0.117648997247 0.170262490775 0.00567476524109 -0.00449845666044 -0.0857900826136 0.128026668966 0.0176583420442 -0.0147366032561 -0.171771715268 0.011643750083 -0.0235187876158 0.113373210113 -0.0296178518725 -0.0213340327488
-0.580874615654 0.0294930683265 0.00920066567551 -0.0775652281 0.00026593630734 -0.0194013162098 -0.00214501311089 -0.699598700521 0.0344079643657 0.0497500205951 0.127822557199 0.00873494879753 -0.00791408324176 0.0914066370488 -0.165996905652 0.136121626083 0.0493481986432 -0.0137207798845 -0.107995878866 0.109897979162 -0.0153672737939 -0.0208073510778 -0.201273974381 0.0307454243702 -0.0328435906899 0.146486238166 -0.011753522604 -0.00733530882763
-0.643693558076 -0.00459214766961 0.0899092952229 -0.0105154934309 -0.0684453588867 -0.037185316349 0.00189054123952 -0.592287674898 0.0515288601196 0.069831725143 0.0625486726539 -0.00351106138597 -0.00152497540789 0.0354737157301 -0.146488517188 0.0912589025172 -0.0363681722849 0.0049148601344 -0.302991637933 0.155609771869 -0.000756746744103 -0.0212459842982 -0.232025636783 0.0552071211554 -0.0212933903924 0.0526582284165 -0.0112684196261 0.00304041621936
-0.455511726002 -0.0322032463365 0.0118389098097 0.0481919831027 0.0338594928422 -0.014958508379 -0.00223589015464 -0.50969897589 0.0287855212702 0.13245800851 -0.0234648696006 -0.0109036797722 0.00214629609946 -0.53161182167 -0.0539196520598 -0.109194258073 -0.0167798097695 0.0110373311057 -0.325016659068 0.140880820115 -0.024002534457 -0.000182269457242 -0.253431275557 -0.0358213699401 0.00894490880029 -0.138329406348 0.00343059403462 -0.0123000895221
-0.364125776006 0.00656613867578 0.0340011728444 -0.00884853627793 -0.0193090156497 -0.00456598893728 -0.00735237030199 -0.42848816178 0.0170342793879 0.121092671429 0.0363312849318 -0.0175973172481 0.000193156473978 -0.544442245555 -0.0295001250041 -0.0129307523515 -0.0179864767396 0.00428642060232 -0.394123017672 0.0380892871567 -0.0339463197567 0.00652096172163 -0.378389058372 -0.0392432713992 0.00423273699305 -0.254831883687 -0.00143035551981 -0.00699420735677
-0.36858502193 0.0137516464382 0.0496236890083 -0.0478356564536 -0.002992920399 0.00410392385601 0.00010702914222 -0.396121203736 0.0306413092307 0.0884359948975 0.0318914402864 -0.0157417353568 -0.00104074583205 -0.556182115331 -0.0400693153351 0.00291802129397 -0.0312489421318 0.00433492437273 -0.420799034422 0.0684995428532 -0.0333960754868 0.0034764213884 -0.361469668583 -0.0218432580165 0.0156063394927 -0.256735529142 -0.00703891380931 -0.0076581987102
-0.440780572755 0.00870028839344 0.0261184130729 -0.0681191951195 -0.0714739077598 -0.0053014442435 0.00417310346478 -0.334639805908 0.0323174544722 0.00868036356052 0.0113070223862 -0.00613207620054 -0.00315836303407 -0.609841043113 -0.0937659443576 -0.0464511779829 -0.0205941137594 0.00661431099804 -0.404784190517 0.177050511745 0.00393286146985 -0.0180672893075 -0.165417235285 0.0398317071324 -0.00842234574025 -0.271849562798 -0.00671874282863 0.00713629131426