-0.00357746139127 -0.000782987520685 0.0242449111384 0.0263042814854 0.00878028461165 -0.0139529084086 -0.0201598891829 -0.0033995808459 -0.00806665004304 0.0448481601474 -0.00692888667742 -0.00176300252333 0.0197040310279 -0.012831642493 0.0829085174591 -0.062154508778 -0.0467704945919 0.0179352076093 -0.517761894062 0.668294718388 0.0914816759314 0.0205544797041 -0.501452052637 0.0715641168543 0.0245739393053 -0.0348693337715 -0.0136946986895 -0.00458581097939
-0.318664897465 0.0137168440619 -0.0312540415419 -0.00989993893069 -0.0460025018724 0.00360621421058 -0.0288430835218 -0.353286029819 -0.0208830674187 0.0826443542695 0.034116331064 0.0497832781849 -0.00108939915136 -0.13669488981 0.0953226198003 -0.000591229342418 -0.0409891922715 0.0135185289769 -0.451127564192 0.514165369975 0.0996123942497 0.019222811104 -0.48991629381 0.0910059408082 0.0241205936816 -0.0380684381722 -0.00128818218122 0.0191250317533
-0.30547517021 -0.0159962419581 0.0372786382627 0.0338501567935 0.0564615736243 -0.0251868303913 0.019890142993 -0.322415267983 -0.0269229774064 0.0697011117684 0.0286300805795 0.0634393058431 -0.00549963585913 -0.128139341656 0.121330911057 0.0918246384409 -0.0579013346543 0.0072102339702 -0.420069127506 0.524383480764 0.0687585130269 0.0252215601958 -0.524411204583 0.0833330963731 0.0211246596974 -0.02553791728 0.00508586387454 -0.0491269208213
-0.373937998263 0.0506010144157 -0.107629852971 0.0458298922332 -0.0207363446405 0.0145651051302 -0.0469480401435 -0.398122289813 0.0592678307808 -0.056899284051 -0.0733073633806 -0.0561052286408 0.0061869855427 0.0217868027302 0.00687806144818 -0.12750486513 -0.0255370115697 0.0128371029308 -0.443739007277 0.540033056769 0.0669231352909 -0.0022030652676 -0.389401435204 0.0483819180564 -0.00305984866239 -0.0355522637711 -0.030405047679 0.0218045918317
-0.348892170168 -0.0280534792334 0.103404944363 -0.012279971301 0.0347598073803 -0.0358338256205 0.0151639181373 -0.367177348201 0.0622543290654 -0.0314602116027 -0.0782540143557 -0.056033861545 -0.00242203642765 -0.0050226044327 0.0832706603775 -0.0723623614892 -0.045219436426 0.00753534229968 -0.451980910331 0.574145844751 0.0422977681044 0.0232653117441 -0.397331194147 0.0388543188856 0.0287509182749 -0.0580691224943 -0.0148829911403 -0.0246607862719
-0.384012975104 0.00348503138558 0.00797963572061 -0.00311499043131 -0.0827710801734 -0.00366571106355 -0.00511273077921 -0.338943005829 0.00176470921326 0.0118373555613 -0.00711043630006 0.0107341522142 -0.00517808801722 -0.369572087092 0.173161688519 0.203084957464 -0.0178348058796 0.0121972098493 -0.371686985531 0.34419278124 0.0217261946957 0.0162717145005 -0.503614672124 0.04708637977 0.0153800665425 -0.0852956466086 -0.00545434337446 0.0362994531437
-0.168495633775 0.000516842913588 0.00119454002688 -0.00429003098228 -0.00218033248979 -0.00328458289782 -0.00376718432639 -0.175541021511 0.0213051570002 0.0404479349977 0.00863819987329 0.00930182039331 -0.000136952935466 -0.48529510736 0.0137464202866 0.0475093401244 -0.00377389253574 1.65872134121e-05 -0.451487128514 -0.0219361919404 -0.00461587300131 -0.00164830107472 -0.558494902606 0.0020377885271 0.000472297651204 -0.428521812601 -0.00173786175396 -0.0249239721653
-0.186500006402 0.00377232768703 -0.0354348011386 -0.0178325391795 -0.0152170449073 0.00161489979642 -0.00271908154332 -0.187809381905 0.0183173895756 0.0345951337644 0.0117888960119 0.00628970973945 -0.00495700824597 -0.496181575814 0.031947264555 0.0231479272596 0.000841315792828 0.000744221093301 -0.474642025362 -0.0215313733739 -0.00732024862181 0.000583926444445 -0.499469821554 -0.00517550359639 -0.000760161620214 -0.449429468659 -0.00186536329768 -0.0365549420484
-0.410044408754 0.00031659638097 -0.0290084177787 0.0646575655309 0.05586002738 0.00536910783919 0.00167144290267 -0.306818885297 0.00962188516444 0.0112974022995 -0.020740795833 0.00227407368508 -0.0010461672977 -0.335080960629 0.18718630897 0.228613028152 -0.0316630415426 0.0145189042813 -0.354781061894 0.358208059194 0.00342477895499 0.014822635826 -0.512520438979 0.037714738508 0.0171260923491 -0.0861843049184 0.0189294156511 -0.0388162058778
-0.571458789763 0.000105976802263 -0.0656218662825 0.0554436311853 -0.0327118511994 0.0394583553186 -0.0120801731882 -0.504463057218 0.0083412452883 0.0259409380433 -0.00515119187251 -0.00509635236863 -0.0127704024012 0.0065022652924 0.0659596029692 0.0225903414216 -0.0480784926517 0.0176565101095 -0.277534868714 0.425425176369 0.061480042933 0.00671767460677 -0.359370388384 0.0617205246871 0.0137705005861 0.0465118714732 -0.0137807687343 0.0545666486401
-0.485921203613 0.0547894767601 0.0200350405433 -0.0382598342493 -0.0111813477886 -0.0126721972772 0.00180317054045 -0.601531922195 0.00500185968589 0.0943977737501 0.0421546643062 0.0208209479104 0.00441452032292 -0.100747498756 0.0217955385495 -0.0882912616816 0.0114120861942 -0.00823462538819 -0.357041117864 0.343904494967 0.101589913434 0.00864632815546 -0.318854541883 0.0888640516423 0.0124091704407 0.0272590685511 0.0150510385791 -0.0163386105757
-0.434367033197 -0.0346459042543 -0.0159930068945 0.000623965355934 0.0174943629651 0.0141660254689 -0.00341862933209 -0.619579021819 -0.0157447860777 0.0936476661508 0.0488194537965 0.0329127907759 -0.0081935953681 -0.0414090469444 0.0136609103696 0.00978964835152 -0.00892022440935 -0.00862145796681 -0.342768106601 0.354912228981 0.108911343014 0.0298580157261 -0.380190327736 0.0919626220111 0.00926813384511 0.0112730963075 -0.00197056453911 -0.0366755958758
-0.534353257758 0.00755309438821 0.0482415194981 0.029717236141 0.013052746836 -0.0431365870842 0.0148359152638 -0.496135402147 -0.0214475024677 0.0233547872365 0.0305975748609 0.0290324184265 -0.00563313611072 -0.065797563903 0.114940227164 0.0959590046874 -0.0558334945667 0.00768317855716 -0.299121950766 0.430825663888 0.0422095114911 0.0125820918073 -0.380136917273 0.0633261268692 0.0158507778387 0.065200086986 0.00336755351641 0.00191454991007
-0.557784847506 0.018635166401 -0.0808712714383 0.019544867215 -0.0168716559283 0.01834171208 -0.0216659640369 -0.501394233791 0.0153257160925 -0.0153965586071 -0.0230462646773 -0.01603035563 0.00167321454892 0.0107137965614 0.0600037759805 -0.0401201851929 -0.033466932586 0.0163878428072 -0.332621836765 0.451817664082 0.0488322935272 0.0105735678613 -0.315750932199 0.0439465395372 0.0074474967674 0.00290037895805 -0.0211322078488 0.0415979608752
-0.534148998356 0.0247120837738 -0.040435893482 0.0133224586568 0.0241554173474 0.00262077802382 -0.00548954701602 -0.612055717281 -0.0303288310092 -0.111176267783 -0.0432276536895 -0.0217376971213 -0.0111011515039 0.0577671124163 -0.0595334683417 -0.139495455113 0.0372767698325 0.00356125603265 -0.360462110979 0.291485085857 0.0225613018708 0.0288986083534 -0.266600631715 -0.0146384652312 0.015369710733 0.0729303574418 -0.0196700890828 0.00832128747822
-0.537817466194 -0.0641874853047 -0.00571713012874 -0.0730122346781 -0.00377065230638 -0.0329780947538 0.00283396837408 -0.580440792439 -0.00624064916146 -0.0824917247591 -0.0329383024234 -0.0182223160176 -0.0153213201174 -0.00165746860036 -0.0560741725692 -0.140997525277 0.0273837810066 0.00260962364464 -0.360422396877 0.360722456091 0.0414732743345 0.0328630730881 -0.24686545292 0.0125114407257 0.0323265932741 0.0557028515697 -0.0513434254162 -0.0161210612135
-0.586657301491 -0.0278783513381 0.0959917663061 0.0226035931429 0.00591788722176 -0.0176189772496 0.0116616367796 -0.479197620378 0.0343493048044 -0.0139730063386 -0.0333650117072 -0.0147660868727 -0.00397248633659 0.0121930827836 0.105354237623 -0.0175511665758 -0.0544028707444 0.0175171272374 -0.317926568909 0.448292469952 0.0191355581624 0.0186685265787 -0.306102593881 0.0207472796226 0.0232529811706 -0.0136031905682 0.00210073548348 -0.00751105097489
-0.373576472011 0.000574314048671 0.0309351089766 -0.00313291014856 -0.104988542924 -0.0100258093975 -0.00714519249882 -0.314270736676 -0.0081511619755 3.26907443857e-05 0.00610743299117 -0.00228961144698 -0.00342991219857 -0.421065609886 0.169885876038 0.236933944917 -0.0284561566504 -0.00817675402585 -0.358553383038 0.306213766123 0.0165527764363 -0.00856871205765 -0.49981909926 0.0461967615594 -0.00803458986829 -0.106855479468 -0.00926689895617 0.00664118574399
-0.352101002055 0.0125606367397 -0.00874500403297 0.0164886147601 0.0239590182146 0.0261046461268 -0.00856967345485 -0.354437566753 0.00420702806797 -0.0089114861601 -0.0316626564999 -0.0281334435403 0.00475531139179 -0.238229410777 -0.0350364554038 -0.108933817054 -0.0536782758256 0.00360440625249 -0.5981325543 0.118500057602 0.0600511624582 -0.00159236687659 -0.508290272576 0.0497818833002 -0.0010494424419 -0.192290275972 -0.0115196590694 -0.0234156565268
-0.284856900806 -0.00381404651003 -0.0182111022555 -0.0335984658792 -0.0385217335922 -0.01371614839 -0.00523633216112 -0.279857069474 -0.00138138354795 -0.00548009691216 -0.00446266513724 -0.0237369106459 -0.00456887774527 -0.388917849181 0.0119260476012 -0.00435817977021 -0.0592099798528 0.000246693026272 -0.545815985514 0.0529892793459 0.0289085981692 -0.000310369644564 -0.547667848114 0.0687864050959 -0.0015461691372 -0.27448835983 -0.00387748923354 -0.0144909637777
-0.451890319828 -0.00186397505597 -0.0412679327066 0.051214073995 0.0964996902158 0.00201659947837 5.64515113277e-05 -0.33137664886 -0.00864006923779 0.00342040895124 0.00413728451249 -0.00273111430117 0.00167737048042 -0.35827564025 0.193301246739 0.238000219407 -0.03770280715 0.00658376771747 -0.349715778755 0.317861658735 0.00806997321993 0.0113278840653 -0.458901332722 0.0356994116657 0.0128484241489 -0.107567394478 0.0243330988618 -0.0258086516231