-0.00114448886026 -0.00785998745975 0.0138917895241 -0.0101157368177 0.029356580584 0.00970380502174 -0.00689161007278 -0.268843137421 -0.0520905053138 0.307984167449 0.369320362156 0.128932085143 -0.0461652829808 -0.220338523351 -0.483687334767 0.0994588682036 -0.174987384892 -0.00829879456478 -0.401447604295 0.312976293425 -0.00357463421418 -0.0466856299675 -0.2519542158 0.134922420412 -0.0447206251559 -0.069012175181 -0.0268405593261 -0.00910392071982
-0.139540240341 -0.00054821111668 0.000205165286101 -0.0622258516039 -0.0297864241052 -0.0112034421962 0.00452687647985 -0.125328982267 -0.0237300244441 0.0163782420152 -0.0224831588611 0.00353081615949 0.000562517348591 -0.558407825967 0.164723207438 0.106843459195 -0.00107665414791 -0.00641733190214 -0.403554374628 0.111605039061 -0.0119151003908 -0.0103937042961 -0.590444969828 0.0160065591551 -0.00575950087554 -0.288712465277 0.000548303435704 -0.0179816762393
-0.306794966333 -0.0104334342677 0.0814605427049 0.0983623987424 0.0981965057294 0.0340695337202 -0.00441034942306 -0.270532590146 -0.0392869050793 0.0237645005252 0.0289247669383 0.0392740594888 -0.0128517997186 -0.54060232394 0.0188240980182 -0.196311347887 -0.0998465974642 0.005203245033 -0.401773473289 0.0380551899153 0.00480910833182 -0.00619172642886 -0.46666866998 0.0344504053387 -0.0103774117535 -0.278422094195 0.0105836034949 0.00418372893281
-0.509071441287 -0.0383996312035 -0.136078773169 0.0302899427106 0.0578738311534 0.0493027668536 0.0123268354971 -0.650215821563 0.0886912690055 0.157978666277 0.21218844754 -0.00562117162326 -0.0159789164933 -0.0308997993909 -0.362470506077 0.0940070846803 -0.0789190872259 -0.0229132253247 -0.1326366697 0.154273402207 -0.0465887467734 -0.0390303383641 0.00998666546454 0.0403841830424 -0.0026980670838 0.132465598678 -0.0221542484428 -0.017237446736
-0.554980595212 0.0619298282311 0.10912050052 -0.0862510393422 -0.110094379825 -0.0483183143911 -0.0138809512374 -0.634093840994 0.0918747181933 0.173057525048 0.18104050778 -0.0435433523327 0.00753834345504 0.0215077739797 -0.267516158468 0.130435678747 -0.0764350423994 -0.00132960643473 -0.206021079749 0.145263644866 -0.0373078039437 -0.00468874867339 -0.0704806324541 0.0528951934171 -0.0409391134418 0.0914300526597 -0.0120697095043 0.0343736727011
-0.293680575071 -0.00116273587878 -0.0366430228352 -0.0692849144679 -0.0553111228918 -0.0110160560539 0.00478649666989 -0.230016417798 -0.0180610141566 0.00820799801871 4.09341054496e-05 0.00112779314297 0.00113111117865 -0.517797500672 0.164496536589 0.0569958241686 0.00146134878932 -0.00966023014732 -0.341049375484 0.134088232051 -0.0201193325872 -0.0174733430595 -0.604013212484 0.0247726440702 -0.00740371877181 -0.225249962016 -0.0002549663161 -0.0366080364265
-0.13797331012 0.00172261426508 0.031504266362 0.00547053584192 0.00251475812432 -0.00146497491296 -1.83295105599e-05 -0.136954684617 -0.0185276745056 -0.0032312319367 -0.00148582386193 0.0021511096333 0.00597452862907 -0.437374433759 0.022582952473 0.0127731242934 -0.000198380895065 -0.000183906035547 -0.551863810509 0.00172992200078 -2.01350477207e-05 -3.25858573804e-05 -0.593035210367 -8.94011744838e-06 -1.44604338061e-05 -0.335414865288 0.00287555876486 -0.0069439890888
-0.18166027451 0.00239749877657 0.044867246033 -0.0138619473694 0.0207686494858 0.010952584295 0.00276314239526 -0.175296330784 -0.0180744610513 0.00316661249082 -0.00851078522257 -0.00016353313872 0.0013194971145 -0.558059638762 0.000602927597889 0.0203161680209 0.00382988862911 -0.00022586426454 -0.408961606264 -0.0533120550105 -0.00755602296739 -0.000619871513362 -0.530517128759 0.0029402653659 -8.35322938584e-05 -0.411849618721 0.00225803966745 5.26017450437e-05
-0.383420436838 -0.00489371278601 0.0281801868304 0.11751167296 0.0306490111933 -0.00822775507349 -0.00392100853631 -0.306273066832 -0.0265853668024 0.0173498353528 0.00241205501633 0.0337374813435 -0.0102045956717 -0.430900750414 0.0430400693122 0.014204725977 -0.0539026934655 0.000799971324353 -0.278071358298 0.0853161077398 -0.0162921348377 -0.0104007950647 -0.62748850126 0.00983768450919 -0.00344510913384 -0.267560096617 0.0145645827254 -0.00414299991945
-0.307278787648 -0.00208499751747 -0.0416037642518 -0.0769627006406 -0.0391820037889 -0.00985639929 0.00408197768334 -0.239570031851 -0.0124399891304 0.00985301031396 -0.011680315266 -0.0010422831635 -0.00321589235329 -0.503853459129 0.166901309128 0.100820288065 -0.00370327267078 -0.0114762258133 -0.391646131908 0.150971629318 -0.0123001110342 -0.0157025959596 -0.56820397847 0.0129890209621 -0.0119227216435 -0.214019046177 -0.00157915901982 -0.0298993066713
-0.178945827066 0.00299471714943 0.0422527978919 -0.00623494119468 0.0111391886137 0.00115112930945 -0.00167829854714 -0.17697876359 -0.0255639439218 -0.00216786035071 -0.020450664965 0.00422057053717 -0.00265731207517 -0.54539065702 0.010456727967 0.0188089311726 -0.00890271460983 1.16184901179e-05 -0.522447213684 -0.0221179739127 0.00145853224712 -0.000220048468146 -0.477620537372 0.00842635184572 -0.000649222813174 -0.366002655594 0.00208114515228 0.00182442612179
-0.22397116579 -0.00184745616501 0.0329937637733 -0.00167245296468 0.0247675003488 0.0242216794499 -0.00378578309972 -0.221036965827 -0.019965566554 0.00442701697522 0.00103384560202 0.0235249329606 -0.00764232231518 -0.585548300092 -0.0163192858961 -0.0147777487777 -0.00398501245655 -0.000256449771359 -0.466823938984 0.0292624224114 0.0508006097682 -0.000515307141308 -0.444290065204 0.046622411784 -0.000556084935359 -0.365113772614 -0.00127468260438 0.00570879283567
-0.612876630776 0.0059120771083 0.104997865938 0.0390931680893 0.00335596963828 -0.0451951678621 0.000853278873565 -0.545256973744 0.0204155089528 0.0323600719214 0.045108995989 0.0277082589412 -0.00644449975726 -0.339043921109 0.00256276389948 -0.217100048783 -0.0962058727983 0.0102590396933 -0.229499911135 -0.00541449762336 -0.00967359325007 0.000564801345082 -0.279365479397 0.00493117840562 -0.0159667881536 -0.0715542306191 0.019919290074 0.00644153306423
-0.566496226616 -0.0275653544348 -0.0881042867857 -0.0970398164448 0.0379992954042 0.0327821473557 0.0149713008974 -0.574043025707 -0.0253135990514 0.0971115901795 0.0605484769595 0.0325350148097 0.000940244060858 -0.213267807233 -0.0422511736331 -0.0909129466116 -0.0669001418236 -0.0376478495332 -0.426000295806 0.12520744781 0.0190393933513 -0.00618037935241 -0.218276849515 0.0618563492968 0.0174921608662 -0.0293377939465 -0.00537369604977 -0.049306095054
-0.609779688455 -0.0382861328191 -0.0314733622186 0.0460044538075 -0.0318667610776 0.0023465860252 -0.00336904634056 -0.675106220598 -0.0400753927924 0.0365584081407 0.104786746326 0.0222171310467 0.00293046709716 0.00579213558131 -0.283537393783 -0.0353714309496 0.000225731845325 0.00997604761208 -0.0227189358556 -0.000939738244876 -0.0458400870688 -0.0255087390473 -0.198477074569 0.0260535914513 0.0162827531147 0.163679919208 -0.0116595006758 0.00769918094525
-0.613081894171 0.0160161875386 0.00402246999726 -0.0319271175996 0.0878622463977 0.0062768240733 -0.0158981400591 -0.712301357344 -0.067519631863 0.0593722017066 0.0487108477318 0.0251754680195 -0.0163354161688 0.0761712620862 -0.249753423142 0.0642791567262 0.00480742834254 -0.0173399759617 -0.0277310952309 0.0187876268493 -0.0232273516675 -0.01124628689 -0.126492987333 0.0416386341044 -0.0331637536072 0.0446631522251 0.00494345208246 0.0286412353842
-0.672453521477 0.0343144653471 0.0840000779344 -0.00526145162093 -0.114110430225 -0.0301874233593 0.00730073456211 -0.548769733981 -0.0100935831931 0.101055778992 0.0222528255249 -0.00705575411542 -0.00337628673287 0.00397505911414 0.0121006168635 -0.0122857991385 -0.0555610109628 0.00423150533725 -0.35010461942 0.116878988916 -0.00677786118735 -0.00539920336317 -0.241208650938 0.0354716215898 -0.0382090550627 0.113029376591 9.23553149683e-05 -0.0117476339864
-0.68351043486 -0.000548672954552 -0.0611915697858 0.0504046006626 0.0824052341728 0.0219274398002 -0.00273732353324 -0.523956356615 0.0331558464009 -0.00679446493348 0.0388164521594 -0.0238826189115 0.00505962554431 -0.198240949401 -0.275687746112 0.023410925083 -0.0667008966877 0.00142846988437 -0.311267464876 0.13990328758 0.00280538027328 0.00569590122656 0.0117278880696 0.0426721728423 0.00310794855089 0.0182453947983 -0.0172484227376 -0.045489151852
-0.554498823504 0.0273611063343 -0.0239419781266 -0.0248746396487 -0.0142747113518 0.00333598348368 0.00115392112799 -0.68614069794 0.101830901095 0.0310031169145 0.0436817036029 -0.0262042257262 0.00198304825174 -0.069113062313 -0.300821957981 0.188783443662 -0.0354178138488 -0.00828700483381 -0.192494472226 -0.0197338532194 -0.0491879255412 -0.00633658765214 -0.152730139044 -0.0217272433583 -0.00243381978688 0.0887881958036 -0.0353731775491 0.024099041015
-0.548032362586 -0.0262932892373 0.0511865832641 -0.00425574579698 -0.00356522101944 -0.0128859547996 -0.00262451227798 -0.591644784096 0.0519750318591 0.0318841183615 0.0781526228815 -0.0331779365797 0.00302047840521 -0.183078556475 -0.307801337419 0.0896565181326 -0.0546670493067 0.00462335326618 -0.351622983355 -0.0433574232534 -0.0316656195694 0.00523217815591 -0.244054738496 -0.00540702964596 0.00486285429757 0.0905324218841 -0.021940065296 0.0318865335849
-0.504679304494 0.0123474284022 0.0263990614726 -0.0527411721585 -0.0877938154516 -0.0142396547741 -0.0032375478355 -0.344945373119 0.00669702805245 0.0139826735449 0.00747114299807 -0.0132119918764 0.000113026824489 -0.557680201006 -0.0374837024207 -0.0988196455187 -0.0412941935895 0.00788637498 -0.45292616168 0.211078554 0.00165768600295 -0.005797363809 -0.126668709405 0.0485544358346 -0.0179930667326 -0.14730794174 0.00227829383526 0.0134194913451