-0.00248235740524 0.0148080525471 0.0363690724339 -0.00154417776375 -0.0199615163343 -0.0297692907931 0.0170841836466 -0.234848366446 -0.0780016217195 0.121955562378 0.521677867171 0.0796746335099 -0.0342901107406 -0.223169344349 -0.499184258173 -0.0302459326255 -0.183050051809 0.0170201563622 -0.30540026311 0.332839243167 0.0849101316936 -0.0206130851891 -0.299075712877 0.0324411111148 -0.051235540741 -0.0468400181901 -0.0188818527625 -0.00534642283484
-0.389427703726 -0.022465131916 -0.0331161917972 -0.0127193676353 0.0462089880937 0.033544512138 0.0133971331461 -0.433031411822 -0.087575435829 0.0163102360066 0.049812659039 0.0777683889726 0.00106933284481 -0.293931521009 -0.197379987355 -0.154974325974 -0.104944674368 -0.00153713551408 -0.0196659388902 0.0968107682105 0.0333611029666 0.00229482205712 -0.681510703712 0.0525508643102 0.0135541538173 -0.0092437735358 -0.00800750747535 -0.0185599426191
-0.284768727349 0.0157684549084 0.0457655964662 -0.0124179687454 -0.046088472186 -0.0165843794539 -0.00923631991541 -0.306955324129 -0.0821905640371 -0.000266407199029 0.0134624236869 0.0715042124269 -0.00924115522702 -0.442300026382 -0.110978833968 -0.0928712258114 -0.0708005842911 0.00188588885549 -0.357596323705 0.132095381677 0.0320769217036 -0.00379262872099 -0.633568929093 0.0275785861536 -0.00108740868418 -0.192249011708 0.00719191604517 -0.0207645654996
-0.586854053573 0.0282131450525 -0.157337125368 0.0545229204498 0.136899084234 0.0414520131473 -0.00743664836627 -0.595867582295 0.136311125024 0.0115899961929 0.154434871956 -0.0762573525439 0.00193565493888 0.0707389033698 -0.264207982605 0.119820337245 -0.037521340828 0.00309528162425 -0.290530449033 0.145611873894 -0.00329924058885 -0.005069537936 -0.0780557409772 -0.00208660706891 -0.0234402723941 -0.00297707968915 -0.0152667273527 0.00119329447486
-0.59109085384 0.0339968250771 0.0816802881673 -0.0692945698513 -0.162916320221 -0.0598665126444 0.0149878724999 -0.613251201416 0.128028529663 -0.0239128420247 0.201990148309 -0.0738030547514 0.0033795878446 -0.213092771522 -0.279405408882 -0.0403905989812 -0.0828349655145 0.0090048454189 -0.0889858497392 0.138391706002 0.0364250290639 -0.0182228004147 -0.0389161345427 -0.0395785922311 -0.0351066553193 0.0448308572515 -0.012408312408 0.0328137439117
-0.27217256398 -0.00460502540977 -0.0166385827858 -0.0110102190181 0.0454409923471 0.0127812212317 0.00924179569978 -0.267951578696 -0.021073322571 -0.0176657237642 -0.0174176899699 0.00944797532539 0.00542845285543 -0.21875753618 0.00943007338641 -0.0541898183676 -0.0583028722505 -0.0010613792114 -0.615354705082 0.0242793431903 0.00614172290661 -0.00244315976898 -0.639517231028 0.00460328175379 -0.000695761837544 -0.0836763817408 -0.00416231298933 -0.0247903244448
-0.216433662678 0.00219855841109 -0.0174519626892 0.049644251635 0.0334672994012 0.00245025764751 -0.0038277831397 -0.219808723608 -0.0588281779909 -0.0169416336425 -0.0156364941274 0.00107030846341 0.00187448120402 -0.458594365928 0.0287138022339 0.0508455866708 0.00194455859958 -0.000934911255226 -0.545962401241 0.0389945758014 -0.00107608555003 -0.00051191464453 -0.464894655112 0.00140815869461 0.000693089938297 -0.409233236605 0.00143318521707 0.00233361254714
-0.221233161268 -0.00257484524177 -0.0182851033148 0.00367351737962 -0.0165257609727 0.0132864069703 0.000148781933006 -0.226229212151 -0.0364277213928 -0.0190391330113 -0.024149283374 -0.00175435736627 0.000566102665807 -0.522678930565 0.0119489851924 0.026322133948 -0.000797636264895 0.000297202964398 -0.430637537034 -0.00477131100504 -0.00280602852591 -0.000705267508379 -0.49740986682 0.00306296793338 -0.000786622002998 -0.435721455893 -0.00226427364793 -0.00131153354682
-0.295215138533 -0.000306545145554 0.0760344508479 -0.0712892000892 -0.0409089648229 -0.0114722948373 -0.00539777484032 -0.254325033673 -0.00317982480741 -0.0094770946344 0.00833969549084 -0.00708155802365 0.00275653356532 -0.384475233827 -0.0263528483022 -0.0113158783889 -0.0225786487603 0.000192696671428 -0.532048444946 0.0242071858201 -0.000666334465003 0.00067094632547 -0.552662945224 0.0130968465975 -0.00263996156645 -0.31040892178 0.00942340455699 -0.0191959363072
-0.632247268136 -0.0373791639779 -0.0574665674691 -0.00566159321538 0.0846448977951 0.046352452278 0.0195814265158 -0.545232306742 -0.0146691982232 -0.0163341669894 0.0598322614513 0.00880475489352 0.0110309265866 -0.0722880830927 -0.130877030716 -0.12046611872 -0.0714799674656 0.000795975605296 0.226024599307 0.0582705163926 0.0179760519165 0.00730981620533 -0.426805778311 0.0177147616794 0.0227882397558 0.0487715161824 -0.0126600026253 -0.0438723921127
-0.524835621551 -0.00407110455397 -0.001913634966 0.0274982642847 -0.0489024173267 0.00308863756765 -0.000817390185947 -0.543299819413 -0.0694554740262 -0.0254118507087 -0.0252859020684 0.00397952243244 0.00592269340567 -0.203073447289 -0.219316294603 -0.0645672253927 -0.039404108932 -0.00342745741768 -0.376991463487 0.180013063506 0.0263972521001 -0.00242197581088 -0.374153271535 0.0239916662316 0.00915224278764 0.0926547507768 0.00123127747536 0.022282160477
-0.46880582001 0.0246910943017 -0.0159475138585 -0.0572757779579 -0.014503997708 -0.0195101000746 -0.00017786046249 -0.537767587257 -0.0635425931307 -0.00737127242814 0.0513685322331 0.0635128609842 -0.0111071107043 -0.288327439051 -0.170306384608 -0.092443656916 -0.024526633232 -0.000480007882059 -0.38743210446 0.17272114882 0.0196973548472 -0.0094000906217 -0.413248638448 0.0369990150703 0.000860568191186 -0.0372739927997 0.0130020969315 -0.00198504185211
-0.479105255298 0.0297598426363 0.0883551391946 0.001297378854 -0.0252329615856 -0.0152725299937 -0.00597261058412 -0.465125373684 -0.0385244488511 0.0101027607141 0.0190413119849 0.0398993375559 -0.00546215921825 -0.301361229884 -0.0637277351397 0.00541479627838 -0.0853457302232 0.0019873775352 -0.144278520407 0.102488277256 0.0308052623801 -0.00390589391774 -0.629750259692 0.0155452396694 -0.00334040066669 -0.0937245541914 0.00507715847529 -0.0285794090954
-0.687305661811 -0.0287066611381 -0.0649860815801 0.0297074329023 0.043306455443 0.0586988954358 -0.00461936371794 -0.630423809191 0.043481725046 0.0606960735098 0.0690614121173 -0.0171559408497 0.00738990608761 -0.150289623868 -0.188071898791 -0.0489050960609 -0.0611914544933 0.00346522379501 -0.073065944667 0.115163131131 0.0326065625937 -0.00997468455522 -0.146515558712 0.031031266549 -0.0035375916641 0.0331556195546 -0.00526356994111 -0.0277897626092
-0.66999312171 0.00965812835194 0.0377140086902 0.096526693469 0.0198226583722 -0.0150355841324 0.00266608479709 -0.629072828745 -0.00186549955701 -0.0273150372763 0.0508246974123 0.01422883453 -0.0122802627849 0.0827705588379 -0.173139458043 0.0812582837842 0.0953014885768 -0.00128739120662 -0.100267931257 0.0724262348568 -0.0528795223516 -0.00379852438771 -0.244615286534 0.0265480535644 0.017506465943 0.0906805082192 -0.00881570418144 0.021396067756
-0.641577110125 0.0272497804879 0.0329294556307 0.000971495844856 -0.0519712966635 0.0114134399675 -0.00520431478033 -0.687946655852 0.0155941654191 -0.0137975912573 0.115032444657 0.013708824045 -0.00389872900351 -0.0164424858601 -0.152393417953 -0.0409960040862 0.0151076069828 -0.00112312593815 0.152148668681 0.0547403011998 -0.00681696531436 -0.00673811059607 -0.146569110855 -0.0380699722153 -0.0158979581328 0.144027387142 -0.0126378736345 0.0286845439192
-0.706254465865 0.0246319273897 0.0574208310645 -0.0258117057869 -0.075473185968 -0.0424791139692 0.0109510549419 -0.631061231363 0.0275891197806 -0.0140553122023 0.102121294809 -0.0166240507874 0.00604019279257 -0.0411894808786 -0.174570643063 -0.0628870199273 -0.0522983833808 0.0118492277926 -0.0199189630178 0.0986635195218 0.0283670661797 -0.0137642670596 -0.13408443904 0.0169110546156 -0.00832497648362 0.101827947551 -0.00750505771604 0.0137455368225
-0.46535492393 0.0186375955634 -0.0155271767384 0.0503824546712 0.0749393750981 0.00105849535023 -0.00238292935343 -0.365910142445 0.0333285558237 0.0759685061263 -0.0401088220125 0.00106659745362 0.0024634699252 -0.621762626302 -0.0514841589591 -0.171095539774 -0.0151847379909 0.00334848761442 -0.401452486279 0.162378573559 0.0104015820472 -0.00504890493311 -0.092130265746 0.0189335248559 -0.0170834341016 -0.12889741509 -0.00590138109237 -0.00999808795187
-0.370096506729 -0.00134773706679 -0.00834236717567 0.0412670693942 0.0191128119389 0.00611867359241 -0.00220025461521 -0.456608711091 0.0621230135954 0.10862353013 -0.0899573159747 -0.0264961069247 0.0073526021451 -0.437212987237 -0.0393467302416 -0.0528925516605 -0.0977010866672 0.00640369425454 -0.503977630074 -0.0215409636378 -0.0266078312732 0.00359413504039 -0.363895380922 -0.0335941158958 -0.00192126175511 -0.182801410512 -0.0226055218681 0.0101495981309
-0.317376486176 0.000242383129136 -0.00897446788352 0.00513081745681 0.00452176818834 0.0059992004067 0.00302670821229 -0.33749325462 -0.0018724555939 0.0587386907883 -0.0537065448131 -0.00387597530394 0.000240885645109 -0.569073650997 -0.0364969005311 -0.0971257920621 -0.00352015317655 0.00126420931449 -0.469575573299 0.0270317618149 0.00886502270248 0.00209102523224 -0.379122574614 -0.00577674652853 -0.000968184654643 -0.281144412906 -0.000127225787993 0.00975453415998
-0.499397019463 -0.00256363313695 -0.00667908190425 -0.0481980518657 -0.0821666575675 -0.0102626394211 -0.00389755069154 -0.341964481777 -0.00097724555649 0.0248894631602 -0.0149489988822 0.00528191058216 0.00207816781431 -0.594393507335 -0.0874661546874 -0.180764007021 -0.0327636330955 0.00567883638547 -0.40658329059 0.199390593023 0.0109974412898 -0.0116729795065 -0.0853894216178 0.0191602354293 -0.0193490588459 -0.123325746643 -8.64933752336e-05 0.0154753973761