-0.0158907425672 -0.0171397992327 0.112354438934 0.0452910884939 0.0467317296082 -0.000148813191781 0.0110551800104 -0.362499076248 -0.129219896924 0.216537252345 0.544971051937 0.0794101207372 -0.021180362792 -0.063166468263 0.0104714046414 -0.160624569709 0.0627967280339 0.0126506666187 -0.243649237006 0.384994698029 0.176430698983 -0.0048783182694 -0.456329785345 -0.032617387885 -0.010809631937 -0.0387855837048 -0.00829737577616 -0.00119766250105
-0.138656095234 0.00364188385093 0.0347460122499 -0.00617705644097 -0.00901876386069 0.00397097178199 -0.000695754220155 -0.141554976492 -0.0547638122358 0.012277053788 0.00293982668529 -0.00488865240136 0.000578673725173 -0.553200156918 0.0426523292413 0.0425535707482 0.00195081776092 -0.00132480553018 -0.30262999932 0.0504360348033 0.0108781454717 0.00532458881546 -0.489860818952 0.014938709733 0.00202465650263 -0.558627498761 -0.000705309916475 0.000489282102351
-0.324378945767 -0.00268402518632 0.0603382935037 0.0230748136666 0.0569213207022 -0.0015018577182 0.0107079915351 -0.303579306913 -0.0099851497568 0.0238679181984 0.00903750613666 0.0351413108479 -0.0100987614477 -0.175024750659 0.165691440114 0.153838595703 0.00532498955302 0.00890593711661 -0.389567448381 0.259596652716 0.0634874157336 0.000684199175207 -0.698019540745 0.0241965337414 0.000201732481141 -0.00168238246607 -0.010980033713 -0.0026099230545
-0.348017101691 0.0314759497656 0.0281677467051 0.0315256730991 -0.0194415981769 0.00374220552843 0.00327837656591 -0.756101696348 -0.104895054032 -0.00255448708803 0.358928838508 -0.0541937032653 0.00859808216208 0.0245382525667 -0.0671145322002 -0.0916398296308 0.0576234985851 -0.00374123096476 -0.239094766416 0.0946772519454 0.0532336297861 0.00240304203534 -0.260586229408 -0.0755076553155 0.000975217766604 0.0417850100171 -0.000358803701174 -0.00106166670265
-0.467273470376 0.03284179312 0.0822025785713 0.00135999337492 -0.0276701636562 -0.0474570718784 0.0202312585979 -0.701323472112 -0.0387483250446 -0.00966700210256 0.335170280077 -0.0687515375963 0.00267105569106 0.11075419615 -0.00982672020612 -0.163152400791 0.0158011211315 0.017628643717 0.0653861685454 0.145529281659 0.0756800960284 -0.00110459717932 -0.286527182391 -0.0744096090916 -0.00481388972569 0.0357956763382 0.014238312271 -0.00113748891538
-0.258273899061 0.0150989178741 0.0118281423721 0.0236607411642 0.0147676410881 -0.00625360415467 -0.00178757419581 -0.313247600147 -0.0930940534353 -0.068598943289 0.00434463075093 -0.0154077617093 0.00985569202378 -0.51541226581 0.062021556374 0.0366771461236 0.00320800623373 -0.00376513824873 -0.27528382918 0.0718475895254 0.0132277410863 0.00626932606143 -0.432297514989 0.000103164240953 0.00619766781388 -0.530362379892 0.00163556721806 -0.00514947488279
-0.255799475908 0.0093727071455 0.0364546312595 -0.0525868037997 -0.0137766055424 -0.0056569690619 -0.000976031156852 -0.252048778086 -0.0674433652869 0.0161768328737 -0.00717067442315 -0.00208970398227 1.80166880601e-05 -0.509662207354 0.0119908771753 0.0429972808724 6.2003639313e-05 -0.000100558525251 -0.287402564647 0.0361129605764 0.0139826404255 0.00234653035975 -0.515261418111 0.0121266334808 0.000261868201422 -0.500269641433 -0.000827827819606 0.00129238033449
-0.295866951936 -0.0125862690335 -0.030131198547 0.0565360750393 0.00996424963785 0.0166288384101 -0.00201438361535 -0.298110266819 -0.0672770244844 0.0336448078824 -0.00981523495164 0.01968108825 -0.000644888120454 -0.505057405308 0.0112370252673 0.0537463443011 0.0404013961801 -0.00165966100154 -0.381420740753 0.0516134659365 0.0173468642052 0.00233264984936 -0.546454997872 0.0174760005183 -0.000157292258496 -0.325051492383 -0.00640480458027 -0.0022848159176
-0.458824253923 0.00719590515127 0.0489998566242 0.0089885120519 0.0539742281595 -0.0181044224006 0.0090512595789 -0.414061264191 0.0197805533869 -0.0228672706732 -0.0251474018617 0.0208780805925 -0.0117267620383 -0.137318376684 0.159188045147 0.1909056936 0.000822582822514 0.00475908476888 -0.293646333634 0.134446668784 0.0217029551895 0.0112609557117 -0.650631789504 0.0182363378848 0.0079948859878 -0.0271125654108 0.00237563967387 -0.00554881977116
-0.236897657311 -0.000677155364029 0.027751578282 0.0164205734414 -0.0341307012811 0.00456919363288 -0.000674079919229 -0.260858110054 -0.0321038981872 0.0698450183368 0.0236606374862 0.000232630420382 0.0156993309352 -0.544557392502 0.0235692795649 0.0423607276826 0.000449188679352 -0.000858256268 -0.33125311101 0.00809608294777 -0.00709004529669 0.00786967937929 -0.447543823453 0.0169026977978 0.000763719542104 -0.507447947818 -0.000610115125822 0.00227480323442
-0.249841537917 0.00251783829659 0.0120140054734 -0.00485102243212 -0.00849623031552 0.00788797216679 0.000703463054485 -0.271762203413 -0.0369348890443 0.0542660859098 0.0382290334333 0.0191347909494 0.00584190672086 -0.54787726602 0.0290034361427 0.0440077372505 -0.0032990027257 -0.000461368865931 -0.310060239676 0.0251041835429 -0.00767028870343 0.00366041383825 -0.454273140318 0.0109657744414 -0.000607964389078 -0.500957050384 -0.00186061412997 0.000518601822207
-0.534796629375 -0.0288272534844 0.00435889158327 0.082156219638 0.00896208571805 0.0466770643351 -0.00288075976205 -0.469329571604 0.0024123145105 0.0421046598924 -0.0263362929575 0.0174796078574 -0.00170740314107 -0.135322054641 0.0781926929551 0.116800896727 0.0242597334657 -0.00855907599928 -0.373794744154 0.189167864541 0.0637120515819 -0.00525474993337 -0.503940712178 0.0224363985471 -0.00455900047021 0.0890551933234 -0.0181121814481 -0.00333164144513
-0.575267867274 -0.000559029281097 0.0933205864988 -0.0434464507883 -0.00492721763135 -0.0370880983154 0.0223842702748 -0.494590961013 -1.71925887101e-05 0.00073843918599 -0.0290514926778 -0.00403824857097 -0.00144699732175 -0.0739064485186 0.144794598503 0.0955899703999 -0.00125580371761 0.0239557363349 -0.225018400951 0.268190882475 0.0558927451354 -0.00583452139699 -0.498123163852 0.013097444039 0.00130686430749 0.0298982151993 0.000650444199942 0.0058101148751
-0.495838925669 0.0387637726764 0.0206662668363 0.00188187265597 -0.0390483174203 -0.000232972543787 0.000745509840728 -0.702469488539 -0.0301210636384 0.0982901395665 0.108310659693 0.0120002259104 0.0118044234531 -0.00385504103222 0.0113622227663 -0.0144273425814 0.00670923892472 -0.00227520853029 -0.209985900747 0.235059590972 0.0752543471962 -0.00360181354325 -0.344302687375 0.0398491104114 0.0104451449555 0.0940655193567 -0.00935483255482 0.00601195230821
-0.489168117333 0.0379786516487 0.014079880368 0.000157800130013 -0.0440779057896 0.00716856562185 -0.00856283864788 -0.635020651452 -0.0492942892457 0.0830249471547 0.0916773459219 0.00160506547618 0.0366941365376 0.0887157256277 -0.0532597547182 0.0167039462738 0.000602294874356 -0.0165544371186 -0.299915809168 0.200198303582 -0.0047538087452 0.00408684231487 -0.421585459797 -0.0237783191008 0.0261610575128 0.119318172188 -0.000222090372809 -0.0113407211571
-0.481825965739 -0.0320898509917 -0.00665998375361 -0.00624930916126 0.0389215197982 -0.0071563460918 0.00629004885217 -0.656608429665 -0.0740782059632 0.0428047719195 0.0985642326775 -0.00220285775697 0.00761847676571 0.115382700633 -0.0703595089952 -0.0581333794614 0.0115807779466 0.00165562100761 -0.361039149459 0.129214870574 -0.0103840749219 0.0117530273122 -0.366644699196 -0.0510257598511 0.0115352914156 0.101227514841 0.0180416768236 -0.00913360713847
-0.551561079606 0.028289773813 0.0775140191942 -0.0113896609544 0.00170108071666 -0.0290703911822 0.0105018126088 -0.613785239121 -0.0236600478063 0.0632890321721 0.128728961054 -0.00730411065545 0.00310739945466 0.0507760100249 0.0375520765697 -0.025062634945 -0.0145126925912 0.00642569597659 -0.1852706718 0.230811832915 0.0235083434538 -0.00608514545814 -0.44267115265 0.0173993460612 0.0132237735929 0.0210378773459 0.000489201504275 -0.00403606558165
-0.381014363995 -0.000831035722039 -0.0140612850278 -0.00184075181496 0.00635681555721 0.00940380979305 0.0023550572736 -0.583113184335 0.0358657868709 -0.0348309528496 0.166843780396 -0.0469136641206 0.00249214010709 -0.26546812079 -0.0435298379874 -0.0306564735832 0.0204939054115 0.000618022972654 -0.50068689665 -0.108242250075 0.0354383423067 -0.00573348011489 -0.275176292772 -0.0799167496926 0.0047535031479 -0.249674170595 0.00581488922535 -0.0020568393877
-0.483258978031 -0.0129300436217 0.0481323047869 0.0341115910482 0.0309761744652 0.0253662429201 0.00188640183926 -0.673614716204 0.0615833451701 -0.0410245844396 0.170921969172 -0.054206612062 -0.00890713240771 -0.18584476295 -0.0875614591072 0.00357293952252 0.0466231823417 0.00775644469252 -0.135312407136 -0.0680005437609 0.0632920175907 -0.00306756994023 -0.352272376131 -0.0708211700376 -0.0128929490486 -0.262793446297 0.000199325127965 -0.00187843923494
-0.542575022143 -0.0313247926002 0.0124625065982 -0.0206743279448 0.0598777466453 0.000179009015134 -0.00318439685324 -0.633431711548 0.0291650483609 -0.0818223781618 0.0695766287392 -0.0612184188567 -0.00783741465908 -0.287061730222 0.0231350272588 0.0670555577664 0.0428531615819 0.00699908373751 -0.0422872963819 0.0405209651635 0.121690453582 0.00272236767303 -0.323879458025 -0.000928063514781 -0.00207738404282 -0.26556647355 0.000190728859598 0.00502759819677
-0.623997486853 -0.0107142013759 0.0347783100626 -0.0336427848252 -0.110236798804 -0.00164722461842 0.00192312674235 -0.590000075942 0.0327939079907 -0.0602207387894 0.0889195633454 -0.0128286795431 0.00794515121578 0.0263045858324 9.59936533107e-05 -0.223064282895 0.00303408866817 0.0237220737905 0.188924669688 0.0200049131304 0.0834129212375 -0.00406507009396 -0.375234579884 -0.0059619478099 -0.00144706413486 -0.00643751283841 0.00801832835443 0.00656243588012