-0.00792689816382 -0.00072328168144 0.0446406348553 0.0400670698689 0.0288653300741 0.00742866477199 -0.0376557107725 -0.00838082280569 -0.0199562879634 0.0322721777365 0.0317344287581 0.01937993711 0.0400778257241 -0.139735008248 -0.356813470788 0.0245700368289 0.033915241171 0.0211839230062 -0.553012458147 0.598790475588 0.0400127656827 -0.00247764560269 -0.39239288278 0.136630827411 0.011447008855 -0.0339259212443 -0.0234766213107 -0.00596392471375
-0.193170405609 -0.00461558533879 0.133684059564 -0.0605477025736 -0.0621938993768 0.013193576753 -0.0133352379783 -0.140768303213 0.0315765913534 0.00889662776521 0.016608176091 0.0131444739798 0.010263221019 -0.47589633351 -0.0187546672924 -0.011360674563 0.009190280746 -0.00331765752542 -0.582032417117 0.0111422714693 0.0163297441729 0.00238867247437 -0.440826180185 0.0299737280387 0.00371880316473 -0.392205720607 -0.00234039628344 0.0133397215542
-0.345434205167 -0.0149187292108 0.0173123737574 -0.0119135757428 0.0667632471316 0.0100641764431 0.0189614946595 -0.373592697074 -0.0180214002999 0.0618272933173 0.0584797477529 0.0431783623653 -0.00148738055295 -0.138272434616 -0.180119271837 0.0807777943915 -0.0105730163371 0.0383237461437 -0.532841666544 0.50131283051 0.0265283087067 -0.009540414373 -0.353326045235 0.0537686874013 0.00438144682772 -0.0393747362901 0.00585581990588 -0.0324949507651
-0.453383934692 0.0786415920987 0.02126481275 0.122382510773 0.0418379580983 0.0549400554703 -0.0495265855232 -0.458511494212 -0.0420946296017 -0.0598209805326 -0.093537323215 -0.0792185256891 0.0174879761408 -0.057070575839 -0.342336025784 -0.0177560040578 0.0830592579026 0.00279093178075 -0.380587365651 0.43550637309 0.0194692822922 -0.00455349440959 -0.218045590004 0.129300483756 0.000475235451981 0.073995068864 -0.0480810707667 0.00762726172037
-0.416800246573 -0.0614324472492 0.0692690567266 -0.0525608435685 -0.0195802774768 -0.0333115048934 0.0292692022681 -0.465843843983 0.0249137081287 -0.0791325740242 -0.0900814892022 -0.054047933997 0.0265888664005 -0.0106272020703 -0.310867451408 0.0196674713675 0.0159735703906 0.0386736878619 -0.358722571831 0.502143966602 0.0261921180728 0.00635482390197 -0.288348206738 0.0877603808044 0.0225221398164 0.0416728497045 -0.0149249223745 -0.0565498334357
-0.291833312061 -0.0150451917754 0.168109062496 -0.0206311446527 -0.0446046639994 0.00420638101171 -0.000562276472025 -0.206300714764 0.0297853856745 0.00904500859409 -0.00423607608494 -0.00357455188715 0.00631326550535 -0.435795521062 0.0355113749841 0.00170888504026 -0.0087076290865 0.000666284847929 -0.490540793741 0.0266734132636 -0.0142049168789 0.000554798546583 -0.439691807169 0.000655676426071 0.000211317245822 -0.461911453236 -3.18777785905e-05 0.0286385527288
-0.223152748372 -0.00577732560732 0.0532059040231 -0.0206828614966 -0.0458925835343 -0.013904579171 -0.00613474729802 -0.209458962388 0.0488989821195 -0.00114376704576 -0.00074323636524 0.000686633305234 0.00477474291673 -0.564239992499 -0.0283587038635 -0.0157603698032 0.00138186050727 -0.000320246582691 -0.514573834067 0.00752937898662 0.00409241574284 0.000859561832747 -0.313680768242 0.00301411045591 0.00306790200822 -0.4642976967 -0.000391967792549 -0.00400044309184
-0.23533762874 0.00963241441761 -0.0783215028013 0.0608423734164 0.0381950415619 0.00788077060173 0.0044696614755 -0.210462234979 0.0494688134183 -0.00322807512892 -0.00105748031994 0.00022074859637 0.00504370887573 -0.545405682213 -0.0352429200328 0.00784649525705 0.00219434788424 -0.000128659776903 -0.496032486079 -0.00295598041228 -0.0146364012546 0.000926621977797 -0.373694397761 -0.00719708437052 0.00237746928259 -0.448830094047 -0.000429939466443 -0.0129002612034
-0.452840873511 0.00320146867785 0.0321057253922 -0.0586667911342 0.0356716309041 0.00802916692616 0.0174182997521 -0.438732014472 -0.00748018935155 0.0356790189077 0.021393037221 0.00830979296026 -0.00165860821065 -0.105760501643 -0.0508271175913 0.128918875928 0.00771477838474 0.0389127133146 -0.554542232933 0.341211216014 0.0115979102767 -0.00426746237132 -0.366900644037 0.0436641042455 0.0112531607855 0.0105836933167 0.0159916674564 -0.0373283523588
-0.302501305468 -0.00457692915697 0.17532880996 -0.0548138923697 -0.0508918212271 0.0139800502029 -0.00403375563637 -0.20193700484 0.0144151811106 -0.000295646487379 0.0139168270644 0.00114596310404 0.003482467324 -0.450085094902 0.0219381764612 -0.000880671253277 0.00183187497121 -0.00213251072749 -0.501198715253 0.00205274185859 -0.00142464187129 0.000648268981315 -0.420126573028 4.36995955069e-05 0.000142212180517 -0.446956195056 0.00253483853776 0.0132669974654
-0.266313971036 -0.0011517662254 0.0372649551557 -0.00366048960371 -0.0249098018893 0.0138853747092 -0.00252098046476 -0.27293031817 0.00654939409822 0.025707524144 0.0269428407997 0.0333035880778 -0.0109714756789 -0.553849321381 -0.0176694565757 0.00318819102867 0.0261759279499 -0.0011565975278 -0.571515550817 -0.0167401574245 0.0273316636586 -0.00122817548082 -0.378467480605 0.0344823710045 0.00485186920779 -0.263681130702 -0.00670280389536 -0.0162492312993
-0.536676154027 -0.0478715281833 0.0393100573341 0.0386931832519 0.0426228056614 0.0186678887761 -0.00235500224709 -0.577443240114 -0.000170260199645 0.0497145171387 0.0460934234374 0.0443427100054 -0.00756027587969 -0.156602987905 -0.199099077063 7.94799011861e-06 -0.0312202936463 0.00160618784104 -0.335764152838 0.33328410712 0.022676637771 -0.0112523101417 -0.265818583576 0.052269194862 -0.00754428415243 -0.0335994484963 -0.0137110205506 -0.00701381247306
-0.649622161166 0.0305994834923 0.0513577516377 -0.0712168209916 -0.0415514711842 -0.00352565538361 0.0277736193791 -0.513968767754 -0.0217838140743 0.0170181828005 0.00290462990899 0.00646196134662 0.00808993314299 -0.0216263465826 -0.131395546565 0.061935994361 -0.00108338322056 0.0386280963214 -0.312127856856 0.386841981057 0.00686040591928 -0.0111551348644 -0.164449567065 0.0201091850825 0.00310071967101 0.0558480496575 0.0127450852828 -0.0273545834504
-0.649591576808 -0.0317037024653 0.0296145190191 0.0811504761725 0.061078633601 0.0404552972143 -0.0263055256171 -0.533939401208 -0.0346005344322 0.0100247295071 0.0347015665985 0.00842609822304 0.00767452832878 -0.0777215971627 -0.156437133368 0.0706736067651 0.0330982572906 -0.00626731485079 -0.387263305703 0.23410954865 0.0239819269311 -0.00904699459358 -0.1449521171 0.0988965672426 0.00500144156371 0.00532249663262 -0.0503445151016 0.0179306671989
-0.554320873289 -0.00820877746224 0.00954513316711 0.0225469218031 0.022942315816 0.00550732834424 -0.00821177851016 -0.675850962003 -0.0735329488196 0.036405890209 -0.00799364040473 -0.00304893952272 0.0027053199734 0.0998528594511 -0.250025762726 -0.00971985572355 0.109801989376 -0.00531814229914 -0.195786371185 0.236891582755 -0.0754246140786 0.0356067337775 -0.127788101967 0.0025149168162 0.0320455969171 0.155199245994 -0.0118045670093 -0.0138323341055
-0.596564656138 -0.00433278507788 0.0718696235713 0.031135008543 -0.0264005812656 -0.023925023835 0.00868777390029 -0.64675765061 -0.0420958650982 -0.0442082147292 -0.0713478824969 -0.0304679634931 0.0173392948299 0.0590068834387 -0.252031107794 0.00886337286642 0.0613842043129 0.0135580042651 -0.163758732016 0.297178383503 -0.0272322511686 0.0247413618342 -0.0810855650537 0.0226351178569 0.0303033631992 0.106944098515 -0.0338781898276 -0.0127733309891
-0.554951604768 -0.0361039121801 0.0530780754088 -0.0514779114307 0.0275310070044 0.000960930900141 0.0236649048289 -0.516366835536 0.0193789767123 -0.0280237986638 -0.0269655732897 -0.0104873802592 0.0124785402317 -0.00917165434595 -0.202042582704 0.0562692820846 0.00029164290297 0.0433312454945 -0.320242958434 0.391062723527 0.0179141945044 -0.00624565866307 -0.329769933823 0.0401560366518 0.0115781664409 0.023624778745 0.0079371212578 -0.0473282270544
-0.333818251458 0.0115884358316 0.0839049982604 0.0136885199973 -0.0393642218439 0.0410591474657 -0.00791855545298 -0.298636463715 -0.015411137738 -0.00178963537076 0.000436887533197 -0.0257251816127 0.00533583807911 -0.335776653106 -0.0240748649439 0.00560472557614 -0.0377887888364 -0.00219398503437 -0.624702498369 0.0417427126973 0.0400485103029 -0.00338468717271 -0.494959039613 0.0559531090552 -0.00183748666807 -0.176357957348 -0.0124391164251 0.00380093969398
-0.476755824083 0.0386747853506 -0.0173051296407 0.0115562930083 0.0346828189585 0.0228340383715 -0.0133202452976 -0.499628914764 0.0179166527847 -0.0273312337677 -0.0352549862605 -0.0367964299426 0.0198747920023 -0.186685551785 -0.273843804175 -0.119743493785 -0.0414685737509 0.0153662749865 -0.396664356791 0.271827123479 -0.000768611648186 -0.00721175935527 -0.373428167655 0.00977707813486 -0.00972827170374 -0.132123153644 -0.0207564189037 -0.0153909449949
-0.425249606368 -0.0151177264229 0.00191161887846 -0.0329965352156 -0.0117500023693 -0.031020785989 0.00180330783276 -0.424728027785 0.0098088181732 -0.0179874201234 -0.0230721874697 -0.0290057122084 0.00455192744666 -0.283943324707 -0.232335452119 -0.0974959259852 -0.025808203315 0.009105586271 -0.473894412236 0.177021793441 0.0111736378412 -0.00170374524792 -0.451346500027 0.0514631101414 0.00115359486536 -0.16155968855 -0.0127684526674 -0.0316822286983
-0.367779193426 -0.0019070769063 -0.00938172852531 0.0538667869359 0.0815851392048 0.011436105663 0.00934203823281 -0.327758233916 -0.00813250035488 0.00808313638656 0.00789061767829 -8.40858613431e-05 0.000750940468683 -0.143471991755 0.0823648642437 0.192936941608 0.00421882766332 0.017226390461 -0.69174296639 0.0290623655691 0.00693742348418 0.00681791548731 -0.444602176843 0.0379935321828 0.0185840946336 -0.00962759795609 0.0205890430661 -0.0540341521483