-0.0387471507052 0.0126720275407 -0.0840054766031 -0.0710291810432 -0.0892080577642 0.0169111515431 0.00727411843724 -0.00918864744961 -0.0217042730612 0.0480698978518 0.0495734615742 -0.00795777974636 -0.00472953335131 -0.037498480322 0.109419401144 0.0366163294849 -0.0367779259876 0.0126186777822 -0.503607123164 0.664718165565 0.0698790119124 0.00552401960672 -0.496266459604 0.0939633665451 0.0103411531373 -0.0260543644449 -0.00431682774898 -0.000603931241526
-0.465830503264 0.0295869887771 -0.123665064968 -0.0558294370744 -0.0763848783907 0.0137784261545 0.00134876605514 -0.398488170954 -0.0470060737558 0.0682371823101 0.0575277042585 0.0537654549637 -0.00639011115782 -0.117005983221 0.204624028355 0.0632741606459 -0.0559874384908 -0.0032460729004 -0.364434167258 0.519302261061 0.0532026907336 0.000649484880826 -0.331533248938 0.050288855871 0.00475739319983 0.0701571052295 -0.00577824245361 -0.0184680087436
-0.235536765217 0.00367356166683 -0.0102011334251 -0.0110906515317 -0.00347561679752 0.012526032659 0.0121723247603 -0.266769955756 0.00325741897865 0.065326192806 0.0559188055899 0.0168868380867 -0.0111240257868 -0.46035877864 0.134416918645 0.178402516029 0.0152155471294 -0.00331807990834 -0.475711634097 0.307763634853 0.0690249343449 0.00172083312039 -0.501438803559 0.0930011726042 0.00281630554498 -0.129847869948 -0.00526000686965 0.0119541069855
-0.431186298161 0.000532634893581 -0.134663432978 -0.0371653705388 -0.0324976479954 0.0353740059008 0.00110737786844 -0.394972535523 0.036108795986 -0.0483716640812 -0.0774284015678 -0.0743751990637 0.000926484165154 0.00717047035461 0.124142838365 0.0326391807642 -0.0516745572417 0.0135777002524 -0.400337945544 0.533198339079 0.0279532264049 0.00504751646259 -0.382174334255 0.0438615339234 0.011571008274 -0.083892464033 -0.00769655792783 -0.0332652189837
-0.403847701474 -0.0535314240861 0.066781718563 -0.0517576365938 -0.0595157608531 -0.0156518663562 0.0115279197274 -0.444901302781 0.0233086774185 -0.0883058818159 -0.0892101337002 -0.0691026091127 0.00284571648313 0.00529598564216 -0.0733383543124 -0.0673364314817 0.0267079840598 0.0254318971569 -0.444531198252 0.44034954045 0.0856188881157 0.0169999377374 -0.428361373092 0.0952128517407 0.0152220155126 -0.00726020363722 0.00497576166056 0.0256588986877
-0.559192032644 0.00864497433069 -0.0443718513863 -0.0468299182412 -0.0398848221632 0.017619105365 0.00247112307699 -0.413345949137 -0.0187435001041 0.046078369318 -0.0249018594783 0.021361853261 0.00138940008977 -0.287125776897 0.189416131128 0.191556290489 -0.0442929094167 -0.00106794662042 -0.261109541812 0.375098732526 0.0106991767575 -0.000963099478776 -0.371077102947 0.0260789693451 0.00665509428537 0.0114212917102 -0.00148093537136 -0.0472029274578
-0.230208574261 -0.00433751573907 0.0163127707874 0.0439052891315 -0.000612806091021 0.00732672875968 -0.000191765864289 -0.228830148571 0.00203176159411 0.0281395177924 0.00548764473949 0.0125508079346 -0.00513400133938 -0.556524264317 0.0161778397241 0.0333738468325 0.00740461132614 0.000466064498006 -0.421450494194 -0.0113019619004 -0.00770563533366 -0.00075581024702 -0.47220762786 0.00542216910407 0.00126827250472 -0.423468320255 -0.00152233254832 0.00820389247701
-0.190184021191 -0.000138515605195 -0.00586233280163 0.0116847997413 -0.00446602481925 0.00208550503943 0.000543706723774 -0.192201122461 0.00481924733313 0.0126191886394 0.010838299337 -0.00410600119484 -0.000184428595834 -0.502464612376 0.0420679566833 0.0646605570985 0.00182378211022 0.000479640341215 -0.471309145112 -0.034423563642 -0.00126175905194 0.000210609857334 -0.520993699453 0.00512876621271 0.000448144395962 -0.416107539987 -0.000554680986252 0.00508135342052
-0.325890795632 -0.00042630866756 -0.00244491881841 -0.0166067650012 0.0397429685963 0.0216063216616 0.00539660965411 -0.317246103782 -0.00595840532341 0.00969280337901 0.00415733265823 -0.00161231148331 -0.00056171664428 -0.502354275021 0.127418873866 0.172312346167 0.00485221865748 0.00680131188849 -0.433179548975 0.190251326551 0.0556070629386 0.00990382821523 -0.498762660239 0.07540723447 0.0128648681237 -0.102549629674 0.00730334284393 0.00838314747423
-0.649878289646 -0.0113381148711 -0.0735901249444 0.00777008927827 -0.0424217351344 0.0552891452599 0.0106615608566 -0.519249811994 -0.0269993356877 0.00378845264101 0.0263825956778 -0.00149343330867 0.0112760174193 -0.0127400461817 0.125550845692 0.0752530355572 -0.0682161255952 0.00765055904743 -0.223338150228 0.3569525397 0.0190284672884 -0.00313342982281 -0.253488570667 0.023204849732 0.00381439246208 0.160585658837 -0.00486275454153 -0.0361438637349
-0.54212344694 0.0036533110599 -0.0468251116937 0.0050522376441 0.00573995837628 -0.0183943936432 0.00428132346657 -0.62328397858 0.018407690944 0.0786208879552 0.053024866247 0.00981700059761 -0.0160205768444 -0.0972020944075 0.0224588954075 -0.084060899168 0.0350468009957 -0.0205293882683 -0.3649282505 0.313758549703 0.0905022082708 -0.000127058255379 -0.203687728735 0.0615193293155 -0.0027956176915 0.0378223371314 -0.00155327143818 0.0110898870043
-0.404842048814 -0.00707387140375 0.0137873766325 -0.000476672428276 0.00659485789168 -0.00601771858133 -0.000186196639187 -0.515408436966 -0.00117307326869 0.0752880934364 0.0514684666696 0.0307736097849 0.000286707926844 -0.312615200281 0.146078248744 0.148986816537 0.0063815064941 -0.01287706226 -0.432188352611 0.298413872363 0.039411143086 -0.00182434291206 -0.363849021756 0.0726298524406 -0.00240629285559 -0.0614830880823 -0.0235538644012 0.00207989533603
-0.407514317568 0.00720632555925 -0.00319244492552 -0.01845456107 -0.00780013192987 0.00865209194957 0.0166141690125 -0.428030970327 -0.0113568882695 0.037740366119 0.0320358838039 0.00954037165458 -0.00577429450624 -0.440159029184 0.116014239539 0.183843871014 0.0228207448092 0.000450367779141 -0.353878838784 0.240424257293 0.0712958671968 0.00794215171037 -0.450986655256 0.100786331909 0.00877760613435 -0.0615947427968 -0.000848032535382 0.00925084174918
-0.64751446081 0.0152932354143 -0.0999412023157 -0.0374249071775 -0.00955186768919 0.0316286193245 0.00485096163354 -0.504021126834 0.0274338277559 0.00134079527264 -0.0521244685023 -0.0283534758727 -0.0070773402502 -0.0608349507674 0.175126984695 0.0383188367595 -0.0511089158876 0.00853796853194 -0.294090270186 0.364960169428 -0.00152028406945 0.000826209168972 -0.219781230384 0.0269260278957 0.0112918809161 0.00285515549354 -0.00506650003906 -0.0471446455911
-0.509248872963 0.0213156939228 -0.0366943687068 0.000994058747395 0.0457388136961 0.00950548318432 -0.0140130684394 -0.712042533504 -0.0624626515013 -0.0495046563057 -0.127547037988 -0.012982954134 -0.00238470735891 0.122728441275 0.00254828646122 -0.0396937748302 0.00230015746378 0.0277205542699 -0.246788056646 0.272575589307 0.0293763685153 0.026683964344 -0.226437751724 0.0121001175241 0.025308075589 0.0118461499152 -0.0123470664501 -0.0117054892808
-0.593144630244 0.0202820622045 0.0440530513881 0.0460362826302 -0.0746221586389 -0.00430215073002 -0.00331769872623 -0.628661973108 -0.0594166805231 -0.0380250907518 -0.0420309594625 -0.0121520161507 -0.0279027656831 0.159058469619 -0.0402078408254 -0.0257664777084 0.0544369110878 0.013152488917 -0.276733459515 0.265635105065 0.00163951004273 0.023629327333 -0.224203372316 0.00564776084724 0.0037752067053 0.0782388659762 0.0136402139423 0.0135446933287
-0.58946910974 -0.0404676350913 0.0293692444231 -0.057984843 -0.0488062908709 -0.0102943664516 0.0168908760498 -0.56825880495 -0.027880283091 -0.00760242134759 -0.0701701982986 -0.00938193428815 -0.00253148131675 0.00182758342505 0.00587060735403 0.0103697203167 0.0166832592718 0.0267044854102 -0.266144843142 0.342597028089 0.0684924804308 0.00984576861398 -0.33166934947 0.0895171254458 0.0272266842226 0.0444107369609 0.0042301869086 0.0154539032016
-0.452521772848 0.00152031742515 -0.0428206461023 -0.0538602013391 -0.0208304952104 -0.00284427772264 0.00327797877987 -0.316413473584 -0.0191560797483 -0.00624182698297 0.0259978090561 -0.000860988306092 0.00255011528812 -0.428815369403 0.235868038751 0.242286106847 -0.00632317358326 -0.000550855146963 -0.348234754239 0.307620418953 -0.00599271068256 -0.00248618567937 -0.408864574902 0.00975745600773 0.00214136635101 -0.0781758476335 -0.00159322553989 -0.0352822316938
-0.262215735175 -0.00214925045799 0.0129281087024 0.0411601738259 0.00190049988655 0.0201416393265 -0.00556425799247 -0.264865078564 0.00345814538794 0.0356490298838 0.0290159761393 -0.0228570157635 0.00418745284022 -0.538410018175 0.0226527316428 0.0281852071647 -0.0579910347862 0.000373968076099 -0.495235139778 0.0181601586956 0.0246582687355 -4.27668209336e-05 -0.476300290704 0.0414668040019 -0.000174487258815 -0.294563586692 -0.00344616348581 0.00240105641009
-0.455204839368 -0.0174877288945 0.0151096677131 0.00425815900935 -0.0221391780079 -0.0278973745861 0.00094373125933 -0.485597829695 0.0399006788343 -0.0262364336212 0.0243224533099 -0.0515133858995 0.0037902321481 -0.188125639187 -0.0668166523383 -0.078216251363 -0.0596825272695 0.007400584466 -0.470240767334 0.178844007114 0.0393032289917 -0.00831575560531 -0.475685206449 0.0624603311244 -0.00609763225344 -0.12145948256 -0.0107486088168 0.0149399161932
-0.347564130557 -0.00127256693257 0.00164586434457 0.000431299911803 0.0163210029378 0.0257902144018 0.00739831385754 -0.348951680827 -0.0218046588794 0.0153058395546 0.0417778367609 -0.0131245720483 -9.73803100866e-06 -0.475533986513 0.118823283847 0.143885901768 0.0126458772774 0.00820680979937 -0.468825118074 0.139120445469 0.0698805777417 0.00898230857496 -0.472073180052 0.0707612774355 0.0111977068127 -0.14238237257 0.00597676241401 0.0149082327253