-0.0113516557475 -0.00326399845445 0.0930120710432 -0.0547455669739 -0.0642193514962 0.018335929506 0.00809220144348 -0.0117736019542 -0.0618249527076 -0.0882147186273 -0.0539835967694 0.0683040368648 0.020219699674 -0.108722845464 0.0669009128484 -0.432912777032 -0.0721837497982 0.0376883890274 -0.282028665921 0.71582832913 0.121386577267 -0.0140093085832 -0.38228970925 0.0108949555327 -0.0140848533968 -0.0146822117688 0.00724731899658 -0.00153947018356
-0.594589342161 -0.0221864743329 -0.121761876221 0.0552096625697 0.0509588843342 0.0217252187585 -0.00653062342191 -0.599365607251 0.0584767092351 0.135363530362 0.0633255581091 0.0418108723516 -0.0191197061004 -0.145627496227 -0.0552598717083 -0.255310876352 -0.0103970970542 0.017101136544 -0.070756348649 0.286240096221 0.0176879271509 -0.00207430198892 -0.240119736669 -0.0143258408749 -0.00532438364105 -0.0519842827994 -0.00938220669665 0.00981326647633
-0.450328546299 -0.0168453396268 0.12687022998 -0.0661249439821 -0.0519633578148 -0.044366208782 0.0129430796337 -0.386440060685 0.0638576415474 0.0243451512656 0.00294244311643 0.0250267976801 -8.34524774108e-05 -0.172819152015 0.0622404617473 -0.239777868617 -0.0396205556372 0.00410750894302 -0.573191070035 0.251539681238 0.00238059979144 -0.00320785675351 -0.3259170598 -0.0126799878244 0.000497085691984 -0.159443940646 -0.0220227529068 -0.00524052056254
-0.669008188276 0.0175530979882 -0.149986338813 0.0788206231981 0.0836648922124 0.117016323338 0.00284301389943 -0.585084324482 -0.0637920657441 -0.10865528665 0.0300639238452 -0.066459727253 -0.0255975870343 -0.0461598512986 0.0532480744183 -0.086499511869 -0.010067445941 0.0319498973698 0.0500110755834 0.335950342483 0.0381625812161 0.000252777981741 0.0605572478801 0.0430855149117 -0.00098257021083 -0.0457564879349 0.0221499491798 0.00601760726579
-0.537827923495 0.000264203417035 0.123633005687 -0.0280166469191 -0.0160110101137 -0.08978377125 -0.0167298836965 -0.546973973657 -0.087705409921 -0.093122748438 0.0764486147659 -0.108108835788 0.0166677723741 0.0024780861899 0.0764158897621 -0.205253221579 -0.0405519410358 0.0132937133058 -0.207444328704 0.320678547268 0.0999900022921 -0.0168556865031 -0.369901500771 0.0147370051128 -0.016602237518 0.0957295191717 0.0104401288026 -0.0134400054853
-0.563528299531 0.0290469268374 -0.082533611707 0.0363188695228 0.0159108820764 0.0154024333297 -0.00145465436036 -0.493988718294 0.0429667613644 -0.0220325848922 0.0224970560091 0.0234141428384 0.000623610749793 -0.0579735093527 0.0201529397028 -0.261081984562 -0.0266127740549 0.0132410213224 -0.434881643936 0.0831492694091 -0.0112817214516 0.00419690898454 -0.394796486406 -0.00859141975747 0.0092701526067 -0.0067528528763 -0.0186620862668 -0.0120227606992
-0.494533149108 -0.00845223970813 0.00510799986393 0.0277255519656 -0.0282962192885 0.0179363856355 0.00274074887561 -0.526657125704 0.091847645483 0.0352410692208 0.00637254422832 0.0215188140131 0.0156607528712 -0.468116760678 -0.0640318043874 -0.131580405896 0.00267052839983 0.0211199395559 -0.156271270106 0.108439113874 0.00591495551478 0.0116812959353 -0.307851791375 -0.00680288339591 0.0165432410428 -0.304729026725 -0.0101888387293 0.0154537688002
-0.470200765 -0.00443109397083 -0.00652391581714 0.00362059639957 -0.0253773554337 -0.0065446180317 -0.00253121536043 -0.542651283789 0.116475481354 -0.00306240151994 -0.030497977875 -0.0186335843982 0.00469281867084 -0.371925771757 -0.0214219190954 -0.119773862074 -0.0388950047034 -0.00945505969199 -0.338384383951 0.157141420822 -0.0325319977228 -0.0100205800432 -0.30014591483 -0.022865953979 -0.00647748560067 -0.287252696711 -0.0218367711213 0.00786273459929
-0.604003388033 -0.0221957229441 0.0815243982438 0.0450962934773 -0.0693387358022 -0.0101170024644 -0.00284705130452 -0.485124901542 0.0142974695361 -0.0371187677864 -0.0171998753543 -0.00313976166457 -0.00525036411734 -0.0415150114691 0.0469331078549 -0.199904132556 -0.0353245791868 0.017782322853 -0.431497111475 0.131830468431 0.000463228485108 -0.0140974257835 -0.35833835387 0.00714233523731 -0.0383545938268 -0.063883213389 -0.00437988871655 -0.0240578022695
-0.731236382342 -0.0322294654285 -0.0776073565384 0.0403749223123 0.0338864805953 0.047031665887 0.00661217602176 -0.626116412923 0.0222195382703 0.0234868060388 0.0565507898122 -0.0160922176566 -0.00699643847112 0.0578651182549 -0.0474079798663 -0.112817976058 -0.0146159999114 0.0121668072484 0.082226307507 0.157129836109 0.0112278843644 -0.0210138282373 0.0197046983772 -0.00224668100466 -0.0151194863748 0.0695370711952 0.017639380978 -0.0123316966679
-0.591527861457 0.0166226528509 -0.0110721581824 0.0175240782694 0.000329800157379 -0.0315584498215 -0.00872230271918 -0.644539838618 0.0581633587475 0.0228139184078 -0.00229570878103 0.0657678310908 -0.0181220210412 -0.38122565496 -0.0498871036948 -0.0718273130131 0.0922817460852 -0.0158604384718 -0.0729233343586 0.152498093741 0.0218062786505 0.0161529162765 -0.170514160932 -0.0411823051947 0.00316109281346 -0.0456739603136 -0.00631927335603 0.0188986109047
-0.573557465162 -0.00955663576483 0.0630683741705 -0.0970612840811 0.0274374818345 -0.0102585791045 0.00653174330413 -0.613113672975 0.0586757930945 0.0245179591884 -0.0396125789845 0.0638538925207 -0.0381303708079 -0.247347252845 0.00379988340382 -0.115670750682 0.0182365433653 -0.031525618743 -0.354902148774 0.199444332164 0.00673918162022 0.0111223922203 -0.108287035656 -0.0143344179323 0.0199674024998 -0.119530824376 -0.0332934521392 0.00763081986826
-0.499680319719 -0.000682916221506 0.0747503777874 0.00892106761084 -0.044257707282 -0.00905069705613 0.00615295514637 -0.448959116487 -0.0337383013355 -0.061629640371 -0.0643696623092 0.0151203917492 -0.00623144407648 -0.0866145021937 0.0499159083896 -0.175919198735 -0.0237653926124 -0.00469030696026 -0.635422552884 0.0919692733691 -0.00600042589818 0.00075571352431 -0.270655139961 -0.0140071914616 0.00446447913703 -0.0611476698366 0.0050258631638 -0.0253436035594
-0.541427375179 0.00401041167996 -0.0666861985465 -0.0262871786217 0.0259173968417 0.0195296202537 -0.000746790912709 -0.504755139047 0.0150964969523 0.011969051758 0.0503278529794 -0.0278405615398 -0.00100090272351 -0.0438132896531 0.08246868016 -0.163345410047 -0.0208161243764 0.00926234868797 -0.530803995522 0.112692621071 -0.00676228989736 -0.0193680852635 -0.331209550727 -0.0154059740275 -0.0113365693217 -0.0358138683428 -0.0014245166074 -0.00674584693417
-0.595900933834 0.0308341443103 -0.0285356191943 0.0382290187952 0.0112685039916 0.0168128211819 0.00145113650386 -0.68796943512 -0.0944742770338 -0.0598121934601 0.00881710228218 -0.00809894493265 -0.0103817814974 -0.0257998571893 -0.0195143568187 0.00846529379623 0.0233001565748 0.00627206574837 0.269820613121 0.173546708152 -0.00586387962266 -0.00357514386231 0.217691811207 0.01187157492 -0.0102281622018 0.0478553685337 0.0185651748548 0.0163915900119
-0.568304254952 -0.022072409946 -0.00670365049441 -0.0211913258429 0.0229220181567 0.00623672213269 -0.000299098030978 -0.738342309272 -0.113314519668 -0.0708320869754 0.0843797793954 -0.0141126510655 0.00294046117308 -0.0490585713632 -0.0217817391531 -0.0931786045507 -0.0119221077407 0.0013150609194 0.045551542287 0.247036018615 0.0479150023541 -0.030285220958 -0.11940489956 0.00773639791739 -0.0211564491174 0.110905425867 0.00397117341746 0.00687959184454
-0.681930314478 0.0162557304806 0.0857569769993 -0.0130936558451 -0.0167324971724 -0.0554975676308 -0.0166165400435 -0.575788423552 -0.00569582262145 -0.0182488406536 0.0585100518802 -0.0120284870312 0.0138650006702 0.014653664143 0.0692022403718 -0.137072851925 -0.0617023369764 0.0259294228024 -0.192364278157 0.236040263619 0.0499279443169 0.00236830928849 -0.238797852683 0.0203513906714 -0.0229248829674 0.0766382671108 0.013202713728 -0.0196325972452
-0.476603144837 -0.00546052416364 -0.0617921788397 -0.0305140329748 0.0564436880274 -0.000726740897971 -0.000181275141273 -0.388817489238 -0.00344820379533 -0.0418609307388 -0.0060032341801 0.00274562241042 -0.0100169349432 -0.00955972340982 0.0451912577585 -0.143381736 -0.022395647383 0.0214555908501 -0.695168299528 0.0147576257468 0.00650510292976 0.00562528631985 -0.320928628433 -0.00599457763894 0.0179599474722 -0.0328486232705 0.00136617677496 -0.0125480224232
-0.553687972914 0.0127076017021 -0.0267020110614 0.0570649511882 0.0167672602457 0.0450873952697 -0.00640536923265 -0.540933707758 0.0428378309553 -0.0440395690413 0.0314150225245 -0.0300947676376 -0.0190201057752 -0.259723167659 0.0465316827476 0.031247122596 -0.00359963185003 0.00980605919542 -0.433717988925 0.272296254605 0.0544166393227 0.00517383548079 -0.0101354217598 0.042616661091 0.012923355488 -0.223652991611 0.012928055363 0.00897080175328
-0.52334285343 -0.0131846480695 0.0445033765119 -0.0296685571 0.00111573715158 -0.0370230927331 -0.00332993653796 -0.522524510531 0.00370829652959 -0.0452425559183 0.0115819602927 -0.0366151940877 0.00782729558793 -0.195757994625 0.00998127504919 0.0371613892085 0.00129993992726 -0.00161759259543 -0.504851389169 0.132917899218 0.0278698352848 0.0146930227563 -0.333128082792 0.000670898032232 0.0116884480777 -0.142655041488 -0.0141544247786 0.00793874341163
-0.555812695694 -0.00540451624394 0.0825129237899 -0.0255546148811 -0.0498364004611 -0.00967704706049 0.00204802013574 -0.438081220922 0.000509721495775 -0.0361683789697 -0.00496782038559 -0.0195255830634 0.00920245697903 0.0198674581674 0.0738982832957 -0.147297371128 -0.0352167852672 0.0102533961681 -0.590840845695 -0.0260863575648 0.00767166754865 0.0105253616521 -0.327301710482 -0.00181559515157 0.0137877221781 -0.0168056356727 0.0097764849724 -0.027341027591