-0.00718419593186 -0.0163364560219 -0.0720179626532 -0.0197456488056 0.0182416633996 0.0321881072427 -0.00658996120109 -0.432218012641 -0.144561172762 0.383712299419 0.499439605207 0.0810938144863 -0.00945644508854 -0.0820539972926 0.154281920439 -0.202511501633 0.029562006204 0.00914095034071 -0.270519570573 0.238261493639 0.193170332317 0.01659642954 -0.358972862376 -0.0969999193337 -0.0252815117032 -0.0493272518318 -0.0159212676884 -0.00129802902865
-0.252352924064 0.00436575361959 -0.0178148188728 -0.0375983319003 -0.000721079140168 0.0046380006963 -0.00268676490986 -0.26255122352 -0.0470836866949 0.0664632679475 -0.00336626017094 0.0151254635381 -0.00430280605097 -0.345552515897 0.190108024845 0.0506640629313 -0.00387778195199 0.000185628044087 -0.290853450765 0.112340444163 0.0514404162327 0.00313075124728 -0.744195569595 0.0464272846406 0.000952549245838 -0.211207455098 -0.00400411338427 0.010152212301
-0.327727526799 0.0074150268653 -0.0129198559819 -0.0319055135523 -0.0347812593638 -0.0134233254 -0.00307871537987 -0.362648408047 -0.0584702909388 0.0880646546234 0.0248926854094 0.0559052117677 -0.00126745620043 -0.234660729576 0.00786368537117 0.164026974113 -0.04031044258 0.000881601732946 -0.381503127446 0.00349117022991 0.103487573257 -0.0016105481855 -0.68879736518 0.00204916912487 0.00762116686432 -0.170172903298 -0.00962128479968 0.00617277270875
-0.421478514222 -0.0581342121833 -0.00642514215092 0.0660021578956 0.0609372643181 0.0401484366106 -0.00668898638041 -0.753236794532 -0.0874384213654 0.0760583345049 0.320166647863 -0.0415499402423 -0.0042186355637 0.105397534184 0.0875716950682 -0.182598932117 0.00958736508836 0.00330809694665 -0.120659809079 0.0476038635795 0.0435627022166 0.0157408563251 -0.195156502313 -0.095227884454 -0.0257218850642 0.0703823233082 -0.00694382208311 -0.0122815856651
-0.392926896501 0.0249003366913 -0.0405031777848 -0.052114734954 -0.0392302318091 -0.00318854330992 0.00229191272578 -0.735335838097 -0.0657417423589 0.0987733692038 0.328548378287 -0.0693421083926 -0.00846015233409 0.0274041698407 0.0948791438661 -0.137973519758 0.0477397524827 0.00629817932388 -0.237481289527 0.0301864142372 0.0661742170248 0.0144859269274 -0.242041133964 -0.128480676473 -0.031107795612 0.0420895254679 -0.0184130156439 -0.0167708755162
-0.412478657193 0.00627001742663 0.00881032854649 -0.0595841821191 -0.036076731699 -0.0106943171369 0.00119663508479 -0.381604674745 -0.0155755925102 0.0257122244662 -0.0210539223377 -0.00261999037746 -0.0109947115196 -0.25754482398 0.195178685174 0.115884085577 -0.00476323946961 0.00429755180873 -0.177655234425 0.0831242696415 0.0398343327873 0.00310576237058 -0.710925531828 0.0231234982888 0.000792967846665 -0.116957931911 -0.00390637098125 0.0085627531234
-0.226917749623 0.000744853289183 0.00978704627684 0.0166833826026 -0.0141921885705 0.00899762305795 -0.0029480320989 -0.225812042188 -0.0136425311102 -0.00605715550758 0.00874953075305 0.00760908005543 -0.00422446552643 -0.493296700381 0.00776852196953 0.0434148834865 -0.00257309333517 0.000519601105618 -0.245715065977 -0.0327487417722 -0.000750809660862 0.00111340975107 -0.638245421513 -0.00487132085455 0.000158093307297 -0.427003161218 -0.00105572044542 0.00432618805566
-0.204515239377 -0.000858972026313 -0.0115928846484 0.00643755488192 -0.00374603554385 0.00109345718158 -0.000980551360213 -0.205263266328 -0.0110402131583 0.012043584982 -0.000384427749025 0.00302707863717 -0.00143516851408 -0.442106201215 0.0123692369736 0.0603593821673 -0.0046226919628 0.000661152893428 -0.267083258981 -0.0500394611031 0.00900017046538 -0.000433709971328 -0.706163368672 -0.0012628164096 0.000113662847099 -0.379078605669 -0.00122389762043 0.00211703509697
-0.350460501406 -0.00726116886113 -0.0231669871889 0.0315967072217 0.0366897150748 -0.0259981390219 -0.00369153621296 -0.364335600428 -0.0172322041838 0.0644731869223 0.000793147851014 0.0211165103866 0.000951030290074 -0.297292660883 0.0025449459944 0.156999112867 -0.0404149522863 -0.000404294916739 -0.288836850691 -0.0391677436853 0.00756350026843 -0.00066455793335 -0.675744489441 -0.038772110573 -2.67389816878e-05 -0.279435944356 0.000399721318134 -0.00193194350592
-0.429524900768 0.00708238438692 0.0194749302743 -0.0772644573701 -0.0443873045755 -0.0113357037665 -0.00109382279824 -0.382394849164 -0.0144165286259 0.0230843826619 -0.0158462312513 -0.000647811797088 0.00155716688807 -0.262698718248 0.205037660034 0.119452505164 -0.000324965143304 0.00120647291591 -0.209038113136 0.074526289058 0.0338635659497 0.000910682515995 -0.685059339031 0.0264543239233 0.000431228102343 -0.117921615898 -0.00349880608671 0.0120188814165
-0.416485173072 -0.0266667247407 -0.0154171943331 0.0299791191081 0.042333080346 0.0274376025268 0.00142190696063 -0.440519989031 -0.0411647338459 0.0685433710484 0.0339822629622 0.0347100546498 0.00199215977582 -0.313494722139 0.0356367781518 -0.0686857380252 0.0162553663301 -0.00618408934932 -0.420712236531 0.0602477241234 0.0569407990041 0.0010747459066 -0.549520587513 0.0697684271181 -0.00120669384623 -0.155024990909 -0.00308600729487 0.00247442786848
-0.542662856202 -0.00824799442729 -0.0456601121372 -0.0339256097226 -0.0564548594171 0.0135434174879 0.00193607266949 -0.626049933367 -0.0962664658278 0.0771703378956 0.0524331733567 0.0657814341201 0.0019127326072 -0.166046115614 0.0367059860711 0.0693850970431 -0.0401028702025 -0.00110879681975 -0.266284336927 0.0320150976488 0.0440663485171 -0.00800283990089 -0.368931630383 0.0380278889701 0.0156013428868 -0.193280483425 -0.00998958073486 0.0077433356195
-0.556219876059 0.00686348181272 0.0311789716359 -0.0689859083716 0.0660639549155 -0.0418451782826 0.00276764855397 -0.462835159033 0.0151423347661 0.0141806231942 -0.00542645349313 0.00733041264306 -0.000723549808646 -0.0428850447645 0.0120683382844 0.195799513225 -0.0116024454389 0.00231164104966 -0.186883989964 -0.0226233515452 0.0899709054248 0.00487187138694 -0.614373943043 0.0023031104147 0.00319464759752 0.0478996406757 -0.0116105998599 0.00833112734588
-0.460563895225 -0.0186561294201 -0.0268351758124 0.0173288339591 -0.00482350734556 0.0186638817867 0.00539051993132 -0.533847387913 -0.0352446882979 0.0748094397896 0.0815839942836 0.0172520588451 0.00941164388144 -0.0320736202015 0.125056892659 0.00456737235022 -0.017244959309 -0.0109796511881 -0.135298358717 0.161938889907 0.0454488030346 0.0161580571182 -0.649646724832 0.0130891380693 0.0146659288374 0.0246610704646 -0.0138888651153 -0.00680513097431
-0.498441694558 -0.000989799779248 0.0109646914682 0.0173158523335 0.0352486434049 0.00287635759676 -0.010414313895 -0.586113143214 -0.0514748197607 0.0127449780045 0.104174960776 -0.00815151853199 0.0338297742306 0.140325558115 0.00331344091745 -0.0706984353761 -0.0224626482216 -0.00383247967297 -0.133197891993 0.0403220214642 0.00779854836765 0.0257099828689 -0.571944787559 -0.0210038668885 0.00635671018915 0.134240263347 -0.0172026893987 -0.0119866861661
-0.47035759009 0.00382029707547 0.0085593448469 -0.0276894474318 0.00404996035874 -0.0122200222682 0.0125508160075 -0.605744482719 -0.0661870995741 0.0328119724934 0.112579532122 -0.0137354788878 0.0162373226538 0.115462883609 0.0385295441641 -0.108825989984 -0.00292437297356 -0.00369691029613 -0.251981268768 -0.0253127354834 0.020178016174 0.0189243437861 -0.537446699186 -0.038866241544 0.00999691545579 0.0933129229777 -0.0311981743967 -0.0188020876612
-0.555832008135 0.0568866989684 -0.00169659956164 -0.0488983388458 -0.0319604955575 -0.00806804877995 0.00612242237129 -0.641934229121 -0.0101486625932 0.0974310956736 0.0752588580213 0.00555212775818 0.00395844683263 0.0871966883584 0.081868403745 -0.0682808323059 0.0316669439797 0.00445041626769 -0.0697155074422 0.117265680861 0.0661217804227 0.00965269594505 -0.444210507369 0.0108123286216 -0.00277412406745 0.124970466601 -0.0236683812136 -0.0147726550292
-0.607177727377 -0.0107387821284 -0.033663872532 -0.0332550235069 0.0518594315229 -0.00564088963323 -0.0115825404113 -0.683861217573 0.0305703992396 0.0863930024472 0.128142859713 -0.0229144381534 -0.0149827450258 -0.0225524453635 0.0836349651288 -0.125372732444 0.00116964951474 -0.00113863872835 -0.161639034277 -0.0510658476309 -0.0190331589383 -0.010126768481 -0.269788054088 -0.0791892925071 -0.00922900903876 -0.0275992379929 -0.00634743549106 -0.0228671724891
-0.554569673615 -0.00734039226215 -0.00534838161886 0.0223558475577 0.0139392421846 0.00670391233642 -0.000911231937391 -0.652498033954 0.0711228019569 0.0472087909331 0.049567162101 -0.0809900801712 -0.00755623496114 -0.220129430959 0.014466689551 0.0218339588662 -0.0103835320928 0.00230293684535 -0.0613609796363 0.0254734474258 0.00591094922055 -0.00155251974882 -0.365341358928 -0.135844167105 -0.0146907313114 -0.208704745063 0.00912877734447 -0.00486326068157
-0.430713363715 0.00248637292057 -0.00888429282407 -0.00630880323037 0.00340066731688 -0.0152500061334 -0.00500382165183 -0.498064529984 0.0531503270444 0.0829772162954 0.0447126412349 -0.0393637051291 -0.00352279864095 -0.389777710314 0.0319601375428 -0.0163423932891 -0.0211424117194 0.00373709972588 -0.167808586144 -0.0124930565114 0.00712188965239 0.00733216539731 -0.419606688385 -0.0548620845941 -0.0124750607446 -0.437415952553 0.00182708266058 -0.00919773962019
-0.461308729133 0.0121212147005 -0.020062683548 -0.0331433839785 -0.0106283880561 -0.00972200733965 0.00190385411718 -0.498400051827 0.0695597264125 0.0527157023836 0.0366288614524 -0.0509849014463 -0.00299212569132 -0.407079845812 0.0301305134305 0.00345960833812 0.0326681001208 0.00959212698626 -0.260830492906 -0.0571720995446 0.0212247956827 0.000182813117407 -0.417896357698 -0.0776130836879 -0.00530456170066 -0.324081695048 0.00631175356885 -0.0078869440527