-0.00266770487394 -0.00723218853211 -0.00344944508834 -0.0440543919993 0.0331328041012 -0.0249387195113 -0.00924822812874 -0.216414792818 -0.238042266235 -0.0432360311826 0.385560394824 0.123895311783 -0.0623800808256 -0.332484949435 -0.238772590298 -0.438970482789 -0.138390855003 0.0124828659804 -0.167508914285 0.330866962646 -0.0904308671703 -0.0094570543109 -0.439153491251 -0.0532519010835 -0.0218368872266 -0.0363531977067 -0.00609693032863 -0.00525750137228
-0.280432869035 0.0115808689858 -0.00377202306321 0.10620539621 -0.0108180090947 -0.00883554066872 0.0122935177295 -0.269006180343 -0.0583097881099 -0.054094320144 0.00896180390568 0.0374775545396 -0.015447393592 -0.402507613298 -0.20190407686 0.0226211300968 -0.040830150208 -0.00957477947872 -0.380302273476 0.12471752461 -0.0360536467264 0.0150308328596 -0.643465191423 -0.0190016696715 0.00425602076225 -0.218489160795 -0.000161968530379 0.0157106493588
-0.297184882202 -0.0123435712299 8.74769895766e-05 -0.126464068118 -0.0688841861166 0.014134972942 -0.00282849535463 -0.261192231156 -0.0584795395037 -0.0614907986134 0.0327457879788 0.0242541479451 -0.00990442759514 -0.321992198368 -0.201030857147 0.031488434128 -0.0359607894305 -0.000774554477025 -0.351021790247 0.0869930938512 -0.0235175210872 0.000837469972646 -0.707856146333 -0.00129892845175 0.00712251484425 -0.181000329196 0.0164222341127 -0.0392769432687
-0.454612094164 -0.0527061646464 -0.0843666744886 0.0187250124955 0.0308826624588 0.0459422277811 0.00536239826526 -0.694503617034 0.00836309788528 0.075588712594 0.286269831083 -0.0261551337514 0.0188507157994 -0.143792850272 -0.139109586512 -0.261274123666 -0.0507239872398 -0.00826592440469 -0.0252430217618 0.220099708294 -0.0438348012286 -0.0166194588366 -0.184282046648 -0.0563563585513 -0.0242979680575 0.0929733793596 -0.0167701036052 0.0039975553111
-0.497621890152 0.0395416783357 0.133156589165 0.00919001804601 -0.0349652052579 -0.046781354078 0.0125464427264 -0.673883800639 0.0551958802012 0.102722565896 0.252080723128 -0.0319181915119 0.00397488990904 -0.101204707598 -0.122857020055 -0.29218560044 -0.039615954731 0.00433322581273 0.094013896711 0.208406377568 -0.0305401645973 -0.0302875503599 -0.127580683818 -0.0402016353495 0.00523624377066 0.112273076419 0.0135467039593 -0.00049143207475
-0.465494830489 -0.0121831918377 -0.0426658643794 0.0855713947864 0.0443971376852 -0.00498469964851 0.00914695454701 -0.376127665446 0.014995829146 0.000969265132066 0.093153706532 0.00310220476958 -0.00231087337858 -0.420033876551 -0.278434314587 -0.0690562506754 -0.0151333214117 -0.0098228375116 -0.276092880873 0.0324521114463 -0.0227054721408 0.0136443122619 -0.522035378404 -0.0016296112453 0.0027509660657 -0.108807202945 -0.00487475750286 -0.0113494672254
-0.266545388051 0.00750704617413 0.143325974869 -0.0310639673171 -0.00639775727028 -0.00312122121125 -0.00683652081221 -0.230465371808 -0.00412353597353 0.0370437347853 0.0542653734531 0.00201492333419 -0.0027592022156 -0.565149481087 -0.0228934077709 -0.0151832393649 -0.0016476738113 -0.00244002595174 -0.438759291281 0.00614819388128 0.00268032768584 0.00318254926859 -0.359296922697 0.00320307941519 0.000851379094072 -0.455968367917 0.00416875193466 0.00898243686948
-0.266558160264 -0.0114427754992 -0.14273552539 0.0427230486429 0.0115167383496 0.000908874868291 -0.0014958189968 -0.223102853622 -0.0112210426195 0.0319591787133 0.0432166355539 0.00529451886242 -0.00264904223283 -0.573948373923 -0.0466586605423 -0.00382578296809 -0.00650441596959 -0.000300102767408 -0.445382491656 0.0120200779866 0.00358872828634 0.00209940433815 -0.35821295482 0.000622269371857 0.00258822969048 -0.440763849185 -4.85801864759e-05 -0.0296984434848
-0.455974096252 0.00173131604188 0.0290585228529 -0.101965744426 -0.0331493385261 -0.000759908398936 -0.000811768276815 -0.329459448444 -0.00713865754674 -0.0055836438517 0.0168009784202 0.00551922480909 -0.00782686510656 -0.326594153989 -0.248200846434 -0.0253986476502 -0.0216209313414 -0.00279568067201 -0.247566657898 0.0451348768305 -0.0237964225675 -0.000895003867772 -0.654414954897 0.00755688862693 0.000114158637881 -0.088563833233 0.0207718261414 -0.0295146496601
-0.568328045474 0.028065561012 -0.0634605826867 0.101620547517 0.0446217429954 -0.00933537581138 0.0089456140091 -0.47764926059 -0.0412908956037 -0.03469196017 -0.0939299633088 0.0181005110909 0.00483646748737 -0.210222087417 -0.150650059019 0.0430813197589 -0.0350453223553 -0.0161682800422 -0.237138359333 0.136457524916 -0.017525766767 0.00921320498319 -0.516630624433 -0.0164156534139 0.00164286769586 -0.0812085793908 0.00428057327906 -0.0140705128604
-0.348010128985 -0.00324409472553 0.0637532230466 -0.0292430915609 -0.018890612475 0.017038698887 -0.00865219966108 -0.400475343184 -0.057205160226 -0.0587999453091 -0.0798977099482 0.050472179807 -0.00712615180448 -0.419327421958 0.0194688016221 0.0187340356136 -0.0529471304569 0.00523993780339 -0.477120961319 0.0192133821184 -0.0436781593351 6.1128404941e-05 -0.483094196893 -0.0319380073489 0.00926594403129 -0.228473196889 0.00664430550034 0.0331178529997
-0.393898671063 -0.011131047317 -0.0905142234363 0.053818734743 -9.04014642857e-05 0.0242266584937 -0.001473018464 -0.387516481564 -0.0395063488601 -0.0777138436922 -0.02351499328 0.0437672345276 -0.00291666355665 -0.384878606576 -0.012248150422 0.0651766435507 -0.049073902706 8.3060589733e-05 -0.475861027518 0.0208525577546 -0.00355669917958 0.00397270829072 -0.475093776891 -0.02846163645 -0.00138245649648 -0.251864195829 -0.0128309050299 -0.0287094370273
-0.561451740961 -0.0264207152459 0.0371344426057 -0.135689567125 -0.0133673366648 -0.002761517337 0.00625391598881 -0.433040829985 -0.0473193483282 -0.0615896962964 -0.0223309975799 0.00829079297752 -0.0133236399934 -0.130452267761 -0.143582669288 0.0180550524443 -0.0248431569577 -0.00191973676341 -0.238555095589 0.0655803468956 -0.0108517073111 -0.00379371990219 -0.606524718522 0.00748103662833 0.00992129422129 -0.0352628250939 0.0226903774211 -0.00700631125668
-0.594871072222 -0.0158416343364 -0.0844701324735 0.0499672853186 0.0164373122372 0.026531311793 0.00112701062201 -0.51173546817 -0.0138768773511 -0.0124080209433 0.0761917284635 0.0032221371233 0.0239719169916 -0.0930587918986 -0.131073978297 -0.0399981776925 -0.0586417571815 -0.0114649864094 -0.261333029556 0.00330378187171 0.0015529420332 0.00845529168361 -0.512758225456 0.00926074755595 0.00417819018408 0.0616591049806 -0.0148965606706 -0.0148996053866
-0.521094062217 0.0300933475754 0.0350815348749 -0.0363629501661 -0.0381813960743 -0.00375934804155 -0.00387178416392 -0.556261536185 -0.0508476790355 0.0358829503323 0.0797401390742 0.00481000630763 0.0381404228551 -0.168576444598 0.0682503751267 -0.105798022725 -0.0125989024268 -0.015636377548 0.00747215821021 -0.0355551475035 -0.0303656598846 0.00613248268396 -0.591811356048 0.00993355625075 -0.0188396679147 0.0625436736737 -0.0251460988363 0.0137320778268
-0.531818353992 -0.0555993549885 -0.0171182185877 0.029775282755 0.0261522617167 -0.00672225624629 0.0063030701938 -0.680156744442 -0.0894666195732 0.0686251035117 0.0714564706091 0.0107839675508 0.00208974018752 -0.149869932817 0.0147829652211 -0.145691647266 0.00724108582309 0.00387599760857 0.179627462967 0.023814588706 0.00532333578889 -0.0185646811869 -0.385954431716 -0.0180641607951 -0.00418839040213 0.0703536417803 -0.00917033044076 0.00763703179185
-0.686591623776 0.0399072952054 0.0661070000212 -0.141034762606 0.0304181006027 -0.0127837151801 0.00528385081246 -0.522393914069 -0.00391004756218 0.0288273944974 0.0566575338795 -0.0169917945343 0.01824709598 -0.00792092001338 -0.140506070394 -0.0710511160419 -0.0288554601394 -0.00231436158189 -0.286664090669 0.141445019868 0.00634605612163 -0.00114857599707 -0.296686869206 0.00663863319362 0.014564089534 0.0873389757878 0.0130711079403 -0.00738739586226
-0.655057171075 -0.0279063904451 -0.0597233563215 0.0527891500931 0.0323730026575 0.00559407078781 -0.000394943427348 -0.606143147592 0.0749068679471 -0.0130882432579 0.137162684253 0.00110465149481 0.00500484306901 -0.116087994634 -0.189071134795 -0.234530692521 -0.0321201313868 -0.00582598296765 -0.100401904252 0.131872380931 -0.00685700144232 -0.0228963898106 -0.142248842939 -0.0191910892395 0.00581097898469 0.127973488112 -0.00247450977964 -0.0173118840997
-0.481974073646 0.03044031103 0.0253876301746 -0.0076205440757 -0.0115117632863 0.032135769952 0.00652364971713 -0.704024822064 0.0304835934531 0.020303930729 0.18336589991 -0.025635921044 0.00155171443786 -0.343690758531 0.0177978562941 -0.0583619287096 0.0116152703638 0.013451581745 -0.137989269443 0.0779906581888 -0.0200824845001 -0.0168849506414 -0.191205672061 -0.085101928585 -0.00888355294597 -0.203537654441 -0.00661877580763 0.0162038280561
-0.487615503817 -0.057408003537 -0.0348590529575 0.0149660108021 0.0435034331075 -0.0205203736069 -0.000617333685921 -0.634517003229 -0.00961574824302 0.011508490178 0.165735138814 -0.00624625004272 -0.00301754207574 -0.401770934106 0.0289662434046 -0.098929291903 -0.00926401569981 0.00424955832295 -0.213559756611 0.0349830025645 -0.0368447230831 -0.0247771149756 -0.200107426069 -0.0620924991401 0.00719675552403 -0.244600126796 0.00984648721933 -0.000194220736724
-0.661449559502 0.0264630330057 0.0418493792917 -0.0615193415464 -0.0434915628632 -0.00107914223126 -0.00287887135079 -0.536179851953 0.0532636056607 -0.0244637588434 0.0982759294365 -0.00453563848616 0.00802880248059 -0.17719113105 -0.240800519236 -0.294556532849 -0.0269831896216 0.012701136344 -0.184908165782 0.115307749202 -0.0188976456629 -0.0149183801869 -0.109935965074 -0.00555795791323 0.0145563256516 0.126703017529 0.0140079595294 8.61271473018e-06