-0.0150363819549 0.00366202413193 -0.0598305520301 -0.056630208842 -0.0141638292733 0.0189481350676 0.0178889439111 -0.00257810527066 -0.000114181658197 0.0101484720812 0.0362577737083 0.000503803704529 -0.00242521203086 -0.0724438329672 0.172440411907 0.0699669102018 -0.035755631721 0.0110775538133 -0.532018098209 0.635546532655 0.0820147268811 0.0104705198086 -0.49116558192 0.111660714665 0.0189353392626 -0.0388748650121 0.000248025341459 -0.00175807163493
-0.380607147091 0.0262228619201 -0.0884700124643 -0.0528673156268 -0.0553285279224 0.00909806378615 -0.0176579625044 -0.324465336046 -0.0100866168849 0.0325819149284 0.0499928187029 0.0472559807825 -0.00920976329974 -0.098913776048 0.19972953562 0.108511013443 -0.0519066205748 -0.0107236380606 -0.456783452096 0.508206995473 0.0464605715724 -0.000531701575582 -0.435212312362 0.0764732597187 0.00279936571958 -0.0109153694474 -0.00329090006967 -0.0193574740813
-0.266842053007 -0.00730126897853 0.0148028867256 -0.0226600767891 0.0823843763593 -0.00505065871397 0.0157693467319 -0.265987544509 0.00666926934092 0.0205044497472 0.0381309250419 0.0344490142402 -0.0212175598801 -0.341903836191 0.19281247352 0.174878861685 0.00304378602103 0.0194250401174 -0.490532103578 0.309757685561 0.0704838356818 0.0125504022584 -0.552111238712 0.0772693429304 0.013682933381 -0.093086610421 -0.00326629185082 0.0155350727139
-0.448025410008 0.026917774252 -0.164156510847 -0.0144951667672 0.010712821549 0.0315095017329 -0.00513926994898 -0.396187811346 0.0489077570206 -0.0703457194989 -0.0636890429374 -0.0526913340024 -0.00966065478539 0.0457646086371 0.101231949344 0.0345678396461 -0.0348989116108 -0.00294365681214 -0.380684929761 0.545113325428 0.0267469486447 -0.00287045334061 -0.361966650646 0.075828528683 0.0124569966672 -0.0544694747958 -0.00145272107858 -0.039684174634
-0.345957259945 -0.0257219222145 0.0618240853651 -0.0654753405676 0.00709572539806 -0.0087749871882 0.0284901711744 -0.425615080925 0.00543279733686 -0.0885976746905 -0.0880328514481 -0.0602184416131 0.0163391811682 -0.115295853207 0.130243446726 0.00102580266683 -0.00871117048371 0.0353943445239 -0.456526550759 0.503679593695 0.111817892551 0.0279789419437 -0.385074659444 0.114594930022 0.0326427591701 -0.0100888116532 0.00148719607197 0.0191702216798
-0.52810817114 0.00226820680322 -0.0281027679111 -0.0442616107881 -0.0582553947606 -0.00308583717507 -0.00733023467539 -0.368396920517 -0.00197027072335 0.000793988175951 0.00313247098104 0.00767764354499 -0.00447846114391 -0.280424949406 0.282738732922 0.25196354916 -0.0249679941437 -0.00835256398705 -0.364778775125 0.254195064193 0.00151586181722 -0.00478712746837 -0.395959734886 0.0251082551492 -0.00322941174561 -0.00901858915698 0.000944776164649 -0.0333461020929
-0.162295053473 -0.000862947575769 0.00800365043788 0.00510095928975 0.00370885889793 0.000808467589885 -0.00395686823817 -0.16273867977 0.0206686334046 0.00036622463741 0.0138613832196 0.00453193224052 -0.00207272115865 -0.505264948343 0.0378307764844 0.104005249041 0.00150316272482 -0.000501968749266 -0.421865868714 -0.0714015677167 -0.00955936925928 -0.000381371568829 -0.57168738103 0.00316180470061 -0.000188027088768 -0.410925424303 -4.36166448098e-05 -0.00332993639391
-0.16249791346 0.00158736458495 -0.0213675071064 0.0177075830561 -0.0235171070688 0.00404714128617 -0.0035873813449 -0.158699991944 0.016229705932 0.00321172971568 0.0104235301407 0.00126585207548 -0.000339272202943 -0.485192802674 0.0631037916649 0.11438120462 -0.00392137843248 0.000381209487801 -0.465820390792 -0.0479113404742 -0.005475688771 2.16396895315e-05 -0.575388522009 -0.000706787612397 0.000271395473836 -0.379166694361 0.000302317562895 -0.00478138698188
-0.425728996355 -7.61792594955e-05 -0.0347243791069 -0.00421595751926 0.145390269873 0.00887312735067 0.00296090908637 -0.346816267191 0.0115668875892 -0.0151981692073 0.00135542381559 0.000602714611492 0.00510416112943 -0.325612808959 0.22856038461 0.192641046442 -0.00410416363653 0.0224202313054 -0.448525299452 0.198223416275 0.0402918743864 0.0171623132807 -0.482529388681 0.0426245095728 0.0178642780739 -0.039749224338 0.0170795177888 0.0225719120667
-0.619644358651 0.0220672009876 -0.087907821522 -0.0331122690759 0.0440031018663 0.0353769503246 0.00294409798246 -0.489833996052 0.0140703568642 -0.0107799120443 -0.000793067954979 -0.0155172121433 0.00657404061419 0.0452887678855 0.132603629974 0.0449303451003 -0.056654770016 -0.0075683309142 -0.311225104968 0.407258618896 0.00826412634182 -0.00785205647819 -0.26156875669 0.0452681734724 -0.00084014919278 0.0670828727112 -0.00103985683264 -0.0160181412436
-0.460964511296 0.0268681620285 -0.00301732920359 0.0111963925239 -0.0296971874273 -0.0162971427923 -0.0067361489047 -0.571545780141 0.0125112909795 0.0661481692336 0.0539581886813 0.0306672664746 -0.00401433698883 -0.159954652276 0.0640862814062 0.0321819045428 0.0099628238613 -0.0140152957936 -0.35965264662 0.349960552658 0.0970465196763 0.00772956034027 -0.384328726134 0.101111158219 0.00936086489578 -0.00390149932721 -0.00614931580081 -0.000948424004252
-0.444702583587 0.0057446151788 0.0152591107732 0.0145475340531 -0.0303430106116 0.000273783199047 -0.00186540492835 -0.544861192961 0.0127816723557 0.0252374621393 0.0787941411451 0.050237517888 -0.00388878192381 -0.25639428127 0.0787598083019 0.101177830527 0.0236309557496 -0.0215182667366 -0.341930713067 0.282190795242 0.0873153097081 0.000431553739898 -0.43518306674 0.0988818599769 0.00133987369845 -0.0823160376612 -0.0273508496042 -0.0188877835006
-0.432158239045 -0.0158395727952 0.0065617960607 -0.0515813045094 0.105225979774 -0.00336889033205 0.0213975499582 -0.400633358436 -0.00830256589471 -0.0102997779089 0.0564057086072 0.0102853737902 -0.0137315134396 -0.315979886287 0.218662940612 0.185744782416 -0.000296753195426 0.0278955174718 -0.423609637317 0.229652777931 0.0543919127558 0.0172217818815 -0.460838353928 0.0547017201008 0.0124638849444 -0.00999644387454 0.00330827099059 0.0240351304609
-0.611885527299 0.00768174012363 -0.113486536409 -0.0288857460593 0.0123208085418 0.00307094195551 -0.0102798371254 -0.441677419041 0.0297615795275 -0.0111593406063 -0.0337647614027 -0.00804344412444 0.00107346798805 -0.107634067911 0.19544090157 0.139327953688 -0.0340366877258 -0.0200583905113 -0.33584041337 0.345496221202 0.00509052476036 -0.0051392579662 -0.327734668885 0.0335039273824 -0.0041172991705 -0.0130715608184 -0.00396830764634 -0.0506090801954
-0.540614787576 0.0715043938887 -0.0287609389894 0.0678886849923 -0.000553578535909 0.0074542615614 -0.0042694186713 -0.693740459708 -0.0412961730651 -0.0829461730132 -0.0716266606595 -0.0307795802536 -0.00406961989203 0.0547667579616 -0.0381156687046 -0.0426738542771 0.0381068839809 0.0296300307532 -0.231872380047 0.323805637777 0.0291835008313 0.0198782150231 -0.169345669648 0.0543065717653 0.0287438506466 0.00716718749419 -0.00970286919997 0.00964831340668
-0.471761744088 -0.0213482576872 0.0216198725641 -0.0538002562981 0.023227503743 0.00761865420101 -0.00242164400819 -0.711909275368 -0.0516404448155 -0.102990760979 -0.0512587250901 -0.0302540818387 0.000722262234548 0.010803474714 0.0598656653414 -0.0363945115301 0.00673685948193 0.0120651921224 -0.282647259621 0.326197300007 0.0665852263656 0.0316533667256 -0.211098317442 0.0600117568576 0.048161572486 0.0438076713301 -0.00173987944097 0.00603870269139
-0.593984560794 -0.0170475305135 0.0497880104522 -0.0714336435246 -0.0238128314801 -0.0101033702049 0.0332066191638 -0.537584535998 -0.0247420970768 -0.023432184638 -0.0155181002095 -0.00587890738304 0.0069208586258 -0.032461099416 0.106139720934 0.037733644117 -0.0019359422248 0.0390807204419 -0.289022964519 0.380483500169 0.0732033157816 0.0221907288431 -0.293805301936 0.068874090126 0.0301691278974 0.0678434612638 0.00365370659245 0.0322155170028
-0.497887372138 0.00505840514863 -0.0440564074088 -0.0306919867384 -0.0504462276652 -0.00557421827831 -0.00454469807994 -0.354744234085 -0.0141270523001 -0.0170505972356 0.0392653897464 -0.00151290361229 0.00458177306079 -0.333071906734 0.291028825621 0.27270203049 -0.0183148737451 -0.00675480737318 -0.355578938013 0.219060850145 0.00293261704161 -0.00687269778305 -0.412378729396 0.0247858457509 -0.00171406367085 -0.0212328633043 0.00101242707526 -0.0521237775919
-0.319815351385 -0.000766870783342 -0.000651873021704 0.00372697105049 0.0307446527219 0.0279027927053 -0.00198630269887 -0.33048791829 0.0302783550295 0.00587355055276 0.0658711630944 -0.0362546966083 0.00798050710193 -0.390365120484 -0.0673580411944 -0.0400185968872 -0.0552739569499 0.00587534297827 -0.520510558985 0.0495292750505 0.0419094278439 -0.00119914752726 -0.481355563346 0.0581903299957 0.00199225282123 -0.328610984938 -0.00677900128591 -0.014316882035
-0.213813846896 -0.000908666206646 -0.0226657881321 -0.00831131125709 0.00518784064417 -0.0140583921327 0.000374758492679 -0.230500144362 0.0241523651304 0.0121031909063 0.0649388106702 -0.0275575013124 0.00219484370316 -0.595185634977 0.0113053794518 0.0191451596352 0.00274409135416 -1.75668436824e-05 -0.467216336107 -0.0183649564455 -0.0147308371606 0.000632543871375 -0.370645311581 -0.00309976441872 -0.00281861738952 -0.428385115109 -0.000377366087816 -0.0114385038425
-0.379096104099 -0.00202405337143 0.00459893461811 0.00721991317213 0.0639670226655 0.0137101354229 0.010761538045 -0.346110195356 0.00240273065149 -0.00223553525149 -6.46788869297e-06 -0.00420187446225 0.0125121040648 -0.34095832756 0.230410227639 0.182840064213 -0.00518589216397 0.0192501214136 -0.474054684108 0.214823591476 0.0388002963148 0.0201151991115 -0.500712782013 0.0442800304153 0.0179403257302 -0.0484499116505 0.012290448697 0.0196250355345