-0.00770069712399 0.00421251392253 -0.0205645664164 -0.0583285847037 -0.0211851007304 0.0279029660534 -0.0158749954352 -0.00516687062971 -0.0225367532697 0.0444350353023 0.0176248267747 0.00293317042116 0.028159291714 -0.0420808645947 0.21269472813 -0.0896300902562 -0.000827768430685 0.00978615645328 -0.51916361592 0.663716067986 0.134002330954 0.000151981256744 -0.441147547668 0.102338676525 0.0116961635331 -0.0494835537306 -0.0132990677102 -0.00203467502574
-0.331471300299 0.0128379836213 0.075483315906 -0.0269581486364 -0.183150489708 0.0156100562624 -0.0262652951659 -0.266429863483 -0.00425917820708 0.0625133042893 -0.00462612838612 0.0281477473957 -0.00335539456541 -0.260330692221 0.279672165104 0.180868609408 -0.0142939418376 -0.0130019186694 -0.422608329805 0.333664910612 0.0608491648824 -0.00682202156764 -0.538411714725 0.0505129443275 0.00785278912405 -0.0858079360437 -0.0169803733221 0.0204350352096
-0.391339201538 -0.00884150977484 -0.00407450641356 -0.0526358684788 0.0894662649023 -0.00114628907699 0.0483526410015 -0.412930203445 -0.0224227301743 0.0492292327197 0.0646151675936 0.0598656992428 -0.00177859989834 -0.197769171065 0.159677064155 -0.0305280430844 0.0253346643124 0.0169753214459 -0.406349551857 0.440647023032 0.137361721941 -0.00200979945455 -0.441209575389 0.108339423723 0.0109604500977 -0.00575629901039 0.0112827723508 -0.0335809070095
-0.423871909107 0.0249386619471 -0.0885454273055 0.0202168289408 -0.000504814032482 0.0365750874492 -0.016973652252 -0.488746090055 0.0265124145493 -0.101655943302 -0.0878741460783 -0.0602582320008 -0.00256363848745 0.128706761733 0.144374867968 -0.107403607913 -0.0135574664319 0.00606759498151 -0.360237550412 0.541477893795 0.0648280404208 -0.00513420584731 -0.259451335831 0.0556172449211 -0.0143574192549 -0.0194354612496 -0.0294308716121 0.0185482686942
-0.373191484979 -0.0288627441842 0.0340026410556 -0.089538420553 0.0168551752194 -0.00648804549378 0.024765479746 -0.433927035649 0.0121990350649 -0.0768642706326 -0.0998352883069 -0.0423430200325 0.0232562199635 -0.120587287387 0.127322852212 -0.124023713563 0.0165855615715 0.038515232508 -0.457129068953 0.490078610609 0.111903144394 0.0217751832714 -0.342905354436 0.0971586189483 0.0116096472517 -0.060365096088 -0.00210851512395 -0.0478686872268
-0.550246498693 -0.010633175578 0.0625827044137 -0.0994633399463 -0.108570893088 -0.00079780911153 -0.000853215765071 -0.393337882485 0.0133855376715 0.00341215783495 -0.0254274142676 0.00218840534661 0.00777428350437 -0.159855796273 0.245945074433 0.176488755238 -0.0174256300113 -0.0100725000029 -0.337440113876 0.267695125299 0.023707681214 -0.0100191996377 -0.458003317004 0.0406139034264 -0.0110020408479 -0.0235631827434 -0.00210914862914 0.00417701163838
-0.219457502946 -0.0096515607807 0.0937862764177 0.014217861634 -0.0289688702937 -0.00168488586612 -0.00763575533304 -0.19751063147 0.0313732237663 0.0252865601495 -0.00723519041435 -0.000468581209442 0.00392162369397 -0.486937305129 0.0525812950532 0.0141856748481 0.00323382444755 -0.00168014860731 -0.493890365302 -0.0454640784205 -0.00739143908083 -0.000898029865063 -0.45097652676 0.00137368501917 0.000476531598955 -0.460003264206 0.00127252154528 0.0045704489477
-0.198776195337 0.00377672638922 -0.050382385269 0.00408830292844 -0.000126057299555 0.0112916831276 0.00832607255309 -0.196784984147 0.0326004383117 0.029063649338 -0.00265193247085 0.0088235855657 -0.000317898595392 -0.494510943672 0.0102092100308 0.030403269245 -8.20094123671e-05 -0.001168149941 -0.523951225544 -0.0174472556531 -0.00221638967497 0.000212290641039 -0.427758386922 0.02711002742 -0.00184482589426 -0.460062207845 -0.0021036576826 -0.0349639658392
-0.486697434222 0.00353896951112 -0.0702470798437 -0.0406925282341 0.119133552403 0.0118014329823 0.0271229932266 -0.433100411643 0.00772067888988 0.0336630257854 0.00222103493371 0.00338848125044 -0.00628258070421 -0.308484347697 0.153881203376 0.0963184103466 0.0358846512744 0.00983485712806 -0.40480631294 0.224237084271 0.072016860572 0.0019336099488 -0.445648030085 0.0565732833627 0.00673560535279 -0.0342594066351 0.0246800110918 -0.0124498662198
-0.531936291341 0.0154330436524 0.0273090348376 -0.0389921079592 -0.115816765911 0.00896161447617 -0.0100611731336 -0.442659380673 -0.0219858408545 0.0425019969479 -0.00426193563474 0.0071788945118 -0.00945900667431 -0.165115568145 0.247738498029 0.192126356877 -0.0179811871136 -0.0063749787237 -0.307912721797 0.269893757171 0.0341205221055 -0.00798351079372 -0.452172868848 0.0389811374019 0.00245298283495 -0.01603964365 -0.0151640611582 0.0357793593935
-0.394567154312 0.00422821032788 0.0540821752188 -0.00311964716226 -0.0473726536742 -0.00412962320711 -0.000285270716226 -0.479866495543 0.00483982748898 0.081487789282 0.017781557754 0.0256008057668 -0.0160879839543 -0.340350778445 0.184476839634 0.168716189237 0.020413273537 -0.00144972269823 -0.346253249793 0.261090409344 0.0914386888275 0.00249144861063 -0.466592833472 0.0472508642792 0.00477962586963 -0.070441389221 -0.0288027550158 4.62133096277e-05
-0.540048028078 0.000280506700992 -0.00807303367289 -0.00391524765238 -0.0176611330476 0.0188886842826 -0.00427799766416 -0.634780574742 0.00242238494946 0.0422120793567 0.0521009618357 0.0458560009714 -0.0150949795905 -0.0565984591237 0.0638937180335 -0.105957967418 0.0190859589497 0.00306304829181 -0.319290762415 0.333823286602 0.0939467564167 -0.00874043188538 -0.218531606743 0.0810035554932 -0.00181854676199 0.0315621978772 -0.0170890521459 -0.0319161305092
-0.597392259999 -0.0148680079482 -0.00555630688157 -0.0869865071421 0.0357175453708 -0.0174296946634 0.0424359208883 -0.545059549695 -0.0269107084298 -0.042188855199 0.0423593666247 0.0249435435354 0.00311649796865 -0.139933270505 0.102347397898 0.0577578630404 0.0313770661791 -0.00490881228276 -0.159444684291 0.320898893666 0.101165288331 -0.0117520483039 -0.378322148837 0.0725760076858 -0.00321073124339 0.0881779903847 0.0229938962295 0.00468089814371
-0.595489391794 0.0032597929613 -0.0792472478013 -0.0162191983904 0.0499536670285 0.0121184363233 -0.00413388022848 -0.514337831536 0.00643649517559 -0.0334693036036 -0.00752949801024 -0.000214216986104 -0.00387344097699 0.0933648608163 0.145022542364 -0.00656398731167 -0.0277603058105 -0.00106107591243 -0.285694304683 0.40679948205 0.0199066434817 0.000721013907532 -0.297486543548 0.045599787201 -0.00909106238321 0.0317808948438 -0.020547182292 0.0155823907823
-0.540923314757 -0.00228033200111 -0.007850330576 -0.00823320131875 0.0556405477528 0.0196349310964 -0.0112732158944 -0.699584496147 -0.0821896971214 -0.0932948200477 -0.0226098305471 -0.0138209708571 -0.0204555375384 0.159814666768 0.0456468915662 -0.119900679529 0.0417540703573 0.0248191199468 -0.265469094828 0.236383272046 0.0173637016683 0.028505899233 -0.157665221665 -0.0241237001525 0.0105971851928 0.0030511119419 -0.0165341556413 0.000713233310259
-0.518179779554 -0.0365932657764 0.0390056640924 -0.000620445091816 -0.0346610607309 -0.0243605243547 0.00803955685367 -0.733281874704 -0.0478869149668 -0.0864207152934 -0.0791270542435 -0.020041748285 -0.000385328755226 0.0886695917493 0.0823085200949 -0.114620952078 0.00118242263831 0.0275008656533 -0.201631350711 0.290014203393 0.0402372958924 0.0300923643529 -0.115922749401 0.0285205448453 0.0215759886028 0.0338283667518 -0.0306961033861 -0.00425827170186
-0.534827618005 -0.0104675212606 0.0141057047695 -0.099856875644 0.0377970972027 0.0142757654007 0.0279224349166 -0.540705835525 0.0119409830766 0.00578308315517 -0.0767590658314 -0.0142965632339 0.0110740853415 -0.200520774985 0.0535338393772 -0.0352741099999 0.0512942963302 0.0243209557139 -0.370201293454 0.33724257155 0.105093551114 0.00390146380732 -0.295249901344 0.0726498168844 -0.00520230052348 0.0064834236112 0.0147316502163 -0.0197538448375
-0.543472432062 0.00377169178025 0.0272224280371 -0.119647899458 -0.0407260570051 0.000183699357961 -0.00668512998976 -0.417635237196 -0.00585421683428 -0.00505005794703 0.0198048827177 -0.00801883669898 0.0014079976241 -0.137418910319 0.216737509627 0.19013979952 -0.0197838598657 -0.0141940070384 -0.336713217203 0.275755775868 0.0196011944401 -0.0173656851499 -0.466441331475 0.0425406198271 -0.0140036719906 -0.0230238403759 -0.00909374824457 0.00565164922609
-0.484741392008 0.0116589631465 0.018643364913 -0.00128691878257 0.00845989794136 0.0225461119725 -0.0135329691443 -0.529625944143 0.0149067085588 -0.0109616375301 -0.0320071409388 -0.0601327659341 0.021397657212 -0.301212685997 -0.0324449398754 -0.192631933929 -0.0654433636687 0.0126147505669 -0.434469140998 0.174544258096 0.0421856658244 -0.0185993019939 -0.295074490512 0.048535558773 -0.0109830445936 -0.180382344548 -0.0298286076897 0.0132290460772
-0.244826703253 -0.0047134183812 -0.0400835422749 0.022557966549 -0.00457309269544 -0.022730214461 0.00729028361912 -0.246517007052 -0.0141427469501 0.0286359026708 0.03137859534 -0.0225273220195 0.00863424796134 -0.481969133314 0.0279679586472 0.0097081097669 -0.0651303250839 0.00149526036842 -0.527645970624 0.0425813757826 0.0427650811509 0.00170433215112 -0.509906694238 0.0392774009074 -6.13440495682e-05 -0.30223528489 -0.00380888224086 -0.0399468877171
-0.486945353445 -0.0322288631587 -0.103737319342 0.0832204229237 0.141747965151 0.00206000506104 5.43840885966e-05 -0.382164336513 -0.0267054150244 0.0162868640657 0.0500377534011 -0.00783690516788 -0.00294263495643 -0.305827498846 0.117556962991 0.096947090672 0.0257476304891 0.0150760152494 -0.454584995479 0.111278327539 0.0788405915091 0.0180224037768 -0.469885361996 0.0710644482162 0.0123085376783 -0.0572182901549 0.028415078244 -0.0342708902063