-0.00369651909649 0.00568647960149 -0.0201524421008 0.0475724684217 -0.0367709196144 -0.0298246952397 0.00158502408964 -0.280933711092 -0.100265476955 0.239221926179 0.370972873601 0.132134945604 -0.0342034657257 -0.170811496567 0.431705591117 -0.100991616994 0.0130398889277 0.018961337984 -0.443765211734 0.381097845529 0.0624135454766 -0.0293320167478 -0.338916761246 -0.0347383854829 -0.0452770732927 -0.027927196226 -0.0205352432311 -0.00831253784926
-0.317674106337 0.0124743962276 0.0165810193336 0.0175393302031 -0.0194823941043 0.00288565931044 0.000168003086772 -0.42433459394 -0.117319722769 -0.0344614546589 0.121821068853 0.0974800759931 -0.00193871130343 -0.204269426101 0.222849391572 -0.124668503131 0.00649684721292 0.00962047720697 -0.32339234908 0.0674506291798 0.0614318093915 -0.0070486944996 -0.671465960881 0.0229728067382 -0.0109512486743 -0.0832369459784 -0.00622939139141 0.00985961117368
-0.275817583291 0.00621174793046 -0.0114847463197 0.03894951253 -0.0395466826679 0.017664469289 -0.00188451255221 -0.444414637951 -0.189283525661 -0.0638941658274 0.0811497837785 0.094518325018 -0.00993660516609 -0.245280881095 0.187138477149 -0.0648525759236 -0.015291992027 0.0138190364776 -0.395617022763 0.0500907283317 0.00172509150251 -0.0142879017779 -0.554747821463 0.00904928330025 -0.0118755394068 -0.316571448632 -0.00119246546395 -0.00972501230114
-0.361369599214 -0.0138670181733 0.0284766555277 0.0601946540407 -0.0333994879255 -0.000774655523572 -0.00113217053309 -0.667025525739 -0.0521142594851 0.211157882625 0.213786508907 -0.0221163545099 -0.00656800856523 -0.070649481059 0.295881482827 -0.0764548989391 0.0143843508812 0.00674886225925 -0.357657672149 0.256628019594 0.012731315512 -0.00393772100396 -0.155773003034 -0.0555432177721 -0.0309423782719 0.0648174949155 -0.0049889248357 -0.00899968609552
-0.387490611761 -0.00676639657125 -0.0514566718297 -0.0368766031689 0.0252188732133 -0.0204441205054 -0.00810697791879 -0.657596305336 -0.0648322124512 0.159406935627 0.230690208878 -0.0219682958298 -0.0134176034344 -0.0136373122884 0.314373366719 -0.0747542529677 0.0145899178343 0.0208242081995 -0.343564014867 0.283207963358 0.0208768436242 -0.0198609754008 -0.133605142904 -0.0520017400606 -0.0354746636307 0.0401305696341 -0.0235633609164 -0.0211505739238
-0.312616900607 0.011097319571 0.0313779706406 0.0192376189921 0.0130692986559 0.00197001999763 0.000655174486694 -0.338913134531 -0.0421957515609 -0.0454090562712 0.0125221483272 0.0418815844076 0.00818245416328 -0.432769948457 0.144671746698 0.0381818307222 -5.9330257723e-05 -0.00569656200301 -0.386503378873 0.0353269687539 -0.0148628573416 -0.00681609996355 -0.573121158046 0.0144631749806 -0.00272665598958 -0.301004278464 0.00161760749303 0.00586523701059
-0.284208093129 0.00257031014805 -0.00478082462087 0.00670991267942 -0.00808649159433 -0.0191162005878 -0.000147238650455 -0.317723448908 -0.0579424371913 -0.0331244602606 -0.0401453307659 0.0346420078662 0.00788684197981 -0.437655726567 0.10072822489 0.0511634489737 0.0150466102353 -0.00313582959 -0.402851918653 0.0469910437507 -0.00135248291433 -0.00122764776472 -0.610875898557 -0.0127390094891 -0.000394917588627 -0.26089140771 0.00188925291496 0.000514055321833
-0.255574191603 0.00277932305638 -0.00115281450316 0.00895155744818 -0.00489060417155 -0.00386751262549 0.000399344878255 -0.307525557179 -0.0702559091667 -0.0680193576685 -0.0232833201148 0.0197238101872 0.00593713180565 -0.499618347303 0.0942087600897 0.0397062004203 -0.0288125934845 -0.00230615089291 -0.357456167916 0.0374586749374 -0.0215299593728 -0.0024278395975 -0.534418127624 -0.00684953930729 -0.000698061381465 -0.391409097854 0.00360239529609 -0.00593151275438
-0.247070646872 0.00105170192652 -0.0108192019697 -0.00874667501975 0.0410628903567 -0.00753997523707 0.000762790305156 -0.291955711063 -0.0773752924775 -0.0534514307525 -0.0467423302781 0.0143791339647 0.00669005999559 -0.489272866611 0.0844930270437 0.0418663772128 -0.017668298251 -0.00330784016257 -0.350617889905 0.0231403210872 -0.00355773815457 -0.00152546084593 -0.536742142996 -0.0124964302131 -0.00190654527022 -0.424283176971 0.00326468534096 -0.0115875735534
-0.520649362821 0.010489176445 0.060261263633 0.00756126259667 0.00467737286046 0.0251299308096 0.00153617657227 -0.579257115406 -0.0607072781343 0.0569557007648 0.101422091868 0.0295427640148 -0.0220688676915 -0.164945346804 0.130131300626 -0.0869919813194 0.0531239259463 0.0100994390725 -0.26693094162 0.0740053614827 0.059725539085 -0.0147629465428 -0.483299096187 0.00568317169901 -0.0104885287229 -0.0339484994315 0.00485269279641 0.0176701979432
-0.6180125452 0.0222559642974 -0.0615665164553 -0.0587997362247 0.018693979154 -0.0269794459201 0.00422992422164 -0.581175851886 -0.0101243025885 0.0489521629551 0.101267319479 0.00771939291141 -0.0156187170202 -0.0432463788236 0.156249017684 -0.0830870322239 0.0181250677221 0.010977854073 -0.118079794666 0.0627479654853 0.0793654796898 0.00405581623322 -0.442494545452 0.00912275309885 -0.00403049675493 0.0649076913519 -0.0212218033361 -0.00174721532197
-0.405457267091 -0.00664859609379 -0.0318105368405 -0.0280223190663 -0.00333157554947 0.0121617498622 0.00754923682964 -0.592868102853 -0.113374449044 0.0891152218147 0.119943801112 0.0398345725972 -0.0185652500767 -0.298445447897 0.0668960659767 -0.108275793649 0.0121885266302 0.0159888127565 -0.297347002925 0.0458733908499 0.0278631874824 -0.0158613503329 -0.406629696699 0.015749854665 -0.0102533923542 -0.286336100339 -0.00299059255071 -0.00477659021431
-0.510926921783 -0.00273052837982 -0.013874379015 0.0836197769075 -0.0278719927466 0.00280172553106 -0.00680851904088 -0.62014115794 -0.136512373776 0.0465292334348 0.0267797717044 0.0217365682032 -0.0131270385787 -0.0953121814207 0.174735299847 -0.0043785057166 0.0224066015884 0.00700159677632 -0.290044637174 0.0556460592542 0.0215414402193 -0.0174684412636 -0.427423824253 -0.0108688995946 -0.00999816501571 -0.114423814259 0.00310304288054 -0.00158006032329
-0.530456671473 -0.0227670049089 0.0233175757986 0.0352385517153 0.0032727112123 0.0170389119258 0.00199629312284 -0.665863263513 -0.0166756395585 0.116412682285 0.096598336452 -0.0213325502986 -0.00727852055766 -0.197681173884 0.175995990095 -0.0293102780102 0.0662883248468 -0.00505695388426 -0.317875511934 0.12669977085 0.0358180157517 -0.0103550313783 -0.22549724362 -0.0579924408529 -0.0142016775516 0.025505166428 0.000664276813503 0.00893783373609
-0.489168460851 0.0247821449524 0.00224389381464 0.0116229910562 -0.0355922665856 -0.00153445162462 0.00865761565869 -0.58515042283 -0.0428653233647 0.0120080226829 0.106518062603 0.00935162448433 0.0143845625515 0.0456213739325 0.180920371105 -0.110011245808 -0.0235495011005 0.0185655682047 -0.49957153613 0.0335795097687 -0.00578206168241 -0.00310666287575 -0.271000379516 -0.0211386886398 -0.0312292057808 0.170764969425 -0.00250216055123 0.00220076479958
-0.500030196377 -0.0216245548221 -0.00297944259783 -0.00998900060043 0.031682873451 -0.00751518622515 0.0154216172616 -0.575420806118 -0.0444140330024 0.00674401576258 0.0870940359615 -0.0100293748642 0.0400351637293 0.0616484334276 0.215660897975 -0.122759231033 -0.0170697839236 0.00728569765656 -0.319429913752 0.0595404512464 0.00877320036749 -0.0169554601047 -0.461094117085 -0.0169188491636 -0.0264754769152 0.136342417288 -0.0355675222056 -0.0236797604575
-0.621536047967 0.0130168663202 -0.0419543037398 -0.0695288105719 0.0136761462966 -0.00774641090828 -0.0082949061732 -0.585644173747 0.00589732194027 0.00721804867652 0.0847641370633 0.00646844135856 0.0155532419255 -0.00275775228955 0.272849971223 -0.0255024887314 0.0229465307342 0.0218331671672 -0.270052211716 0.0955110724756 0.0404168966735 0.00235669250834 -0.299623590205 0.00369824916734 0.00552838575275 0.0770346261148 -0.0220304820388 -0.00651009664419
-0.456455115741 -0.00861453156356 -0.00677928467362 0.0187470853585 -0.00592976272136 -0.00483248729256 -0.00158791579435 -0.71868288004 0.10883100448 0.0840714698678 0.0387770245197 -0.00389816778647 -0.0184185149061 -0.212023282658 0.232643652325 0.0228514831096 0.0236891610573 -0.00208226557243 -0.290015644848 0.171763851502 0.0264427255804 0.00541726928492 -0.176758533861 -0.0114740000864 -0.0180770847134 -0.0849569038545 -0.0118217105862 -0.0166176851189
-0.479585935481 0.0210082827095 -0.0300937166489 0.00722013390399 0.00932362488491 0.00916538506451 -0.00135577069889 -0.695342517972 0.0973057777693 0.0677338313955 0.0394183757754 -0.00504821883452 -0.0152709504171 -0.192691201284 0.270900154113 0.0560029721409 0.0208456486311 0.00277920907444 -0.297724334231 0.142278872142 0.040083960272 -0.00284593387817 -0.171637869736 -0.0311949351155 -0.0174052636792 -0.114695616979 -0.0125840076012 -0.0203251563467
-0.5044692354 -0.0201881254805 0.00738461216171 0.0193099231324 -0.00595524437467 -0.0186708190232 -0.000563422171953 -0.702909513546 0.0808390708982 0.0798133155877 0.0489315988969 -0.00390361866877 -0.0199004318347 -0.190270277369 0.220761769851 0.0811048638088 0.0204135097959 -0.00604683161303 -0.285642025607 0.153014931909 0.0335744031995 0.000259634457685 -0.131685882653 -0.0422514126893 0.00454349541087 -0.129713839816 -0.0046543146526 -0.0200642709474
-0.484003036824 0.00852767925526 -0.000220948548413 -0.0223688322294 0.0180684079238 -0.0167460316235 0.00792526932922 -0.605315299765 0.0545941874508 0.0861181895412 0.0354083571411 0.0199763905819 -0.00863443440438 -0.323345322136 0.195169399186 0.0830116169018 0.0402976400807 -0.0104007847231 -0.33336596204 0.19616372114 0.0350749522663 0.00584007913881 -0.177864431038 -0.0684465651489 -0.0103383173895 -0.21570639023 -0.00573916106992 -0.0288772978529