-0.0013136332253 0.00236985797263 -0.00131818645401 0.0119791122015 0.011767847407 0.0343468923161 0.0250698094235 -0.0968505389198 0.109754773013 0.24620055841 0.101500553468 -0.21712195348 0.0117565674892 -0.311581241287 0.44823205102 -0.58063735586 -0.0757563879008 0.0498827236429 -0.207771474231 0.281264196887 -0.137883159716 -0.0371167417684 -0.232557658974 -0.105699100839 -0.0414590761071 -0.0640994434327 -0.0337497654346 -0.0050504189135
-0.574652596825 0.0287430530572 -0.0758454093724 -0.0421435448838 -0.0203957989617 0.038620701968 -0.000894234363752 -0.614516197551 0.053689547161 0.0617381424792 -0.0947642073401 -0.103286408471 -0.00849430893791 -0.104999125296 0.376633791514 -0.23773694165 -0.00816117133399 0.00785406684051 -0.0187660753708 0.178659237546 -0.0781988816528 -0.0138174488111 -1.9175859992e-06 -0.0578699732062 -0.0173511340473 0.0571313554722 -0.0199561832142 -0.00720965435011
-0.578146332595 -0.0258666618625 0.060088597024 0.0740396305609 0.0267912457776 -0.0281358547984 0.00866728231009 -0.656514456514 0.0307094616736 0.0772638889832 0.202029960594 -0.052022359079 -0.00108522351349 -0.0809832040265 0.153675182432 -0.323568857246 -0.0511916870445 0.0412977990524 -0.0714809486109 0.0580054780886 -0.0301034389524 -0.0190238127325 -0.102754284944 -0.0514267275202 -0.0312442155436 0.0971507432116 -0.0145349687112 0.0135895847188
-0.464864768556 0.0616219728109 -0.0612763243542 -0.156184137534 -0.0699980827096 0.022321212262 0.00479302081255 -0.484877458043 -0.054226559544 0.125526202144 0.107714513753 -0.085088223622 -0.0138489132675 -0.349894839247 0.168756948742 -0.315621072239 -0.0171832347708 0.00245747757655 -0.295903024412 0.100771598498 -0.0622883687227 -0.032014621272 -0.28099040545 -0.0244856376007 -0.0130329138356 -0.198632584632 -0.00666794989724 -0.032103205883
-0.521995826688 -0.0510801461171 0.0950112892733 0.0632946597211 0.116092553665 -0.0393525711957 0.0137351978849 -0.573947719493 -0.0558285768339 0.133243649989 0.109587375642 -0.0745948857543 -0.00497901317132 -0.27777850072 0.0899864381692 -0.332320859088 -0.0318372878048 0.0303230624898 -0.18189436093 0.154025914311 -0.0809616876067 -0.0103665033058 -0.203391998987 -0.0650689332498 -0.0190321682068 -0.145138092872 -0.0186445238426 0.0173234405428
-0.684016082251 0.0126813589859 -0.04039008809 -0.0567274680818 -0.000523520132826 0.00963302321247 -0.0069566183833 -0.646534822582 0.0212357588251 0.00406315024701 0.0459149623344 -0.021121516777 0.0048355973106 -0.0338265738293 0.252580898001 -0.155461940721 -0.0142487044857 -0.0139600729618 -0.0518144717147 0.000487913912544 -0.0555693032505 -0.00705348412208 -0.0372129754885 -0.0542083176799 -0.00347422779431 0.0758672522131 -0.00851602405661 -0.0205863286493
-0.690923864532 -0.0180608874657 -0.0111903465823 0.0521355198959 -0.0944559426581 0.0151022647371 0.00065574343593 -0.644240514654 0.0115610575829 0.0614108905187 0.00061065821263 -0.00528582154431 0.00731415946665 -0.04091907309 0.115985819233 -0.181178516972 0.0385088098096 0.0128751038953 -0.159135284047 0.0395172855515 0.0174424597337 0.000342198268147 -0.0858878305682 -0.0654004461189 -0.0338234933352 0.017856173279 -0.0367865315935 0.00318435498255
-0.638667279134 -0.000379224159734 0.0102367679563 -0.00958961302987 0.0033000068124 -0.00653303986084 0.00165035574747 -0.657694288436 -0.0137022805711 -0.0253420286509 0.0346314526554 -0.00684253283959 0.02526109336 0.0370709355972 0.0427128244545 -0.223170134659 0.0229052630087 0.0254604476705 -0.109396052818 0.174291861075 0.00181751657408 -0.0444088874902 -0.187601476592 -0.0305455941321 -0.0345174159192 0.141514985511 -0.024486704627 -0.0115309420977
-0.63447479473 -0.059316195439 -0.00827112756526 0.0844297161939 0.00443291347663 -0.0216589168861 0.00809596851951 -0.650245887656 0.00072588455496 0.0649613410439 0.0578971548444 -0.0156172988243 0.00373775404781 -0.0774008586627 0.145212271991 -0.236490872848 -0.0361552282458 0.0265113035811 -0.0793498120205 0.173717668888 -0.0239373922049 0.00729448381917 -0.176025964607 0.00289041808955 -0.0167071851177 0.0436478582549 -0.00737775416072 0.0131894717129
-0.723210934727 0.0115159908434 0.0192372828587 -0.106046988973 -0.0226178883512 0.0199926949294 0.00608428584831 -0.576160023543 -0.00171530429718 0.0252835950462 -0.0420976243042 -0.0170684289768 -0.00082293883518 -0.136392819638 0.233895770741 -0.107659269308 -0.00712147824006 0.00599554416743 0.03413124009 0.193582465741 -0.0646857027018 -0.000914381691738 -0.0189832022665 -0.0288809391517 -0.0129394369965 0.0186314711456 0.000101554704044 -0.0090308602531
-0.599520614723 0.00932116384004 -0.055880542369 0.0419470582918 -0.0308454733995 0.0209393968508 0.00115684692214 -0.740346544097 0.0602612006642 0.0973976405125 -0.0245248670254 -0.05009134488 -0.00374165124707 -0.118665362279 0.183182175762 -0.0319211401831 -0.0100520577476 0.0118048765063 -0.0508158950879 0.110863179442 -0.0354450035859 -0.0138864195185 -0.0361077297094 -0.0142918303898 -0.00211255037808 -0.0552363888266 -0.00871010268287 0.00116592808036
-0.613867150516 0.0279282692735 -0.0334598800688 -0.0243500710063 -0.0570173232837 0.03794330665 -0.0104781375804 -0.673290556767 0.0656464170901 0.0178989749511 -0.0258483180553 -0.0810686534563 -0.0116507095475 -0.208246980828 0.0793358954179 -0.12718110967 -0.0529286231908 0.00359640353066 -0.157829600142 -0.128430098101 -0.0247905378717 -0.00974969833052 -0.174573575013 -0.0426070258118 -0.0105162383128 -0.0858916324136 0.00155699598004 0.00141604054511
-0.687206788542 -0.0163840138878 0.0542666532603 0.0734616366815 0.0599694194255 -0.00296262669222 0.00129622554834 -0.644125874838 0.0220528135202 0.00494820914918 0.0404512783902 -0.0218946422939 -0.0113203568799 -0.0981923325189 0.138782112943 -0.152938124172 -0.0581239302172 0.0185496485979 -0.106235194881 -0.135472160308 0.0176156039578 0.00466874463717 -0.100432882858 -0.0247267608326 0.00381260107252 0.0283720327387 0.00386674349664 0.0189528919879
-0.613982230459 0.0273485123438 -0.0227809796849 -0.122568981868 -0.00966357740807 0.020438212012 -0.001500987567 -0.602471594041 -0.0139007421399 0.0498994857338 0.125962417124 -0.0101163066618 0.0122408109176 -0.220381218179 0.186420013859 -0.182266119848 -0.00138660861646 -0.0107068412522 -0.196485977662 0.00204142355193 -0.0435311180488 -0.00925293686283 -0.24643697727 -0.0191379926245 0.0200772016103 -0.0626138317353 0.0124422627542 -0.0402908136844
-0.547944265447 0.0250989970857 -0.0144488272724 0.0308394934426 -0.0471932174745 0.0221804362345 -0.00351032519181 -0.67705048326 -0.106065545137 -0.0360035326203 0.0521887090312 0.00300662943864 0.0408031615194 -0.199473078229 0.0304374291648 -0.199581290184 -0.0297041312831 -0.00876529577051 -0.323795084249 0.110212628888 0.0074964119185 -0.00824656828688 -0.101350535076 -0.0212799547284 0.0162760356232 -0.096556961137 -0.0215622787421 -0.0222426236419
-0.582630728953 -0.00487261672659 -0.00720131734265 -0.00566429966259 0.000509761660177 0.00202873953653 0.0115965621515 -0.611033150157 -0.0608859483526 -0.0185597695089 -0.00437276604226 -0.0118782117345 0.0199680880439 -0.186759696433 0.0851010698091 -0.191968390121 -0.0206159538375 -0.00367728503561 -0.24246294829 0.257428484401 -0.0392341304032 -0.0126403176012 -0.273413610039 -0.00394406321397 0.018032143139 0.00256377026874 -0.0266889526996 -0.0184312666498
-0.667636234187 0.0170186746741 0.0160185551475 0.108648294431 0.0897899636726 -0.00166085005029 -0.00192947293504 -0.61285920223 0.0199440440819 -0.0785047727745 0.053203349319 0.0240435878989 0.0173075714313 -0.243572194716 0.137050086132 -0.207430541144 0.00351148345737 0.0287348824245 -0.141063244134 -0.0203242348575 -0.0251598891981 -0.0185120570188 -0.0153239664271 -0.0205507152904 0.00031372247828 -0.0625792755242 -0.0103104608502 0.00583963651553
-0.496954999076 0.0151078947985 -0.0698668677954 -0.019007527236 0.0424502784985 -0.0159969631886 0.00197526979676 -0.450593049763 0.0253602176091 -0.0295698277871 -0.0370958295136 -0.0268374771325 0.0114897807625 -0.303136717568 0.263574155283 -0.113993593583 -0.010639683301 0.00400315890858 -0.422298743218 -0.151436217582 -0.00257755225184 -0.00530935052811 -0.372140963758 0.0340420166915 -0.0200473133892 -0.147085710053 -0.0147400686498 -0.0321079208622
-0.438430821043 0.028318996451 -0.0528015486342 -0.00813437936509 -0.0332586255511 0.0125215376001 -0.000820529549519 -0.519161928302 0.0806620400743 0.0851605964328 0.0140122877729 -0.0620381674214 -0.00378826365865 -0.345178167929 0.111901254214 -0.086285217026 -0.0454306335169 0.00051493031353 -0.421219661365 -0.0566840257847 -0.0207922369666 -0.00747388317436 -0.316473951369 0.0572190001824 -0.00566117737153 -0.298152478722 -0.024945888399 -0.0150321407782
-0.528029467416 -0.0343906692788 0.0525708194946 -0.0414757969999 -0.0125013185907 -0.024366317357 0.00302441732985 -0.60171258637 0.0809059418838 0.0338611636552 0.0452683933196 -0.0826129858112 -0.000413554491071 -0.125643076559 0.0098633853586 -0.165484886604 -0.0657019340922 -0.00659357729882 -0.258550557 0.0779145588675 -0.0377872013175 -0.005656065465 -0.421314230025 -0.0474291994699 -0.018121398303 -0.18390174789 -0.0125354809826 0.00812024356466
-0.487105739857 -0.0213241044622 0.0511930109559 0.0681971977972 0.0132266166717 0.00535023649561 0.00638483196831 -0.49026810304 -0.0224440982948 0.0869343556947 0.0697701935833 -0.0444468896841 0.0127365287038 -0.298212811212 0.190854199498 -0.0913527056209 -0.0198857463415 0.0246060002517 -0.37766945747 -0.0885142085195 0.00623822296207 0.0270697630927 -0.436872155694 0.0152396709673 -0.018669209889 -0.147094002734 -0.00738899566085 0.015975080804