-0.00988867560344 -0.00387488134398 0.0829955349916 -0.0290115889042 0.0433462901906 -0.00791709122186 0.00481515314578 -0.285419639898 0.0289855969368 0.270036389734 0.334914459449 0.0928312271778 -0.0136733122993 -0.0504578480673 0.0885904078442 -0.21355237849 -0.0251118507029 0.0130495092185 -0.407383904788 0.480629887362 0.115126448527 -0.0140633210414 -0.488845667634 0.0700872171303 -0.00552889351286 -0.0515989809631 -0.0141489294335 -0.00145723704109
-0.270343057037 -0.00228466621911 0.0276657700021 0.0283351545221 0.00845994826257 -0.0135032744909 -0.0211929197309 -0.290548612009 -0.0168536138449 0.0576315175997 0.0616355755024 0.0335987289672 -0.00428613496455 -0.258747359405 0.0511629963985 -0.0938359507148 0.00217603469417 0.00250843313224 -0.500169982883 0.199659112361 0.0784428190626 -0.000589179003167 -0.658484274676 0.0845133394548 -0.00405155560581 -0.125832942616 -0.00102874429504 -0.0223843852231
-0.285864895873 0.00533225389482 0.0943277320998 -0.0234787683805 0.0416734444487 0.00499387095442 0.0170937185541 -0.281332127472 -0.0362836512565 0.0550202139682 0.0589485036267 0.0310254239928 -0.000516544415225 -0.187822007417 0.0960380870588 -0.0224992434786 -0.0378333048249 0.0179974017567 -0.534314915926 0.291555442607 0.0333042409403 0.00194761492519 -0.539548034907 0.0529864113706 -0.000967778114847 -0.325146427704 0.0227171740995 -0.0170897857468
-0.468663534099 -0.0043895192791 0.0273158251183 0.0351127749153 -0.0268641725258 0.0672631649023 -0.00200252404822 -0.573117730326 0.0264400502767 0.145482517696 0.148501089591 -0.0172910558835 -0.0201108114815 0.0977763497419 0.0670039990011 -0.204461014238 -0.00885200153306 0.00452235895268 -0.224965081971 0.346625854515 0.0477218053498 -0.0169455576991 -0.410888880414 0.00294679067966 -0.00568542404821 0.0263721860589 -0.0252896666141 0.0232393015225
-0.446894119663 0.0235406180702 0.0248225608689 -0.108204323921 0.0307119117559 -0.0569092288819 0.0154000440689 -0.571195973058 0.0323268934687 0.133876574051 0.202457047643 -0.0402776110161 -0.0111934903866 0.0723844936927 0.0406111117622 -0.253243212137 -0.0467210583578 0.00948061671953 -0.321029078063 0.284104281405 0.0328735610373 -0.00742923124484 -0.36017267766 -0.0227379532903 -0.00725498307142 0.0728706484836 -0.0239479822393 0.0252349739635
-0.336367845863 -0.00512977982917 0.0487473467028 0.012408369624 -0.0313953075396 0.0105968999326 -0.00694792275016 -0.334492524319 0.00393585497224 0.0331679279115 0.00492072148816 0.023506105105 -0.000709642944329 -0.323327340218 0.102219564806 0.0178977872977 0.00832199048879 -0.00453618047191 -0.509173233375 0.0738122765641 0.043251214618 0.000257901655444 -0.591370294403 0.0415444914159 0.00111293529571 -0.190028575688 -0.00267367639361 0.00598260563754
-0.171977270342 -0.000541918291474 0.0156691857508 0.00245920779439 0.00679480799733 0.00244953846632 -0.00510631723328 -0.176217894138 -0.0111202028026 0.023512677459 0.0147766583516 0.00643892355482 -0.0047909692782 -0.520581640388 -0.00188057759769 0.0147755874748 0.00245330686646 0.000110501334066 -0.43106595918 0.0113529502101 0.000170369620503 -0.00130958408795 -0.508954436622 -0.00523237668728 -0.000330425383826 -0.469373034538 0.00326340644574 -0.038939316461
-0.215175407216 -0.00161467016577 -0.021099868588 0.00620110247569 0.00815750309398 0.00807092407781 0.00151489285446 -0.221485889996 -0.00752698124182 0.0304911986427 0.0145925660219 0.0159199631084 -0.00499521007707 -0.508280638435 0.00460618526203 0.00995748271594 0.0043955042808 -0.000560156817977 -0.450432134938 -0.00497151866941 0.0173729036437 -0.00106330170124 -0.547352607129 0.0298699872961 -0.000349180624606 -0.373480133664 0.0021178373002 -0.0293342484838
-0.360576217227 -0.00104101964971 0.0340815021728 0.00868552654669 0.0952310467057 0.0101805688156 -0.000172992218678 -0.299134450024 -0.00336625583916 0.0070085485121 0.00150794625862 0.00162503433001 -0.000327981103581 -0.171372259097 0.181041342483 0.144620305959 -0.00585892651017 0.0114422543154 -0.471909738062 0.152008139254 0.0112607505854 0.00989906068057 -0.64284128788 0.0185520710922 0.00720597732952 -0.158792911128 0.0220261624434 -0.0378293433802
-0.549918193476 -0.0227049612004 -0.00267963915313 0.0590677439087 0.0634962230054 0.0433507624216 -0.0260434166066 -0.481744925025 -0.00715868241596 0.0177903629148 0.0277178301176 0.0060391248389 -0.00557661511281 -0.0457881762557 0.0665207804087 -0.0871365178778 0.00246026502378 0.00977678799852 -0.381510042911 0.158633823185 0.0714839978548 0.00217025120091 -0.505956407145 0.0733959019931 -0.0103836301464 0.0409640277867 -0.00557217842221 0.0215912372169
-0.428986204822 -0.0080342771639 -0.0308122444292 0.0403142555357 0.0203558686314 -0.0300901739504 -5.14580507293e-05 -0.449038865577 0.00798833996737 0.0493908525167 0.0466683485686 0.0230247504348 -0.00856994198133 -0.311230389082 -0.0152509885365 -0.074959854923 0.0156400881068 0.00152708394501 -0.483358441702 0.186349655644 0.0707397746125 -0.00771272431073 -0.453501348136 0.0579643231239 -0.00113204816043 -0.135979854082 0.00357891318887 -0.0342809320464
-0.439463022372 0.0054320978742 0.0044116757253 -0.0237480345977 0.00956843083708 0.0107816622265 0.00369115867079 -0.491304887365 -0.00433312596445 0.0623505105591 0.0487279263626 0.00935557165825 -0.00722526216812 -0.334140368646 -0.0807800444202 -0.169271470144 -0.0600067511463 0.00110417691149 -0.387960619396 0.190026985736 0.0269557809693 -0.0045941716164 -0.35625298188 0.0577574646395 -0.0108662652438 -0.298364222921 0.0103394511899 0.0306122713712
-0.411724820738 -0.00592268171464 0.0570744255821 -0.00267091548068 0.0817366790773 0.0186587139936 0.00767558484842 -0.351942183797 -0.022603781979 0.0243754754172 0.0431760441088 -0.000610474694485 0.000437834787554 -0.161023603126 0.194380672199 0.125498804265 -0.0157686728031 0.00970346920034 -0.471551222817 0.0851686998971 0.00367326823471 0.00545122106753 -0.596008938492 0.0131081834689 0.00374052675068 -0.167170483219 0.0209316574641 -0.00162489252409
-0.620339905126 0.0464656061255 0.0489920832903 0.0684153997926 -0.0326409090605 0.0429534974046 0.00196161093577 -0.662271321127 -0.0194796387193 -0.0459253880615 0.131857655815 0.00825717341501 -0.0152770462752 -0.139632378051 0.029535598797 -0.173427345705 0.0529743371793 -0.0107677365561 -0.0516722779173 0.143396310364 0.0741482283679 -0.0295547518094 -0.217017942086 0.0425904921154 -0.0214027012172 -0.106508762559 -0.0160227240775 0.0173729707916
-0.496509101698 -0.0188972718769 -0.0209890449101 -0.0483170682682 0.0187812721233 0.00313307176988 -0.0100238829733 -0.684355242941 -0.0399373073407 0.0129254876094 0.165234546871 0.000916053246505 0.00368862050588 0.0580493876702 -0.0336194998872 -0.114904565687 0.000471400402279 -0.00314186376582 -0.321210884431 0.140155119474 0.00218167485672 -0.00533548842754 -0.328026771684 -0.0399040605657 -0.0116212947688 0.0487465267737 -0.0122724374861 -0.00635449650005
-0.514824336352 -0.0284038928775 -0.010575479193 0.0133205212687 0.0341191457962 0.00838794964828 0.00854096461484 -0.597026655181 -0.00376036023992 0.0579472369878 0.102829815523 -0.0113647866988 0.0179938556458 0.0355947994511 -0.0418516277651 -0.130439675279 -0.0121070815968 0.00080008714583 -0.477388726214 0.128483810847 0.0141748531027 0.0176281858847 -0.299237751375 -0.0283894898265 0.00960807655726 0.074251812355 -0.0256472052 -8.97579780087e-06
-0.550440209495 0.034281190028 0.0361050932731 -0.0683916877921 0.031779989732 -0.0403378680244 0.0110456168219 -0.677386153525 -0.00904174191013 0.0896716698386 0.127615550521 0.00309518907332 -0.000360669286069 0.082800717686 0.0692238831634 -0.140172772598 -0.0126364425554 0.0195850048756 -0.303151486284 0.131091808458 0.0509025244429 -0.00584613870243 -0.237116380801 0.00149955497635 -0.000277455958151 0.0614891040084 -0.00675443666569 0.0150441764498
-0.483901396941 -0.00527813608485 0.0241406191696 0.0332026138143 -0.000110694846254 0.0139482918558 -0.00251314170396 -0.541181682119 -0.00303209168378 0.0362955505 -0.126211217748 -0.0278701060113 -0.0180507714003 0.0619275672364 0.043529340351 -0.183172359958 -0.0200871545355 0.0100507204662 -0.354929385728 0.169118456179 0.00330685489243 0.0142548014256 -0.507117070124 0.0026961242319 0.0197702401086 0.0100154152613 -0.0122405360934 0.0172335271662
-0.608439608236 -0.0130210781278 -0.0586225651109 -0.103278105489 0.0160400968895 0.0132720861318 -0.00035522633839 -0.593202522363 -0.0041552416396 -0.0323548550219 -0.104450932294 -0.00877348709765 -0.00352206061867 0.0616737883655 0.00461909798293 -0.124825405196 -0.0377138783783 0.0130463967469 -0.27531579269 0.172320042729 -0.0032895549686 0.00925347641646 -0.35033979834 -0.00421988617342 0.0185747242405 0.0340881886234 -0.00990062880832 0.0139022553884
-0.56492752352 0.00334999353857 0.0155988959774 -0.00236592861041 0.0476219020621 -0.0143762188718 -0.00170448520443 -0.587005170966 0.00647899895939 0.0151510085926 -0.0567774710512 -0.0286229406102 -0.0149279644999 0.0535109745253 0.0458327755434 -0.171120557531 -0.0408571172411 -0.00342048334944 -0.32025894868 0.164892906194 0.00151696981678 0.00316868241285 -0.402017891513 -0.00176579909617 -0.00385824804962 0.0262581203329 -0.010681894043 0.0295265584692
-0.623200516765 -0.0133890224012 -0.00110850649789 -0.110998664557 -0.070749061452 0.00211429289684 0.0123268918059 -0.548760699582 0.000982489954998 -0.0588467325607 0.0607544204593 -0.0374748165402 0.00137513702599 -0.12649004841 -0.0329973255252 -0.293625889602 -0.0712163075437 0.0152190519408 -0.203172205658 0.0991262010327 0.0281127183563 -0.00537708958457 -0.348725320366 0.000885155461662 -0.00344191403738 -0.0434295460288 -0.00496234313011 0.0139099574411