-0.00419967151111 0.0116352119695 -0.017404706621 -0.0415202388539 0.0066129785822 -0.0337030993975 -0.0141742294045 -0.307465053106 -0.0895275144592 0.23677994783 0.437805356163 0.0737333784417 -0.0147825207694 -0.147595557253 0.168426369975 -0.348598549295 0.114662790611 -0.00210736216276 -0.262925891675 0.35946752355 0.171041286584 -0.0169509766902 -0.47250606197 0.0235217168067 -0.0156480379062 -0.060985511401 -0.00086859553028 -0.00139035990143
-0.282683518163 0.00495579661831 -0.00919624651492 -0.0096170373648 -0.00352557799537 -0.0233390060857 -0.0188766848561 -0.2911134476 0.0196403659481 0.0242396449499 0.0609598824052 0.0186571371337 -0.00294234683288 -0.245422695425 0.139325713435 0.0480512039645 0.0310872325138 -0.00654690452071 -0.302276354154 0.15788498375 0.094306470739 -0.00862064560166 -0.785594209742 0.0607653469191 -0.00280538261521 0.00829114904068 -0.00505898350244 -0.000101013469291
-0.131109960472 -0.00636776558056 -0.0673388929533 -0.00631357463076 0.0539207404632 0.00230144316372 -0.000447697661999 -0.120831915101 -0.0195927371455 0.00168310206628 0.0379038703036 0.00176350673464 0.00152884588364 -0.573401158622 0.00421932503033 0.0165738959292 0.008057057359 -0.00123140418238 -0.352341174643 -0.012327498773 -0.00066492061019 0.00259926418836 -0.491733371392 0.00445912466177 -0.000647002655729 -0.512894935052 0.00101554999433 -0.022749607625
-0.416134684665 -0.00765755274544 0.0590610490045 0.0395357442595 0.0453108031774 -0.000505974501496 -0.0138425328809 -0.694784994804 -0.15948868338 0.161021926567 0.178284315905 -0.0262527662981 -0.000161896550888 0.0018018334589 0.105087727632 -0.269428099332 0.0600843161941 0.00174761778467 -0.2155350213 0.203315537862 0.0649730956417 -0.00867616808832 -0.260821385253 -0.0257454407827 0.00594385696311 0.0599675022243 0.00756887492095 0.0345197178101
-0.421880900473 0.00692904547899 -0.0503924542066 -0.0466260690566 -0.0459450341845 -0.030457737524 0.00270429599278 -0.741103503559 -0.133182086813 0.0369237938635 0.277242861668 -0.00362070795214 0.0162597023916 0.0586441714218 0.0989914484213 -0.256177977181 0.0781945382802 0.00353811929504 0.0109617820683 0.155501654753 0.0958667637903 -0.00397202798024 -0.21893510521 -0.0401479863129 -0.0119135836976 -0.0052776055326 0.00489425017003 0.0222489497487
-0.382784679036 -0.0012211955764 -0.00809970888627 -0.00736960893088 0.0261828198946 -0.017460120456 -0.0163371658176 -0.383821616141 -0.00148116506472 0.0101396389998 0.0465153430618 0.00725334317037 -0.00737487430074 -0.292348343021 0.183739383138 0.0959790842598 0.0368058749453 0.00179925592936 -0.394654282511 0.0343386943517 0.0486467572562 -0.00621963298605 -0.641693982178 0.0321277352085 -0.00302764563565 -0.0157536386135 -0.00972612109268 0.0106404473054
-0.204498773439 0.00500975070887 0.00712200665521 -0.0423391503068 -0.00518908208769 -0.00229017640554 -0.000370644501879 -0.204014540292 -0.0182050020214 0.0329431151468 0.00534380227032 0.00832460720098 -0.000537963281516 -0.539477598593 -0.00183242882795 0.0382295498369 -0.00202285169257 0.000185871276367 -0.400277345988 -0.021646998045 0.00698585677583 -0.00135244722299 -0.491312335869 0.012917901753 -0.000108179275113 -0.466855027733 0.00256551250802 -0.0195355203749
-0.220646754957 2.54139085595e-05 -0.0293813624952 -0.0238099991403 0.0355893922883 0.00451249837612 -0.00450114916727 -0.219983171766 -0.026814668262 0.034000867516 0.0156256156127 -0.000920616184342 0.000831329482578 -0.585079171566 -0.000760885175078 0.0124922080875 0.00126662245434 0.000205898845019 -0.350202905868 -0.00730432230742 0.003568584622 0.00419346562659 -0.428525953731 0.00319464099314 -0.00192177685258 -0.498812502571 0.00274974976807 -0.0198163726776
-0.234717228651 -0.00683298676675 -0.0747592135197 0.00342044068902 0.0216408766421 -0.0044407702578 0.00153400835556 -0.22742169552 -0.0326477839145 0.00381795759449 0.0177126126262 -0.008256227603 0.0100845392497 -0.566679945977 0.0175894674411 0.0148954663508 0.0139816752114 -0.00202143928021 -0.274419389812 0.00217836717607 0.00214871673881 0.0051106017244 -0.484935147619 -0.00353229850956 0.00125749505296 -0.502675588337 1.834833212e-05 -0.0206887896393
-0.543155495148 -0.00177471813477 0.0162780911423 0.0620221085435 0.050486295897 0.00841682233945 -0.0138712050101 -0.491280149276 -0.00661079585534 -0.00439219005029 0.0272743901916 -0.00172084999967 -0.00129248675601 -0.0840967099649 0.174815193767 0.0287447366078 0.0107389142287 -0.00668452052206 -0.260245789006 0.133769399263 0.0750633079891 -0.0181994601417 -0.548163317662 0.0512854293855 -0.00472749690972 0.145853367437 -0.00290975769007 0.0355451813839
-0.475009245952 0.0244243266635 -0.0371709206694 -0.0340850715726 -0.0206475793301 -0.0234710713794 -0.00155011717468 -0.471057044188 0.0408317754201 -0.00599189289651 0.0889330198832 0.0048999287674 -0.00772043973144 -0.212252404193 0.0497192797533 0.0206260166781 0.0292882377246 -0.0123754136596 -0.119962555337 0.157816705648 0.100990644645 -0.0010094655997 -0.66109563823 0.0462630554552 -0.00233823065733 -0.027015342234 -0.00595806843192 -0.0155168255341
-0.216588680155 -0.00339193561339 -0.0354458828495 -0.0181820749815 0.0289768323104 -0.00430968144624 0.000703830610161 -0.215987486448 0.00556270047928 -0.0189240201485 0.0295545930898 0.0161617836588 -0.00126880402753 -0.555127743714 0.00899911674956 0.0189652056827 0.00258315294828 3.44700849793e-05 -0.422313712687 -0.0553468302292 -0.00111860454263 0.00114789021571 -0.450734048645 1.10156373416e-05 0.000125825941783 -0.457181472573 0.000308829467495 -0.0158466629565
-0.223327980214 -0.00526063232906 -0.0671696051876 -0.0136720721845 0.0410189875754 -0.000217486513789 0.00137628482889 -0.213633546816 -0.0141583204455 0.0161369732382 0.0357300842328 0.0062471764652 -0.00114558093384 -0.552637542685 0.00525893610755 0.00118825567578 0.00584067002311 4.47356773657e-05 -0.368880364028 -0.00522539760484 -0.00337893052507 -0.000519620613006 -0.472743565372 -0.00148319793542 -0.000299877614675 -0.480148473662 0.00331374340308 -0.0259069424842
-0.539777216062 -0.0142950999316 0.0230366883703 0.0149141976578 0.0394400366018 -0.00823470635376 -0.0154470355263 -0.596098852479 -0.0510143238908 0.0333545552655 0.0902753318369 0.0136108172942 -0.00637207953659 -0.113130997977 0.105024402864 -0.0541258726099 0.0276570010048 -0.00669131195132 -0.193875851314 0.21928492892 0.0785420426813 -0.0151972894166 -0.458943529113 0.0455770798686 -0.00536082631021 0.0672325720204 0.00699938194731 0.0380902268064
-0.514413803178 0.012379076314 0.00450234393423 0.0168900123003 -0.0478844973016 0.00999509814495 -0.00447698382651 -0.589496919287 -0.0524620555511 0.0515095478793 0.0887938903182 0.0141830387439 0.0171968293519 -0.00164793610479 0.133923761255 -0.0749876537778 -0.0218139638041 -0.0024518270313 -0.209736023292 0.149788419868 0.0450728874071 0.0105729266024 -0.515881296487 0.0292708493083 0.0158319022377 0.10498117157 0.00481293753955 0.0177720410169
-0.507709278357 -0.0128429365775 0.0142013556358 -0.002022885483 0.0259174126302 -0.00578099353435 0.00870464967226 -0.618417664813 0.0172219120495 0.0540016704858 0.106703173684 0.0218026382073 0.027039432421 -0.020569134887 0.0662468672203 -0.0410081984843 -0.00914302002207 0.00405160780682 -0.0245236735432 0.166189887784 0.0596085908685 0.00543216800175 -0.542685065045 0.0201411374317 0.0110419849752 0.0957705412958 -0.00301527589224 0.0149022644935
-0.547510801672 0.0293075658379 -0.0887146798538 0.0138453732565 -0.0245357344558 -0.012228726676 -0.00111104451479 -0.536305674009 0.0241020718626 0.0165923424576 0.0754025624225 0.0217757408605 0.0117157422764 -0.0868393120797 0.0428064599757 0.00368595104171 0.0627315389143 0.00576984177083 0.117575558955 0.195551199093 0.0707403816457 -0.0143875148922 -0.569449714017 0.0239475715125 0.00627529228977 -0.000988476928939 -0.0137264714508 -0.00865669162898
-0.569045130712 0.00373234833427 -0.00487123811384 -0.0319434321153 -0.0183763375805 -0.0297282954841 -0.00568662262503 -0.595851226654 -0.0116085983564 0.0665067300348 -0.0605766962251 -0.0240252266422 0.000433883838872 -0.163002206491 0.053718041755 -0.210380835949 0.0463333805155 0.0133422060587 -0.175271355771 -0.0223750687943 0.0236605257852 0.00216895420058 -0.444883302999 -0.0451849962667 0.0171950651966 0.0403770020708 0.00119731800879 0.017792497785
-0.534525840565 0.0106657508108 -0.0426623206479 -0.0177992357572 0.0126071776461 0.0320214597898 -0.00365346893547 -0.632660910036 -0.0290724199338 0.121712291487 0.000942103322926 -0.0792592038004 -0.0157687728679 -0.256052976106 0.0125033856848 -0.142776180892 0.0568549543281 0.0217277502694 -0.196258819981 0.0267967740671 0.0360321196541 -0.00976966946216 -0.263342014508 -0.0555515605654 0.00636438955563 -0.291913257817 0.0119826378649 0.0106055400765
-0.530376908031 0.00379514133057 0.00286193388855 -0.00965024349181 -0.00110442438809 -0.00364287756252 0.000344664245075 -0.705072168768 -0.0292377806044 0.112968419079 0.107469848301 -0.0576837703369 -0.0101971366688 -0.142595043309 0.0166116157932 -0.0843090288619 0.0660970077424 0.0228413819959 -0.271189487226 -0.0350086129566 0.00446515701069 0.0218661878927 -0.237369280994 -0.124263432452 -0.0124007353803 -0.110506532199 0.0156969606753 0.0239304055397
-0.500751068343 0.00152634655339 -0.016295103741 0.020699532031 -0.0268578439315 0.00043125483455 -0.00344099084208 -0.71862652122 -0.0592511007407 0.0895872163234 0.0801712111942 -0.0483166499322 -0.013471677612 -0.218656587287 0.0590740281114 -0.210098384975 0.0678997464246 0.0135547101457 -0.170169608944 0.148136595743 0.0409364833229 -0.00437175373497 -0.16884108197 -0.0400497997737 -0.0206132950292 -0.1640259704 0.0209298450345 0.0142443314184