-0.00404758697572 -0.0180375736379 0.0449649126701 0.0312834096832 0.0252117204532 -0.022797569141 0.0337211618267 -0.167896227534 0.0834772462295 0.223448428654 0.330794318933 -0.18119170977 0.0111186001766 -0.106558079497 -0.0623127483667 -0.366226378551 -0.0301802839125 0.0151573062128 -0.301813430093 0.567656727965 0.0183383265882 0.00782019603446 -0.449144873013 0.000507284890016 -0.00689072128153 -0.0266726564212 -0.0135719201358 -0.00150294479858
-0.503333167436 -0.0263745108904 0.0430666856866 0.116718346867 -0.0171918065516 -0.00305185480066 -0.00463921637439 -0.576234922188 0.0768802305389 0.0717431972199 0.205031984683 0.0215102176813 0.00186987739747 -0.0346027641657 -0.0332835682764 -0.286860514508 -0.00415862349551 -0.0137411352371 -0.20068771569 0.307378718747 0.0417530134195 0.00800808040818 -0.350117852368 0.00585494182582 -0.00482533292925 0.00405907788194 -0.00454811118842 0.0224728398195
-0.532576413003 -0.0269239407802 -0.00328418258123 -0.0371595583224 0.0796684783576 -0.0514226394788 0.018759799659 -0.692927095578 0.0807683644044 0.0899070144052 0.212150143633 0.0134367346907 0.00217249165414 0.0095260207576 -0.025094058541 -0.119829317497 0.0022912358587 0.0146675232816 0.15001025452 0.336181500316 0.0507932229274 0.0161590799281 -0.0173713077632 0.0205191001021 0.00624607238638 0.0987104407569 -0.0217230782561 -0.017758051164
-0.361887460101 0.0172722189697 0.0342962909912 -0.0198623738768 -0.0825081060133 0.0171697841493 0.00825171779579 -0.413987119934 0.0608379901429 0.0846417400026 0.0515914559202 -0.123672424452 -0.0162502987768 -0.128816973607 -0.0859537006896 -0.220926889862 -0.0460198786262 0.00137076272293 -0.571285939963 0.231963668621 -0.0626516482275 -0.0191055876751 -0.435717544997 -0.037459022278 -0.0167908744132 -0.092803722104 -0.00188189005792 0.000482555499045
-0.388020075963 -0.0222716964227 0.0735202370466 0.0117242699296 0.0542620435218 -0.0323990157764 0.00705289167796 -0.414859379854 0.0589667040504 0.0734249150895 0.0144285443036 -0.101371050104 -0.0151735090594 -0.145694947982 -0.0697299492836 -0.199451029336 -0.05180719059 0.0183676129914 -0.550799660619 0.226673308364 -0.0688870292425 -0.0140708594448 -0.441141786001 0.0238487921007 -0.0233306872179 -0.151393734036 -0.000442930024888 -0.0207739800233
-0.509315849947 4.49806375869e-05 0.0170279760979 0.0105398383632 0.00981812004372 -0.0449302938604 -0.0104279897233 -0.525513431836 0.0661225545714 0.0405802960327 -0.00869053654495 0.028080989744 0.0063725313412 -0.198001329461 0.0689217904611 -0.0623841191754 -0.0425334534771 -0.018043408874 -0.456536391953 0.122456384511 0.0175698588157 0.000130035707573 -0.416282684002 0.0492687958843 -0.00166290114322 -0.072841663117 0.00504074009994 0.0109886288889
-0.640668712628 -0.0318632015221 -0.0281832204179 0.0666917741491 -0.0474668093034 0.0221001806393 0.0132977926715 -0.674629288217 0.0200963747858 0.0583957226879 0.0368649912277 0.048396302065 0.00180911906924 -0.100718394788 0.0186855633649 -0.0764547229072 0.0359985245065 -0.0116565269948 -0.0847955775465 0.190123232449 0.0999693411572 0.0128035013572 -0.21437462468 0.00942980062384 0.00804363921681 0.0028178986984 0.0174276780353 -0.00613703474306
-0.5569094375 0.0255972030465 0.0141076364137 -0.0548288971657 0.009822212827 0.00711231294012 0.000765651577187 -0.67643049854 0.0370784043581 0.0674136260876 -0.0749829140002 0.0881364240235 -0.00620880232326 -0.159804240688 0.0542751717522 0.0430825787738 0.0248308364686 -0.00639771994673 -0.093246151368 0.197497586316 0.131371481215 0.0294725363944 -0.331370839757 0.0437638789512 0.00834611982099 -0.0066620423939 0.00433969496287 -0.0160723238717
-0.614915336125 -0.0094961363815 0.0268089356013 0.0632297304648 0.0674558759467 -0.0213300155239 0.00646841044674 -0.597003882085 6.92924886017e-05 0.0268726752465 0.0181814533068 0.0767899089822 0.00669942944852 -0.0422572250714 0.110067059548 0.0190777094956 -0.0256984469333 0.00913239285817 -0.269889788372 0.204321010465 0.016321714832 0.0167674693866 -0.343048889974 0.00838962333401 0.0207206119308 0.00154020304848 0.00305624922181 -0.0167304531893
-0.667651325859 0.0243167497907 0.065308734567 0.0200926319214 -0.0931693798404 0.00206014352244 -0.000676685885993 -0.564075472208 0.0241965109564 0.0325181070686 0.0533325270739 0.0494952308563 -0.00628045585831 0.00679907647006 -0.0559733832403 -0.225357481517 0.0138768101389 -0.00455714983152 -0.270212148851 0.136496004981 -0.00482355402747 -0.0120072864912 -0.260685322579 0.0141053897693 -0.017012565766 0.00879019419756 -0.00304600889473 0.0248002326281
-0.634596438823 0.0418320975732 0.0184504285376 0.0441334349575 0.101307305516 -0.0205413462918 -0.00483644554252 -0.644335542245 0.0969871956491 -0.0296328438917 0.016632904425 0.0224249545365 -0.0115721029525 -0.0272260463538 -0.0529561820418 -0.233125700864 -0.0281261530504 -0.00989873752755 -0.0245469174041 0.137033300065 -0.00434950062434 0.00484178657786 -0.277043825177 -0.00448874931694 -0.0032105466793 0.0124257303441 -0.0299370516857 0.011606762576
-0.614294918166 -0.0081846113307 -0.0151889534702 -0.0175821469698 0.0203622379233 0.0253470196877 0.00395284003182 -0.734878667057 0.0802890998063 -0.084170177669 0.0716308447579 0.000247005659918 0.000791887861216 -0.0274789946548 -0.0856398003806 -0.163487607662 -0.000818799265004 -0.00598722920436 0.106158546837 0.0873001317738 0.0181771985383 -0.00409737449846 -0.0646662336487 0.0260641972024 0.00654642835613 0.0357948779191 -0.0379640210153 -0.0231157475607
-0.721770287212 -0.00307402826567 0.0355623736867 -0.0462413348466 -0.0454282393276 -0.0650488309616 0.0128460114969 -0.643592789478 0.0617714163496 -0.00294350884645 0.0561880250307 -0.0142626413143 -0.0196172082123 0.0588215987739 -0.0440854377404 -0.0723822606164 -0.00804376363229 0.0155756053091 0.1042719063 0.109914502391 0.00634028228358 -0.00732497636539 0.022178225943 0.0328440366645 -0.0210332467734 0.104518644991 -0.0208467215506 0.00493397489979
-0.615113837874 0.0237706550949 0.0102366621855 -0.0311693329851 -0.0760972078716 0.00148637811983 0.00919051012041 -0.602865188082 0.0249988763879 0.0543609767495 0.0217110117031 -0.0501575528182 -0.0195355703395 -0.0175703180996 -0.056556454975 -0.187576981864 -0.00965809308201 -0.00118187268502 -0.330834183926 0.18367235061 -0.0212141160363 -0.0198844543651 -0.244813458857 -0.0179082324684 -0.0190632958096 -0.0128797439058 -0.0108176466166 0.000918433335674
-0.51086313368 0.0222877107342 0.0150710854842 -0.0119583799908 -0.00201377315911 0.0060381340592 0.000800866736162 -0.653877925146 -0.0259461936184 0.0553093138977 0.103150790879 -0.00884520565064 -0.0105595282045 0.00868508331998 -0.087685420138 -0.160406237776 -0.0115172046917 0.00242435948396 -0.381712313188 0.204026063347 -0.0472527342298 -0.010108696105 -0.265159080177 -0.0378548577351 -0.0152354202474 0.0189009066323 -0.0159398952913 -0.0103815821451
-0.629758429578 -0.00379228068181 0.0218094072586 -0.0165349718962 0.106865100652 -0.000567955739029 -0.00680985045118 -0.626633761074 -0.0547399874016 0.0814722964038 -0.0181103074673 -0.0138769921944 -0.0139261865349 0.0191622025807 -0.0675864575689 -0.138939140361 0.00765525064513 0.0127432491626 -0.332349737644 0.171203678854 -0.0327757746172 0.00142469898255 -0.129875460771 0.0328926072268 -0.0305553764954 -0.0502786875238 -0.00911056267352 -0.0368484399796
-0.587447203284 -0.0282218890708 0.0776873932278 0.0285542122642 -0.0281267519412 -0.027114635609 0.0121360636243 -0.54794892811 0.0130840541912 0.0443261098638 -0.0288757620054 -0.039935195252 -0.00589972775885 -0.10861662044 -0.00848516378559 -0.161822016363 -0.0413975744385 0.0170062257083 -0.29517508599 0.205478295274 -0.0633629509105 -0.00800490753855 -0.405705694603 0.0100050492883 -0.00306151870415 -0.0499040409005 0.00645910271053 -0.00336849240359
-0.343878862015 0.0297168132275 0.0910856176137 -0.0475823947909 -0.042502412915 1.81503984762e-05 -0.000708605353715 -0.316565573636 -0.0512583448833 0.0218646994401 0.0436685800061 0.00740134334392 0.0020586627725 -0.40699483962 -0.0346732330256 -0.0411893684144 -0.0176275008744 0.00295160288165 -0.521586558298 0.0273198271804 -0.0097474372367 -0.00138342178845 -0.405944180203 0.0213153581423 0.00702995447747 -0.395109911899 0.00543370492649 0.00408840657633
-0.342681462619 0.00496865780796 -0.0258102650481 -0.0291513499203 -0.000959903128871 0.0328343724523 -0.00335742234117 -0.343231279294 0.0248353579917 -0.0271040062188 0.00135674469507 -0.0130748998458 0.017249584335 -0.309228951809 -0.0885935312645 -0.118866508176 -0.0438541745067 0.0114560058056 -0.557049492447 0.0148220857677 -0.00892140249402 -0.000742484295769 -0.486893226742 0.0129450309814 -0.00578136179194 -0.304370329497 -0.0107642683666 -0.00517732934238
-0.356103365097 0.00641378340377 -0.0442911403344 0.0147528433018 0.0311685676844 -0.0242212888768 -0.00145311945252 -0.362357118802 0.029722922539 -0.00086191253775 -0.0238817895551 -0.0367166803609 0.0174276440602 -0.409083749432 -0.0517826004222 -0.0855013966056 -0.0839929079595 0.0103580691964 -0.472607772181 0.0984029983891 -3.91237291746e-05 -0.00662541297335 -0.496138303896 0.0202483714184 -0.00696099517222 -0.26477616273 -0.0208049277262 -0.0161544622468
-0.409081049324 -0.00445570214168 0.0510591420197 0.00959588958387 -0.0326643981018 0.0112630520059 0.00848795904846 -0.402569987264 0.0473156660475 0.078649389603 0.0357642499254 -0.0106861985891 0.0113778194393 -0.22786526566 -0.128360973783 -0.212645956627 -0.0160307047762 0.0331291053033 -0.507651991793 0.0952855603398 -0.0321383802115 -0.0088238947734 -0.502122506747 -0.00776512242296 -0.0110965225913 -0.145726028862 -0.00635065069819 -0.0140934464136