-0.0374465889358 -0.0804746205619 -0.166642858863 -0.0444819021302 0.108988601866 0.0533077176515 -0.0206803991167 -0.336923448666 -0.255952973553 0.234867006372 0.548457720563 0.156252199468 -0.0557687576654 -0.209352846846 0.336715983711 -0.265316351428 0.0266736283355 -0.018294565863 -0.126784652653 0.0309020437814 0.126546657036 -0.0221273503716 -0.313781898449 0.136015530597 -0.0419066695366 -0.0570509719966 -0.022742955097 -0.00607297675737
-0.343229557675 0.0297555225052 -0.0702494897778 -0.0550414102438 -0.117794348471 0.00379592291015 -0.0345407259288 -0.305597024762 -0.0125307790126 0.0677901840289 0.0755466623621 0.0383941435686 -0.0215423879342 -0.347832797503 0.337184872131 0.0823288857454 -0.0114291975782 -0.0413825338578 -0.51612225145 0.053076377305 0.0647546636299 -0.0442743979549 -0.462517050668 0.0086711157109 0.0131028899237 -0.135308398747 -0.0244422086617 -0.0272611460815
-0.458098817724 -0.0386946645613 -0.00276077650427 0.0327323441179 0.0918058672252 0.0293694053242 0.0385852364547 -0.509154331145 -0.00272098985752 0.0562768862168 0.159075558493 0.0668480827654 -0.024536977562 -0.606728164937 0.126410401314 -0.0342290862759 0.0672047967241 0.0172385195961 -0.00689599628972 -0.183144821685 0.0387653073435 -0.0157512844031 -0.155905593784 0.114119024731 -0.0457071612422 -0.122812248217 -0.00727993144924 -0.0634193562942
-0.531461441849 -0.0685739549336 -0.11914984014 0.0464983026969 0.0456689135194 0.0551878588162 0.0208367726306 -0.604721619777 -0.136901045835 0.042620192995 0.169164464583 -0.0389353905269 -0.0231645678162 0.0346866462283 0.25537465569 -0.251851714595 -0.026505838632 -0.00164059708094 -0.138204185208 0.0560875824214 0.056504426381 0.00022050467607 -0.342625165439 0.0216453730725 -0.0112370403288 -0.00273858839723 0.00114391090054 0.00421014947828
-0.526664659668 -0.0133878788435 -0.0518829048947 -0.0274051215275 -0.00149708026459 -0.0143180860604 0.00771222437817 -0.684199634707 -0.120090485244 0.0645626577225 0.235952418089 -0.0308073617018 -0.0094769719207 -0.108604539343 0.205859275308 -0.195223884906 0.0744110265034 0.00750943036668 0.013675374118 0.119398122016 0.0811375815994 -0.00182298032648 -0.217400855161 -0.013149178338 -0.0108312129361 0.0643334435454 -0.00192630131284 0.0685543024958
-0.61351178132 0.00449891197613 -0.0419459959681 -0.0761351165964 -0.145835042691 0.0021636770423 0.00837051404256 -0.380877472461 0.00138478129747 -0.00147891130856 0.00706903417147 8.56386199965e-05 0.00414300447191 -0.223540420819 0.294789099853 0.0548398577347 -0.0180870483191 -0.0424066056377 -0.430058391373 0.0719691862521 0.0221231938675 -0.0399506793492 -0.328784305963 0.0200619155508 -0.00447344804317 -0.0818062922509 -0.00787059274471 -0.00711471906031
-0.169258634009 0.000169770496281 0.0152002078506 0.00505903958397 0.00858344287778 0.00276618704672 -0.00134264954053 -0.170507661386 -0.0121574712784 -0.00492529473195 0.0075869629159 0.00552865250337 3.47030124634e-05 -0.548310512558 0.0300877688607 0.00763354816977 -0.00615756156279 -0.000182480442121 -0.566839441356 -0.0149163554978 -0.00170939100494 -0.000258614623137 -0.329459419762 0.0171333437112 0.00302269154311 -0.456195476788 0.00574753652841 -0.0388170834942
-0.191198738237 -0.00245128588994 -0.00159491998788 0.00508013643963 0.0076439620765 -0.000668915415449 0.00153669480819 -0.207965562567 -0.0182344037298 0.00585088082046 0.0498483414242 0.0132700445303 0.00899974667308 -0.649298356538 0.0083199580648 -0.00132012256906 0.00442208293578 1.68914447872e-05 -0.426272254679 0.0490951524818 0.0022226919105 -7.35355395794e-05 -0.28195863121 0.0109344253319 0.00118316104343 -0.476736787104 0.00923424812027 -0.0648231284074
-0.605960044352 -0.0444417106077 0.0046960599276 0.0844459449966 0.111798123701 0.0176404381646 0.0148495974956 -0.573102516298 -0.0167089003745 0.0167872864969 0.0978573205092 0.0064449215657 0.00456086598392 -0.359125600379 0.103331830162 0.0300804497435 0.0288060263122 0.0193434024067 -0.122166061816 -0.151549650801 0.00899088247695 0.00637431723439 -0.266828369937 0.0385834820529 -0.00504403855511 -0.126659878868 0.0404925189902 -0.0429318726615
-0.607406662227 0.020491536926 -0.0822759617921 -0.0180531452787 -0.160680823897 0.0167212264748 -0.00602961080804 -0.444089279893 -0.00789520820426 0.0290517303832 0.0229086591575 0.0147822687384 -0.0185806874795 -0.197069876609 0.265990556158 0.0488008432234 -0.0222988960438 -0.043207877138 -0.333923313817 0.00523524819631 0.0393247631946 -0.0423938831277 -0.409576379689 0.00418077374085 0.0164350385496 -0.0205277856487 -0.0229431045533 0.000532092193941
-0.443475307521 0.0142088420823 -0.00578757025343 -0.0527105649706 0.0869938497386 -0.000674351378911 -0.0026711676415 -0.556347040406 0.0188599856626 0.128212894498 0.0709891506763 0.0356458378855 -0.0231930349169 -0.334985831473 0.177596071977 0.0297902123153 0.0458709633642 -0.0136928743462 -0.376387639992 0.0124843710591 0.0773196412562 -0.0223507968828 -0.385643123042 -0.0125389654422 -0.000714590249949 -0.114510268842 -0.0367595436481 -0.0315828238265
-0.424755982637 -0.00683016833652 -0.0287215844282 -0.0215101654607 0.0246081773366 0.00146168193765 0.00845001629689 -0.464318861188 -0.0082969286157 0.0205859717982 0.0708459500527 0.0641358430046 -0.0146794310468 -0.563499522588 0.0466473807716 0.00620267042516 0.0507740278314 -0.00601326034674 -0.0840487196048 -0.2333677009 0.00692371774728 -0.00593160587592 -0.422327552238 0.0324349926388 -0.00434345735886 -0.155844256038 -0.0357005933354 -0.0563451978873
-0.668407522293 0.00963265325073 -0.0199548048204 0.00293598795698 -0.0595735055021 -0.0289768906193 0.0180233846696 -0.631946471343 -0.0182485250209 0.0198615545596 0.0173490037848 0.0134931643286 0.00470926082404 -0.239942089922 0.0945720761894 -0.0438282483708 0.0447250056043 0.0227239313961 0.198153681086 -0.127754592321 0.0308438369048 -0.0186653901446 0.0700407730107 0.0590709259844 -0.0491851568096 0.0756702884678 0.00460468501407 0.0550290387476
-0.612967365875 -0.0236175470395 -0.0859085775298 0.0239344503041 -0.0298738667365 0.0387241974444 0.017123224756 -0.602057856585 -0.0349694631011 -0.0136932135032 0.0914093018268 -0.00580692371901 -0.00719310982077 -0.053812727912 0.256905585438 -0.0883490924002 -0.0473446229705 -0.00859378014004 -0.163244220065 -0.0146355688527 0.0399495379377 0.00143778744002 -0.363082391369 0.00222335518646 0.013379482763 0.0182400192719 0.004195672801 -0.0301414232791
-0.54271468013 0.0192516453276 -0.0314387276738 0.0434273683651 -0.0717053046084 -0.00516328675923 -0.00103051767171 -0.675361843273 -0.104857847913 0.000161043074557 0.0632978674818 -0.00831036741196 0.00131611077605 -0.0781916205053 0.0882841189828 -0.200215566526 0.0152841526991 -0.00090004453711 -0.256015267685 -0.0353903765299 -0.0123979471573 0.0169634049777 -0.321814451047 0.0125181761188 0.0118896840319 0.0192307532404 0.00485561121766 0.0117364860019
-0.582665227056 -0.0365934133713 0.0162259429057 -0.0410437177404 0.0685756767353 0.0120450441059 -0.00754175201045 -0.706697509244 -0.0933168929057 -0.0528612175258 0.041329997596 -0.00864533319232 0.0130665915721 -0.0183212327522 0.0806671995585 -0.186169275847 0.0198551384294 -2.29675445699e-05 -0.188690429909 -0.0138512987438 0.0322825678033 0.0212722922471 -0.226665417746 -0.00272380102185 -0.00053486803234 0.091733696478 0.00879705089806 0.0191900417295
-0.637929139592 0.0160349132462 0.012831624349 -0.00446778625397 -0.0628952697344 -0.0193736343989 0.00795669487717 -0.671187920861 -0.0552661090217 -0.00341591605675 0.0592802724854 -0.027470126064 0.010247527535 -0.111676740654 0.0973365843215 -0.085042788092 0.048507282841 -0.00898638351313 -0.0458375262066 0.0236691582087 0.0368535339847 -0.00186430310435 -0.287402724104 0.00724144881913 -0.0022888294554 0.101168380085 -0.00567556390925 0.0414354814835
-0.736351846982 -0.00192044232219 -0.0826634312527 -0.0559672041965 0.063443508241 0.0163082179165 0.000408530780694 -0.576833544215 0.00363965337497 0.0466682396622 0.0514107456185 0.00399626597514 -0.00582150119965 0.0835772137196 0.121842086296 -0.151335803878 -0.0518726924246 -0.0047820746517 -0.113344090953 0.0580702802203 0.0330511646383 -0.00947650922438 -0.193713867226 0.0279819128389 -0.017834735514 0.0280652640682 -0.00720952416242 -0.0398830555103
-0.621657401431 -0.0299038799752 -0.010487975658 0.0500128211573 0.0213211899458 0.0193508645866 -0.00394292244881 -0.64939211292 -0.0478998613993 0.0669046824551 0.0384986240653 0.00944473816482 0.00927029789273 -0.266435960117 0.108261010432 -0.0262082545612 0.0710621470018 0.000553549435997 -0.0366445352144 0.0472579170144 0.0525337043185 -0.000342153532177 -0.210908355979 0.00898127600915 -0.00244852405363 -0.192071538305 -0.00813938807312 0.0523983675367
-0.606759066433 -0.0222490387197 0.00237767793453 0.0135831524816 0.0381375376951 -0.00161204688819 0.00714747182824 -0.687913062743 -0.00687328534398 0.0889338651286 0.0226156832455 0.00437115494247 0.00194613867728 -0.248803609865 0.124560421252 0.0154319435727 0.0721043026067 -0.00222534194896 0.0765870830669 0.0768121105568 0.0701900401775 -0.00606456934568 -0.160768945635 0.0229783093987 0.00679990092384 -0.14019385427 -0.0145968795574 0.0453523747885
-0.629718617321 -0.0260074122651 -0.0042974425182 0.0809646196165 -0.0690474621313 0.00186972170733 0.00697199073618 -0.721117139395 0.018314101728 0.0851553683536 0.0884555323908 0.0138163431848 -0.00635678805421 -0.0821735548707 0.094925062892 -0.0777996866672 0.0335633516646 0.0136026835501 -0.0134448341991 0.111986414203 0.0381041745924 -0.00980068561914 -0.122666231361 -0.00650233263129 -0.0107170005746 0.0348436989386 -0.0112502289797 0.0423102216586