-0.0449102651674 0.0842344226149 -0.169110098867 -0.10308105327 -0.135910662629 -0.0134840158279 -0.0109236091125 -0.280330707129 0.155639568395 0.0577295974924 0.607371263211 0.073906607132 -0.0350827379481 -0.0613068858054 -0.00538824960809 -0.223880482853 0.0458326053968 0.0162596575449 -0.152745041897 0.399674871767 0.115155740488 -0.000949676681256 -0.440133115246 -0.0186681253635 -0.0582881513175 -0.0179682831943 -0.027050809493 -0.00554198872411
-0.469454029336 0.0133794238556 -0.100055613195 -0.0274687701228 -0.036967188443 -0.00580091533562 0.00497961082304 -0.676909821927 -0.061556840996 0.0256234185217 0.281794967136 0.0612758395052 -0.0368434532129 -0.0298987661305 0.010531716727 -0.1127610579 0.0047753225835 0.00894327590073 0.138734938092 0.305286902753 0.0616605317649 0.00677959839642 -0.284600150758 0.0486649745955 -0.0535775229988 0.0604762337364 -0.00728582941186 -0.00229185483272
-0.307431176816 -0.0168694894765 -0.0478195383718 0.0392146294373 -0.0547934250325 0.0128659357954 -0.0103764454966 -0.496729613011 -0.186442569886 0.0901935756743 0.118561202671 0.0366425286729 -0.0118096134295 -0.252669798432 -0.0430435872026 -0.11633102827 -0.027744389424 0.0095934431031 -0.480631251077 0.235337830356 0.0269251125518 -0.0161115208212 -0.316068362296 0.0491102571874 -0.0255441531028 -0.349953630547 0.00148116187435 -0.00538296571659
-0.578941347 0.0155731697867 -0.0968976706014 -0.0197671002892 -0.0829318249641 0.0521462086819 0.0157906810682 -0.604367782153 0.0112863704416 -0.126983565711 0.120423197318 -0.0435143015549 0.00369596355868 -0.114915860431 -0.0815491141681 -0.267982126735 -0.0214239131343 0.0192410803024 -0.0117201716255 0.092023261906 0.0294648715216 0.0325985619692 -0.356707005174 -0.124392447976 -0.000650822690521 0.0244510436049 -0.0219842807249 -0.0143433563141
-0.353071468229 -0.027914522044 -0.08073287036 0.0194627670937 0.0159723299501 -0.0244212371965 -0.0055381747764 -0.41989337708 -0.0102668754238 0.0690483278866 0.181332087772 -0.0363280997644 0.0165669661088 -0.00573128749462 -0.0154158232559 -0.134471164611 0.0327643836494 0.00835594699621 -0.745256476801 -0.0411917465715 0.00199311836938 -0.0143701215954 -0.262423131271 -0.0620402647545 -0.0103124199947 0.0378097613447 -0.00786795228719 -2.68704760734e-05
-0.614481469284 -0.0111013389216 -0.0774429791136 0.0123603482587 -0.0541575851053 -0.00690233901434 0.000681873678782 -0.66655491265 -0.0723559164026 -0.00236729725106 0.114036930977 0.029421107042 -0.00437305547956 -0.0194776189209 0.0246581545726 0.0230617573634 -0.0274654865602 -0.00282642414265 -0.0753812142613 0.248451706127 0.0197694331908 -0.0141597208862 -0.27745804543 0.0374000273022 -0.00522409806436 0.00773063908286 -0.00695842999881 -0.0305231294242
-0.425613330877 0.0163938172203 0.0307303055275 0.0079143978663 0.00980207994612 0.00759088115315 -0.00103244098031 -0.616040389189 -0.135760105521 -0.0605438299682 0.0594923426222 0.0933520746501 -0.00636350422942 -0.261607750998 -0.00879052528794 -0.079325106938 -0.0456424996552 0.00151985793326 -0.400658177939 0.14797740253 0.00648110935996 -0.00862465380494 -0.266287743666 0.0466415404554 -0.0101146327142 -0.265728170273 0.00366726017949 -0.0167276935369
-0.366844253204 0.00322819208825 0.0023971198726 -0.00950446898843 0.00765617099869 -0.00924398173549 -0.00264480830563 -0.528820197616 -0.140284920314 -0.0608200083994 0.0117531778015 0.0729298862705 0.00849756705264 -0.287864267231 0.0421700791951 -0.0694407097987 -0.079017196033 -0.00698950521781 -0.400707492105 0.156198351869 -0.0197604588614 -0.00463731406735 -0.373475444642 0.0206823289182 -0.000703350986007 -0.36573382379 0.022561578577 -0.0359350851472
-0.426415865667 -0.0224907845484 -0.0312228631853 -0.00750245106467 -0.00712642310437 0.00845744175799 -0.00143665473485 -0.541895463891 -0.124500078175 -0.0351221678946 0.0553554332042 0.0727918980897 -0.00528236202824 -0.277912680055 0.0034464502215 0.0120922174395 -0.0571680509096 0.00406808001288 -0.386494932649 0.185933332493 0.0301546868903 -0.00449335137534 -0.3840673772 0.043170644187 -0.0105916601147 -0.287354361823 0.0081388229219 -0.00728637877978
-0.643746924117 0.0215020321751 -0.0329785283481 0.0589799806437 0.0100171527792 0.0315613857179 0.00485599081002 -0.557972140291 0.0242250971993 -0.0208660642924 0.0438028916351 -0.000940290791808 -0.0110709634153 0.0988784989749 0.00241905012754 -0.0994255581033 0.00863994771304 0.00732342702762 0.230818046063 0.16342887774 0.0151722221121 0.0299311118987 -0.365644462786 -0.0241385571799 -0.016708096916 0.171598820428 0.00722850281771 0.00890585455853
-0.638163472362 0.0230258680524 -0.0437692124602 -0.0456065618719 -0.019510505533 -0.0327187245647 -0.000246155071143 -0.606713756141 0.0183009865676 0.0276480436267 0.0405615846848 -0.000244614724752 -0.0153900785465 -0.208437951386 0.0322891450537 -0.0269590528757 0.0896114809628 -0.00541627789799 -0.0246392405526 0.125726893238 0.0681652681656 0.0085734648877 -0.374097020551 0.00755969401086 -0.0236998032849 -0.0164119509101 -0.00885586709172 0.019034753577
-0.481827753673 -0.00127450489427 -0.0487161156759 0.0398211526285 -0.0512510355151 -0.0110789856076 -0.00561743040778 -0.462704932374 -0.012306847557 0.00544439606679 0.0206906476656 -0.0292038160932 -0.00347900289465 -0.247282166342 0.0491291537289 -0.0346837941849 0.0387485379118 0.000461041102986 -0.57495808648 0.0218874862368 0.00988159051421 -0.00505024508499 -0.303221001123 -0.00216680449737 -0.0153802095397 -0.236073538046 -0.0104431287137 0.00778684434706
-0.492269653479 -0.0128955024874 -0.0282311621503 0.0111996336714 -0.0704435545714 0.0274993874139 -0.00602620833928 -0.489912391135 -0.0150670984201 -0.000223455514424 -0.0556081778601 -0.0477584732805 0.000646221700554 -0.251794369048 0.0287952781736 0.0184891911044 0.0449555410839 -0.00112567971532 -0.500321079749 0.0846786457192 0.0039819341854 0.00740034537446 -0.332539467295 0.0179949203109 -0.00144598528957 -0.264731261542 0.00111755855109 0.00799991541163
-0.704874330791 0.0303796224217 -0.106424252103 0.0487477260824 0.0197653924918 0.0156051921696 0.000650504855991 -0.630595586905 0.0330005511355 -0.0468154223358 0.076325843524 -0.0194692304196 -0.014916388318 -0.0408544137469 -0.0284886653704 -0.136396942957 -0.0201745835244 0.0194179657599 -0.0324914461534 0.0103928621626 0.0378640714696 0.00524880334129 -0.22660917187 -0.0535948836429 -0.00091811335963 0.0397904750978 -0.00278269378328 -0.0149551113074
-0.689204388184 0.0203571571591 0.0280297662002 -0.0322967843126 -0.104392649015 0.0123912993415 -0.00758298772388 -0.617620679345 -0.0647649533876 -0.0639708205573 0.0348569648152 -0.0139728396902 0.0257116609401 -0.0044770359999 -0.0762927725176 -0.145501956605 0.00231262557815 -0.00447287924681 0.159979350746 0.128744698212 -0.0102193242103 0.0347131034369 -0.195784388767 -0.040380861162 -0.0356100111349 0.0897748147537 -0.00405935834127 0.00329104687016
-0.439672184452 0.00361446487128 0.00761552728037 -0.00242906739497 -0.00887888192057 0.0118126015384 0.00497259384824 -0.482237460522 -0.0549154365003 0.0224569209283 -0.0170170304774 -0.00852666717035 0.0390450574616 0.00112212345202 0.0123528709557 -0.0899558937989 -0.0231246385028 -0.00330933094562 -0.643571526818 0.039386949436 -0.00289635906566 -0.00520693481712 -0.355587929562 -0.00404173779337 -0.0195867954207 0.129721182149 -0.0129881950043 0.0025947325131
-0.557665424602 -0.0233468344246 -0.085809619434 0.00972522528529 0.00152191193451 -0.0211998080286 7.48802747772e-05 -0.466667092513 -0.0218209556967 0.0794417593501 -0.0267893326782 -0.00539451845799 0.0206056208362 0.0518285238789 -0.00911664256131 -0.112221681659 0.0483198667505 0.0157058348114 -0.604504932789 -0.0164443692132 -0.000882574303383 -0.00889267673275 -0.261043583592 -0.0173103886467 -0.0119247936167 0.0459856390314 -0.0156722320209 -0.0122883603836
-0.536243067757 0.00751479405028 -0.0795694227717 0.0172289945732 0.0230430068874 -0.00260164347764 -0.0138053769 -0.526294335032 0.0480718357809 0.0164053903196 0.0929238401718 -0.0179490626683 -0.00600217483255 -0.0919150855167 0.0495204927759 -0.110577544406 -0.0381184325564 0.020631142112 -0.575386303719 -0.0767072430475 0.0284352016409 0.0129273209211 -0.224874974391 -0.0213745362084 0.0223922932493 -0.0410452085234 -0.0139348246722 -0.0113979306842
-0.43922073059 0.00352289120021 -0.0317781407568 -0.0120794619508 -0.00648707958483 -0.00506192756347 0.0103092202902 -0.579279965067 0.03049371667 -0.0333206973899 0.148969116351 -0.021154542936 -0.0120149495809 -0.217625869145 0.0568146685167 -0.0332537469309 0.0134188882899 0.00621830831388 -0.561962047696 -0.0663059337503 0.0308133309072 0.00715988290605 -0.226595225311 -0.0871952264687 0.0114658876065 -0.111130224375 -0.025598030059 -0.0125232899375
-0.460480919025 -0.0106484271086 0.0376162362355 -0.00809736028026 0.0106864316232 -0.00197929699586 -0.0147033754444 -0.582403737671 0.0248747192391 -0.0922895548817 0.104989106929 -0.0439638000298 0.0167122381061 -0.154781753642 0.00267552218073 -0.039183684435 0.0212136746965 0.000131381467749 -0.562507499309 -0.0990097171538 0.0119616741326 0.00204097615868 -0.215551928485 -0.0794777029929 0.0197374064376 -0.137423573735 0.00956063351523 0.00191566232242
-0.435860332256 0.0110946523997 -0.0166362186361 0.0170735511771 -0.0141150351449 -0.0124831260481 -0.000196623101715 -0.537930729208 0.0559752833797 -0.125793588343 0.0718704197991 -0.0419672010692 0.0219982385177 -0.216189162494 0.0415257022651 -0.0611461183631 0.000486816289779 0.0139625230016 -0.597210020804 -0.0661699840297 0.0189577849304 -0.00396637788705 -0.22479761613 -0.0586424826302 0.0105070196106 -0.158892016768 0.00947217113908 -0.00357381423751