-0.145780792607 -0.0480531721686 0.25914166785 0.251869545777 0.197205614291 0.00842069461484 -0.0153941424592 -0.0219282686425 0.070861014731 0.0642189285746 0.113602316089 0.0194367842033 -0.0537234378187 -0.361033085602 0.0660575139474 -0.579992225515 -0.184455901704 -0.0218845142729 -0.1471869417 0.268533745275 0.0224135858454 -0.00787881075987 -0.406979307844 0.107756094451 -0.0120741100215 -0.0582427633946 -0.0105285389365 -0.00435621794521
-0.516181037062 -0.00962738978056 0.0495618689355 0.236790415439 0.0892818748837 0.0127507697561 0.0189207950564 -0.38634243622 -0.0686485562825 0.0281266524182 -0.00326791871251 0.0529426149145 -0.0206575317229 -0.352130716846 0.120878721085 -0.292215970765 -0.110962743023 0.00492394626043 -0.361625106619 0.175110944223 -0.00716430075469 0.000350450794978 -0.321320222962 0.0739568258475 -0.00482736705009 -0.0380007641776 -0.00379973707768 -0.0205190302482
-0.290525425797 -0.0012093037703 0.14226751592 0.0459328065047 0.0562850205233 -0.00744035649816 -0.017261815469 -0.256981060366 -0.016208708089 0.0519765811814 0.0473769011533 0.0136879615656 0.0331264492584 -0.453963848289 0.0510187337852 -0.13604592066 -0.0976011636011 -0.00279598296123 -0.402345612966 0.0677968345519 0.0481973775153 0.00178843914959 -0.502890691721 0.0286522882125 0.00454555118234 -0.397376677522 -0.000387658649154 -0.00273083402358
-0.495951078539 0.0117893763096 0.0298865888812 0.205736091609 0.111213679393 0.074830280597 -0.00659625400347 -0.400959275154 0.0872812838455 0.047432154314 -0.0209220204147 -0.0672498536948 -0.0029146021631 -0.28333913553 0.0792760407731 -0.343937754937 -0.123018781238 -0.00736356281866 -0.453743396743 0.17472204881 -0.0419992124483 -0.0124593947019 -0.216560761805 0.0478075661717 -0.00310985347289 -0.0964740229214 -0.0113808473815 -0.00700814305524
-0.537804115474 -0.0698206990888 0.0843467665756 -0.0126884661497 -0.0741139510962 -0.0599026833007 0.0307637711497 -0.551421354568 0.11091363492 -0.00317825601247 -0.00981086480493 -0.0842360620621 -0.0821982160271 -0.0207743902486 -0.0131473556414 -0.478334796056 -0.104961808128 -0.0258966290435 0.19287460379 0.141161393767 0.0280429950855 -0.000188058770035 -0.169081295263 0.0457862308565 0.00885958758329 0.168626469246 0.00578402353897 -0.00461897705856
-0.429666178753 0.0481638904947 0.0197206669276 0.126538157765 0.0850871582407 -0.00853869677797 0.0052615822371 -0.385561478584 -0.0918915316021 -0.0651250751227 -0.0404995355374 0.0154634198942 0.00247716817917 -0.449225671836 0.00298888683744 -0.0576326551339 -0.0749906126559 0.000388845409098 -0.334337292034 0.0311211678004 0.0127000275603 0.00267337243901 -0.50239609557 0.0605717666217 -0.00372816603353 -0.21382560893 0.00547239935989 -0.0241915470507
-0.383908985626 -0.00875592103429 0.0626417039443 0.120188374899 0.0619689483108 -0.013819587622 -0.00117413607416 -0.278463542981 -0.0311914787568 0.0216355058344 0.00547858869795 0.00877294640337 0.0155014661382 -0.524839242807 0.0365961558476 0.0214714728103 -0.0158154609116 -0.00131487859818 -0.254405046315 0.00746206116707 -0.00197184325455 0.00150776120339 -0.386190057513 -0.0103106709289 -0.000186377007961 -0.509167789813 -0.00100292083932 -0.00333927570028
-0.273008506246 -0.0127213542519 0.0336761693231 0.0634575708617 0.0112139068801 -0.00341144309671 -0.00188329707279 -0.258580622234 0.0136779291909 0.0377153240033 0.0234205156169 -0.00378706869544 0.00154482083525 -0.526070154657 0.0352959402788 0.020125805014 -0.000231251172715 -0.00112370559193 -0.33793824258 0.0134521449119 0.0149850851635 -0.00285710786602 -0.508984624341 -0.0024122994437 0.00182825331636 -0.445929561573 -0.00308405048009 -0.00296953777217
-0.272245845151 -0.00396942247717 0.0721152648962 -0.0431885587069 -0.0172546280122 -0.00655575250801 -0.00661355423491 -0.348873234912 0.128804955953 0.081331307713 0.0791018775895 0.00634850697907 0.00204578902722 -0.503984002593 0.0197331171937 0.0246440521146 0.00548009524276 -0.000352262735908 -0.307284037132 0.0108905957048 0.00247856338854 0.003211080834 -0.45930462267 -0.00165837521051 0.000212312830546 -0.454539335104 -0.00540855976296 -0.00352523095299
-0.625168812935 0.0318243359169 -0.0266824413713 0.0359232925744 0.0591377301662 0.0452077384174 0.00186592777989 -0.556755197518 0.0185835852268 0.0175558373194 -0.0315496659688 -0.0128795914961 -0.0176896277949 -0.260513202441 0.0446698591781 -0.2731636596 -0.107190486102 0.00090104703684 -0.245084747905 0.123739229387 -0.0151159871269 -0.0106500438914 -0.213065575644 0.0816558074843 -0.011871248643 -0.057602130876 0.0041157100529 -0.035613101714
-0.654420932776 0.0019825970804 0.000601313195715 0.097932927812 0.022346142994 -0.0444091941671 0.00787404911175 -0.601952799858 0.00274876794677 0.0205801028739 0.033576202539 0.0319045106464 -0.0294516406083 -0.113744180935 0.110986052082 -0.224111373244 -0.0663730812452 -0.00152421294795 -0.245537738363 0.12432112067 -0.0216463251788 -0.00594665674327 -0.0908028666767 0.0385137219295 0.00321335376642 0.166432834716 -0.0129104519456 -0.00840049542325
-0.560285028673 0.0343593261106 0.0993006152661 0.0198872654373 0.0369432283536 -0.0193310682346 0.00386672311431 -0.547932647507 -0.0714886623259 0.0148321800324 -0.016266242519 0.035154981966 -0.0116917830734 -0.338507867725 0.0239489837939 -0.217268747302 -0.100393726758 0.000940730645552 -0.239483731401 0.0652748833392 0.0588984592969 -0.00618242273736 -0.310163572982 0.0262270348401 0.00138336169489 -0.175074688129 0.00593574254811 -0.0234063784438
-0.274142962873 0.0256772420412 0.123681647266 0.00253062308566 0.0118350859197 -0.0108889225935 -0.00335765148538 -0.24478595151 -0.0706023391613 -0.0244584325729 0.0204252334753 0.00259788763081 0.00246364037045 -0.449272793684 0.0112005887313 0.00372434335269 0.00278067966632 -0.00236717340231 -0.437282963275 0.00203297356012 0.0024310317759 0.000224570250321 -0.510062740836 -0.00369240445936 0.0009350166418 -0.434911849664 0.00282339182648 -0.0109449191821
-0.489996144969 -0.0312379669029 0.0135666328487 0.114833371466 0.116540260064 0.0255620260721 -0.00761930427732 -0.397721664109 0.0230284831266 0.0547502488578 0.0225122672524 -0.021934171705 0.0216511153774 -0.378102710403 0.0540454328249 -0.0619782958844 -0.0909392370001 -0.00596918385434 -0.378767549477 0.0717214288111 -0.0066387122384 -0.00409822332603 -0.453651676615 0.0490144997035 0.000516586493381 -0.228908929902 -0.00618487545431 -0.0275277981577
-0.595781656533 0.0234236194814 0.0236895613747 0.00624485930034 0.0670178965563 0.0132515063069 -0.00693379188154 -0.670788028936 0.0417894189938 0.076913062827 -0.0266951667497 -0.0468277999003 -0.0312880760569 -0.0190934733172 0.0577866970584 -0.267882170833 -0.0668721043775 -0.00936732061954 -0.224730720906 0.138632340163 -0.0530744641402 -0.0200957862459 0.0419799718018 0.0124834205026 -0.00194012328724 0.148126826424 -0.0147538335421 -0.0250648965247
-0.596651386657 0.00720386003216 0.029899510509 0.00638729341684 -0.0347065794699 -0.00343891667243 0.0091250640053 -0.579320752843 -0.0017185162288 -0.0213575519794 0.00697581113233 -0.0305464733391 -0.0308367877109 0.13414976126 -0.0050832628185 -0.251846404294 -0.00775159111242 -0.0142624526291 0.377455190911 0.0806485479599 0.0203232053845 0.00617737790246 0.099093934349 -0.0291888509512 -0.00663372117724 0.248628842148 -0.00660990950702 -0.00100427168745
-0.523216501676 0.0209338606909 0.0229518173726 0.0327701853301 -0.0377928014104 -0.0499808451144 0.0150781692098 -0.478530105697 -0.0214874596193 -0.0291516723064 0.0131993560834 0.0146723061438 -0.00880131755136 -0.201662091967 -0.0688133850993 -0.202024245624 -0.00901381508048 0.00516713942986 -0.530386348811 0.079680169492 0.00577808434057 -0.00436671252054 -0.329866617011 0.0630334898252 0.00181998470375 0.048515088301 -0.0101972669268 -0.000634685524875
-0.337913628177 -0.00664833989044 0.026300674135 0.0697387643097 0.0952318766953 -0.0002764013072 0.00416790519606 -0.275472878904 0.00720426987742 0.00140105699764 0.0149578201932 -0.00399099155045 -0.0147587177549 -0.575243599231 0.028264733215 0.0497024017568 -0.00884747266476 -0.000727896136546 -0.327344773323 0.0097552928704 0.00765324605643 -0.00164123359245 -0.334761580718 0.00423096065778 -0.000547713450697 -0.490994082989 -0.000804873871061 0.00285105972673
-0.333212418876 -0.0208033919934 0.115282605017 0.073783877358 0.0365715846375 0.0136722477309 -0.00764509483866 -0.262353278364 0.049501503876 0.0137179450521 -0.00813450860208 -0.00339317133087 0.00492604952731 -0.497456974373 0.0490233976513 0.0236757155209 2.86061297806e-05 -0.00228909934158 -0.321534742365 0.0408243245478 -0.0101450449416 -0.00319105341134 -0.482015862228 0.0105286844081 -0.00308495134363 -0.456550752034 -0.00353871981253 0.0119298771117
-0.468998694282 -0.0414347142015 0.0596451823844 0.0162840803531 0.0603775424082 -0.0101688458844 -0.0152246650312 -0.532175580489 0.101933565832 0.0684876655086 0.0897695863228 -0.00732498454511 0.024554165717 -0.218662185202 0.0690996962484 -0.181261433521 -0.0793732570674 -0.0023061729973 -0.351106180619 -0.0164224385571 -0.0257817654037 -0.0056061813338 -0.47544475311 0.0359792730374 0.00208802035066 -0.140523411834 0.000626319114557 -0.0207071986201
-0.355758038 0.0195987066577 -0.00589529937296 -0.0540350976875 -0.03202208187 -0.0187666621573 0.00659722260779 -0.433243263061 0.125182991016 0.0878468630685 0.0660117874801 0.0113915590392 -0.000938945155256 -0.295063074209 -0.00864343394267 -0.106761519519 -0.0697338409422 -0.0023587285171 -0.473980515625 0.0644397678585 -0.00274124999926 -0.00419670621423 -0.528390695855 0.0298438432898 0.00314554180182 -0.198281934752 -0.00521844322659 -0.0377088834944