-0.00761357086904 -0.0134618176025 -0.0627622859629 -0.00466773623171 0.0594551674614 -0.00719028129881 0.0234416086936 -0.166047077958 0.0432107393113 0.291567541446 0.309483508522 0.0785942930036 -0.0443254076783 -0.241895680533 0.231539227378 -0.557648124469 -0.113322483829 0.0470740758419 -0.19726575568 0.361786091655 -0.00743826780467 -0.0421214256269 -0.399177329221 -0.0148476678742 -0.054666826293 -0.0151099302673 -0.0246962098355 -0.0107718590589
-0.369141616286 -0.0653627914339 -0.147772305008 0.0161512654076 0.0359555146899 -0.00768114000945 0.00930757537303 -0.410359521806 -0.0743497807159 0.114408031547 0.132669348704 -0.00240412462606 -0.0174935379183 -0.183897709522 0.0410062913077 -0.166241255196 -0.0404242216616 0.00649125286243 -0.51180265812 0.265432217363 -0.0194171674635 -0.0027624450833 -0.446307587439 -0.0142248569506 0.00225242924053 -0.182138498718 -0.000687830535586 -0.0289012015908
-0.539764652257 0.0411168132075 0.169781593366 -0.0994326587509 0.0381205166461 0.0215323008549 -0.00507033796113 -0.603251718204 -0.0743664085274 0.0596287814141 0.201623860701 0.00958590831597 -0.034806157397 -0.13409243296 0.233040960206 -0.314026280799 -0.0618614531792 0.0542060068749 -0.0197778886671 0.024325724924 0.00653070179772 -0.0179873160557 -0.24262232527 -0.00696734196615 -0.0324137547822 -0.110403382739 0.0118907741082 0.00659873029054
-0.552056294056 0.0367126339897 -0.221781827992 0.0183502908892 -0.0347328894065 0.0419578041423 -0.00473697243845 -0.539236883469 0.0853141077954 0.112009993839 0.128614685197 -0.0329161309625 -0.00462329600799 -0.185259360805 0.134514080978 -0.333858675267 -0.0597335135685 0.00308290406815 -0.137688554204 0.273820995675 -0.0206006403771 -0.0376769413078 -0.194522831717 -0.0141551081912 -0.0279471455402 0.098918526194 -0.0289559804543 -0.021141241171
-0.536393012075 -0.0615275406333 0.211735172079 0.00040236745264 0.0409459090019 -0.0387323793865 0.0214824416074 -0.563859358365 0.120639803398 0.177773966521 0.0644903559616 -0.0312352840175 -0.00404725096985 -0.209532808793 0.0667001091553 -0.319324390379 -0.0607236102215 0.0335268909225 -0.15912499253 0.263058900737 -0.0238539265199 -0.0254161282323 -0.181300641821 -0.0176894739136 -0.0330113387939 0.0687109367396 -0.0165552814458 0.0253922816932
-0.506559220362 -0.0406252809646 -0.106232984809 0.00838164979894 0.0819260933154 -0.004167401413 0.0164402121219 -0.416885986945 -0.0522455415858 -0.0256250561393 -0.0441772462992 0.00362232021661 -0.0196751288917 -0.0994554704659 0.110795654646 -0.0329935732408 -0.0387641655978 -0.000647262661419 -0.511642858014 0.0100601988334 0.0071431729588 -0.00864372883329 -0.499917506264 0.00754367475292 -0.0075509105246 -0.0754713314561 -0.00247655620064 -0.0369121737993
-0.359948117901 -0.00754436257621 -0.00517470335342 -0.0214987358928 0.028507423773 0.00347334011516 0.0027902514308 -0.498996223046 -0.153473251842 0.0319044200673 0.0571606717566 0.0320513360916 -0.0257843899331 -0.270915435747 0.0923771907958 0.0224576884906 -0.00575293087452 0.0188715321845 -0.419182086293 0.0869926212527 -0.0124546552442 -0.0110073596386 -0.516976880174 0.00662802766295 -0.0151153480156 -0.237925026358 -0.0008502362014 0.00196377064732
-0.391408174788 -0.0336175799303 -0.0308684394899 0.0529225587091 0.010611358059 0.00468965335057 -0.00313845864767 -0.544658479612 -0.171736647793 0.0433070262712 0.0705151705783 0.0251145833548 -0.0248394159013 -0.285897589678 0.0871214337551 0.0292163357465 -0.0022982320975 0.0262860030922 -0.355839667485 0.137239269003 0.0121378489698 -0.0112682933729 -0.421881074258 0.0102504780271 -0.00963810299821 -0.30440806285 -0.00271430597238 -0.00824615691528
-0.657973364471 0.0419390320089 0.1214894334 -0.0353854875485 0.00555748427157 0.00111629756301 -0.00498874047916 -0.585525492965 -0.0271828123235 0.00623438747923 0.0671714442311 0.00653066921946 -0.0221423339905 -0.0372335982726 0.104184622166 -0.14659847141 -0.0386702331601 0.0207320463653 -0.267855258395 -0.0807857938071 0.0108193130991 -0.00913326351484 -0.292157376513 0.0136026732877 -0.0136304378075 0.0060556870657 0.0213435009637 -0.0152053316412
-0.589562922337 -0.0396497029433 -0.100803375609 0.0497135208439 0.0381378440732 -0.000199791116969 0.000564028912053 -0.453824448891 -0.00233126602508 0.00329415694061 0.0539810174843 -0.00575806458291 0.00372790755954 -0.119629981197 -0.0113205783362 -0.214634672252 -0.0336108997586 0.00483617625108 -0.437631459723 0.17923649049 -0.0134398932993 0.010090089327 -0.373377453075 -0.00940264437975 0.010462161356 -0.025476683498 -0.00116781273975 -0.0444168182181
-0.390054952208 -0.024905203338 -0.0361826123078 0.00939995539032 0.00615037654849 0.0124581934692 -0.00422485336056 -0.530526624956 -0.142097641768 0.0241779110049 0.109652990955 0.0110450928153 -0.00636522136021 -0.407072268075 0.0411745937147 -0.0414363102479 -0.0268196356717 0.0086884104018 -0.369188427913 0.106331254187 -0.0353287065896 -0.00203250601994 -0.299192864754 -0.0394805779385 0.00248939577247 -0.348107860097 0.00763492204806 -0.0107273903327
-0.495313495073 -0.0342652035167 -0.0231235971074 -0.0347570844492 0.0382927039169 0.0142522082125 -0.00100451957548 -0.591300703431 -0.125320485905 0.0445782322467 0.090057569214 0.0242981735969 -0.00871470481375 -0.375206128163 0.179872648131 -0.122046647972 -0.0398267745817 0.00550694224302 -0.111988279434 0.0136637143398 -0.0202594979054 -0.00504204183462 -0.306942217607 -0.0611880615692 0.00411295286966 -0.270095379805 0.0139142497542 -0.00650886397803
-0.770982386709 0.00618507978737 0.125061995181 0.0156448287284 0.00386385505413 -0.00833586239827 -0.00283905442152 -0.535364802971 0.00317689803371 0.00274864746583 0.0229422997677 -0.0100229179408 0.00332672206182 0.0331494053838 0.163681260621 -0.208752799181 -0.0355691368676 0.0383521036746 0.13715608416 0.0073081136998 0.0125609718243 -0.0111323745551 -0.0325255433269 -0.0121226581377 -0.0214135608162 0.0777029237382 -0.00107406472583 0.035294996889
-0.616757907489 0.0178928135542 -0.124192475722 0.0132392202867 -0.0231886250615 0.0202496292432 -0.0023153695283 -0.526885873754 0.0425391647386 0.00333414340813 0.0541700746234 0.000932237568535 0.00685473005847 -0.161099232261 -0.0744789321952 -0.213863056239 -0.0343502396711 0.0135246513435 -0.397346488282 0.186921451727 -0.0177506672096 -0.00766991208014 -0.201461899131 0.00510552927258 -0.00384877779116 0.0810047851524 -0.0132022261669 -0.0341134398277
-0.633469313606 -0.0230956507387 -0.00963630820847 -0.0621399794356 0.0140436060597 0.0127428080583 -0.00185963226013 -0.661639333509 -0.0574292201096 -0.0411307376417 0.0512950600821 0.00190921503747 0.00489174038949 -0.194241456269 0.138240967074 -0.150887680057 0.0415089391284 0.00242551048622 -0.118374001365 0.164493621224 -0.00434870716848 -0.0241287784043 -0.117766488338 -0.0444624986896 -0.029452749981 0.088441483989 -0.0300042307408 0.00270031057994
-0.575570182183 -0.0526209155675 -0.0092455028042 0.0201851291428 0.0292257649572 -0.0249864403588 -0.00392218186414 -0.69343930221 -0.0313122191211 0.0742959953024 0.0766226149917 -0.0129395920451 0.00737786453817 -0.263572958619 0.0741001307736 -0.157540707393 0.0426431585476 0.00433518713674 -0.197563918416 0.159698323325 -0.0155755979662 0.0011444627907 -0.00205929417338 -0.030390805361 -0.026302109826 0.0445921582426 -0.0210342589433 0.00803604361973
-0.706487363641 -0.0127703384545 0.130715825716 -0.00659489462263 -0.0120849991592 -0.0137595757962 0.0076747103014 -0.582608771422 0.0755943457721 0.0162979859814 0.0931929189536 -0.00559050070098 -0.00227801854176 -0.099524091891 0.00904101569287 -0.259266308942 -0.0445972537981 0.0344988247961 -0.0862110109649 0.15316197535 -0.00860266015295 -0.00159614942282 -0.095765576571 -0.0165565448117 -0.0184538619427 0.0864016563919 -0.0130016353886 0.0167716225281
-0.596992081857 -0.0183447508441 -0.0122748677102 0.110024663532 0.0453255016943 0.00754012001466 0.000391555591663 -0.456142451333 0.0324081551269 0.0344771209569 0.012557488316 0.00557231006888 0.00115342398307 -0.348564852814 -0.113408412062 -0.36201666669 -0.0363360469933 0.00207408022563 -0.283672578207 0.136793399129 0.00912083675765 -0.0226409301351 -0.220126258874 0.0145358739997 -0.0100524648408 0.0480435819748 -0.015250717469 -0.0239749312959
-0.537939913696 0.0489474236486 -0.0505007685175 -0.00967099910737 0.012538246726 0.000404400799437 0.00425512076543 -0.636511325467 0.0649192862501 0.0586911171765 -0.0196929759572 -0.0500438121481 -0.000336144912334 -0.254169608039 0.196145050237 -0.245770354963 -0.0504217080981 -0.0020425830364 -0.0946473575323 0.0225062966876 -0.00446110374863 -0.0148823511436 -0.333764735301 0.017822290428 -0.00696551403876 -0.0435429258979 -0.0175724212456 0.0026078095552
-0.522271244017 -0.0174493236503 0.00450407125842 0.034529447194 -0.032440904517 0.015489703031 0.00204182615401 -0.619350422751 0.0355337177992 0.0892411914481 -0.0282521051744 -0.0578881254401 0.00344381958919 -0.254174741798 0.151245456136 -0.141825368644 -0.0375006013584 0.00316922349649 -0.238956334826 0.0491954299039 -0.0482244096909 -0.0274817199902 -0.393495165738 -0.00281502718605 -0.0150862450272 -0.0254878400355 -0.00448416517872 0.00899479512717
-0.581837175373 0.00734133567044 0.0661936785215 -0.0338145440086 -0.0633708280735 -0.00307103691104 0.00240541409651 -0.465173874797 0.0619955103471 0.034759007348 0.0389017988837 -0.0139452550962 -0.00236659321547 -0.316842140789 -0.139363235678 -0.239866542385 -0.0599737301619 0.0208740431248 -0.278971672215 0.24066966133 -0.0160020023359 -0.0205114091361 -0.331739209559 0.0157213448129 -0.015364675998 0.0100046934016 0.00513182001767 0.0154822438446