-0.030278492652 0.0246873003145 0.00763754859744 -0.090860057655 0.218181086155 0.0144090164826 -0.003983342991 -0.233288913066 0.39648910418 0.457595980938 -0.0400949038219 -0.144272335286 -0.00185271886051 -0.17022183837 -0.0112455823917 -0.338430502352 -0.0511269033192 -0.0110500021052 -0.256532729237 0.461032838205 0.104624155155 -0.0417715457378 -0.228868184203 -0.0488827306474 -0.0666625248152 -0.0208466145218 -0.0421848901305 -0.0058000009618
-0.451927048197 -0.0186319201166 0.0516861547665 -0.0203887037663 0.0529693465769 0.00728980139425 0.0189275024091 -0.752679320085 0.0274401314783 0.165823612744 0.166089651671 0.102723049191 -0.0254171528396 -0.168320021193 -0.0422117482717 -0.118222478672 0.0137208656351 -0.00931845249772 0.204974947651 0.237424850204 0.0876407419507 -0.0238950869195 0.0585270479336 0.0108292867009 -0.0275584897396 -0.00569531098048 -0.0138295141618 0.00468491249755
-0.463769347876 -0.0194146206233 -0.00540456273957 -0.0385121120346 0.10226242291 -0.0193578884595 -0.00208081002649 -0.697521153668 0.186314453836 0.214774262523 0.148177428846 0.0194822359608 -0.0443750340442 -0.208827263895 0.0495938492543 -0.0521589173506 0.0654529790749 -0.0133450525882 -0.217027558274 0.159612405276 0.0470749284368 -0.0183163703056 -0.107905276675 -0.100956048247 -0.01312791274 -0.172940904671 -0.0146003651534 -0.000684222997418
-0.410255558751 0.0396118162944 0.0585816580845 -0.0320150833179 -0.099505865941 0.0704659681598 0.00455354671146 -0.410016806878 -0.0337874007782 0.091216869775 0.0131499921247 -0.100683050642 0.0175924323683 -0.176648948647 -0.0984857278566 -0.12394083422 -0.0519452335822 -0.00101326577341 -0.531197525467 0.154896437176 -0.034301284412 -0.00696434810486 -0.490633235388 -0.0586519064937 -0.0183948400735 -0.107308833913 -0.0138351322296 0.00466721089847
-0.311628376697 -0.0130138829874 0.0256375034358 -0.00383966682314 0.00259333020249 -0.0407613879322 -0.00442904904812 -0.362966081905 0.0225318032507 0.128933568086 0.0697583562568 -0.0627582436157 0.00129983824099 -0.0258508464249 -0.0534451433891 -0.145445006741 -0.0369099620383 -0.00423629400076 -0.614477977856 0.157398451402 -0.0442108459538 -0.0167233337745 -0.553789748416 -0.0276538501711 -0.0197934719481 0.0609160973502 -0.0126539044116 -0.0177393761638
-0.519524436249 -0.0226587802233 0.0168846175904 -0.016504869396 0.0308870574726 0.0123663106044 0.00481152060465 -0.735093623213 -0.0610055620502 0.0497944326511 0.0861431382832 0.0699339259763 0.0100360738813 -0.193707922865 -0.00294275662011 -0.119138716433 -0.00495225759288 -0.00767674506221 -0.227144924253 0.176342308212 0.0572499816282 -0.0212721117497 -0.0968998989128 0.0594243035559 0.00542305803323 -0.131781658271 0.0101210844946 0.0163690798566
-0.447194136487 -0.011794872639 0.0153702111235 -0.0177060735107 0.0159126745118 0.00626281429208 -0.0013942405981 -0.718902198821 -0.0163938990049 0.00186307387944 0.116979303573 0.0467559260959 0.00535913152547 -0.180605434825 0.022242481238 -0.144221667979 -0.0481976869224 0.00502993991047 -0.342470900542 0.221681795633 -0.00203522436523 -0.0259090977912 0.0129933534295 0.0367339060643 -0.0157297415817 -0.19904582662 -0.00528933352965 -0.0355512650534
-0.501212295516 -0.0602744528763 -0.0288479063682 0.030212691662 0.037616898559 -0.000501705739472 -0.00267958733601 -0.691840554095 0.0611321584377 0.0372706687722 0.141545566449 0.00394789015706 -0.00538873777697 -0.131065843794 0.0190690499074 -0.0770675797645 0.0112311050399 0.0164959981749 -0.389459835982 0.152221408348 0.0038461008222 -0.0136425166541 -0.0571118135039 -0.0373828481544 -0.00576112496879 -0.185570735963 -0.00864605604913 -0.00138686174179
-0.464903236613 -0.0124518289364 0.000317566663862 -0.00106833005384 0.0131571937423 0.0115887211524 0.00344165946298 -0.739626732629 0.0562454463468 0.0840749855129 0.127463140444 -0.0113711810128 -0.00751539268129 -0.127685892246 0.0966654549776 -0.0482120904311 0.0305527649857 0.00904405629268 -0.318170042931 0.186593227262 -0.0207556571381 -0.0144366779324 -0.126888850948 -0.0641599859329 -0.0197394067524 -0.152592965022 -0.00664967997146 0.00807393161357
-0.686645027775 -0.00320594983113 -0.0139318721499 0.0436022902125 -0.0707355095061 0.0457222804425 -0.00101655710466 -0.637188710917 0.0239257142125 0.0267477073239 0.013349155941 -0.00647425157729 -0.0109545817631 -0.0596217379074 -0.0343614403234 0.00417159084357 0.0424601418221 0.000202333913184 0.201380303979 0.0670223877902 0.0235986890838 0.00584262054605 -0.221226206846 -0.0844933885516 0.00417688782903 0.0563920867537 0.00285288562741 0.0142090778043
-0.662834638786 0.0471702013988 0.0124525580869 -0.00569759481979 0.0647571924634 -0.030589605957 0.0111001070355 -0.692325829517 0.00726230228748 0.0172202509199 -0.0888365713183 0.0304868642648 -0.00216122713162 -0.117122218549 -0.0535833816109 -0.0476243542995 0.0242481686718 -0.010158957717 0.0383078343351 0.0200258787067 0.00706301214573 0.0216433136919 -0.162672113099 -0.115768208392 -0.00260578457537 0.0510846846013 -0.00840392786146 -0.0029009100307
-0.650459737887 -0.00608327782067 -0.0104953294133 -0.0660391964104 -0.00549088970925 -0.00253545811546 -0.00021864195168 -0.649627443184 0.0155975609863 -0.0207766938096 0.043154998357 -0.00265051440984 -0.0123273652836 -0.213167959781 -0.127907940363 -0.0391428169695 0.0676205738073 -0.0119924545918 -0.20648724766 -0.00811412053225 -0.0294344603266 0.0250749487722 -0.160406914726 -0.084572064664 -0.0049721298139 -0.0486939320638 0.00881462051908 -0.00642037938431
-0.582867847496 -0.0150023244861 0.0166723319597 -0.0329349107008 0.0604932378407 -0.00866999139668 0.00047254290299 -0.608961055905 0.0564476737491 -0.0597275488549 0.0105503800262 -0.013891346012 -0.0407309032293 -0.306346570901 -0.0580007237864 -0.0807501651918 0.01194352103 -0.0255430237397 -0.31970493714 0.0105171317223 0.0989645458211 -0.00474266362456 -0.194306175661 -0.0567165538236 0.0119359124172 -0.130280585919 -0.0209770960542 -0.0140860639617
-0.617554533957 -0.0216471000708 0.0293907768472 -0.0117446019947 -0.0823333765958 0.0660883351 8.31043384762e-05 -0.642071516145 0.0688215281724 0.00269739076885 -0.0844637140251 -0.0694500066702 0.0157068042412 -0.248513409487 -0.0365798464592 -0.0278957421818 -0.0652229615764 0.000775162743526 -0.184004596438 0.0961123628211 -0.00760804418346 -0.00309437219477 -0.20123853061 -0.0523830081259 -0.0232211719843 -0.14635926445 -0.014461537779 0.0101532582252
-0.555440262114 -0.02125600962 -0.0187898370169 -0.0334858216792 0.0442480572044 0.0159354116906 0.00642524887205 -0.630581755876 -0.0553242638294 0.0468729487333 0.0565204354568 -0.0130250647077 0.0280018289509 0.0720599307019 -0.097640450482 -0.110786236682 -0.048148719326 -0.00593581377763 -0.342550152608 0.0805433558355 0.0014923052011 -0.00712609474347 -0.339871651633 -0.0110067077981 -0.0182116554986 0.103666097715 -0.0151608434521 -0.00953887479753
-0.556109935259 0.0396498500628 0.0144062912782 0.00692519474416 -0.0828762207548 0.0142435671227 -0.000683005247909 -0.579587235149 -0.0587696635508 0.0133455025764 0.0158845550144 -0.00568468026085 0.0079950563835 0.142385327924 -0.0730709355389 -0.143448362329 0.00947211448496 -0.00549875456255 -0.371899318297 0.119354794523 -0.0105572412697 -0.0232971006388 -0.339292922134 -0.0259765780403 -0.0239151053219 0.160956766347 -0.0118204083782 0.00282907457078
-0.506852699942 -0.0136050444877 0.0080244157875 0.0414233101268 0.0222687247779 -0.0486730275443 -0.00499314027153 -0.502607257441 -0.0280255052147 0.0502278645948 0.0488717490925 0.000580956110775 0.00583277368997 -0.0236711593913 -0.0339695139558 -0.0761983047827 -0.027573847966 -0.0124168200302 -0.508246663014 0.145999532277 -0.0420801925375 -0.0165496628423 -0.430070080152 -0.0279089233176 -0.0237283539108 0.0531059735204 -0.00420968067466 -0.0254884875337
-0.282325081473 0.0148750291686 0.0722548846698 -0.0235031153453 -0.0532249632979 0.0184214450406 0.0061056120263 -0.260756463413 -0.0245288598703 0.0260453430988 0.0312615793482 -0.0133264014749 -0.00278353617554 -0.417771332214 -0.036170629364 -0.0395749666143 -0.0120056988991 0.00440533310037 -0.527693741544 0.00434919905189 0.00476100624127 -0.00259557934 -0.519406506422 -0.0256848890033 -0.000775062340779 -0.337771489577 -0.00345822469018 0.00520656445329
-0.292041641195 -0.00210189438422 0.0361833347467 0.00943421072789 -0.0516308751136 0.00384734876061 -0.00467457434122 -0.29358992919 0.011617643967 0.055009715433 -0.00205583403265 -0.0347088452494 0.0010665640683 -0.334035255383 -0.0516475028631 -0.0489853020882 -0.0172940906506 0.00190213384942 -0.641386659843 -0.0117135110693 0.0076677740734 0.000429287132953 -0.50282486435 -0.00184508824104 -0.000656436793789 -0.196571297771 -0.00639385929539 -0.000566711542426
-0.363225383719 -0.015764759249 0.0203842439401 -0.000382865141255 0.0245990411468 -0.02292008106 -0.00862977454112 -0.389143043926 0.0325089167833 0.0378149016239 0.00436463676488 -0.0466195109262 -0.00592446577227 -0.190385740723 -0.0621202137106 -0.113893787624 -0.0647473356384 0.00337983974474 -0.605363067335 -0.0193955628388 5.40941524382e-05 -0.000362468685835 -0.524709655155 0.000300951883598 -0.000682300716177 -0.101922835795 -0.0147358537158 -0.00188130833561
-0.342961219401 -0.0107067857016 -0.0535552909018 0.00231896559692 0.0646488655651 0.00878677657356 -0.000763545740181 -0.317887607522 -0.00651299601302 0.0275290671024 0.0366853656766 -0.00799876298873 0.00438687074763 -0.363268711094 -0.043818695813 -0.0793387389949 -0.0448821969402 0.00304490589174 -0.621018864148 0.0130930736921 0.00605618724619 0.000860907598954 -0.46335969436 0.0647566911035 -0.00256426223258 -0.154911116411 -0.0166600957233 -0.0244388951817