-0.0470302524665 -0.0517435248478 0.158898266696 0.200876764998 0.109150719311 0.0548956346055 0.00461898387756 -0.132027851835 0.0195501617938 0.226492593615 0.390899845582 0.00831786027737 0.0438342157445 -0.234626153471 0.000636354037619 -0.621817232172 0.0276926945656 0.0577960404217 -0.1075162753 0.239629694869 0.0837552528848 -0.00984740411764 -0.384665055258 -0.142796959099 -0.00495622858662 -0.0188225022864 0.00039178711746 -0.00333208198536
-0.353000074996 -0.043606973827 0.0694666739595 -0.0943371995154 -0.00815122844782 0.0363588936466 0.00371542142521 -0.497119952758 0.204672056057 -0.0279784669876 -0.138878713046 0.0525967039717 0.00997782721014 -0.395090532936 0.0691402335025 -0.143466227889 0.057715377356 0.00579156622922 -0.50923160417 -0.0097125587109 0.0411483563228 0.000796000662165 -0.240177711068 -0.0141606372356 -0.00141085969458 -0.203999235187 -0.031041807482 0.00330154569582
-0.551598532438 -0.0223271817468 0.104753056804 0.0765159398073 0.0911286836791 -0.0108774316211 -0.000811586792992 -0.570212080246 0.0383750357407 0.108007311987 -0.120629003421 0.0678083162806 0.00651557153537 0.0104529751428 0.0186362742389 -0.234421693764 -0.00111558750707 0.0386509195189 0.271632388948 0.184386960427 0.0517638127301 -0.00398697916196 -0.349907859654 -0.028991621998 0.00673588529261 0.146836139786 -0.00467610376063 -0.0151651240959
-0.367128215683 -0.0338410224249 -0.0397013440371 0.038842699479 0.0270742082265 0.0519114268832 0.00536960937401 -0.665641894317 -0.00213292279305 0.0862097796579 0.302886331662 -0.0702599739512 -0.0206689126014 -0.252528146132 -0.135091981445 -0.214646793316 0.0194873684427 0.0170456141028 -0.306657589552 0.0413505504852 -0.00229490635858 -0.0188767694008 -0.164769497221 -0.0671191357227 -0.00533219857515 -0.230945397231 0.00370617039252 0.0020835496399
-0.513989112914 0.015555235468 0.120629032146 0.0701710708479 0.0163309968559 -0.011193979922 -0.00426776183577 -0.624421985699 0.00195865645032 0.0136541091502 0.252389010544 -0.0511357712852 -0.0164966926965 0.0329352996987 0.0298529614826 -0.329479971679 -0.00627849575558 0.030961680874 -0.29910692884 0.0202614999151 0.0117937915962 -0.0174170575549 -0.186658251209 -0.0678247386395 -0.0143558166314 0.129766621606 0.02248042604 -0.0128864914369
-0.497370744365 0.00905103730958 0.0466044194954 -0.110173544046 -0.0217437845138 -0.0210083687202 0.00330501680304 -0.458286463435 -0.0299013284088 0.0191761102551 -0.0317930311929 0.0539759431726 0.0147137383066 -0.470094226185 -0.0136583726417 -0.0813774400349 0.016863252529 -0.000877083789936 -0.322524493577 0.00718592361077 -0.00572017534647 0.00141084469596 -0.0905017913717 -0.0328214673041 0.0115487498252 -0.424361380002 0.0141921585238 0.000182044600266
-0.408251433575 0.00240744123436 0.0188147323566 -0.0228900388639 -0.000727364660822 0.000906768413843 -0.00103099632856 -0.493481818803 0.0199378619786 0.0462182209579 -0.0661629522007 0.0806327374982 0.0210104318469 -0.478595969487 0.0700116093991 -0.0460370665368 0.0338890920785 0.00306245139882 -0.429430867203 -0.0762008100927 0.0101181588598 -0.000645971327125 -0.125719060495 -0.00427070407834 0.00618040246928 -0.362815618742 -0.00330116726194 -0.00224571479536
-0.424238805583 0.0159483713834 -0.0255864686621 0.0484480313097 0.00782764543788 0.0218864336223 0.00247554407605 -0.547366883167 0.0903434310122 -0.00819646135553 -0.116096188766 0.0275663027991 0.00167269151696 -0.460068105421 -0.000117948950679 -0.0392672945174 0.0715723582772 0.00502304329163 -0.311292413197 0.0337043655766 -0.00669541154247 0.000757439920255 -0.172775437549 -0.027477776293 -0.0024164276659 -0.383377664189 -0.00930721908244 -0.004907574208
-0.666710367682 0.016365123737 0.092721619125 0.0271326612353 0.0533398387668 0.0110433052498 0.000620969325479 -0.613761249139 -0.0251345890252 0.033071934256 -0.0932861865347 0.000122437281303 -0.00637451586946 0.075913940109 0.0891319989264 -0.150104935042 -0.000467024491806 0.0273781360489 -0.147903844233 0.0548000567498 0.0141287680495 0.0123232668906 -0.263119598937 -0.0150537528004 -0.00156466724389 0.15368320419 0.0168134868368 -0.0132732423527
-0.430020202483 -0.0200791153545 0.0547210969095 0.0357544249071 0.0113789122688 0.0126869007568 -0.0048393021334 -0.522558039037 0.139089270286 -0.0775138310795 -0.0173821377062 -0.0298897404987 -0.00714008491986 -0.315107932103 0.0521783756255 -0.096676226922 0.0159584766652 0.00218211760658 -0.447521626437 0.02786103115 0.0522215191283 -0.000810088936382 -0.405518071915 0.0422680881135 -0.0313263830084 -0.164101963849 -0.0285379532925 0.00821989537153
-0.433695426128 0.016230127778 -0.00249182941096 -0.00307948799296 0.0276235674087 0.00556948676656 0.00849631243221 -0.586744569184 0.100134573947 0.0520693852664 -0.0790680161376 0.017157341443 -0.00520945868068 -0.235301515451 0.170840526926 -0.101987232788 0.0329898002208 0.0109407877068 -0.483954330791 -0.0286804552048 0.0244315834033 0.00352917327762 -0.337539582834 0.00743169189697 -0.00320871923634 0.00143545296662 -0.0367821840085 -0.0047301978312
-0.565194915863 -0.0264736866658 -0.00790849181768 0.0395102739952 0.00255527695073 -0.0101685414742 -0.00930117761306 -0.685750707595 0.0690701015522 0.090387984814 -0.0522835806553 0.0321692680868 -0.00257259971207 -0.193898608033 0.00659855585616 -0.123979332066 0.0113723479876 0.0132432425265 0.0513647507488 0.115308200529 0.0588844912247 -0.00233726854932 -0.329749826332 0.00931493810676 0.0218723346125 0.0800601788391 -0.0469796102994 -0.020597480843
-0.66298577323 0.0126146664742 0.0841998563427 -0.0336723213868 0.0134492416603 0.000238659835518 -0.00187082308037 -0.596367750263 0.0139362563925 0.00231511358504 0.0764673992335 0.00510332650593 -0.000549154692858 0.0901378337037 -0.0256089476439 -0.130826026241 -0.0198911743695 0.026889692279 0.320081447122 0.127524427835 0.0138911203533 -0.0104424026764 -0.154571318654 -0.00455183696336 0.0161811570018 0.140741456565 0.011482718356 0.00298179737259
-0.550137405668 -0.0365373561378 0.000737087791981 0.048717383989 0.0192016485053 0.0723229168136 0.0115832266427 -0.650402407186 0.00878760734501 0.1355823939 0.0899654849955 -0.0238334575613 -0.0137382117996 -0.182121823804 -0.0264110689245 -0.113677950727 -0.00908822889163 0.0159191327673 -0.254973224242 0.089637295644 0.0264337771893 -0.01982594712 -0.327175967348 -0.00606685898408 0.0179998649001 -0.093627106806 -0.011405728695 0.00302540838954
-0.580648989779 -0.0121440383684 -0.0412714357764 0.00100585996604 0.00687072432812 0.0124633802639 0.00455197554085 -0.631678384145 -0.0102288056365 0.0645523244964 0.0423229092353 -0.0390908918092 -0.0255052121546 -0.0548633846015 -0.144801210566 -0.187847382787 0.0175175759175 0.0193591225973 -0.134922020707 -0.0101474253972 -0.0228907718533 -0.0327185460815 -0.410501165339 -0.0209694838309 -0.00712865037679 -0.0648239555207 -0.0106304026299 -0.01867199733
-0.572463140503 0.00876080055586 0.0334030980203 -0.0274513692078 0.032015794964 -0.0135822183824 0.00240916373337 -0.648777777873 -0.0407242234544 0.029243883114 0.0697648390009 -0.0442704859391 -0.0324316686397 -0.0599972568834 -0.0939382432633 -0.194399210131 0.00249836885209 0.0390205778304 -0.238438689145 0.00983233699972 -0.0105172391336 -0.0261268554922 -0.356929039231 -0.00271596579611 -0.0154590684107 -0.0196692086746 -0.00710187367816 -0.0158298818584
-0.632805355521 0.0127437290056 0.0698737559669 0.00224539361092 0.0519929732574 -0.0108350777824 -0.00635251086492 -0.670906430935 -0.00869252782379 -0.0334290179245 -0.111617619366 -0.0187231628087 0.00932678049836 0.0847955633991 0.0281788754486 -0.180321563434 -0.0137050566916 0.0330713221745 -0.0423350626119 0.0395346282569 0.0212961312525 -0.00589764557977 -0.206849189089 -0.0211630735881 -0.00185034131648 0.195861997801 0.00814502340542 -0.0122715395206
-0.424719041947 0.00559788381028 -0.0049551013241 0.00797545535478 -0.00876378631993 0.0022536426035 0.00131115744217 -0.590208069455 -0.0517263193411 0.000230170874613 0.112077429736 -0.030182319702 -0.0074965381557 -0.374759430696 -0.062429926556 -0.21564265865 -0.00180062321365 0.00600284273806 -0.356738818452 0.0474249395378 -0.0218331273165 -0.00601573258696 -0.174671873489 -0.0416240461527 -0.000426178497666 -0.31831510983 0.0195334291284 0.00201783858948
-0.452013430318 0.0152896174755 -0.0745067941942 -0.000837816668673 -0.0209203125655 0.0291256474106 -0.00669871554277 -0.588938385459 0.0246947159051 0.0146867627499 0.150853978796 -0.0381280102863 -0.00318154267686 -0.398034011613 -0.0454927693768 -0.126641975235 0.0127579579967 0.00792700783338 -0.266137330706 -0.0107147874329 -0.00568533955612 -0.0079322481109 -0.18437752613 -0.0569617714135 -0.0120657745952 -0.36242276424 0.0107693834198 0.00417346277067
-0.493634454988 -0.0058731464467 0.0508504929077 -0.00406526383308 0.0258518901904 -0.0098473434536 0.00850986193197 -0.615562716508 -0.0253519588836 0.00249451125688 0.113842696071 -0.0686361829416 -0.0105769894618 -0.386082010872 0.0141396386227 -0.1572194431 0.0320307001379 0.0163273489686 -0.183626544926 0.00927884089177 0.0123584968751 0.000589561845783 -0.167286910545 -0.0315038070016 -0.0130990008466 -0.341866997035 0.0156879647364 0.00232140641939
-0.629967481092 0.046901275811 0.0456795896006 0.0844628534925 -0.0499741195933 0.00396457427037 -0.00133338039542 -0.585530901746 0.0179136604034 0.021230309015 0.103941975763 0.00462019835982 -0.0225031237446 0.0577697722757 0.0484384106945 -0.229759984881 -0.00441898310865 0.00181701748173 -0.344593422613 -0.0373373266548 0.00614600387253 0.00210572010836 -0.180154423517 -0.0314888670608 -0.0122507374301 0.145475233724 0.0250087699826 -0.0139017603555