-0.00467410591477 0.00143129650511 -0.0131714640424 0.0110482982727 -0.0197623056338 -0.0378427310057 -0.0340954957568 -0.00186512307275 0.00831667150245 0.0204530495052 0.0202341500732 -0.00312493933902 0.0113613527943 -0.0512788293883 0.133237462366 0.0345742060904 0.100092803508 0.00587305239473 -0.514940426101 0.644646320421 0.164163613778 0.00719555900709 -0.472782105448 0.14366797606 0.00544609380315 -0.109346304245 -0.011721062243 -0.00222664943914
-0.377654271082 -0.00623489624657 -0.0269085671062 0.0437007501709 0.00675735869149 -0.0199079299493 -0.0268043341248 -0.422024312573 0.00956394011676 0.088133143338 0.0522852922681 0.0361345413602 0.00239054532633 -0.0518108336189 0.116498289524 0.0913722809068 0.0913350887249 -0.00899501450777 -0.454295416341 0.45971382678 0.13083832239 0.00414744094203 -0.426229351823 0.102569236077 0.00783530521441 0.0478684874163 0.00348354776464 0.0330687077786
-0.296590784561 0.0157414226094 -0.0259855561903 -0.0355333439182 0.00413458936153 -0.0174937551166 0.0058822494888 -0.324240688973 0.0372567259278 0.070591010713 0.0105967022319 0.0396363612973 -0.016555379223 -0.330761294794 0.0380373546666 0.126062944346 0.0839539665551 -0.00689993149985 -0.403309703535 0.378220272991 0.142558304873 -0.00174334300122 -0.527206895894 0.0722669168556 -0.00546194633825 -0.222458083381 -0.0136818248864 -0.0572963080124
-0.421513851327 0.0563243970995 -0.00285104842856 0.0671691143212 0.0638957102677 -0.0331794231338 -0.0309394432532 -0.495235591636 -0.01264610231 -0.109394838985 -0.0992122762401 -0.0243214260569 -0.00441754137885 -0.00475044950015 0.0809529505305 -0.0210565102782 0.0969580736859 0.00371231208643 -0.328917019973 0.524711735042 0.112043437524 -0.00712436217069 -0.326534911333 0.135818752227 -0.00692538998286 -0.0347065498621 -0.0135814679967 0.0399680863175
-0.35998545669 -0.0732141043309 0.00749783326462 -0.0634951569356 -0.0654685501927 -0.0390420055341 -0.00243885718592 -0.414044419742 -0.0398048521607 -0.0900195765786 -0.0770522663429 -0.0443626084306 -0.000670608828394 0.0604487926753 0.124595518012 -0.0137187133902 0.0324504968202 0.014222259149 -0.46448002527 0.506664486444 0.112492061472 0.0280489989432 -0.327583036797 0.103702487886 0.00776376122978 -0.201976621332 -0.0140953673008 -0.0220885201661
-0.316623140313 -0.00255808216338 0.0323506954612 0.0171051517551 -0.00210726456281 -0.0309456022837 -0.017077653384 -0.303797917621 0.00971543181939 0.0222686867713 0.00828087515811 -0.00550651700173 -0.00159495217655 -0.293821562555 0.0243944263371 0.028133862265 0.104603925343 -0.00385396872073 -0.589109527545 0.161024037967 0.0747508554841 -0.00235442801108 -0.563437852857 0.0946808370731 -4.91650212101e-05 -0.0136367760637 -0.000901236797202 0.0174776079305
-0.174374750719 -0.000172842836014 -0.00158107989734 0.0107092903996 -0.000933977884715 -0.00189940615418 0.0008103692687 -0.177604200344 0.017482666451 0.00919401504719 0.0140527952808 0.00229031302856 -0.00263536290188 -0.464648201245 0.0421780198871 0.0440992182982 0.00297010677718 -0.00110122115356 -0.452618637647 0.0139157651966 -0.0180823293087 0.000516973597686 -0.548371079743 0.00913809631485 -0.000392835039674 -0.459073262028 0.00147700925694 -0.0276915675287
-0.180212995565 0.00237564508707 -0.0200374229869 -0.00951433025655 -0.00302148440552 0.001174374135 -0.000307336251742 -0.184975483557 0.0255124419337 0.02160152942 0.016030695589 -0.00100739304128 -0.00349124539927 -0.469674917875 0.0391775361569 0.0290199426022 0.00405333050962 -0.000343909271643 -0.493838606071 0.0459072723396 -0.0127243870685 -0.000824377326762 -0.50089041084 -0.00622896794398 -0.000521112610103 -0.458951469449 -0.000318054403623 -0.0266421682037
-0.18107227123 0.00340804672112 -0.0376684222065 -0.00795559949583 0.00374788129151 -0.00136435886941 -0.000713198646335 -0.184510285623 0.023127315798 0.0343066014884 0.0162690941823 -0.000779960156992 -0.000555472908322 -0.464479020768 0.0369000885077 0.0194562999389 -0.00124109629147 -0.000480003780001 -0.484751369846 0.0349800528156 0.00167984069386 0.000107897792702 -0.508626921612 0.00664027561291 -0.000141966044871 -0.465210860227 -0.000212261361372 -0.0286612267547
-0.648081126401 -0.0258651442807 0.0362507601389 0.0737792404813 0.0117105710394 -0.0122728937722 -0.013655151649 -0.560419135532 -0.00773546312666 0.0207109532725 0.0212211308932 -0.00368781322509 0.000610788153824 0.0849828363873 0.115848187871 0.13961592247 0.06091329736 -0.0119565651394 -0.182695902978 0.32369835169 0.0674782021643 -0.00734369520649 -0.193285076346 0.0559005839617 -0.0047125852238 0.153273691809 0.00360765093989 0.0793779167634
-0.513111745445 -0.00698210786093 -0.0312245825349 -0.00477469988276 0.0201015296403 0.00432165822842 0.00967246265433 -0.60239568527 -0.000678504668317 0.0912039621422 0.00480466935913 0.0416410168975 0.00233690260345 -0.0250001971273 0.0356948307141 -0.0442542519754 0.0699567478108 -0.00585844805026 -0.378352407491 0.338635743534 0.12755737342 0.00533322446405 -0.26891864686 0.0760067415581 0.0138151547946 -0.0108674753447 -0.00912591092058 0.0282032483659
-0.537487899981 -0.00248756657886 -0.0127963269693 -0.00209940506166 0.0362851412214 -0.0137935659227 -0.00434357901123 -0.63702999704 0.0204481412043 0.0743724012944 -0.00547103240201 0.0443458423803 -0.0132903143833 -0.169922726735 0.0122039065395 0.101814757763 0.0870889142752 -0.00158737633569 -0.178088700279 0.322413353878 0.139317650166 0.0132967382862 -0.295769472225 0.0749866435071 0.00172668660333 0.000670217340606 -0.00996923608488 0.0065944398473
-0.368756591077 0.0133368197885 -0.0131353750761 -0.0417638001571 0.00880325569947 -0.0164366786061 0.00652015670352 -0.372014625788 0.00979671057687 0.0382291246522 -0.00237467255752 0.0211314980548 0.0041713210187 -0.267724020852 0.138684735003 0.169673748669 0.0380386729603 -0.0055248570915 -0.492228456959 0.144618317076 0.0826352447216 -0.00692187040344 -0.539756919714 0.0536728191327 -0.00379431583492 -0.180459582183 -0.017478648859 -0.0524590427144
-0.571658824949 0.0405409572496 0.019210874584 0.0643810647481 0.0281628013337 -0.0311555018394 -0.0201364478073 -0.555878835576 0.00518479244809 -0.0360778355349 -0.035833297823 -0.0075250234317 0.0027448953723 -0.128374531181 0.0332101120175 0.00353307847255 0.111148658603 0.00486407862483 -0.293372939073 0.391185315697 0.0764130694465 -0.00415468716539 -0.249968887529 0.0965360308451 -0.0134607567474 0.062127311307 -0.000152231807809 0.0493333486692
-0.502370845137 0.00968240901378 -0.0318593590421 -0.0165730134368 0.0370882326747 0.00394749209088 -0.00604266061185 -0.773691782224 -0.0297934935149 -0.06907545211 -0.0787754441482 -0.0183920472225 -0.0031534708382 0.208564972058 0.0388226500949 -0.0263733494992 0.0307186122169 0.00672768942696 -0.0524064195379 0.259127079438 0.0949386037717 0.00301098361324 -0.0683973841073 0.0437546936193 0.00209557831895 0.00884900452283 -0.0165583625248 0.0380054656316
-0.520338881502 -0.0218333349462 0.0270081944113 -0.00966765654713 -0.045352000798 -0.0275040415338 2.64877297725e-05 -0.714362031681 -0.0610694854969 -0.0807393801296 -0.0390160536357 0.00112202867811 0.00216501187584 0.235029128538 0.0624230009213 -0.0310256948525 0.0281924809012 0.00408324014455 -0.184959886493 0.294127236845 0.0479761960701 0.0082208206649 -0.116018691712 0.0436157131423 -0.0139916209469 -0.0205108975162 -0.017022455359 0.0526910179922
-0.554163802041 -0.0501537279601 -0.00704361737852 -0.0799415623772 -0.0321603873368 -0.0260051910327 -0.00172495232082 -0.488972937263 -0.0311203692069 -0.0364546056522 -0.000744300834013 -0.00862232523579 -0.00460061654553 -0.00709884578904 0.128971096519 0.0478194054044 0.0213401115174 0.0200130034726 -0.402076044367 0.357625172491 0.0780210631074 0.0403508302476 -0.325392841105 0.0635635029394 0.0276911013482 -0.105596146523 -0.0106465189926 -0.0411195654762
-0.318830191704 -0.00171166798492 0.0331297526298 0.0176291542391 -0.0115805251947 -0.0312127610679 -0.0155805509422 -0.30491575802 0.00597877378616 0.00103938973717 0.0224124014688 -0.00649072948524 -0.00250365993953 -0.311732755899 0.0330460515556 0.0313337032629 0.104406879094 -0.00695449210324 -0.599215695299 0.0998046954677 0.0791105798684 -0.00145932930806 -0.553648371471 0.0970925774344 -0.00131894476014 -0.0184219260774 -0.00104698430956 0.0157069270007
-0.218378295634 0.00272570022349 -0.00864539361759 0.0020238765633 -0.0107665587708 0.0193112257081 0.00524629051532 -0.222981667382 0.027648508925 0.010639998375 0.0200061551861 -0.0172724988928 -0.00387782275093 -0.50209680154 0.0110999369164 0.0308202162708 -0.00465439250091 -0.000409214106793 -0.469827286882 0.00133570063975 0.011329342748 0.0014988007732 -0.497113460261 -0.00561774499036 -0.00219863274815 -0.423237582125 0.00059894540411 -0.00643482163081
-0.365744953777 -0.011151678878 0.00733263253385 -0.00338135205612 -0.0107646874634 -0.0337476130185 -0.00228215854661 -0.376462338959 0.0180486317749 -0.013653045466 0.00104116191305 -0.0433193347743 0.00484322665776 -0.218856274403 -0.030740380323 -0.097524047938 -0.0559436452366 0.000182778490747 -0.576488559946 0.162167926955 0.0630917855524 -0.00162081637238 -0.461641410546 0.0658149985314 -0.00465418602469 -0.280716712992 -0.0127593954564 -0.0104297057137
-0.206936363694 0.00274601597954 -0.0349815740995 -0.0319016617765 0.00767823237407 -0.00471462161473 -0.00220503901062 -0.204354182235 0.0149633593089 0.0186958578535 0.00142798886755 -0.0069835211065 -0.00242029415182 -0.498796730832 0.0162442129124 0.0313697009548 -0.000534081785413 0.000684801010509 -0.496286964203 0.0293184563769 0.0307682329344 -0.000775844853438 -0.503969875513 0.0314873549066 0.000464677439969 -0.397234823445 0.00115688659708 -0.0390252617405