-0.0168956140959 -0.0302482461332 -0.153988589913 -0.0194987513646 -0.00415536190808 0.0197461174687 0.0160536191191 -0.0781198730783 -0.28397450657 -0.21448425211 0.00128415754742 0.102199160781 0.000995688805421 -0.277530436917 -0.506372146949 -0.00117467013167 -0.215069733404 0.0125496956217 -0.386410737703 0.494644613913 0.149730740557 -0.0189871013158 -0.165663501817 0.0168471349229 0.0251814689306 -0.0712601422251 -0.0280710545651 -0.00158898818462
-0.218371701369 -0.00818910822961 -0.0409528679123 0.0517749562266 -0.0264765191269 0.0148414589057 0.00145974519491 -0.220516156607 -0.0205136971117 -0.0121717004683 -0.0431698334866 0.0526675728488 -0.00293234295945 -0.428907089493 -0.0438660833563 0.0502704442883 -0.0712619248309 -0.0030323609826 -0.513006923208 0.0268686780031 0.0749596443581 -0.00102253731859 -0.636766019943 -0.00851350640132 0.000468091307115 -0.156398673731 -0.00653656592858 -0.00761893641795
-0.354558383431 0.00650919834202 -0.00764576550783 -0.00337925945146 -0.0465789109542 -0.0164848887352 0.016486260061 -0.375400326972 -0.0803247865784 0.00234140851748 0.0236203365789 0.0725949845603 -0.0105277606744 -0.439084710821 -0.173760383326 0.0590386835034 -0.0593116107161 0.00900833997511 -0.54947169886 0.282928558103 0.0887316777889 -0.00456059056695 -0.221245633606 0.0423796717373 -0.00238921947396 -0.217228265239 0.0119429070353 0.0111636096486
-0.461859531386 0.0502269982184 -0.0937604657094 0.0498697282744 -0.011208370746 0.06363267039 0.00573050961481 -0.448189724231 -0.0182162021543 -0.121650847858 -0.0414011289105 -0.0519853847999 0.0217164089702 -0.0212012489754 -0.359550285388 0.0270745637684 -0.089408454317 -0.00334231288032 -0.132201074534 0.246183949958 0.0377613968359 -0.00872061313084 -0.565516714026 -0.00482054499343 0.0115759212313 0.0967028472106 -0.0202272890703 -0.00281318548937
-0.504150473691 -0.0591312283815 0.0440049701102 -0.0831269769993 -0.000343472970567 -0.0307083665106 0.0136822454176 -0.661674987189 -0.0874610798183 -0.271370622563 0.057040609053 -0.0391871480602 0.0252481341822 -0.0343068743469 -0.145255593435 -0.0510127622145 -0.0906711074014 0.0182548064374 0.00874744916238 0.292861770617 0.0633495813062 -0.00987457408584 0.280649178694 0.0107064842608 0.0243456791955 0.0682663644152 -0.0174280203111 -0.00186544351194
-0.247365063336 5.9035007952e-05 -0.0338463079317 0.0631843970193 -0.00244270712716 0.00934627666234 0.0025162438663 -0.233576839505 0.00362704248889 0.00280119846728 -0.00512281055864 0.00539130615659 -0.0119409739839 -0.558788620842 0.0309012130026 0.040161576239 0.0130525443533 0.000120769306093 -0.38009099903 0.00892409345203 0.0069180083605 0.00197141764913 -0.459994721798 0.00642927323385 0.00190979760832 -0.455555615505 -0.00330819409874 0.00552323729718
-0.238890272887 -0.00312094722763 -0.0588922056585 0.000602648460232 -0.00857214281709 0.00302522294695 -0.00130012290463 -0.239631066633 -0.0173199633272 -0.0517794371758 -0.0107037247082 -0.00199049242815 -0.000231921059971 -0.529510946935 0.0107917806678 0.0361718240601 0.0160754863548 -8.48861118049e-05 -0.414853691166 0.00784891161683 -0.00530646426247 -0.00133684321674 -0.456545131767 0.0110469276201 -0.000880569290061 -0.464691082222 -0.00320788871254 -0.00902011770301
-0.262955308151 0.00216530370947 -0.0444162878453 0.0299314398427 0.00673815657928 0.016005009467 -0.00473990344591 -0.265356249183 -0.00856711107739 -0.0407585273293 -0.0414935950991 0.012083148799 0.00178135755631 -0.533575410902 0.0266118430902 0.0377093476636 -0.00763205925008 -0.000670557920773 -0.470500253629 0.000284928239899 -0.00519664423906 -0.000759810514139 -0.438768511905 0.00662159650654 0.0021969150802 -0.39082525143 -0.00272738545501 0.00543640972404
-0.329901638693 0.00860990464346 0.0324983754206 0.0465812543236 0.00348715920969 0.00890170562228 0.00947872461961 -0.342795798288 -0.00874073022012 -0.0453399167189 -0.0783181842998 0.0131316769238 0.00529665424273 -0.322585418414 0.0253765064312 0.0483440600423 0.00724031005889 -0.00337295257411 -0.569453460025 0.0659153898943 0.01027336463 -0.00170574043177 -0.525990103284 0.0137545660761 -0.00472531195037 -0.220866677993 0.00993976214574 -0.0106526634409
-0.317574626978 -0.00842918478255 -0.0480019039648 0.0765315794731 -0.0591379893366 0.0155029901955 0.00265824745387 -0.302952821123 -0.0251409238864 -0.0306557629885 -0.0544152235563 0.0298515916102 0.0016959079147 -0.568429454275 0.0546692431254 0.0639725684019 -0.011640843264 -0.0046366008276 -0.409082855236 0.0269154825681 0.00294181514416 -0.00518954653477 -0.431241866559 0.00346108365472 -0.00267525873496 -0.324699254153 -0.00493291125941 -0.00776939312408
-0.416854436729 0.0094120678583 -0.0238277935215 -0.028963646202 -0.00017887064499 -0.00263504904741 0.00187711362358 -0.480566376539 0.00619465139991 0.0755625967082 0.00669289976673 0.0528378953619 -0.010415740943 -0.243798879045 -0.0678673392886 0.0464523027959 -0.0657118765869 -0.00390446485616 -0.429612715631 0.0199003211517 0.0794267984055 0.00336333074688 -0.567583717425 -0.00608117754007 0.00724033283813 0.0256074449253 -0.010774056724 -0.0160894250024
-0.575977328068 -0.0212704691021 -0.0051926327496 0.0238495407706 -0.00216019225784 0.00680804666979 -0.0101313457955 -0.666887171774 -0.0443686681538 0.0447086564683 0.0185700414632 0.059357648058 -0.0161717484511 -0.19099869911 -0.189099874841 0.0583812464777 -0.0645121189436 0.00774815128206 -0.244032484086 0.248753437011 0.0723794728184 -0.0106241754153 0.07656229241 0.0285959723811 -0.000469514226463 0.0217176974793 0.00742129941921 0.0188381811142
-0.467703422612 0.015552439978 0.0771822286105 -0.0684414041724 -0.0713548521013 0.00343035480178 0.00909960772807 -0.417680501099 -0.00379604152843 0.0276803162232 0.0300552572311 0.000992607210879 -0.0132602325596 -0.30016556867 -0.0282355793191 0.0801745830009 0.00263807694165 0.0125402704896 -0.461626782568 0.0798626703905 0.0186657906749 0.00773072597498 -0.483022055916 0.0152276541023 0.0103798625546 -0.193555691671 0.0173441333465 0.00880986040124
-0.485183121881 0.00330073079948 -0.0158818460991 0.0731210351832 -0.0131565095246 0.0411348483499 -0.00231768285199 -0.446541824706 -0.0240691521624 -0.0386267255226 -0.0474452349621 0.0050018205787 0.0202546769587 -0.186376858956 -0.157630934596 0.0418957713466 -0.0800068866564 -0.00788949529884 -0.442691028826 0.0905518500988 0.0794133472028 0.0107124492506 -0.521833835967 0.00332171910557 0.00558556517619 -0.0463870382967 -0.000584518163164 -0.00749415885085
-0.638173488099 -0.016903072091 -0.02384145632 0.0455900928936 0.00241084751349 0.0108585982998 -0.024616266022 -0.609086349473 -0.0514232505549 -0.0319252906024 -0.000312683775083 0.000338999003272 -0.0248433375174 0.133464417343 -0.262925913071 0.0255652396069 0.00100538036017 0.00140944191317 0.0426430513075 0.185869450278 -0.0351664343529 -0.0124391760418 -0.209951580603 -0.0193782553462 0.0173760925115 0.205668461383 -0.0350054543635 0.0129036193158
-0.621191332175 -0.020108619365 0.0327183228407 -0.05098613701 0.033470516753 0.000573424783092 0.0050511403166 -0.605284991643 0.01491772619 -0.0304809188028 -0.00845547931396 -0.0209013882838 -0.0185661503815 0.0450621384915 -0.197923431383 0.0810823373465 -0.0220946349129 0.0110732066102 -0.0111060660886 0.306145944762 -0.00358117434916 0.00415178262617 0.247205176919 -0.0306944904835 0.0198235712843 0.182026222895 -0.0487747588776 0.0173193026573
-0.531023156728 -0.00911787367311 0.0779244847324 0.0586029394738 -0.0459908203581 -0.0270579718722 0.0197250118003 -0.485278240616 0.00523461526 -0.0380768583848 0.00448629300293 -0.0114336936486 0.0130221050709 -0.177320763124 -0.171930871445 -0.0607244839407 -0.0405349310226 0.0187577592708 -0.39657522162 0.201125351097 0.0510953535911 0.000417734298599 -0.446050328705 0.0274880723772 0.0069833665129 -0.0327179150076 0.0034114662967 0.00537313338129
-0.313010304044 0.00540217630675 -0.028492307893 0.0629245547142 0.0359850532091 0.0131103836982 -0.00342004813684 -0.299804799309 -0.0142968716032 -0.0331029835991 -0.00684131073936 0.0032944637185 0.0133853418136 -0.535075841701 0.0296644553236 0.0155387388354 -0.0954064210268 -0.000210470985523 -0.52450954119 0.0261652879246 0.0102350472875 -0.00239634875803 -0.443462561735 0.0233350267878 0.00173399418047 -0.186191480335 0.00210964245731 -0.00345137996946
-0.488227033498 -0.0310498905586 -0.0223492666961 -0.0388541901728 -0.0150063002063 -0.00456096975839 -0.00592407962965 -0.588174762843 -0.051082219555 -0.146237880561 0.0048829912455 -0.00875990422554 0.0169488193392 -0.106728813806 -0.0841774442868 0.0853929586491 -0.0644100422854 0.0068936603415 -0.250083464759 0.0751222420488 0.00976336133907 -0.0143844657044 -0.53749311065 0.0101373311192 0.00528880099288 -0.0107736334056 -0.0158545244787 -0.0140847263467
-0.467434147885 -0.0545602641213 -0.101810815587 0.0500868930733 -0.0215517490457 0.0268127478361 0.00754745415572 -0.589275695189 -0.125688702092 -0.13284427593 0.0106934529033 0.0206503411038 -0.0086018536699 -0.271323170802 0.103405216483 -0.0279618228541 -0.0406060374507 0.0100257399204 -0.435419023748 0.0812784373607 0.00535107224193 0.00395187578526 -0.13518280752 0.0387870193548 -0.00462595358874 -0.281304798549 0.0213891498133 -0.0252529904885
-0.50151091744 0.0556725258537 0.0197465215658 0.0590142136289 -0.028637677802 0.0118100228694 -0.00177213488399 -0.580440446577 -0.0646865358739 -0.0575777851587 0.045322577949 0.0171318034911 -0.00708301943575 -0.135199894943 0.183199413909 -0.0877836600657 -0.00978676692285 0.0145067813698 -0.526361897239 0.0960381080429 0.00384410715807 0.00175806982014 0.20999822067 0.0248039340577 0.013254300932 -0.0390949476647 0.0292445380038 -0.0178459377758