-0.14326046535 -0.062278248388 0.22873544992 0.159247048459 0.184954819852 0.000841545270948 -0.0125629129205 -0.0296100572138 0.0689319867805 0.0799882551578 0.102856642507 -0.00961092051909 -0.0290416013986 -0.0698826856303 -0.0482962427398 0.0371782692041 -0.0696404749477 0.0175401747435 -0.430512056688 0.621063787899 0.101947982251 0.0125539625569 -0.467017404113 0.146976450788 0.0351536490445 -0.0511532470165 -0.0326910882639 -0.00369065935649
-0.259156602309 -0.0236170013522 0.0148244148821 0.0584688926849 0.0073911680422 0.00855257974066 -0.0144470030237 -0.309216714917 0.02233062345 0.0859886720303 0.0614328503271 0.0489942744386 -0.00506428772614 -0.284569476763 0.0934964055982 0.0848614568414 0.0512145140797 -0.00213595845011 -0.61861704872 0.305605573823 0.0776438990458 0.0161210121565 -0.462176550844 0.117936073361 0.0135721031856 -0.0888149293506 -0.0159008376037 -0.0289075357471
-0.58391716491 -0.0213164870264 0.205620014211 0.0535980028343 0.0806923380223 -0.0208097725539 0.0118141125153 -0.498244163302 -0.0209212978746 0.0514843535594 0.0959702084707 0.0789014453782 -0.05760118022 0.0329956235236 -0.0817892740556 0.0892415425726 -0.0749355025575 0.0257472860484 -0.0759127694591 0.468549263192 0.0636697787378 0.00512405357548 -0.274847468553 0.0742679665964 0.0152290050262 0.0583334382378 -0.012715817981 0.00243236699039
-0.470475359242 0.0720306748909 0.0155253926046 0.0795675140328 0.123624469631 0.0718200922627 -0.00518414081708 -0.428982136229 0.0573559350173 -0.0269181330204 -0.0810295253521 -0.068918399064 -0.0172117365491 -0.296024362569 -0.117668793051 -0.168316501784 -0.0505791489011 0.0148509468318 -0.317233193897 0.390928222964 0.0804873396935 0.0208699968133 -0.321195006084 0.090132933956 0.0325793545496 -0.20189378625 -0.0256863688415 0.00625339454732
-0.408278884449 -0.0217534712861 0.130952072682 0.0514839754274 0.0686313055121 -0.0480456575342 -0.00131086857142 -0.367871558446 0.0319974782411 0.0080572856109 -0.0817749953154 -0.0873169671155 0.00935006826882 -0.0387921921018 0.0358090427033 -0.00554198425573 -0.0726315889369 0.00878391078015 -0.644901940436 0.27166137652 0.0363381731997 0.0133452174381 -0.389902734634 0.0457767976166 0.0323038202026 -0.0133280223384 -0.0180729742976 0.0128019065576
-0.222196265866 -0.0132471887725 0.0620503898379 0.082270018475 -0.00273513450281 -0.0014226346308 -0.00211537385289 -0.199474874065 0.00593950691998 0.0411765355071 0.0246117561299 0.00487142373318 -0.00510206153998 -0.555831371135 -0.00674486434509 0.0427474904786 -0.000519418357913 -0.00176442577996 -0.368367033144 -0.00093578574799 0.00106160863101 0.00103371380463 -0.508673718799 -0.000882881315124 -0.00145926499979 -0.438592605405 0.00174617932647 -0.00194189866993
-0.158763023842 -0.00234170812255 0.0266654192891 0.00749808656178 0.00848153555644 0.0040382745314 -0.00248235421636 -0.162589780147 0.0129769737972 0.00668314067746 0.0389539184867 0.00635715193427 -0.00310489371596 -0.478626302713 0.0373138213675 0.0142009370124 0.00193426170943 -0.000741776962613 -0.591995486465 0.0084972641136 0.000220149223455 -0.000350635986144 -0.455840088065 0.00173477183821 -0.00131883587383 -0.394457982496 0.00236439828643 -0.0331829660432
-0.330562145572 0.000292318877287 0.0211964082703 0.0175937245001 0.050469861786 0.0132143552604 0.01553131654 -0.327664940662 -0.0150404777153 -0.0110133584353 0.0101203183495 0.0280563431923 -0.0183977271904 -0.427694834927 -0.0841684205704 0.00380544612794 -0.0416124097437 0.00613318806804 -0.456670149587 0.106956829797 0.0748210767322 0.00210937967282 -0.541874647026 0.0636988151585 0.00178366552189 -0.249234008759 -0.000654568178197 -0.029648585699
-0.509481639518 -0.000572862288122 0.0207705786754 0.0601910264835 0.0740451122967 0.00259804227756 -0.0106447916209 -0.348038117506 0.00097344250161 -0.00518470156091 0.00116346850285 0.00522967990788 -0.0238782701172 -0.315022842594 0.210366495428 0.321856429927 -0.0200795717993 -1.71579682486e-05 -0.424995833778 0.163961022467 0.0101204048084 -0.000864829317886 -0.387965255469 0.011754279324 0.00740855759775 -0.0506597634308 0.0228281722264 -0.0109591048874
-0.44658682392 -0.0475934982667 0.0315987039628 0.0642276474515 0.00895451820603 0.0197004486183 -0.00419193323998 -0.455233749151 0.00217541902455 0.0681300855904 0.0248604629152 0.0235020870711 0.0156919263335 -0.264696875234 0.0889438197755 0.129156726034 0.0285144787633 0.00783760842222 -0.487494176815 0.25539669353 0.063160662959 0.0198269920162 -0.409491090293 0.0881401418423 0.0131212875623 -0.0244468231927 -0.0187991684975 -0.00424432831864
-0.425353923899 0.0133146440497 -0.0299777698807 -0.0208740260868 0.0199335998409 -0.000211034159509 0.00242257434769 -0.57503525645 0.0191807270777 0.0697277585397 0.0686612952106 0.0306005111149 0.00569421673875 -0.107817498974 0.0819496076641 0.0700036703875 0.0361343925144 -0.00361144465336 -0.49909942805 0.298542593877 0.0549612321597 0.0176885791578 -0.311029193842 0.0959041675047 0.0165499576588 0.0497339051389 -0.0184417100639 -0.0208599722335
-0.600999522997 0.036408130922 0.0243845142345 -0.0175541248984 -0.0339686819345 -0.011752256689 -0.0123898844181 -0.644368379808 0.0403438783386 0.0439821838751 0.0578166853277 0.020818799392 -0.0217047397658 -0.108267351098 -0.0669689289948 -0.188022151481 0.0197838437492 -0.0103951178566 -0.0666032032339 0.296531468938 0.04089365701 0.0356386254634 -0.217972796219 0.0962995579139 0.00179495496933 0.084571372675 -0.023994237142 0.0148681681548
-0.68900690374 -0.00052757022861 0.0975413821718 -0.0378502982767 0.0651275145766 -0.0251631665984 -0.000763057072551 -0.511356585869 -0.00182575118792 -0.00646180692254 0.050292684803 0.0144334551313 -0.0063801006535 0.0414983520017 -0.136950402387 0.0896817187897 -0.075781065035 0.0367631643975 0.0192029942894 0.342995486795 0.018642287506 -0.00180310526044 -0.275263564745 0.0194225945366 0.0282696563626 0.116488086827 0.00374987601274 0.02505578817
-0.455367226022 0.0458905694677 0.0284288081985 0.0585337301243 0.0363395154286 0.0498920739937 -0.00490059158577 -0.435543523283 0.00222819635159 -0.0372827460558 -0.0391214848286 -0.0188472523312 -0.0206923806715 -0.427172679329 -0.000421742150309 -0.054502933526 -0.0598520256158 -0.00439755846708 -0.460765073017 0.285834055122 0.0235622176124 0.0236192109346 -0.258894492667 0.0592014393457 0.0276755254164 -0.182614784416 -0.0155454767957 -0.00227237516902
-0.692844218371 0.039757448405 -0.0607244528712 0.00604413461685 0.0826245207305 0.0346727710989 -0.0106333812092 -0.620255919476 -0.0624970224189 -0.00120564050587 -0.0932708686665 -0.00379583740728 -0.0265769029008 -0.0279359287164 -0.088233539767 -0.13554796155 0.0131202285345 0.0486589848294 -0.0271838495121 0.23601088351 0.0509727290109 0.0255358026359 -0.129372863111 0.0229547997647 0.0353802017199 -0.00384301398354 -0.0236840098458 -0.01464425057
-0.530996825497 0.0295135691791 0.0650242302196 0.052218077633 -0.00273323519484 -0.0186213987035 0.00398301150922 -0.594439024145 -0.0470554344088 -0.0366350642148 -0.101995172005 -0.037624085473 -0.0265811154894 0.0512988427299 0.00579953001509 -0.0989807861542 -0.000620862850868 0.0124341307689 -0.450415304876 0.203820967807 0.0283206395739 0.017653362429 -0.267247194073 0.0280700185223 0.0465978172916 0.0795218294191 -0.0385590155695 0.00825955461922
-0.677147447476 -0.0377365676974 0.10236603793 -0.0175524155566 0.0737407534944 -0.0422117493962 -0.00955559873037 -0.554858362481 0.0236526363186 -0.0164677130027 -0.0418416533601 -0.0342586995861 -0.0113550364264 0.0305234301688 -0.0136582277417 0.00285238634002 -0.0710090961698 0.0382940685755 -0.273964879473 0.208024358569 0.0260106660341 0.00358952190644 -0.270972193065 0.0403582165995 0.0428622555933 0.0781419981521 -0.0173645806605 -0.0155817497533
-0.221570375608 -0.00833111956747 0.0584283739118 0.0167920999148 -0.00145213708243 -0.0206042439703 0.00117280441959 -0.273220613243 0.00517125579977 0.067884546037 0.114049020728 -0.0193155129556 0.00741796189413 -0.546520484674 0.0344503086406 0.0493408840667 0.00517300544642 0.000867999060692 -0.409333749956 0.0182735735757 0.0224378924408 0.00267165314372 -0.432416965904 0.0106599294697 0.00207337257535 -0.442891234169 -0.000597321190909 0.00243608530832
-0.443318338476 -0.00858832248685 0.017645213483 0.0590588289513 0.0515865295143 0.0356256804595 -0.00590430276603 -0.43471675763 0.0243068709903 0.0254412154536 0.0646070327516 -0.0468977993847 0.00184437869706 -0.290955316771 0.0546225805999 0.00919897156304 -0.0848650039232 -0.0123019740782 -0.466340562158 0.130794737798 0.0486601353608 -0.0148817241975 -0.490972252116 0.0788665841382 -0.0114141869413 -0.13669615822 -0.0250483537479 0.00854500407657
-0.345556988456 -0.0215368770034 0.0243831274586 0.0456497768934 0.0249977600765 -0.0238844036485 0.00917071012609 -0.337884159727 -0.0152415778137 0.0453992456597 0.0329037877526 -0.0227961049545 0.0100178946749 -0.43930211688 0.15320131458 0.137632286097 -0.0465130164056 0.00636674538691 -0.465713390638 0.139028693313 0.00168143821123 0.00471383497238 -0.4337828244 -0.0139424576324 0.00613250441343 -0.307536327842 -0.0132998111758 0.0317051389208
-0.394185147841 0.00773791222151 0.0514146467088 0.0309835796409 0.0851884494089 -0.00756386568321 0.00679235857845 -0.281278915714 -0.0150227795726 0.0113671523053 0.00378283790215 -0.00616417938171 0.00823138646554 -0.208276987279 0.10978453442 0.222958815342 -0.0159873003646 -0.0126930204528 -0.626070801087 0.0956680895195 0.00569715035184 -0.00249105044087 -0.48090411655 0.00937942624691 -0.00228283402515 -0.12314316513 0.0189087422701 -0.0200704539261