-0.0231304545148 0.062106488616 -0.0481434599771 -0.0586189677149 -0.0789225509768 0.00598907110288 -0.00325339424467 -0.174085371857 0.0750786119101 0.19881243876 0.216959746694 -0.049026876455 0.0130093478224 -0.0668728728126 0.1344981135 0.0708127279645 0.00254858543174 0.00888344909894 -0.515689291662 0.551242252974 0.106084920374 0.00338643472003 -0.493887799889 0.068539952303 0.00844092002243 -0.0274381384865 -0.0169231608893 -0.0011650418583
-0.261177005564 0.0404886862744 -0.0343349354226 -0.0143235382946 -0.030938463668 -0.025293774615 -0.00504114817428 -0.429533664412 -0.028253937633 0.130014425462 0.15086707683 -0.0117253979205 -0.000188389872359 -0.24687551365 0.175334137492 0.142221838835 0.0271952393457 0.0157735934521 -0.442265680196 0.408795804451 0.010045583181 -0.00077117514043 -0.446560220737 0.00840522710519 0.00195566892969 -0.163487198794 -0.00995219282032 0.00203184884598
-0.336972093499 0.0330237844257 -0.0315599978248 -0.052379147591 -0.0386113745011 0.0157130404832 0.0137362614043 -0.396163977904 0.0223241169778 0.0770664202865 0.115217815653 0.0230255205843 -0.0112557421576 -0.214576589079 0.0935240335706 0.0616657382789 0.0603781548377 -0.00641016450586 -0.491622385263 0.368411586273 0.144239693965 -0.00556834297497 -0.47131638196 0.120101112033 -0.00375040323022 -0.0715595820402 -0.00616951523215 -0.0103195130731
-0.381447571503 0.00128652166639 -0.0195522816906 0.0246065544295 0.0809448806723 0.0166741085388 0.0043331019736 -0.383293153634 0.00516657984253 0.0192921643069 0.028129548417 -0.0691272543926 0.00368779760438 0.0714283747111 0.0240584852107 -0.00848218228528 -0.00758751687106 0.00270927876678 -0.503975277094 0.246680067988 0.101177285341 0.00229780926064 -0.591789508813 0.0608576456524 0.00829224544781 0.0924380076324 -0.0179928369455 0.00240190966138
-0.389533196197 0.0197760054578 -0.0111912895764 -0.0568291348026 -0.0783108648515 -0.0473131982572 -0.0011746500695 -0.459761894419 0.0807627737848 0.0713578470137 0.0858601572243 -0.120165599692 0.0479487906563 -0.0200567135937 0.0846497245704 -0.0192388890903 -0.0243813657043 0.0101673342944 -0.465841153797 0.41622528604 0.0755360330989 0.00709484893713 -0.423556901276 0.0422011119587 0.015156419844 -0.0529663487073 -0.0126900775533 -0.0042688075612
-0.438299546471 0.014793249124 -0.0164873801559 -0.0268086224586 -0.0400618117935 -0.0148391846637 -0.000114076319764 -0.416779563606 -0.0289860418138 0.0202150244047 0.0498662000365 -0.00143402867661 -0.0132993751151 -0.190323697337 0.180253769122 0.21715542235 0.00620286343425 0.018473356076 -0.414564129499 0.27682236461 0.0299741919911 -0.00418813419217 -0.509795079857 0.0361677023417 -0.00104468412583 -0.018473805753 -0.00592551787751 0.00140238615993
-0.251457079284 0.00269765302996 0.0221393216085 -0.00231232741932 -0.0196113257393 -0.00570977540704 0.00110411231501 -0.267003235638 0.0188258658747 0.028012019557 0.0551463252398 0.00958866054413 -0.00124066056042 -0.49939978073 0.0408317411527 0.0440203692549 -0.00120540456005 -0.00116365416081 -0.46199958925 0.0577732916408 0.0452493601508 -0.00465468305187 -0.449899215336 0.0270346474289 -0.00343337957294 -0.430409459902 -0.00357454328266 0.00285735802418
-0.234721756886 -0.000993421332592 0.0174357703928 -0.000621916265521 -0.00585132893028 0.00161880692299 -0.00330013087041 -0.243299037811 0.0273002011248 0.0323841640979 0.0270129041109 -0.00327696154422 -0.000479459251455 -0.501328502287 0.0364590088543 0.0462156493138 -0.00648234618548 -0.000223620925751 -0.463836974685 -0.00792495839826 0.00206268355286 -0.000143230024037 -0.451030674556 0.0102463906879 -0.00017248765749 -0.457413712218 -0.0028504264487 0.00224184880156
-0.225341115123 0.000809809452593 -0.0191525757266 -0.0430075626194 -0.0136404781341 0.00132133670405 -0.000174011060602 -0.219996035512 -0.00782587848617 0.00701406139411 0.0119243172566 -0.00504932896427 -2.18743743672e-05 -0.473504495632 0.0609771275229 0.062981347984 0.00123745957881 -0.000180355417046 -0.488645637196 -0.00695773212744 0.0029536451163 -7.38264990786e-05 -0.497852468956 -0.00347231310243 3.52214731071e-05 -0.423690407338 -0.000964829575855 -0.00563666697819
-0.480702114064 0.0267176270047 -0.0385721752546 -0.0389277513377 -0.0235571566392 -0.0113597257248 -0.0142375633327 -0.477660006454 -0.00943103198782 0.05503633545 0.0466188994158 -0.000510480817165 0.0132547057894 -0.131326764868 0.123996440119 0.0773781392709 0.0289151238174 0.0213565293335 -0.439823794586 0.251137941024 0.0019637043602 0.0105728095671 -0.477678523755 -0.00111381716643 0.0148619280409 -0.0739329547658 -0.0118789819981 0.0125348335061
-0.356858270245 0.0488424742742 -0.060440044275 -0.03671721484 -0.0319302147623 -0.0131438229598 0.00134233048009 -0.369382319824 0.0138003229 0.0577303593146 0.0389002771328 -0.0417284032532 0.013645050586 -0.460023400291 0.12090269518 0.108766373953 -0.0285750992471 0.0053720732728 -0.34115105986 0.19248631577 -0.00538217568755 0.0059551418756 -0.334842688042 -0.0129906087713 0.00824415984023 -0.464239793241 -0.0145224411814 -0.0128183629424
-0.469001485046 -0.0276868129385 0.0145718420276 0.00374508454677 -0.0112112691384 0.0303976626024 0.0102574880931 -0.65501924375 0.0170962587342 0.083153872734 0.0858942375712 0.0102074774198 -0.00613388739105 -0.0431410567726 0.0448148853603 0.0968547955122 0.0399287492861 -0.00235344003876 -0.296626363325 0.29509947483 0.090144430692 0.00149856244471 -0.34374402555 0.0756972882746 -0.00402529344218 0.109796969705 -0.00108476151893 -0.0100443499849
-0.602350466407 0.0492086221677 -0.0194361827065 -0.0476298165353 -0.0620148238548 -0.0125968578815 0.00475464217896 -0.574629879099 -0.0163504058945 0.0214211927725 0.0586372896698 0.0146999799636 0.00323677905433 -0.11818717806 0.0745864985033 -0.017581252501 0.0445142514156 0.0012888561185 -0.311091103544 0.271940314181 0.133606341139 0.00206459845093 -0.260819344194 0.107951696352 0.0105767049831 -0.0512119849597 -0.0128420887692 -0.0223790984149
-0.591032741959 -0.00744307820639 -0.0289972326004 0.0311945552875 0.0402107313298 0.0286585656419 -0.00983712687691 -0.580212411219 -0.0168045780517 -0.0118382238552 0.00489426816512 0.00951520788239 -0.0384865742619 0.0419619551653 0.0468047580673 0.0820861029207 0.0124432920186 0.011883969277 -0.257694296897 0.201195194046 0.0725973931472 0.00301068264073 -0.418687371419 0.0428776471402 0.0101273378572 0.0841933031429 -0.000561963044681 0.0114586073295
-0.527760538537 -0.0037026769236 0.00197159844172 -0.0113753726648 0.0120173404219 0.000689213068713 -0.00938949609779 -0.604318856045 -0.0273642393224 0.0100661046833 0.102802477931 0.0129668616652 -0.023010341501 0.225478634321 -0.017871489949 -0.0647326217799 0.000613046954829 -0.00438306108593 -0.269048709312 0.122308469772 0.081191649954 -0.00147762128544 -0.388008821345 0.0346826630819 0.0122989537775 0.205369507273 -0.018419768717 -0.00630322733313
-0.586469675931 -0.0362544202199 -0.0233640563246 -0.0183454853172 -0.0663073303976 -0.0167567021148 0.00354454987056 -0.606299197186 0.00462351096432 -0.00291771919673 -0.0409868896052 -0.0512985126589 -0.0151745970722 0.212469554127 0.018707709422 -0.0738486869431 0.0123419074284 -0.00103276112626 -0.256471391719 0.218073699498 0.0755063772666 0.0143983970055 -0.257663771809 0.0401274119505 0.0311514703152 0.192890863948 0.0127473207361 -0.0176912429458
-0.448460413919 0.0579724588282 -0.0101964871043 -0.0276388698105 -0.0262659551776 -0.0314314887005 -0.00645908746157 -0.606710084735 0.0749610435895 0.0724993206035 0.0493544906146 -0.0260412836271 -0.00407822101442 -0.206078250435 0.105174214888 0.0593543659328 -0.0361043373194 0.00114993617098 -0.276343638381 0.297902715366 0.00904508578499 -0.00630634407266 -0.272598579268 0.0406835461954 -0.00841301392744 -0.331763619263 -0.0277089290802 -0.0192372183329
-0.347088737197 -0.00380675861717 -0.0392306349495 0.0127264228478 0.00614229985255 -0.0184038421852 0.00216602314467 -0.338906274276 -0.0147851495875 0.0188223091483 0.0322282636293 -0.00408366830639 0.00774015004131 -0.147033500301 0.120300322395 0.0990565164681 0.014832405977 -0.00324743260536 -0.615564412877 0.0590633235792 0.0123497716912 0.00210342298516 -0.568509443179 0.0120992570504 0.000270442976867 -0.0938970974414 -0.00322090754947 0.00346254427486
-0.282725674877 -0.0082950076611 -0.00401485461678 -0.0370479225273 -0.0223444453464 -0.0145627624011 0.00864620782443 -0.290258135814 -0.031237623179 -0.0471125120161 -0.00117334584476 -0.0244279258546 0.000383653596023 -0.382797377674 0.0577747113617 0.0610052667559 -0.00809417950558 -0.00115966849233 -0.557235629687 0.0423092362071 0.0165281010189 -0.000577223344919 -0.522504119412 0.0309057824237 -0.000504017015185 -0.299206201437 -0.00404826462928 -0.00609129021533
-0.253575307032 0.00361258489163 -0.0152700882097 0.0262819308361 0.0358288536357 0.00125557780665 -0.00460048521811 -0.286708068753 -0.0821731064868 -0.044045764894 -0.0151366947398 -0.00745103759445 0.0131978659809 -0.409082964511 0.0677589172558 0.0525298579457 0.00297399903219 -0.00397255891603 -0.512687488275 -0.0199505832289 0.011068850408 -0.00338755491599 -0.409109976732 -0.0022088582652 -0.00266055120203 -0.486333634572 -0.000247322378768 -0.00976376638087
-0.2518442287 -0.00302927138918 0.0274809998809 0.0248704318151 0.0518110427044 0.00696683443403 0.00328933336041 -0.24731562016 -0.0313497310849 -0.00993901467964 0.036947803727 -0.011961569549 0.0100702278226 -0.401477319422 0.0460116032145 0.0571862126377 0.0088934015061 -0.000902593532302 -0.584268320695 -0.00870052491461 0.0102464494681 0.000351411093619 -0.387316324478 0.0031340473105 0.00236237464021 -0.458629913181 -0.00136054763649 0.00417657527937