-0.00599326502779 0.0085316189337 -0.0553870817604 -0.0306353165135 -0.0272747706835 0.00463624779963 -0.0242778616009 -0.0244911288681 0.0508312959291 0.0800152601916 0.0986664276781 -0.0245065186562 -0.0423261222768 -0.0208627002741 0.132862962275 -0.0454569424737 0.0296712485939 -0.00426130962824 -0.445529300337 0.718656196334 0.0923424090667 0.00369085604254 -0.447485550555 0.159322122934 0.0204462479648 -0.0416880448498 -0.0216367855728 -0.0030876625071
-0.529723962688 0.00387097205682 -0.124680471269 -0.0255958776701 -0.0581596705879 0.0308705448857 -0.0154569752957 -0.545734245347 -0.0347824983171 0.0210405121763 0.101857573191 0.0854343231785 -0.0519768370301 0.037797776234 0.00216616640931 0.0206617205518 -0.00112659272931 -0.0321803550755 0.0162511817565 0.528356528366 0.0543584843894 -0.00403389010878 -0.289315365075 0.0875208016791 -0.00897512279717 0.0316157520498 -0.0253656441095 -0.019209158888
-0.276959243303 0.00887071506583 -0.067839344074 -0.0131935246908 0.0427220218443 0.00697097408658 0.0215052176461 -0.298850865953 0.0332021758943 0.0541089010572 0.039338813804 0.0325379252179 -0.0326455363798 -0.251719996699 0.153647403994 0.110615714725 0.0500539653636 -0.0100562680265 -0.58603916239 0.279276421743 0.0922243274167 0.00776203732471 -0.523496808709 0.105384393451 0.0117401036681 -0.0332570073502 -0.00148757616631 -0.0295283398056
-0.341550132197 0.00888607642345 -0.0848281626383 0.0788542665673 -0.0248800654088 0.0192388936056 -0.0338536708723 -0.353270630923 0.016722493061 -0.0170615488683 -0.0788044718041 -0.0529957831934 -0.034732513101 0.00219114692921 0.183709334229 -0.0380557055037 -0.0156652035028 -0.00832160465135 -0.620517204182 0.472807404473 0.0504552280364 -0.00463405480735 -0.278860326507 0.0603551366701 0.00976089201044 -0.0570555560871 -0.00709462900258 0.0253054342131
-0.337612096882 -0.0269495348363 0.0307515407888 -0.0341898397513 -0.080150120445 -0.0223946699894 -0.0108742571643 -0.346115576251 -0.0028920767389 0.0415576091631 -0.0959397515104 -0.0662115682894 0.0173027778227 -0.0224931527247 0.0768494087761 -0.161416167003 0.0131712810706 0.0319494631581 -0.701055848984 0.314198093358 0.0351678266407 0.0219247106698 -0.327674061291 0.0568857515807 0.0340467328809 -0.0567809687991 -0.0115056492725 -0.00372284708061
-0.600215785702 -0.0254433882843 -0.0869009277537 0.0399666592047 -0.0507463782935 -0.00188401335527 0.00146928390262 -0.527297490534 -0.0105282848693 0.053787291569 -0.0521435902836 0.0146575349585 -0.0193594420517 0.0335860767381 -0.00676493127849 0.123191600682 -0.0154684932938 -0.0328464147328 -0.105811800418 0.369302116329 0.0184983763139 -0.000465894959192 -0.418127818288 0.0207897083509 0.00311149329979 -0.0404046216831 -0.0160761997241 -0.0159382772017
-0.260322193597 -0.0220165244631 0.0341479793033 -0.0417573963393 -0.0415887828951 -0.0207180711629 0.000730508777787 -0.299486852194 -0.0355593422746 -0.0958649108931 -0.0345991290001 0.0129218650088 -0.0111323319524 -0.598773318441 0.038318415802 0.0423544506063 0.000475577728253 0.00189839518718 -0.37348834021 0.0644553371893 0.00860215986349 0.00468516596714 -0.349799569999 0.0157690021731 0.00610972361249 -0.443052006494 -0.00169355395887 -0.0236720252177
-0.242839495885 -0.0136640940762 -0.0380138454983 -0.0548948486397 0.00341009142639 -0.01066912541 -0.0116926757064 -0.234168856652 0.00354855911872 -0.040721012532 -0.0229026130817 -0.00858854333084 -0.00507911532123 -0.522359461696 0.0840283106529 0.0428918597828 0.00814456786954 0.00467516225894 -0.365692461119 0.0925807585364 0.0382555695444 0.0102357658691 -0.448515012041 -0.00178441426868 0.00528848627168 -0.501159432516 0.00301497563966 -0.0301069091103
-0.462638089727 0.0113604534805 -0.0989561125541 0.107125745484 0.117366233018 0.0108839646731 0.0145893917042 -0.366001178205 0.0174975159235 -0.0214467636567 -0.00303563277256 0.000864311965232 -0.00151366819973 -0.299619514636 0.130059245026 0.102103010148 0.0310956113323 0.00462162749293 -0.492555032167 0.0665476792874 0.0519893503467 0.0108438837709 -0.487252300174 0.0820549250939 0.0139382379501 -0.0531364026956 0.0180155671422 -0.0166454045235
-0.690379873888 -0.00495453025576 -0.0801410353011 0.0549321856013 -0.0098011833505 0.0439932969621 -0.00140174981755 -0.567469035486 -0.0132239200594 -0.033235018793 0.0427257017408 0.00615172428846 -0.00511945645899 0.124119819414 -0.00941648296877 0.0489974879869 -0.0126209731829 -0.0216416620137 0.0562881204785 0.338719001395 0.0333829296709 -0.00992674239808 -0.193078414783 0.0438039325748 -0.0116132369195 0.0984228335992 -0.00523868491668 0.00230822935985
-0.637245380938 0.0480059518767 -0.0166577851731 -0.0930589954823 0.0428905100497 -0.00670389505782 0.00431136112401 -0.65590403525 0.0145302486741 0.0205118324461 0.0719332855525 0.025884160236 -0.0154127046884 -0.0890545415075 0.01753372151 -0.13094179756 0.0610620220179 -0.0157088544817 0.100964315411 0.29169163644 0.00492927186481 0.00998515311826 -0.0868373804605 0.0639422389484 0.011204276033 0.0854100498097 -0.00620004630627 -0.00017035149658
-0.4061444394 -0.014804819841 0.0124091213265 0.00944846484833 -0.0134007270891 0.008584022068 -0.00513570570489 -0.562634974106 0.0120274003909 0.12377504424 0.0113084368828 0.0293801805643 -0.0111829681891 -0.11688270001 0.109073557968 0.0756691867159 0.0407400246318 -0.00522255660101 -0.48372195805 0.296740312351 0.0923919553988 0.0105635895773 -0.354878839314 0.0848422150173 0.0153989167808 0.0456862667023 -0.00859245449338 -0.0443733405315
-0.463573771474 0.00272905781556 -0.0843779898736 0.0130566058868 0.0579949537892 0.0087976841197 0.0292841157899 -0.446941898482 0.00460830095783 0.0557612452296 0.0229764567101 0.00465595414943 -0.00292274195632 -0.218015024027 0.177726315805 0.155842207929 0.0235251134139 5.3536876164e-05 -0.482043931443 0.172383944746 0.0596239484333 0.000692162912614 -0.440962880879 0.0762914620875 0.00351317102933 0.00810600774245 0.0058470296175 -0.0090159061245
-0.598728011576 0.019498201493 -0.0980417653642 0.0148258635521 -0.0186046171497 0.0100025227702 -0.0050690902327 -0.521164370129 0.0274456992714 -0.0122993552749 -0.0434032997691 -0.0147839949081 0.0139800021347 0.050208735586 0.141654746225 0.00949853605372 -0.0193020016366 -0.0178398552793 -0.407330122346 0.35209324748 0.029827876086 -0.0176427221684 -0.198355911036 0.0386192206796 -0.0236051819508 0.00633803944165 -0.0116452200397 -0.000195242418646
-0.466919058436 0.0449730577243 -0.0190045890893 0.0320770609537 0.0292697839288 0.00889755302658 -0.0154735939883 -0.659718780194 -0.0604826660895 -0.103279580041 -0.052974983192 -0.0287533973829 -0.00104142615113 0.0687620204154 0.0829104171655 -0.101043460513 0.0109626890958 0.0262154885133 -0.425917822727 0.309626226041 0.0370540345131 0.0259549594192 -0.14011291959 0.0280187736055 0.0255735928979 0.0209333953851 -0.0227195616191 -0.0156526690876
-0.509182734432 0.0398173451086 0.039888195324 0.000212484398848 -0.0476923549881 -0.00651404588486 0.00842060581782 -0.499876564197 -0.0494298139838 -0.0336943723382 -0.00951777252062 0.0070555455644 -0.00926864921808 0.118861582062 0.0247432028316 -0.162730623803 0.0344747159919 0.0242957570765 -0.583311011277 0.139433478739 0.00532957595963 0.00531871122077 -0.278244485035 -0.0262888972361 0.0134622832364 0.0102895326799 -0.0166577461971 0.00780232130701
-0.49790598224 0.00235487860545 -0.000780785902953 -0.0247338494263 -0.0435335455768 -0.0132140611687 -0.015707463977 -0.536025159348 -0.0380442401324 0.113375261609 -0.0240904439947 -0.025826676359 -0.0362930523418 -0.0711934381819 0.118436954504 -0.00633355713399 0.015671428117 0.0275153678406 -0.483103645739 0.280909580712 0.0261403157193 0.0139331089555 -0.326104916479 0.052979209526 0.0457630357002 -0.0177966753704 0.00136206144641 -0.00932373219368
-0.467154056009 0.0143244717964 0.0195625032024 -0.0401042052165 -0.129931769848 -0.00539614839015 -0.0118234686335 -0.356231832733 -0.0302357691456 0.0330698069223 0.0210599609471 -0.000753096351824 -0.0166169385813 -0.165053520028 0.237524219084 0.203897469712 -0.0154560535312 -0.0126506957149 -0.493851212652 0.219885530221 0.0200436274792 -0.0107897575375 -0.460254394181 0.0260495904155 -0.00484228993685 -0.0421120759748 -0.00265503184343 0.0135486095742
-0.268540216222 -0.0352411509635 0.0432039224766 0.0364493561347 0.0205938236831 0.0120826385286 -0.00546541267228 -0.307580794288 0.00787946078527 0.0686742885414 0.0587309737288 0.01427914142 -0.00308053826599 -0.545559601125 0.104652103774 0.101255834177 0.0158780479429 -0.00364759373264 -0.373875097671 0.13475241928 0.00536132502218 -0.00460198973309 -0.362050251418 -0.00437175871284 -0.0042325709325 -0.459744587545 -0.0118080962486 0.00916824594627
-0.435833515957 -0.0136944622107 0.0185644921942 0.038363169264 0.0108540721541 -0.014325608724 0.0134139350011 -0.485205314383 0.0286626927619 0.00147226607214 -0.0394968322463 -0.0456676571034 0.0277881222558 -0.14663383329 0.01723262587 -0.127276303595 -0.0746822635689 0.00643972464236 -0.61124622964 0.134729930093 0.0207769779294 0.00111700325727 -0.343006060165 0.0234704425829 -0.00534230664354 -0.108325702527 -0.0324611423462 -0.00567848739835
-0.410374283401 0.00921491559428 -0.0339911409679 0.0603848187588 0.153204029415 0.0106329159277 0.00657920331691 -0.320345192696 -0.0146764348206 -0.0242988067663 -0.00597814528408 0.00357112574174 -0.00817108608504 -0.274379231576 0.0353526207021 0.033719241696 0.0429080691054 0.00881537725922 -0.579069005454 0.144733482655 0.0160641921141 0.0012981392271 -0.496686674367 0.0309543504411 0.00418590689226 -0.121264544587 0.0187054936366 -0.0262682207854