-0.0138447897674 0.0312892293282 0.0298654089578 -0.0441711920192 -0.0950769702953 -0.00307560329116 -0.0121530231969 -0.122872094073 0.141291338774 0.154380807433 0.302698800526 -0.0013994391193 -0.0607018865746 -0.244360255596 0.13441809329 -0.546009809409 -0.131273673611 -0.00341573540799 -0.182296265989 0.413233298704 0.00238902534866 -0.0493954887571 -0.479587289877 0.00590785918601 -0.04426606771 -0.017456974759 -0.0238097015563 -0.0110175367064
-0.508146531309 -0.0396030800574 -0.14759690202 -0.098234485996 0.0888784438644 0.0209497591659 0.0237608766928 -0.527572101671 -0.012475099019 0.0212933172405 0.20147154429 0.0451236587129 -0.0578895246261 -0.127481657477 0.000550934616273 -0.269829286849 -0.0583636611941 -0.00239910531502 0.157016251383 0.318333502177 0.0184058835289 -0.0244277142089 -0.389379409696 0.00237232159691 -0.0265809411862 -0.0255153243766 -0.0397863953357 -0.0316451577998
-0.427405482419 0.0563868284425 0.117110521554 0.0561932896078 -0.113244364869 -0.0208580552748 -0.0262113697112 -0.451793347319 -0.0673037329232 0.137178420922 0.146589649836 0.000825662457759 -0.0275159791855 -0.141592348411 0.20824974311 -0.218265929051 -0.0640083913908 0.00962212014101 -0.425404787962 0.243893874936 -0.00185592598971 -0.0210358733205 -0.41616512049 0.009659002616 -0.0165720580616 -0.0624445410905 -0.00135661766424 -0.0026328413536
-0.434624386821 0.0022381948189 -0.100004211535 0.0202123898936 0.0122518119192 0.0630244439115 0.00753120431463 -0.441366248857 0.0349792190539 0.115983849142 0.0674296577099 -0.0366587675047 -0.0452438970096 -0.249854528463 0.109452846204 -0.435443759727 -0.0697978198777 0.00323595600665 -0.457212828253 0.226019312471 -0.00171649041648 -0.0418641869062 -0.216895140445 -0.0166425665595 -0.0232050866456 -0.0165893018299 0.00127123237555 -0.0130548165055
-0.422347110659 0.0100424995172 0.101434067327 -0.0260809166628 -0.0866781707963 -0.0457975807795 -0.0152797238247 -0.420238026798 0.042982825359 0.120277996102 0.0890989841852 -0.068178564996 -0.00711271862528 -0.265071887152 0.0995136339222 -0.330487847863 -0.0864263403619 -0.00992323283159 -0.444707424857 0.254711511053 -0.0215937710599 -0.0328808383281 -0.363172137987 -0.0091862265582 -0.0250447155401 0.0322167600728 -0.0153434641166 0.0114807710973
-0.587453552673 -0.0306990614176 -0.0808152634034 -0.0638962441842 0.0856593340109 0.0229784338057 0.0331740789795 -0.499902545066 -0.0409914221918 0.0239062807545 -0.00187040322374 0.0379114451879 -0.0279449984583 -0.121857830994 0.0101559739911 -0.140451249963 -0.0620259692161 -0.0346834926031 -0.0717443424865 0.26710370746 -0.00847986959343 -0.0229214672823 -0.502929738002 0.036257858876 -0.00618891956277 -0.0527369718072 -0.00839557024641 -0.0777102121984
-0.391637652672 -0.0242695614387 -0.00576737429015 -0.0383436079709 0.0134308911128 -0.0140014291952 0.00305882247077 -0.60385198611 -0.133659367252 -0.0383310943596 0.056778940078 0.0531476271255 -0.0207589953603 -0.197614467541 0.18077824286 -0.0810876109798 -0.0189949953261 0.0213978653703 -0.384310543552 0.069966904861 -0.00855563224328 -0.0042212983498 -0.428637336472 0.00509879249113 -0.00806021157047 -0.193403616846 0.00598048601385 -0.024942266938
-0.442449416774 -0.00656742751242 0.00430331606993 0.00175721921371 -0.00759313631644 0.022091837358 -0.00718815735842 -0.571053984684 -0.106318126817 0.0127041256307 0.0949746872262 0.0489961821614 -0.0199484872907 -0.219825372719 0.181900608688 -0.0590602813158 -0.0074921397624 0.0160409680193 -0.384093265589 0.125237139408 0.0378780508833 -0.0187571645838 -0.445791594494 0.0159236880811 -0.0294449687791 -0.064065506985 -0.00172312652505 0.00456427418531
-0.555928507462 0.0349827901713 0.0715157680076 0.0793905274151 -0.0598381694354 -0.0258063667517 -0.00613966654081 -0.448688166411 -0.0379943325196 0.0346928610415 0.046263141982 0.021881179136 -0.0135694902473 -0.112737931917 0.167748380424 -0.0673517921239 -0.0585189687073 0.0004649035143 -0.363464569271 0.089219675553 0.00305666475468 -0.0348745302502 -0.523419212409 0.0323692088599 -0.0223813750601 -0.0162205218523 0.0219449285196 -0.0297163070006
-0.679449817454 -0.0153034626893 -0.0781128661509 0.00826347015078 0.04710828552 0.0399267387352 0.0018933526697 -0.540833593861 0.0594124251271 -0.00198459978896 0.0813532046257 0.0028978450138 -0.0131014632381 -0.104398566612 -0.0705859290276 -0.237942911529 -0.0504463697126 -0.0194190225744 0.231000909766 0.215900720815 -0.0036819950912 -0.0194339510664 -0.20806040536 0.00813427170636 -0.00455518336867 0.0641330849679 -0.0185796305679 -0.0409085013776
-0.535066811411 0.0332359836268 -0.0108174426094 -0.021353730521 -0.0259080945688 0.00685074153583 0.000706528379761 -0.658750978436 0.0288928763203 0.0942803408038 0.104129563103 0.00685386068304 -0.0102969836773 -0.219608020973 0.129609967803 -0.0813973596348 0.0294046976981 0.0182302013133 -0.201556510124 0.146304886432 0.013880421122 0.0198072019149 -0.333284453749 -0.0807782616563 -0.00704189701168 0.00196281607812 -0.0547565282758 0.0227017774931
-0.503048541996 0.0108276141273 0.00231590226856 -0.00302043052744 -0.0180112313028 6.19051818797e-05 -0.00254128613631 -0.636469071748 -0.0278635673178 0.13436387991 0.0553845885999 -0.0332122487483 -0.00226500233164 -0.256881587968 0.197317962137 -0.0655980671549 0.0246704144664 0.00883330340949 -0.281462188798 0.140763967476 -0.0293451042679 0.00850238621211 -0.307659105153 -0.0644154216091 0.00210647638721 -0.0905256018169 -0.0289379701711 0.0256837148189
-0.632623223618 0.00718831205089 0.0821536233169 0.0164607836371 -0.094139092904 -0.0228801519032 -0.000127122617248 -0.465751826544 0.00818973496051 0.0591643273934 0.03523961062 -0.012612104746 -0.00181336120656 -0.0698488351951 0.120560694773 -0.196393548117 -0.0614393335498 0.0175858034279 -0.382322873438 0.16928929433 -0.00548158469813 0.00395203389138 -0.346615137834 0.0244948825226 0.0020505727062 -0.0554631051557 0.00280989632661 -0.0256913850918
-0.590256164873 -0.0276078936801 -0.0414749246268 0.0450465003856 0.0585751686128 0.032015730596 0.0188368990633 -0.485051862969 0.0244491644509 0.0444744164256 0.0431002508142 -0.0258574642952 -0.014967097607 -0.19962888056 -0.0482260954234 -0.306617118387 -0.0433275789235 -0.00108333190109 -0.479989587923 0.122836799308 0.000848143358847 -0.00723325669956 -0.123365953645 -0.0178287099161 -0.00438577983996 0.00434209394318 0.0219084988778 -0.0449104682564
-0.529965401071 0.0277475534764 -0.0257552295143 -0.0531098351843 -0.0373638027754 0.0157535529798 -0.00666329355384 -0.670266185815 -0.0880625289433 0.050447992334 0.0664005685381 0.00790477009978 0.00165702482425 -0.130060414658 0.10707144813 -0.256907606949 -0.0252223657302 0.0073259542992 -0.302504035757 0.167010258294 -0.0146852568561 -0.0177620254289 -0.177311351025 -0.0370330202876 -0.0255176854085 0.00623396493563 -0.0226247748531 0.0121167633785
-0.53094243546 0.00367977268513 0.00982230507878 0.0865486801751 -0.0141104116011 0.0032876139359 -0.00671789627665 -0.606727568101 -0.0513082516707 0.0195209070797 0.0936963094224 -0.0259276935095 0.0206109630508 -0.131906249183 0.0731143832757 -0.211256882621 -0.0327173014167 -0.0110638050488 -0.355199276391 0.14557159383 -0.00671328445583 -0.0289374759062 -0.316785630578 -0.0363109749126 -0.0277729775245 0.0863955532548 -0.0438327497762 0.0245071603775
-0.574624343701 -0.0130295385349 0.0876976233267 -0.0338904617001 -0.00441146085297 -0.0393456039489 -0.0110758194102 -0.493397921972 0.0264988799432 0.0375683383144 0.0154161847992 -0.0116323701308 -0.0110673862768 -0.22490820845 0.0355123845054 -0.253068268961 -0.0637108670844 -0.00261999991154 -0.4312488945 0.179022117789 -0.00746045370262 -0.00852279806841 -0.267268776167 0.0138010377381 -0.0132144960331 0.046601187774 -0.00462668532029 -0.0309676971802
-0.616380059249 -0.00775741636901 -0.010075278396 0.107003346555 0.0802640279716 0.0162074399866 0.000646986724436 -0.445748694546 0.0253752614931 0.0295354295665 0.0132295656548 -0.0214565598375 -0.00502119137197 -0.342310901368 -0.0448205960316 -0.339722874072 -0.0453433514237 0.00259108072257 -0.355699579471 0.0827465054407 0.0276665301797 -0.0118118813928 -0.157257983803 0.0143428015049 -0.00931658500774 -0.0451192181728 -0.013203459181 -0.0521846973025
-0.535893379947 0.0104334974622 -0.0357969565415 0.00280450011974 -0.0218486192838 -0.00684881366858 -0.00659930032367 -0.63375521903 0.0550727596136 0.0671283899022 0.0162962883003 -0.0791329181197 -0.00920864893299 -0.165813278927 0.160461336606 -0.215110499855 -0.0449359118665 0.0123710286416 -0.343039551473 0.0146742414211 -0.00589179396549 -0.0368738708027 -0.265326029345 -0.00555637979947 -0.00707167191725 -0.0551691945009 0.0083573681611 0.0221405712739
-0.524435317363 -0.032767880474 0.0615751268366 -0.0230621119385 -0.0233846051576 8.24135193341e-06 0.00450561910782 -0.58037654368 0.0678677078236 0.0466234352826 0.00170384928894 -0.0602247059066 -0.00108364727814 -0.211196075356 0.151209008719 -0.205879338147 -0.0561370141052 -0.000964797648727 -0.342135948115 0.0365562337129 -0.0259666045486 -0.0242458973781 -0.362363289576 0.00166483850437 -0.0143785019173 -0.0773844881114 -0.0125444917745 0.0378304619661
-0.567107741454 0.00278406931041 0.0237611216227 -0.0578901580112 -0.114800762058 -0.0145342926923 -0.00266403882261 -0.402738718351 0.0251918444041 0.016649092913 0.0190462593256 -0.0314928229607 0.0039246504448 -0.292746766169 -0.0218577844533 -0.199852039194 -0.0652020376604 0.00455813375371 -0.456748224672 0.229455074253 -0.000553817498947 -0.00775826430308 -0.314874559272 0.0266011766435 -0.00839399878644 -0.0686492210392 0.0121225284532 -0.00912250453886