-0.004633851315 -0.0017377620106 0.0577450029503 -0.0209757393283 0.0317701739283 -0.0263109451294 0.0025460645906 -0.245299783201 0.0579446157695 0.221398667907 0.397810367574 0.126528060645 -0.0362167261572 -0.054499163849 0.0952548125831 -0.24009292071 -0.0927661156102 -0.00602694867236 -0.340181440308 0.523434094753 0.144584886759 -0.0277667852537 -0.461289187907 0.0235799171461 -0.0118075061961 -0.0537749464516 -0.0165287915892 -0.00335603385871
-0.373260774771 -0.000470913778095 -0.121210570505 -0.0201395200289 -0.0224746744029 0.00588751732325 -0.00162419558131 -0.35721064106 -0.0100620935368 0.0325742635116 0.055329170831 0.0592031281271 -0.00458661258959 -0.147596701612 0.0869173875894 -0.0959579379061 -0.0248641225164 0.0002484118256 -0.496698706861 0.339359484063 0.0583999761708 -0.0259420521059 -0.518739337794 0.0362449484889 -0.0238726370223 -0.182827496416 -0.00854446697881 0.00950677985095
-0.324560422256 0.00438022136155 0.141121767782 0.00499684334596 0.0314641202937 0.00184857989044 0.00514043830912 -0.260771447746 -0.0199530795712 0.0213870258978 0.0372830697411 0.0273330921055 4.19608598196e-05 -0.16436110504 0.177477604437 -0.00366563126341 -0.0478813879284 -0.00220474057506 -0.544548985548 0.251669340802 0.0128567346372 -0.0088913255636 -0.545046478039 0.0318910940754 -0.00670785742004 -0.288552592986 0.0179921598594 -0.00485443595277
-0.464492126983 -0.0108813572442 -0.083915012745 0.0534714536603 -0.0203288508971 0.0766373080543 -0.017413648265 -0.548003503727 0.0420659819713 0.0817064976944 0.193846815056 -0.0175687835751 -0.0119471603395 0.0530098934886 0.0254906700415 -0.210940349945 -0.051131773276 -0.00297018635407 -0.255959455911 0.410108462029 0.0468604891839 -0.00329772891831 -0.360156045027 0.0150267701328 0.0142252253275 0.0627011511882 -0.015405570904 -0.00757789473849
-0.527301431554 -0.0328421841271 0.10489168089 -0.0950231708315 0.0304812016543 -0.074306353932 0.0206314474121 -0.666693185933 0.0889345376719 -0.00105647011534 0.281234427666 -0.0840564813078 0.0106255836875 -0.03562643347 0.0351350379388 -0.245095651382 -0.075877797315 0.00610062001839 -0.0251249698623 0.212663249026 0.0446030418761 0.00432259710742 -0.170221719557 -0.0659209537603 0.0206156658892 0.0693068092649 0.00607214630613 -0.0219921454798
-0.430910856084 0.00349144827331 -0.0584124978099 -0.0387375392717 -0.0404479698056 0.00359298545205 -0.00910925840128 -0.374497210572 -0.00614657645867 0.00582491354266 0.0204098893829 0.0191434973489 -0.0115993825599 -0.165256367215 0.190945744012 0.100674292398 -0.00785921644198 -0.0138641016559 -0.485642986556 0.15256047405 0.0189059352659 -0.0098367821473 -0.555159012088 0.0202782881121 -0.000297266453496 -0.152771585927 -0.0152419883355 -0.0223629678243
-0.395121925006 0.0174688491771 0.0153911287998 -0.0447635243433 0.00308956361908 -0.002234939789 0.00642366655166 -0.432446181295 -0.0187232036924 0.0574366581247 0.0388042092103 0.0117400066954 0.00282391099721 -0.35847510149 -0.0564148985785 -0.132382991421 -0.0570826309947 0.00604424380577 -0.458303312708 0.197046751844 0.0377280736605 -0.00793208502388 -0.387126705762 0.0685715329528 -0.0117610433153 -0.301906269172 0.00604307774949 0.0145580180559
-0.338393648934 0.00756976896333 0.0133321464495 -0.0522535648676 0.00310243537421 -0.0260265839238 -0.000192188592395 -0.343774035166 -0.00954215249306 0.0353406295967 0.0313330357103 -0.00232136864764 0.00683982701318 -0.391424503339 -0.0225347492441 -0.0976521682674 -0.0526122564179 0.00507633186673 -0.564106752587 0.10897597266 0.0221949394333 -0.00332692991318 -0.41153083281 0.0443879809256 -0.00489783885822 -0.305408678429 -0.000864946479299 0.00299439606538
-0.425821403802 -0.00460190240824 0.0492969295081 0.0801397182116 0.0313805172685 -0.00290662938139 -0.00226662483961 -0.312212462549 -0.0162638617974 0.0071365143124 0.0461546766801 0.00641435212061 0.000174971528127 -0.140893016473 0.217498759653 0.114346214808 -0.0171871238487 -0.00545767118745 -0.484542672877 0.131867196813 0.00844130200822 -0.000532243677054 -0.592712186668 0.0130732033847 0.00307363958934 -0.153539762801 0.0204364406976 -0.0236957026041
-0.583127967243 0.00398724482662 -0.0697987197731 0.0245289604054 0.000156770247212 0.0603345529946 -0.00246344275115 -0.524799113823 0.00427773169512 0.025812299736 -0.0143316804279 -0.00469598396542 0.00360693439779 -0.0671864416407 0.111643844166 0.00519670843969 -0.0253459627156 -0.00562214192442 -0.285393216167 0.17071401111 0.0573218658989 -0.0124186016336 -0.491385095625 0.0248561948771 -0.0224502685771 -0.00738343458795 -0.011664811399 0.00176992724535
-0.508626750488 -0.00712422692089 -0.00633022608826 -0.0522977084046 -0.0282939755258 -0.0226316537433 0.00292779913541 -0.510831735112 -0.00220291600171 -0.036240022564 -0.0121407732096 0.0481541736009 -0.00865808640781 -0.247611821169 -0.0438783702185 -0.173291585954 -0.0232320198466 0.00935726669487 -0.390973008605 0.266176905852 0.0203527606489 -0.0272408531354 -0.329962300538 0.0279403170539 -0.0138366509469 -0.206666667902 -0.000991416262275 0.0319898392229
-0.44757788411 0.00837116943379 0.0319313167532 -0.0677716523284 -0.0426533417011 0.000309921809694 0.0077274045111 -0.417472756047 0.0188058302775 0.00950686905112 0.0204819519561 0.0366789659783 -0.00037282888242 -0.369426997185 -0.0706616422558 -0.144219020468 -0.059730895223 0.00149207150787 -0.435550576616 0.143867585938 0.0175544605692 -0.00824115919406 -0.378273165071 0.0457149735722 -0.0044145135112 -0.305604636399 0.00385964158383 0.0198471062049
-0.458137758622 -0.00237138492727 0.0543412796659 0.0857678978565 0.0314015026366 0.00146960968902 -0.00279321890665 -0.335829352365 -0.00599280450196 0.00160795442125 0.02450649007 0.00598840540871 -0.00414967587526 -0.123393224697 0.223974011812 0.0960987675451 -0.0293624344833 -0.010852955543 -0.494487730543 0.0907343172838 0.00350014402767 -0.0041291231044 -0.56099910467 0.00296103429468 -0.00169461793369 -0.147298706424 0.0195883399331 -0.01131405179
-0.53168041433 -0.0473778826645 -0.0794593286034 0.0123086823891 0.0269317771979 0.0269520734286 0.00160515497769 -0.572889579337 -0.0109106519067 0.02882711554 0.114835529548 0.00892379126732 -0.00731690937684 -0.0409765264299 0.0968802622244 -0.0880807154905 -0.043174606063 -0.0124476807643 -0.340204742092 0.298180802958 0.0204079955701 -0.0337986477654 -0.347765966329 0.0208124864516 -0.0264653958134 -0.121879669213 -0.0119890782948 -0.0235307228951
-0.518132297344 0.0532168607059 -0.0179712450091 0.0160003435264 -0.0501133859992 0.0350269318851 -0.00475937489678 -0.779041572195 -0.00126231877433 0.0254695225073 0.162416235485 -0.0105876684679 0.0141282053284 -0.0257442544012 -0.000762386101822 -0.0767766070499 0.0234983541547 0.00484361542496 0.0062044653587 0.219755741057 0.037061345401 -0.00349898748553 -0.177584503558 -0.018024920007 0.0267879240116 0.0256931071905 0.00157504214087 -0.00532577581927
-0.511344630065 -0.0485618961445 -0.00719022412652 0.00893919406574 0.0222203145354 -0.00715534433419 -0.00291051151893 -0.785538854483 0.00340611499814 0.0155173077102 0.156751714766 -0.00929297924604 0.0152872886316 -0.0822166592625 -0.0204112821908 -0.0292254283434 0.0580219102925 -0.00563636453406 0.0810206994373 0.222894353255 0.0296113638455 0.00878721040042 -0.131351145269 -0.0523633365381 0.0200407504738 0.0637333501288 0.0101980250557 -0.00877528391955
-0.684476294623 -0.0182041937967 0.0976065734607 -0.0247544790663 0.046208827907 -0.0578333019057 0.00412357948582 -0.628888686372 0.0339311486547 0.0593326217816 0.0697159017136 0.0103431368777 -0.00352998477328 0.0504679769271 0.0171928134119 -0.116951907953 -0.056279607822 -0.00293188730838 -0.0356685977914 0.158121597985 0.0264100091053 2.47447796082e-05 -0.239385256389 -0.0247951925628 0.0191065254627 0.0663514444685 0.00218060724232 -0.0317909288785
-0.555586756259 0.0325545837283 -0.0409278501376 0.0130213834297 0.0526279901545 0.0249154920646 0.00340157129786 -0.518784829203 -0.0179176702123 -0.0368141960895 -0.0546143648734 -0.0123500101646 -0.0138443843359 0.00791081671373 -0.033973669331 -0.226296989507 -0.05487457939 0.000341530875698 -0.379202356272 0.222960196403 0.0132938273951 0.0211486124246 -0.394941791292 0.0335202787242 0.0186665508462 0.0547097707647 -0.0172715572695 -0.0237750423962
-0.517373391389 -0.009953558451 -0.0259149652384 -0.0145666560941 -0.0054829789396 -0.0129514732037 -0.00697933555357 -0.563728443668 -0.0156935927103 -0.0590580980575 -0.0610739355603 -0.0211890962351 -0.0149926993321 0.0665512714145 0.00397121125384 -0.159917834611 -0.0214495284426 0.0053154661353 -0.391637901551 0.184269697154 0.0151600753112 0.0127803527174 -0.427461604736 0.0135693298814 0.0100054637916 0.0602060250362 -0.00648979789555 0.0160485162802
-0.484949242115 0.00620467710569 -0.0284951253516 -0.0529512181726 -0.00452954501513 0.00545334038717 0.0103331653579 -0.551958021223 0.0432987524179 -0.0248115549383 0.0657562501568 -0.066194031363 0.0156192300501 -0.162384669252 -0.0201899503516 -0.215510064439 -0.0837048914234 0.0083712938893 -0.3741407183 0.00951724110967 -0.00717116496719 -0.00477067839886 -0.47289982146 -0.0191320452342 0.0127726275692 -0.0150510281354 0.00264818566156 0.00864645093931
-0.646844026254 -0.010238187628 0.0593585059227 -0.081200228847 -0.0735259102171 -0.0269856860508 0.00324796016289 -0.529786631886 -0.00569426560304 -0.0749174079131 0.0267816266225 -0.0293572445598 0.0152561522079 -0.142002651383 -0.0042996227384 -0.337542103811 -0.047012114005 0.000783742041278 -0.24129059494 -0.0574166780287 0.0689773965016 -0.0071959034973 -0.260703437785 0.0177411614767 0.00845480603893 -0.0727829145702 0.00155751971899 -0.0280539071126