-0.0428090396267 0.0156810403474 -0.164710161907 -0.121271241663 0.0249607143996 0.0292769152605 0.013884079908 -0.357754691003 -0.0859901617185 0.335352460601 0.465651858001 0.0613564009858 -0.0249577319538 -0.0701253682307 0.134739020889 -0.165464184169 -0.0221971592162 -0.000492969537471 -0.325889320088 0.384431169829 0.147707452697 -0.0257050899903 -0.395263440979 -0.0156726795285 -0.0235540442077 -0.0268855018687 -0.0130450073403 -0.00311308216215
-0.389983241132 0.0206853321721 -0.1076279963 -0.102016309378 -0.0386821141338 -0.00998861938818 0.0115031468425 -0.296353383991 -0.0070566443744 0.0232998932723 0.0488404671382 0.0273474967879 -0.00852488632852 -0.195106158205 0.202231840092 -0.0011061034312 -0.0435471070441 -0.00542463773628 -0.253451558541 0.280492307959 0.0660075960864 -0.013878385276 -0.703967803192 0.0875898280818 -0.0064222241683 -0.019223882818 -0.00811125909951 -0.00825247456838
-0.230787748172 -0.00325806101554 0.025845136567 -0.0204493845864 0.046668110153 0.0266549576756 -0.000821170343779 -0.247157395952 -0.0520297423647 0.0495675272099 0.0598344270683 0.0284124125031 -0.00603256864867 -0.398690394241 0.129783908877 -0.00998695968197 0.00526210024207 0.0114366284353 -0.356264571455 0.150716036198 0.0535530069279 -2.81671074422e-06 -0.690112699323 0.0450798567906 -0.00289162481637 -0.254649959897 0.0141942293129 -0.0129833511598
-0.48459885606 -0.0580026782408 -0.108471749278 -0.0762614974923 0.0773283095576 0.0374539106431 -0.0015093644817 -0.598488180709 -0.0338818979505 0.0170134984365 0.249956196915 -0.081000215425 0.0144347668882 0.0752960055046 -0.00746590389035 -0.171266800296 -0.0483706716335 -0.00394727944772 -0.45861816303 0.112587017066 -0.0163399613525 0.00401886567078 -0.211049916688 -0.0399352577469 -0.00727128969149 0.0150159932893 -0.00166727618528 -0.0289731792992
-0.4245092598 -0.00902859507816 0.00302953044773 -0.0100485387528 0.0187429048872 0.0128466840261 0.000140427698318 -0.763088731219 -0.0515640555188 0.0541878805217 0.341698004052 -0.0553859117223 0.0208475040439 0.0676284997133 0.0184021745208 -0.0556256112976 0.0306997617235 0.00120885494651 -0.224614255663 0.100742440316 -0.00148996696447 0.00235187876386 -0.154726294675 -0.119311011952 -0.00938544429577 0.0354131674823 -0.00443596460961 0.0427619010171
-0.563667899092 0.00828099017007 -0.0722875671087 -0.0731992549039 -0.0204853340973 0.0124419324846 0.00401884481012 -0.410209180758 -0.00170788917005 0.00195083906129 0.0287265207209 0.0248495442069 -0.00518217290805 -0.174652622243 0.219919461931 0.0246749634577 -0.0447758657749 -0.0129827325412 -0.226054815473 0.200028293073 0.0293059175922 -0.0146172146945 -0.567847797856 0.0543412705439 -0.00342739901931 -0.0212575231395 -0.00807139487882 -0.0389868754496
-0.20477715337 0.00335812971973 0.0191594654581 0.00845064342621 0.00392074757977 -0.000538522353387 0.00263717413463 -0.212946298623 -0.0463402190299 -0.0251612041749 -0.0115514691845 -0.00398412512287 0.000778152433452 -0.497662750957 0.00886643846348 0.0245332772838 0.00299240604138 0.000683822589607 -0.303321027439 -0.0343888354631 -0.00576386390774 -0.000697562990594 -0.604916980472 -0.00107903825211 0.000290320320331 -0.449214715611 -0.000602813944379 0.00439066681518
-0.180247628945 -0.00218526512292 -0.0181729296156 0.00302068166304 -0.00333912326044 -0.00662037492999 -0.00644488713795 -0.185213558085 -0.037236920406 -0.0226424022905 -0.00192500880633 -0.00118328034864 -0.00299682537819 -0.465339536042 0.0223248284767 0.0388929300734 0.00466832587102 0.00148233155393 -0.343784960366 -0.0470488694296 -0.000733029405479 0.00254095615125 -0.643858755871 0.00322410218787 6.44980020046e-05 -0.420980407623 0.00093858102231 -0.00884327648225
-0.3519912943 0.00848410926195 0.0626058378644 -0.0460644478926 0.0571299095497 0.0190255458854 0.0140791963915 -0.327765104727 -0.0353811726266 0.0311064103076 0.00786061255063 -0.00160999940123 0.00224030811707 -0.366156900649 0.180137370012 0.0806541794745 0.018258014514 0.00957396065433 -0.273660305362 0.0730462056631 0.0265451306241 0.0138646919356 -0.693743719324 0.02293990613 0.00940903193509 -0.136185284528 0.0282610979652 -0.0251519111289
-0.590416471232 -0.00355431776962 -0.0581199218619 -0.0352176977516 0.0421414075451 0.0402819590878 0.00855975164268 -0.521246704732 -0.0137045097545 0.0357803904208 0.00436281016311 0.00311293632252 -0.00109553936638 -0.022203180373 0.108518326553 -0.0452750900191 -0.0558094919057 0.00607668341399 -0.124987015069 0.245633217649 0.0343554550625 -0.0099465609165 -0.494764639906 0.0645438766911 -0.00648117378829 0.15962701043 -0.0043284329132 -0.0300470506608
-0.32202030678 4.41363892514e-05 -0.0139243019972 0.00146951222078 0.0214259723707 -0.0223908933913 0.00497503854062 -0.341658018389 -0.0298248929649 0.0525851332647 0.0455782209544 0.0182877145271 -0.00368045265542 -0.49630316989 0.0804953530503 0.0668856028921 0.0299044073283 -0.000768474589 -0.357224199259 0.0506387561015 0.06809829477 -0.0012995162754 -0.539722260877 0.0336138452527 -0.00177814152081 -0.29426134885 -0.00728372011102 0.0160650649418
-0.356415076199 -0.0194028648515 0.0156785473698 0.0194472070433 0.0341609795671 0.000156234077818 -0.0071854716777 -0.407829311221 -0.0278913951976 0.0290918578916 0.0883336048758 0.0554267734885 -0.00234818818838 -0.433235646932 0.0612755107698 0.0440919875037 -0.0267934888 -0.00514227639368 -0.258477022492 0.156860525403 0.0558359061277 -0.00762937274677 -0.528642393098 0.0594202642739 -0.0117427596882 -0.346456970543 -0.0044381486115 0.00290364481214
-0.456498185742 -0.00318389413833 0.0599303520462 0.0144456446539 0.03284818197 0.022558059168 0.000611627737528 -0.457682284776 -0.0414156934491 0.0242866937337 0.0650164120136 0.0270013828108 -0.00156790605492 -0.246522334375 0.115033355105 -0.0349777989552 -0.0016619576242 0.0172615058054 -0.296353244189 0.131539140248 0.0557275128188 -0.00433776657691 -0.605185005753 0.0397702439305 0.00452460862186 -0.132898134715 0.0114407075112 -0.00691043007717
-0.568486621463 -0.0132301551395 -0.0499016279379 -0.00413172564028 0.101120280203 0.0398102234031 0.00298894920295 -0.465070533378 -0.0276736002033 -0.0145800290908 0.0145792325163 -0.0224317046395 0.00768912453166 0.0312669187092 0.0371809833047 -0.117554998993 -0.050640325668 -0.00209739324874 -0.34118833117 0.122422365477 0.0171345730618 0.00396085345187 -0.530569027015 0.0311260205103 0.00611823177803 0.0956434514917 -0.00202101229442 -0.0464989109593
-0.50687711217 0.000175249652136 -0.0112748665433 -0.00485131881282 -0.0310825811773 0.0128876322455 -0.00359241280804 -0.654600972921 -0.0803911241936 0.00718569174885 0.0967191992559 -0.00660074885911 0.0245130557586 0.152135434596 -0.0350414585857 -0.0503656070283 -0.00836639990495 -0.00561236322918 -0.231594563179 0.065170108309 -0.0260741680752 0.00533469163834 -0.454166326261 -0.0126174621745 -0.0138255025787 0.0647421731963 0.00417285702372 0.0182966886774
-0.544278106397 0.03414854769 0.0261612555666 -0.00517291532647 0.00875944288316 0.00699449670479 -0.00109028239593 -0.671445092885 -0.0877867350837 -0.0129148463255 0.0349975685687 0.000336539581432 0.0299413617804 0.179240033777 -0.0107407629082 -0.049911618121 0.0114371991913 -0.0171748070784 -0.217331605984 0.134448469558 -0.0213186870801 0.000375000743843 -0.354894982692 -0.0139410850542 -0.00232886171741 0.116373569336 -0.00122745787059 0.0174949228064
-0.568639602382 -0.0173763280833 -0.00733968292316 0.00858293581642 0.0323198707631 -0.0217765410565 0.00808578529478 -0.607721293625 -0.0366686276748 0.0397149547476 0.073286151413 -0.0162339440749 0.000535795619444 0.0882543961327 0.0404022528384 -0.0537935364346 0.033018916677 0.00113756635172 -0.0257911256497 0.0380017240865 0.0227751564496 0.00149437030686 -0.520390326425 -0.0157440872934 -0.0179693317511 0.0892837521093 -0.00344471147692 0.036831919473
-0.655206076228 -0.0147894312543 -0.0883923548477 0.0250797317047 0.0715624696227 0.00813369136578 0.00308344346168 -0.510944078761 0.0681118935798 -0.0375886797618 0.105632040263 -0.00377075251548 -0.00401811088019 -0.0987129451264 0.0136929622115 -0.246629251156 -0.0408933891362 -0.00325403855117 -0.363249782606 0.0951437581951 -0.00346147116057 -0.0139021793143 -0.217437462311 0.00570545986629 -0.00618173802822 -0.118890960638 -0.00383528458945 -0.0582629309925
-0.466388381024 -0.00564648696452 -0.0206354452186 -0.0328523763477 0.0175644880674 0.00639508770416 9.86619817057e-05 -0.562610499706 0.0430987371175 -0.00588746293839 0.150569158371 0.00769059698917 0.0107084465001 -0.334400696523 0.0589439317928 0.0266748053447 -0.0370224166406 0.00493822025967 -0.238992259694 0.0109884783775 0.00014452549396 0.00670022649841 -0.330105324609 -0.022690672347 0.00362525280611 -0.393552961627 -0.0130840097923 0.00935029185665
-0.497697909964 -0.0140326064407 0.0327993050632 0.00373841207256 -0.00230360856725 -0.0151762143249 0.0044989193671 -0.618241168001 0.0277036916236 0.0327693032047 0.133321488001 -0.0403474795976 0.0145606452587 -0.244929520383 0.00804253688997 0.0891187036045 -0.014767249543 0.0127363217905 -0.252052851385 -0.00237044756466 0.0033069430034 -0.0011334701248 -0.262579357513 -0.0895426172195 0.0148648388071 -0.370562834654 -0.0217088065112 0.0132407485499
-0.582624807963 0.014118997909 0.0386382793139 0.0114671805245 -0.032226624798 0.00967381258913 0.000888652996281 -0.643923988881 0.0473906823528 0.0298730407292 0.120073062441 -0.011834006874 0.0092550078417 -0.275697854628 0.0337374388781 -0.136939608544 0.0213307658469 0.0250781778457 -0.220742954487 0.0448011162956 0.0205221614793 0.00605527100347 -0.248263202063 -0.0669576075728 -0.00966220097862 -0.0973028537067 0.004221431294 0.0360382245988