-0.0342168103295 0.00467495964573 0.185969692196 -0.0491372258881 0.128498262628 0.0499470141965 0.0417681529483 -0.0203528238718 -0.0295695534505 0.101050745276 0.0701493362587 -0.0163313259547 -0.0388096781051 -0.36652834547 0.0869302457859 -0.633097304676 -0.159109514903 0.0264185578188 -0.107957881031 0.322590856282 0.104641344664 0.0232955691299 -0.45370832468 0.125157508651 -0.00012235903886 -0.0671572412171 -0.0294955251426 -0.00543335369148
-0.341766432787 -0.000196305069642 -0.00265777300683 -0.0395118535236 0.0189044703467 0.0506539363662 -0.00616187151028 -0.432879916341 0.00490471227444 0.114475072992 0.0790726414283 0.057419192454 0.0133130898396 -0.396841262459 -0.0770513103643 -0.230396601203 -0.0364118837244 0.00194439766492 -0.164286511815 0.320779477825 0.0878032714224 0.00512860388447 -0.538878196284 0.0783216751728 -0.000618587463383 -0.126536396667 -0.00201241644212 -0.0207054306256
-0.511076618366 0.0317143515172 0.0620034355903 -0.100042813024 -0.0475494666656 -0.00425839834039 0.0381628330981 -0.53163218963 -0.107525832462 -0.0139400448617 0.066073085969 0.0624035215991 0.0163647377556 -0.200528118769 0.10079907586 -0.377527541481 -0.120597859206 0.0450143471901 -0.107054189872 0.20471781774 0.0678285725707 -0.00252420035383 -0.376758795682 0.0853886240615 -0.0108042841936 0.0084318775281 -0.0166151906598 0.0118873307071
-0.475113158775 0.0712177799409 -0.0814536449074 -0.0147758555616 0.071764761315 0.0623385895328 0.0150085094999 -0.533993623397 0.201044393715 -0.0284405450976 -0.00330641243332 -0.0591561594174 -0.0161816850565 -0.34897556174 0.0991924521664 -0.407853121851 -0.116250591823 -0.0222569070312 -0.0762479105789 0.17611643721 0.0371426090945 0.0353595755705 -0.223969460742 0.0672791950254 0.0176370107377 -0.117251147409 -0.0388399694049 -0.0351871255604
-0.522687702228 -0.0608308079421 0.193169231722 -0.0219856914029 0.0127293821066 -0.00615578788655 0.0215792622777 -0.513006053911 0.0675317359432 0.0881490465565 -0.0949091707145 -0.0678966267673 -0.00707297205529 -0.208635261565 0.0424039490316 -0.487239813632 -0.0888683397741 0.0189935504932 -0.0567429010561 0.153634450687 0.0594776106228 0.0215922885034 -0.260866958482 0.0608396979708 -0.000772522642239 0.0340110047758 -0.0206530792111 0.0175596626241
-0.365676186691 0.0280592813599 -0.0931208484495 -0.0895751289804 -0.0448934407329 3.06274497714e-06 0.00113564270886 -0.28823598225 -0.0259449159961 0.0227739352855 0.0547208256989 0.00188308652507 0.00271986885294 -0.54570188833 -0.00221559541394 0.0223093010825 0.00568641310232 -0.000925390217371 -0.202729996102 0.103635563072 -0.0118456400669 0.00290329868224 -0.430739767749 0.00693836588037 0.00120199219405 -0.472636279874 -0.000659893366562 -0.0147615704104
-0.342045214026 -0.0200252150815 0.0562654391896 0.0222938068203 0.0110615473051 0.0274329338087 -0.00183559329347 -0.380066334682 -0.0290401948748 0.0410758413134 0.100050533769 0.00242088393476 -0.00178007903206 -0.555873630998 0.111369394049 0.0477924384872 0.00677856759046 0.000557929595032 -0.192734212768 0.105826453089 0.0546785235559 -0.00565131715568 -0.455575600292 0.0333473635492 -0.000698540172687 -0.370286601583 -0.0129792657543 0.00491360906712
-0.415012414622 -0.0267862123505 -0.0537791344669 0.0287541922639 0.0488161368299 -0.0331094133273 0.0139273211816 -0.437982037096 -0.0415314959496 0.0503003449367 0.0702128912086 0.00112833582567 0.0176148109951 -0.390874001095 0.0651415802538 0.137334910848 -0.0677813612132 0.00518190982679 -0.210833434083 0.116015100085 0.0185585984569 0.0139041621309 -0.512565194948 0.00656606907811 0.00980543004391 -0.34024464876 -0.0223295893712 -0.0157164353255
-0.518424547611 0.0269277557678 0.139305418268 0.0154739759787 0.0579061769423 0.0111981200488 0.00930989507435 -0.452089279854 0.00133077442797 -0.0830333213528 -0.00553621713129 -0.00238940947875 0.0107440509936 -0.290093618117 0.094034759873 -0.0280471680924 0.00334576900274 0.0161319374829 -0.213726471155 0.0941743743509 0.000506007945895 0.0198865201957 -0.546531719455 0.00263010090225 0.0150856096679 -0.217968552435 0.0204097799555 0.00327102973324
-0.50187721711 -0.0196812741348 -0.0451981067201 -0.010677132749 0.00193215968129 0.0559915350973 2.41294084842e-05 -0.51766397035 0.0122220486727 0.0449746160913 0.0284606908672 0.0364508351879 -0.0159703906845 -0.344513400399 -0.0210668065979 -0.110783115716 -0.00435368015482 0.00533083282192 -0.25872515669 0.224916796701 0.0852948916718 -0.00623489024474 -0.44684508267 0.0496069761545 -0.0014605862223 -0.0937328191339 -0.0193358290735 -0.0480341977434
-0.562517267587 -0.000161064185356 0.0761491127434 0.0549979226622 -0.0108435272062 -0.0108579790835 0.0115173147651 -0.654300375149 -0.00450218662562 0.0596825577404 0.0352322583893 0.0501921216436 -0.00846132664437 -0.199917043085 -0.122504813594 -0.214576668076 -0.0269502192282 0.00317700479226 -0.0375225942033 0.22835051309 0.0598687929948 0.00321120178124 -0.269018792842 0.0481417704254 -0.00532716747786 0.0704464089193 0.0144988255302 -0.00830501029017
-0.581136918714 -0.00176471006833 0.000818683049938 0.0144014327282 -0.0149191146814 0.00510409112578 -0.0406226665776 -0.659313848083 -0.0545914789628 -0.0820386394256 -0.0195853520364 0.00824147260628 -0.0347738753825 -0.058593292059 0.089867685125 -0.311142073281 -0.0550115706859 0.0240572354664 -0.179764436714 -0.0361050323862 0.0209684342976 0.0111126985639 -0.182331104056 0.0438222264438 -0.0192987677044 0.176795214375 -0.023787626378 -0.0252620847913
-0.661324814196 0.0237306501887 0.122108689573 -0.0395237884368 0.0387058758205 -0.0158461962901 0.0318789741612 -0.558216706212 0.010151578887 0.00381132532577 0.0439129609107 0.0242261885455 -0.00251894349936 -0.185692400595 -0.0285127634488 -0.229226082318 -0.06149485759 0.0406136679567 -0.00820748423201 0.239376289318 0.0694897259024 -0.0148772615052 -0.261887487626 0.0471611509849 -0.00384163619404 0.0238362214667 -0.00538249339151 0.0386408457299
-0.552382517768 0.0294336475219 -0.0986233708406 0.0176367897856 0.0228422605523 0.0300851233526 -0.00402143852818 -0.540209127074 -0.00621842253395 -0.0530165270648 -0.0215441961635 -0.0144336139693 -0.0492379598945 -0.357734060924 -0.0179997081722 -0.152411726093 -0.0783467225985 -0.014927276246 -0.15393285183 0.212904344009 0.0288002939969 0.0348431180207 -0.34437686046 0.0760088611594 0.00984851554008 -0.170176252367 -0.0240025752652 -0.0423487122317
-0.628489526305 -0.0113966545413 -0.0190356037269 -0.050647000464 0.0492443280209 0.0371392172743 0.0140440540202 -0.67807133427 0.0520801255391 -0.0796993222284 0.00135192765773 -0.00853620385168 -0.0268673822917 -0.0699389645861 0.0570912348866 -0.249012555513 -0.0294304461428 -0.0283935030587 0.17082802789 0.0943970546399 0.0197783971565 0.0310464518846 0.0327651516042 0.00281415576159 0.0263443377689 0.115103929445 -0.030889943139 -0.0322992333563
-0.627004213813 -0.0363411593851 0.0315026563657 0.0521412624264 -0.0271451925886 -0.00625231754089 0.00410211199226 -0.649453049371 0.0319227261754 -0.0106229558765 -0.0529001817506 -0.0190576471103 -0.018085540539 -0.03519469016 0.0496188594532 -0.320586974048 -0.0283853833922 -0.000719534271953 0.167614822591 0.0722862009961 0.0297886940402 0.0317146563087 -0.0255809082251 -0.00799919027284 -0.00167466929391 0.174116028891 -0.0293439406735 -0.0153769637999
-0.623445987738 -0.0296976544054 0.11403449428 -0.0417960666008 0.0237976298661 -0.00973020042654 0.0225390577667 -0.552832448377 0.00148749518543 0.0213682073937 -0.0412195195905 -0.0354533289586 -0.00194916393832 -0.14944596165 0.0790157960851 -0.315499303839 -0.0601569989324 0.0256765060226 -0.243035166607 0.108933901323 0.0588760890112 0.0121025995183 -0.266234311642 0.0471101643486 -0.000130969366901 0.0638676996384 -0.0129710014786 0.0343877469409
-0.301282280389 0.00338769324842 -0.0611679979803 0.0191370573876 -0.0184251383758 -0.00669648529071 -0.00556166479162 -0.365297415669 0.0113610278365 0.0863349326952 0.0748768951751 -0.00217938174861 0.0140211876328 -0.519697882065 0.0509415699923 0.0266521206797 0.0224457587814 0.00298685050681 -0.279176851835 0.0709110668604 0.0402030160909 -0.000124693528963 -0.472226280825 0.0306293229303 0.00452641330807 -0.418354857481 -0.00691706102439 -0.0186622958531
-0.409072711431 0.0338197199356 -0.00785913828986 -0.0456475186024 -0.0181458948012 0.0161316147963 0.0112988423709 -0.482195140602 -0.00914581051893 0.114781056482 0.0638681260493 -0.0153641966424 0.0036191589262 -0.380905145499 0.122620475496 -0.0946620161844 -0.0575320550352 0.00183360764849 -0.277627627526 0.0682722848005 0.00491718366576 -0.0183375417421 -0.532062039529 0.0476479912859 -0.00838514874841 -0.195584177823 -0.0192836441651 -0.00113521509599
-0.389996885541 -0.0258404821455 0.0329472298148 0.0339305226326 0.0497029530695 0.00846807734472 0.00273797319499 -0.438917238832 0.00878905454507 0.108586015945 0.0284017594309 -0.00206814703194 0.0019746923802 -0.44180751514 -0.0463821813457 -0.119087846039 -0.069270017307 -0.00194009626126 -0.327806615333 0.0970899807654 0.0491110199841 0.00517103134932 -0.497475918104 0.0641229731072 -0.00213268587727 -0.223296073471 0.00207827676907 0.00119875453625
-0.498809592731 0.0446504160926 0.108851632752 -0.0479343100361 -0.0313439982802 0.00785473325982 -0.000225216972537 -0.52221081685 0.00637892157255 0.0986201284999 0.0767317892239 0.0131149655806 0.0133407550947 -0.263324216459 0.0381726104339 -0.101375605022 -0.00832216907887 0.00865663617494 -0.211264713036 0.132793378651 0.0202252349599 -0.00568760317802 -0.518105511745 0.00754828560107 -0.00344832204269 -0.180867357323 0.00310958567609 0.0120469332279