-0.00365065536346 0.00388730678168 -0.0382973346377 0.0188794431924 0.047238724026 0.0277906410364 0.000493222536608 -0.0204330131622 0.142576934781 0.0682325429635 -0.0136363665413 -0.0177526173464 -0.0317003757018 -0.229182474046 0.467578214232 -0.447269301163 0.0252118100331 0.00182586760025 -0.284169885582 0.556701272585 0.0465787498438 0.00834556912972 -0.283605562381 -0.14959710672 0.00746200562357 -0.0168573185121 0.0182700851566 -0.00104269989103
-0.543557314645 0.00280830975614 0.137497312728 0.0148907454865 -0.141473361191 -0.0238776842885 -0.00181003310361 -0.489763457684 -0.0498785323697 -0.0259612228527 -0.0540146253775 -0.0115647512037 -0.0125632158017 -0.187333193694 0.304964418503 -0.0151611610691 0.0290371250349 -0.0228810727062 -0.240440600355 0.286672098818 -0.0455536845894 -0.0154663335022 -0.337457783076 -0.0226950135636 -0.0168017875924 -0.174288209352 0.011721291208 0.0373301201196
-0.489816483486 0.0197250340524 -0.0987502185241 0.0105023813286 0.141216162333 0.0224739504768 0.0114861265156 -0.473375325942 0.104385492575 0.0766776865663 -0.0199285097097 -0.00430747431533 -0.00712701509139 -0.382669681986 0.261661420972 -0.100710440401 0.0450377475612 -0.00177152590627 -0.152136239706 0.299203086419 0.0164665158658 -0.00506385539302 -0.28929098812 0.0120358286503 -0.00504813879517 -0.25218833366 -0.0204844282313 -0.0018734836845
-0.597468509123 0.0993749144738 0.0678004786749 -0.0197293484829 -0.183299519795 0.0492022240931 0.0172425445748 -0.594814180389 -0.105801228822 0.0197495895878 0.133696468232 -0.0817417118938 -0.0192425768005 -0.106377058145 0.194796532979 -0.185925278674 -0.0222047260331 0.0291107843498 -0.0605401833269 0.243977976906 0.048518243441 0.0291835874904 -0.151894321784 -0.0856768041603 0.0547819672678 0.125401356255 0.0255248803198 -0.0134675403688
-0.579452739027 -0.0397527643136 -0.0824553664292 0.0595888476705 0.16330191662 -0.0246977031437 0.00984824578941 -0.510306018909 -0.00293940672356 -0.149946061746 0.0945120835149 -0.0742893661506 -0.012737723764 -0.123481693371 0.142081800984 -0.361588762665 -0.0164462604108 0.0165121574769 -0.274203101161 0.239546665352 -0.00426435497876 0.00609165786612 -0.101160507376 -0.0950730327308 -0.00328128565492 0.0855794901074 0.0115054041274 -0.036367083842
-0.643097447215 0.0175485617294 0.0838058788822 -0.0128820239355 -0.0443549447692 0.00788788164724 9.01408740974e-05 -0.65146883558 -0.0347451252794 -0.0531260284939 -0.00632617315963 0.0195988973871 0.00899046606624 -0.15213604919 0.221534324891 0.0270799707188 -0.0116267804886 -0.00828172512807 -0.0932664432659 0.153989871619 -0.020982493744 0.00351063663548 -0.191210568478 -0.00853406010176 0.00103856806978 -0.0651456631012 0.0107975641177 0.0305383425343
-0.508220076286 -0.0111329452945 -0.00537380773252 0.0025557241271 -0.0248935359448 -0.0134690173972 0.00128920035801 -0.620926597542 -0.128548901884 0.000730729140102 -0.0710477610195 -0.0174686251868 -0.00126414454858 -0.282767957846 0.186642128029 -0.011694927995 0.00142531762156 0.00248650779959 -0.13222275685 0.151348652353 -0.0511155926777 -0.00445293463605 -0.380086812026 -0.0266016974547 -0.00556567193479 -0.171713265699 0.0164942937779 0.0199624022469
-0.566492686128 0.00597145294654 0.0050842432049 -0.0291441166956 0.0732041534115 0.000890559422001 0.00305006829805 -0.583017210642 -0.0645381312 0.0675921961297 -0.00367896675922 -0.0185153532512 -0.00342453206744 -0.379788666472 0.206357806629 0.0386151138709 0.028314938914 0.00406834639878 -0.0263109730001 0.16251844862 0.014987175561 -0.00792693644322 -0.237759094756 0.0138358145469 0.00419487011379 -0.224304507989 -0.00809895674225 0.0124220437263
-0.630746229142 0.0329813261258 -0.0341388402337 0.0461565291833 0.0692276553335 -0.018877696212 0.00202222616136 -0.595326583216 0.00165939472662 -0.0264469243519 -0.0351596869753 0.00808214027073 -0.00709966937288 -0.281281022629 0.236695917019 0.0110956320013 0.0376417807395 -0.00083042469229 -0.0617558845257 0.203794594242 0.026278503419 -0.000146726753813 -0.199248486608 -0.00274272180207 -0.00428682798774 -0.115999311838 -0.00534267507619 0.0149406903495
-0.672864797348 0.000630669665908 -0.0168025677233 -0.0181711835428 -0.112495161628 0.0194379073025 0.00730114903433 -0.586687492944 0.0394222247112 0.0164375590331 -0.037641458211 -0.0233074453843 -0.0145146203111 -0.0859658043633 0.186432656832 0.0690277409071 0.036174117263 -0.0260625816328 -0.19456540387 0.224650747319 -0.000638732720647 -0.0176528290412 -0.19912190247 -0.0236372063984 -0.0218699559404 -0.0770044586357 -0.00414099343135 0.034459614266
-0.554022206506 0.0026072559751 0.0328205207484 0.036802883971 -0.0137938722073 -0.0235530151066 -0.00581343077008 -0.622115136461 0.0727912145395 -0.0672242109477 -0.0473724078456 0.0308131136356 -0.000495982447309 -0.291550143092 0.152273229224 -0.148990643935 0.024824099886 -0.0121215795177 -0.22603054082 0.188840179692 -0.0155315440341 -0.0202649244088 -0.226915631851 -0.0188121426816 -0.0103156352681 -0.13870626732 0.00756948098402 -0.00183106113363
-0.500869584252 0.0120009227706 -0.00877590903261 -0.00968196329431 0.0222575256119 -0.00279896338939 0.00432014227483 -0.593496006767 0.080436810789 -0.0743767505522 -0.0381502811032 0.0380922832621 -0.0109349805663 -0.334748090336 0.0158182823031 -0.141287919169 0.0229267856154 -0.00905819421159 -0.379181300409 0.154770112922 -0.0102479073348 -0.0227838447082 -0.211442052528 -0.00474615753352 -0.021512460867 -0.182589797466 -0.031980101697 -0.0154855746191
-0.565584912238 0.0540848705686 -0.0704843006368 -0.0024684747631 0.0364392174435 0.00260240249951 -0.00430276919994 -0.621784235066 0.123639886537 -0.00699040573385 -0.031589763656 0.0117038466678 -0.00824275151579 -0.298413430766 0.0606205370329 -0.124206727168 0.0438944086803 -0.00280694117305 -0.270078273341 0.142625418734 0.0141486842048 0.00178841881252 -0.201683336989 0.0104808468966 -0.00275680243836 -0.150703891224 -0.0144782333491 -0.0204265050192
-0.566749396728 0.0473957025904 0.0107359372801 -0.0063490664271 -0.0959351538458 0.0283409249676 0.00397904840973 -0.552314453923 0.0315998784783 0.0512243468932 0.0455244733241 -0.0266234405104 0.00591433428002 -0.164160377396 0.141679791029 -0.0402135959211 -0.00572491695833 0.0118754442407 -0.459523136606 0.139410449914 -0.035627453962 0.00870930863648 -0.244892639721 -0.0829093853861 0.00742059246404 0.0845753250491 -0.00569164650684 0.00625288984225
-0.562494699467 0.0504834523777 -0.0130816230324 -0.031440475469 -0.0594554200327 0.00148320720493 -0.0139237836206 -0.679324035182 -0.00875513209642 -0.00810658520001 0.130674136014 0.00558203990752 0.0363282511349 -0.0519614855612 0.155440684989 -0.19420895349 -0.0321593953271 0.0047747604316 -0.267388973411 0.044693905919 0.0138514358632 0.00326281139423 -0.153324707652 -0.0128439603705 0.00589446489445 0.181657827074 -0.00523707424931 -0.00650427809896
-0.562757578712 0.009650427121 0.00841495926383 0.000119267858797 0.0363823358899 -0.0119996585208 0.0121982009626 -0.643343873081 -0.057809250884 -0.0614154492191 -0.059836870258 0.0320042313677 0.0487388954027 -0.126838880683 0.0946636107353 -0.198519465066 -0.056086666768 -0.0134521055728 -0.337483023377 -0.0153257646989 -0.00107869956742 -0.0203043093291 -0.205278170007 -0.0181070833101 0.0120843434841 0.168634311146 -0.00748028021555 -0.0101301439136
-0.708128852216 0.0310882123339 -0.0653440521245 -0.00333203088076 0.0736484299912 -0.0230092127277 -0.00678235810714 -0.571644112998 -0.0295567582588 -0.0379711591525 -0.0431119512537 -0.0133396526115 0.00557864751958 -0.17081069184 -0.0293553021502 -0.287728490352 0.0218575136467 0.00839589902963 -0.119018943103 0.12268501259 0.00277012963177 -0.00578545610193 -0.0489005994257 -0.0612502267896 -0.0164890480788 0.0788559662009 -0.00636669951328 -0.0289950568776
-0.60636138808 0.00964615237197 0.0787864700645 0.00641283788218 -0.0658891064004 -0.000115058118968 0.0105155135685 -0.652846338918 0.0292080337865 0.0563275237361 0.0476525394539 -0.0257037662022 -0.0335905347169 -0.183992599821 0.0373816184396 0.0550112836155 -0.0614664856038 0.0142983944185 0.109135246526 0.205812322261 0.0616314097066 0.0116043894889 -0.190923176196 0.0376567307535 0.0883511969402 -0.19385847348 0.0483758688502 -0.0343463431267
-0.5137998024 0.0229957595242 -0.0278631555627 0.00219169264982 -0.022678638074 0.00525711067882 0.00502922790076 -0.605970266605 0.0349896382937 0.0698706492565 0.0293344518177 -0.0532305294497 0.0105628880565 -0.234913738495 0.232880846216 0.0174356929017 -0.057770449594 -0.0148481784207 -0.284624781861 0.205025571631 -0.0185649910241 0.00838353760807 -0.292441103365 0.0110766109545 0.057479482843 -0.173252646371 0.0270574345695 -0.0241312786413
-0.495556312957 -0.0304009187492 -0.0170768495411 0.0246201948923 0.0442647203929 -0.00678467793413 -0.00791000463459 -0.637241452642 0.0329847793847 0.0654812224793 0.0774882206436 -0.0771647363755 0.00432012491925 -0.192830919842 0.234772503394 -0.0148622308058 -0.048999018433 0.00138517799565 -0.346705850786 0.117639829845 -0.0296310331604 0.00804258429648 -0.302530580924 -0.00530857693679 0.0196735217326 -0.0646537352578 0.0148940191054 -0.0291508262427
-0.513402994246 0.00914261089576 -0.0513321496118 -0.00767971078738 0.0718599229688 -0.011828843266 0.0035177727105 -0.564860927344 0.0826299709089 -0.00237245213892 0.0274448958867 -0.0824577866997 0.00654994084438 -0.243146296561 0.177760862859 -0.073457357337 -0.024986013821 0.00492872525728 -0.391935863742 0.194477656032 -0.0200506277672 0.00723237157022 -0.283842910172 -0.0248020460308 0.0189487702109 -0.152829268779 0.00600027210687 -0.0352140077283