-0.00156490311901 0.00327748404003 -0.0347806529392 -0.00391130016577 -0.0136983277021 0.0130351830764 0.0298453952391 -0.0418274236193 0.188657777483 0.15539657548 -0.0484836957944 0.0748128749027 0.0300581098481 -0.0823731798295 0.14613253889 -0.307630532526 -0.0816407264205 0.0229210184175 -0.313407046468 0.713840348774 -0.100324867829 -0.0204283200383 -0.365958696661 -0.203259166391 -0.0384955712071 -0.0427309733769 -0.0193260530025 -0.00316216426637
-0.554184184871 0.0284846479027 -0.135485670523 0.00686503244276 0.0835666521791 0.00934347810704 0.0112065569026 -0.513826345775 0.059530750569 -0.0173175281078 -0.0501112947471 0.0339524637152 0.00910663618314 -0.0666906293651 0.141438512778 -0.105278201392 -0.0569580551605 -0.00568266752416 -0.507662421595 0.212076011979 -0.062050749648 0.0190704725324 -0.160402038722 -0.0715567515222 -0.0365199958018 -0.124480306232 -0.0112548060533 -0.0364941007467
-0.452226308876 -0.00651489770872 0.0638928545006 0.00390041157031 -0.00979981202921 0.0250107357207 0.0226968347967 -0.50024312331 0.0998968789851 -0.127466787466 0.118131779606 0.0240708777611 -0.0227298734754 -0.257020863907 0.0365485444073 -0.216574639917 0.024475880088 0.0186791764393 -0.509960969673 0.0595137131561 -0.0018446085294 -0.00856538238233 -0.29567246995 -0.0630966201755 0.00435288221482 -0.165875821358 -0.0245716174045 0.011196430006
-0.54712446878 0.030061112239 -0.0987634245801 0.0234986823663 -0.0607029818912 0.114073533822 0.0150333047026 -0.615577941496 0.0160951319294 0.219056625327 0.0187615661766 -0.0669643946786 0.00316554944877 -0.0593574324833 0.0493887420709 -0.223518702417 -0.0616683732269 0.0030667183166 -0.157061737438 0.315858248745 -0.0258242588459 -0.00993750485075 -0.201496665289 -0.090337435087 0.00198430781292 0.0782781169272 -0.00234274312294 -0.0256737072728
-0.458502132212 -0.0407898120018 0.0772650606972 0.0327886676767 0.0240845017791 -0.0655497076404 0.0157951730036 -0.525977620443 -0.0304810406276 0.0986618074559 0.086477755904 -0.0671808351386 0.0121210267722 0.0253443265817 0.0313112625494 -0.00950324414841 -0.0394660281555 0.00850543279433 -0.0474688229364 0.550232505562 -0.0423573119283 -0.0168526246851 -0.397924806335 -0.0805448526099 -0.0174665942231 0.0183785816231 -0.00368496143796 0.023835557239
-0.636372610184 0.00751622188739 -0.094423382427 0.0344680809376 0.00851927426283 -0.000228415866661 -0.00151363016351 -0.60412162525 0.000824233707256 0.114659932008 -0.0497015061143 0.00515747054693 0.0110155499187 0.0567211694726 0.0596457351857 -0.100939511115 -0.0327994006493 0.00327424923854 -0.395905945837 0.0838944748409 -0.0079555460071 0.0382160100898 -0.122098220993 -0.0218980723759 -0.0203177951764 -0.0441444455028 -0.0108792171303 -0.0533366093737
-0.48913974653 -0.0167144608263 0.00323768178604 0.0373003694468 -0.00541408784088 -0.00462937843607 0.00923577388447 -0.566170198638 0.0815876570546 0.112230644078 -0.0318137755779 0.00376160288438 0.000706275000039 -0.321434805709 0.024900313369 -0.0171336254785 0.0155589657155 0.00380695059465 -0.41252880634 0.0543656754456 -0.0255558931595 0.032917983108 -0.169078695664 -0.0601889509439 -0.0265470694193 -0.323922679291 -0.0261621256909 -0.0144607663684
-0.484591660342 -0.0236428968965 0.000775748143322 0.0478219849977 -0.0167358741501 0.00673801836189 -0.00430688443305 -0.600567695166 0.115316752338 0.130662964835 -0.0486023162097 -0.0141162544907 -0.00526319078352 -0.312888994173 -0.00942519128359 0.0137815653747 0.0283202858557 0.0165452446865 -0.34702476882 0.12706830736 -0.0313021622382 -0.00766110659957 -0.174106100282 -0.047898568795 -0.0113265148056 -0.312953849084 -0.0263098645591 -0.0102919727026
-0.576014625718 -0.0211148179654 0.0646118637456 -0.00594165001879 -0.00786480807726 0.0183512898854 0.00476963866842 -0.581686642483 0.0559282949904 0.0613745100748 0.000579123829844 -0.00383257791743 -0.0198714292935 -0.0652483166372 -0.0135577748103 -0.0973420237583 0.00572463971166 0.0224717092408 -0.453974589964 0.2123810584 -0.0344615008464 -0.00323208063165 -0.212488080103 -0.0318530045667 -0.00256189239866 -0.0627627348276 -0.0203090415103 0.00953175365778
-0.685930577477 0.000251544461259 -0.117458082444 -0.016540361887 0.0315504677027 0.0361497387157 0.000829868706702 -0.563004377046 0.0169558536294 -0.021769763992 0.0699150019609 0.00855741711738 -0.0120668816713 0.0124710633249 0.081407311528 -0.0272516189757 -0.0311815547996 -0.00546953534097 -0.349202234139 0.165407844113 -0.0382908826457 -0.00245368205305 -0.171962727572 -0.01252530917 -0.00909819578075 -0.0232612174857 -0.00444445858206 -0.0247101816312
-0.611115358629 0.000748294755648 0.0124109632719 0.00203503427828 0.0558461187417 -0.047456213403 -0.00496817667229 -0.691991916665 -0.0616415081812 -0.0851608951258 0.086498945616 0.054116593059 -0.000812725151424 -0.192356592706 0.122001836749 -0.0236337279301 -0.0144894623741 -0.00224189480262 -0.199758615589 0.139244704005 -0.043669641277 -0.00379719921588 -0.0265158382018 -0.0714155699263 -0.014351008266 -0.0277898525572 -0.000605322299657 0.00354612722388
-0.477945555937 0.0116914212084 0.0224547576024 -0.034304519118 -0.0138187558802 0.00698185266661 -0.0092229865966 -0.57377611537 0.0127880317315 0.0247344523451 0.138034425825 0.0294170383942 -0.00774845037455 -0.361366023012 0.0569021326755 -0.202958959859 0.0120617396935 -0.015967950827 -0.36918071927 -0.100670382867 0.0364664376777 0.0033376356535 -0.270182701533 -0.0141715528508 0.0140098656196 -0.151202104963 -0.00281998803739 0.000745059487352
-0.504669605856 0.0191799439709 0.0434330260538 -0.0521380240454 -0.0126736099749 0.00294400293134 0.0151279352615 -0.552038010488 0.03098989886 0.0511746404773 0.122474165687 0.0159044574118 -0.00841739470223 -0.136110603679 0.00197674480576 -0.233877101477 0.0135916656358 0.0239033408334 -0.507900516971 -0.0927835644473 0.028084774553 -0.00214003479902 -0.269667464332 -0.0402104020252 0.0104921550522 0.00696822006381 -0.0130247904606 0.0165377726987
-0.614289562491 -0.034653920006 -0.0824798310373 0.00240580296782 0.0078313185033 0.0199903479609 -0.00536216288968 -0.602623330461 -0.00611513992287 -0.0764563782594 0.0623357317986 0.00276720163176 -0.0145730669344 -0.0487841388234 0.070649230976 -0.250769722095 -0.025655410381 0.00115342356519 -0.346497576701 0.0236239368873 0.016633977167 -0.0121052697466 -0.21282537892 -0.0476334615993 0.00884669839033 0.000652855073921 2.79769287383e-05 -0.0374839795104
-0.617823292423 0.0259394952598 0.0260374813265 0.0300525207505 -0.0335350485766 0.0220686946089 0.00273168988321 -0.721512916505 -0.0620587655918 0.0490456858556 0.0484595439109 -0.0176568946134 -0.00953569658656 0.0308061026057 0.00275905379003 -0.0365812134132 0.0130136740462 0.00434045248005 -0.00493522442946 0.25393468227 -0.00130963627878 -0.018019158727 -0.0158880609712 -0.0503474800357 0.00321592816062 0.12055983169 -0.01159414679 0.00702249478912
-0.5960517425 -0.0312422698882 -0.0395678440782 8.9959789795e-05 -0.0241677911196 -0.0180509258087 0.00921833797739 -0.67681414977 -0.0937153527756 0.0170196831406 0.0129132672404 0.00549390826511 0.0202267545391 0.0524480901213 -0.00329071096022 -0.0172628887033 0.0277256427164 -0.0244961494793 -0.00465759734975 0.353151904537 0.00884952206568 0.00122102773448 -0.197001787184 -0.0178970427139 -0.00216380331078 0.0692875503506 0.0156954660724 0.00143385293798
-0.657381759629 0.0422476799667 0.0889037245609 0.0415552444735 0.0162615150246 -0.0130433998746 0.00959913052524 -0.557197849935 -0.0577061154671 0.00885522322382 0.00201848463412 0.0112862545208 0.00207112751372 -0.0609646883804 0.0873927445954 -0.00225281947393 -0.0548387398853 0.0189325109131 0.0285494575335 0.380944154914 -0.0086409260907 -0.0187963652818 -0.265342569556 -0.0308518177306 -0.0205045803548 -0.0936752799659 0.00198954691047 0.015776285988
-0.433553463264 -0.000204314162775 -0.0362713288352 0.0416269887177 0.0637273752265 -0.00674394617279 0.00455692646602 -0.373039615207 -0.0206735911937 -0.00865968421398 -0.0191815273128 -0.0133293606435 0.00736552650793 -0.275072270767 -0.151488517857 -0.227778807231 -0.0172272971339 0.00440507348159 -0.551780500778 0.12464733772 -0.00637696334058 0.00748082045037 -0.419757795295 -0.008908574784 0.00193348874611 -0.129634106385 -0.00370858716114 -0.0242497608167
-0.542741548569 0.0149636248198 -0.0228366000125 0.00012727015994 -0.0412666837978 0.00685651132507 -0.00147794189171 -0.590602938311 0.0201091154766 0.0597483405086 0.0637222093773 -0.0300974108411 -0.00497856591198 -0.126344784181 -0.0915517868184 -0.0868389680538 -0.0657993699092 0.00916842030024 -0.316141085435 0.223170486869 0.0246611458602 -0.00633620829265 -0.395817777899 0.0415477088298 -0.000322473928806 0.00533820435433 0.00319039433178 0.00470894997343
-0.534586965926 -0.031527246154 0.0422085940787 0.00243908086046 0.0208633304537 0.0242471595063 0.001713675373 -0.638394631234 0.0781921291089 0.0309800534534 0.0205412797893 -0.0529319626483 0.0198089136888 0.0378683832454 0.0320905474299 0.0448749518841 -0.0520775156462 0.00252462913998 -0.288566596146 0.177225717712 -0.00363802513658 -0.0232932071068 -0.405448848172 -0.0400883244822 -0.0129936628643 -0.0542727492204 -0.0240242857487 0.00725992908569
-0.454706763465 -0.00798723404979 0.051405732233 -0.0319547018477 -0.0228369451766 -0.00924079035369 0.00999094455194 -0.4370518474 0.0282029393011 0.0412823162578 0.0172355321999 -0.0183992355581 0.0136545392929 -0.135310732132 -0.118477020795 -0.0769650948789 -0.0539519638219 0.0195724279131 -0.614098795585 0.141744600504 -0.0197523108981 -0.0101018545071 -0.390457778585 -0.0329804834515 -0.014561532213 -0.0318257695299 1.85697027759e-05 0.0209114629203