-0.00423680094826 0.00307025590347 0.0317249127812 -0.0192061001238 -0.0577302133237 0.00640533074808 0.0195492159058 -0.057025802102 0.213856219856 0.202113292719 0.0454527279532 0.0127955176337 -0.045112324082 -0.141683764176 -0.405817124333 0.0982750855285 -0.129861024949 0.00704919977205 -0.420445961637 0.648190397746 0.126189965133 0.0118622631374 -0.270983297219 0.0174281613264 0.000769528877453 -0.0299178579361 -0.0421355077844 -0.00314961594507
-0.477207743617 -0.0339932895539 -0.0907564275778 -0.00316440944524 0.145210751846 0.029899045247 -0.00631894619636 -0.609514038785 0.158057554714 0.140480973547 0.123509517331 0.0302210886449 0.00908329291915 -0.0103876440581 -0.044507326121 0.0885367961335 -0.0384062332155 -0.00102740597641 -0.372373557696 0.35671481952 0.0497786288194 0.0023158602476 -0.155915346621 0.000756800010089 0.00964948119079 -0.0529089303749 -0.0330867551872 -0.0168440691927
-0.549333737938 0.039808757616 0.140270153723 0.00841407511292 -0.130856840473 -0.0304421404507 0.00571059939644 -0.553200445166 0.0364560381025 0.174887978218 0.0568496308008 0.0211831317591 0.0131678899714 -0.0665600420301 -0.198737065625 0.0987355579738 -0.0788192139229 0.0106212903142 -0.33234125043 0.369844006465 0.0816953535826 0.00244755236704 -0.0520897256549 -0.00835181732394 -0.0124863189868 0.00450823999975 -0.00151788609506 0.0118773225732
-0.589349001217 0.089969542685 -0.0492976875988 0.10249419323 0.152214555161 0.0536086527604 -0.01570036531 -0.532097809224 0.067956019311 -0.0703733113795 -0.0942962238182 -0.0196030738147 -0.0323090618072 -0.257706042439 -0.337531343487 -0.0131214303405 -0.0893531466057 -0.0054491910434 -0.0845883182278 0.243378378045 0.0443852403378 0.0164204141648 -0.20795409126 0.0112547910177 0.0143915904586 -0.0271427158629 -0.0167544871987 -0.0240858035627
-0.545691930827 -0.0427827254422 0.0708838486224 -0.121039849692 -0.145247903453 -0.059939215946 0.00795846599905 -0.446525580504 0.0829591139389 -0.0379320100624 0.0238828271771 -0.0482722060435 -0.0376208153299 -0.169238304355 -0.304615353521 -0.0302452735691 -0.0430829931598 0.00662714285544 -0.389924088436 0.228796351842 0.0365220541571 -0.00953048366754 -0.335776362188 -0.00125870548361 -0.00775194490356 0.00573913190141 -0.028478061142 0.0151039542982
-0.588419109039 -0.018627770882 -0.0775218316319 0.00850692415094 0.108047650024 0.00557271087916 0.00234853652817 -0.575264117941 0.0417029724434 0.0689271074523 0.069444471745 -0.00135764107587 0.00456398470817 0.0877845411499 0.0129735882536 0.0649955630608 -0.0316098412865 -0.000286139988032 -0.415089258721 0.21757449848 0.0147376733511 -0.0129605098389 -0.241310662605 0.0278436913206 -0.00607378323936 0.00894083179752 -0.0272998648444 -0.0192280724332
-0.448807343526 -0.0235470032105 -0.027699141548 -0.00599625429872 0.0508659273616 -0.0170809462398 -0.0041042438877 -0.676659018236 0.0498770029948 0.0825500752729 0.106742059883 -0.0249928816848 0.000538352538314 -0.0757911018483 0.0707235356178 0.167347241711 -0.00226868383183 0.00900491207059 -0.394319124986 0.162368884672 -0.00564222844513 -0.0228191878459 -0.275861090197 0.00701425277766 -0.0159160614907 -0.127272752227 -0.0358917388301 0.000501180143101
-0.462838887266 0.0136543844501 0.057213526979 -0.000800724773317 -0.0310278412256 0.0122789216644 0.000501211638284 -0.703121202571 0.0494781030252 0.0591011892986 0.139789191771 -0.0220482750807 0.00964529175929 -0.0908370200114 -0.0060093564191 0.0337021986433 -0.033223339185 -0.0071683501396 -0.377913050471 0.241400797906 -0.00229736242646 -0.0140738236239 -0.195187837947 -0.00833318938384 -0.0135639758196 -0.102310652666 -0.00182548456163 0.00826626459742
-0.560527239737 0.019084338302 0.0989900597557 0.0046104878055 -0.0408988025507 -0.0216216096078 0.00260575935824 -0.575863784939 0.0470517756667 0.051448860841 0.0801861692449 0.00886106126294 0.00527250811055 -0.169300871168 -0.0228904646424 -0.0428732753748 -0.0752295460924 0.000163469962631 -0.398539125626 0.311495393841 0.0337385068991 -0.012265306163 -0.187944330741 0.0138907635249 -0.00903173052243 -0.0317878974955 -0.00121350290947 -0.00401955645574
-0.668703569885 -0.00645370055717 -0.00822781143202 0.00886080801538 0.136863501555 0.0304620141612 -0.00123321476351 -0.529255924357 0.0557106868501 0.0667158274499 -0.0148150667638 0.0193869887544 0.00396351429376 -0.340972210128 -0.219753242594 -0.104941525195 -0.0617392309174 0.00987137521182 -0.161896750808 0.133086172736 0.0643575094247 0.00952313318005 -0.126145026123 -0.00873024372137 0.00234273783241 -0.00233935196076 -0.00972226865137 -0.0313729808499
-0.479878719966 0.0198825637414 -0.0380648835507 0.00525516066485 -0.0333290920714 0.028756737835 -0.00441334460385 -0.6300553911 0.0543760948836 0.133983929827 0.03956037397 0.0457341339406 0.0110453324397 -0.38975636832 -0.0792895482681 -0.0215539058943 -0.004763356299 0.0147317137016 -0.320271649638 0.245795025611 -0.0241286343291 0.0126574990515 -0.123279565771 -0.0383795902115 0.0328956519844 -0.0619488232228 -0.00181882000918 -0.00195033413967
-0.658151105703 -0.0402911401816 -0.0813181528257 0.0127396113747 -0.0366810328174 0.00712073200746 -0.00425482291232 -0.665336626709 -0.0552489623287 0.0745177794067 0.0448819392372 0.0221576609259 0.0109915431255 0.00961459160389 -0.137245988978 0.186724474565 0.00254226807205 0.0116479984437 -0.120283397073 0.167585339179 0.0431276175963 0.0131274346128 0.00873939989827 -0.0406452974204 -0.000395150922501 -0.0535422679377 0.00153742889512 0.000342088453998
-0.704286689196 -0.013568620434 0.0159456521809 -0.0808775433513 -0.0628561229757 -0.0411972334083 -0.00127217506484 -0.509762846983 -0.00635309500429 -0.00812272862798 -0.0131011098645 0.00906645352392 -0.00722586468459 -0.284645770106 -0.177308058288 -0.0838938182367 -0.0754114138013 0.00716095532859 -0.2072668664 0.219460172776 0.0561949030702 0.0060356090385 -0.0419668174461 -0.025913887911 -0.0117717002927 0.0925568268176 -0.00215466340908 0.0195805401699
-0.75726738245 0.0153818537703 -0.0275557589133 0.00873397606288 0.173519857848 0.00254472233899 -0.00214232640886 -0.526588271958 -0.00270270285451 -0.00226292823712 -0.0113356218825 -0.00421531895967 -0.00909111407219 -0.0148094722738 -0.145736579358 0.0307082988037 -0.0548409464416 0.00408981485531 -0.198005287179 0.182973236547 0.0193750466083 -0.00789972556648 -0.132923364685 0.00772798438404 -0.00152574044741 0.0322149256487 0.00551113310728 -0.0216676282279
-0.577442390616 -0.00436894822243 -0.0151392275043 0.0125407283058 -0.0415168271948 0.0118802263076 0.00675040555047 -0.717038108992 -0.0400047931443 -0.100784796625 -0.074817590518 -0.0263015393225 -0.00165695773999 -0.188921398787 -0.231143594485 0.0749286266277 -0.0259864112091 -0.00411158772161 0.0724853657104 0.0648029868553 -0.00170274822333 0.0150045052227 -0.140802753106 -0.0460522631496 0.00513026403572 0.0695836960572 -0.0110935241696 0.00251664741844
-0.634286353642 0.0273528372848 -0.0360556123098 -0.0413711141263 -0.0641904900201 -0.00384460274368 -0.00964547561114 -0.674107065248 0.0366737249215 -0.0346179786745 0.0624711592762 -0.0516778338876 -0.0269881759393 0.03788522313 -0.154058172673 0.107079617821 0.0262132655088 0.00780888197396 -0.0756713852337 0.133159058823 0.0234795760449 9.33104182746e-05 -0.202628629346 -0.0520812663717 0.00443880056208 0.137656923205 -0.0350348365416 0.00824449762787
-0.655850585029 0.00713210105148 0.0642258731153 -0.0545780487178 -0.0573681875501 -0.0492253456795 -0.00466927067335 -0.515858538006 0.0292014007678 0.023150395095 0.0461394522427 -0.0169356962694 0.00201622502419 -0.204827492049 -0.262953271164 -0.0499405700694 -0.0621463612194 0.00552186099715 -0.333941882466 0.123293108047 0.023525746898 -0.0108442275892 -0.202275786657 0.0215258895336 -0.0148271838284 0.0140714910248 -0.00559191485758 0.0186571855958
-0.495687394877 0.02413848508 0.0205268952087 0.0278100386693 0.120823254456 -0.000181790751468 -0.00777791303703 -0.415767422097 0.0269343197405 -0.023962856395 -0.00988962351809 0.00798966323663 -0.0106980445845 -0.510617277295 -0.212155691715 -0.143938933819 -0.0386950893207 -0.0025947503063 -0.305273728858 0.157684077894 0.0268480498075 -0.00205738055824 -0.311769154245 0.0340449010954 -0.00533044537914 -0.133291730676 -0.00728857839405 -0.0216410524546
-0.481425187392 8.74960412737e-05 -0.0409140498227 -0.0317965771286 0.0042941212049 -0.0117694138423 0.00267230689865 -0.68807868313 0.047619198266 -0.040420454673 -0.130358896562 -0.0260792859272 -0.0084964883985 -0.266349039217 -0.236522527587 -0.0204301884863 -0.0670273598116 0.00123268437857 -0.212941081568 0.160646598099 0.0147438231516 0.0158598327879 -0.214150520089 -0.000297369675929 0.0305806845823 -0.140909194532 -0.011599715611 -0.00889675990896
-0.391292052962 -0.0179562097399 -0.000292760744064 -0.0351420610438 -0.00951989960258 -0.00385793276199 0.000857309590387 -0.46803675815 0.0158375756256 -0.0626212683977 -0.0957279968768 -0.0259039437026 -0.00993719662771 -0.295913721421 -0.23461482608 -0.089045224197 -0.0272452170479 -0.00226997132103 -0.508015979603 0.0854707182082 -0.0137130551955 -0.00799985042816 -0.408810869516 -0.0211925016522 0.0155983860321 -0.16515832913 0.00526534634989 0.00396247084849
-0.515359240619 -0.0243971754087 0.0349710531211 -0.0926040563234 -0.0544537833319 -0.0231984499762 0.00124805274011 -0.392453369528 0.0489884256651 0.0103182386071 -0.00548719272155 0.00320151955853 -0.00151632641811 -0.420053737826 -0.143290520405 -0.180132785373 -0.0473568168549 0.00837093369663 -0.437028914797 0.188522434221 0.0201546459667 -0.0176739776637 -0.292942785077 0.0244950009763 -0.0150805450698 -0.135053471162 -0.00635598909523 0.00483620387179