-0.0320004219531 0.0713897782237 0.151327639808 0.0767594645347 -0.159650402317 -0.013545189614 0.003841075466 -0.182982504527 -0.252935379515 -0.342263066316 0.404464619469 -0.0328540343802 -0.0539312495585 -0.149487565842 0.0906267595986 -0.310518947151 -0.202130845105 0.0540382437548 -0.183028190493 0.508224429076 -0.0105702883007 0.054088356206 -0.289866280641 0.0772866151969 -0.0270219002832 -0.0290113359048 0.00454879105659 -0.00653969477229
-0.372017991229 0.019124161409 -0.0107352444795 0.0380191487466 -0.0678846111269 0.00213767776266 0.0110570833112 -0.49858553936 -0.110443505433 -0.19355813434 0.0414654924931 0.0434269583235 -0.0152856284556 -0.305948464593 0.0330163546268 -0.322880221739 -0.0783718597844 0.0282884635272 -0.224532464548 0.227994426908 -0.0346163257095 0.0207817283538 -0.489440312351 0.0547750668569 -0.0159503150862 -0.0109567132791 -0.00259291086625 0.00192296098957
-0.580760532964 0.0380402033989 0.108617544532 0.0518655657324 -0.0676952633474 -0.00149941059964 -0.00936426369239 -0.65444246896 -0.0844658640164 -0.160180389751 -0.0366638686792 0.0506749593794 -0.015432376129 0.00107410406788 0.135089988354 0.0398043812889 -0.132771692664 0.0351259121173 -0.0208630957199 0.338050540059 -0.010147484422 0.0311367437742 -0.116243639693 0.0670295548094 -0.00515067213778 0.0659671419299 0.00134440930335 0.00194128843702
-0.548737262569 0.00102681822442 -0.046686966519 0.00294750617973 0.0202300976667 0.0755449306822 -0.0115563131449 -0.654029149758 0.00952199796094 -0.0173857112538 0.225512051782 -0.0918114605056 -0.037839058654 -0.223129027115 -0.14451333957 -0.170309869922 -0.0140455479217 -0.0106613002449 -0.158968365828 0.222263852747 0.0432236335694 0.00366664350733 -0.134870021488 0.00131909160768 -0.00845998869992 -0.0805712939373 0.0168961350236 -0.00169699797245
-0.657869449719 -0.00279429453774 0.235533524208 0.0502046984653 -0.012885853309 -0.0417872655362 0.00645465022903 -0.595778444421 0.0450383530513 -0.0151264849388 0.178954764087 -0.0560877749958 -0.0395682339307 -0.0811595473432 -0.00850112100944 -0.22765618621 -0.0556641024922 0.023233118026 -0.0448303276337 0.103195468961 0.028416559462 0.0276455083195 -0.165795759139 0.0530873332594 -0.0147485197209 -0.07853088916 0.00072419904681 -0.016025046648
-0.452161468854 0.0134301063094 0.0152339655189 0.0217271683296 -0.0192089784408 -0.00483776573864 0.0104185709213 -0.474410090585 -0.0387118506153 -0.0261706398598 0.0525854117803 0.00689400415621 -0.00425875775477 -0.334004636035 0.0944249847852 -0.13043691831 -0.0433067372916 0.00661158779082 -0.444230212736 -0.0670424574717 -0.0399844364302 0.00822071562354 -0.460785660909 0.0168018412177 -0.00365523160947 -0.091816113827 0.00215205521767 0.0110294360209
-0.354369520019 -0.00197457565645 -0.00611433536842 -0.0202647204594 0.000708806285688 -0.00123550649389 0.00227639285633 -0.3831032991 -0.0405926694015 -0.0125436177567 0.0841237407247 -0.00575328093657 -0.0102653382177 -0.371051538724 0.0626529630208 -0.0391829806944 -0.0468039000898 0.00836826516307 -0.521301786581 0.0110318100375 -0.0544232191122 0.00467945937879 -0.53857339749 -0.00486269085982 -0.00775972580138 -0.0880291615761 -0.00392831714903 -0.00179447146642
-0.392167249707 -0.00255814511694 0.0305051180651 0.0364094890824 -0.0222781286534 -0.0112944742644 -0.00421862760844 -0.390866298472 -0.00303718343 0.0413265115118 0.0521018382141 -0.00743156210008 -0.0112217358837 -0.278807483344 0.098305771028 -0.0615748230889 -0.0398393060863 -0.0027972272086 -0.514431718163 -0.0233391138826 -0.00297151516894 -0.00079290719461 -0.570212828585 0.00569378914314 -0.000885078521758 -0.0505759124683 -0.0035424756736 0.0136560486325
-0.615041843113 0.0434485788334 0.0876949317427 0.0228380917998 -0.0362665564936 -0.0183431936681 0.00228912642015 -0.555972608496 -0.0329658983852 -0.0195605904061 0.0347484227113 0.0187513861578 0.00357790706616 -0.102430992859 0.0621984230593 -0.138649358924 -0.0820653260035 0.0177113396151 -0.341743216007 0.102197773364 -0.020329652005 -0.00164033371469 -0.358724569633 0.018775817103 -0.00193094388156 0.00400595434828 0.0183933933098 -0.0120198156047
-0.522477905232 0.0134546400951 0.00883927779342 0.0120719587266 -0.00169564849317 -0.00517770941636 0.0073700985547 -0.653204169642 -0.053213411577 -0.120878462187 -0.0164561570196 0.00758608586412 -0.0035190895996 -0.178205329005 -0.00831954882524 -0.28387613405 -0.031465250651 0.0243915896899 -0.0778931931862 0.20456832072 0.00346043741911 0.0111027847742 -0.340155411135 0.0442741108096 -0.0151853225077 0.0456631747512 0.0055604911348 -0.00280904537916
-0.496778065516 -0.025602449835 -0.0172365565836 -0.00803084946459 -0.0183107778903 0.00243877366809 0.00196887454181 -0.743712107664 -0.0648000048847 -0.147448133996 -0.0457920148608 0.0232370681775 -0.0080513794659 -0.129723381526 0.00364511872012 -0.204364200747 -0.0407413288926 0.0222165355426 -0.0922707981509 0.189403883417 -0.0133234833107 0.0237146490013 -0.24529414684 0.0393732275664 -0.0106955414435 0.0481524702286 -0.00492559738754 -0.00599691035122
-0.575772234599 -0.0612962793971 -0.039599331029 -0.00157662162742 -0.0559152948416 0.00797877982822 0.000848016713061 -0.735789539751 0.00539485374474 -0.156673367373 0.0216930509177 0.0157262224406 -0.0145440903048 -0.0137505929303 0.0706730440028 -0.000356805721045 -0.0394095779497 0.0151068285267 -0.0867866702496 0.268569436814 0.011338666765 0.0336953923563 0.0188036403021 0.0442451016531 -0.00734644774294 0.0520679360236 0.00319834123576 -0.00995858034063
-0.762356843653 0.00444478122717 0.10638082628 0.0176002881221 0.0441806655384 -0.0282072256576 0.00809823598926 -0.572588839021 0.015731820127 -0.0390434124789 -0.00692763774067 -0.0063856397104 -0.00226957817231 0.107987368454 0.0360007786626 0.0620645422443 -0.061067429038 0.0286662177806 0.16769137998 0.125642394577 0.00587615463164 0.0180590942558 0.0187072863559 0.0380777530957 -0.0133920647747 0.0832329640237 -0.00970871876053 -0.000317397444846
-0.592304468702 -0.00878607540638 -0.0513816941382 0.0214133652007 -0.0495683006026 0.0365328237332 -0.0112532028577 -0.73630795493 -0.0181837384149 0.0984926614683 0.0883108100023 0.005659604895 -0.0035121675759 -0.0916901810635 -0.146040340585 -0.0416020621589 -0.0218487324544 -0.00484921275066 -0.12031163146 0.138561160403 0.0316557692013 0.00633994373467 -0.113176094925 -0.0141461348992 -0.00834044536749 -0.0478536735512 4.18039715023e-05 0.00244104280594
-0.55914042497 0.0201889594837 0.00372723322635 -0.0517588815845 0.0296842009651 0.00365911676539 -0.00289695346948 -0.779671507384 0.0175036418454 0.0717448015102 0.120015590122 -0.0200439880727 -0.00750987446993 -0.0461085060906 -0.111636572117 -0.12200597929 0.0310510502144 -0.00714805387162 -0.0224796952972 0.14397843218 0.00420654961215 0.00152224716377 -0.0441695867695 0.00386863344383 -0.0240094960754 0.0252786688271 0.00435371838624 0.0145055257197
-0.594215005692 -0.0362985085342 0.0454995598316 0.0352460546677 0.0164942119185 0.0014330300747 0.00388572338794 -0.743138390602 0.044784542281 0.0611691424586 0.125510801423 -0.00865087518319 -0.0324150789662 -0.0339437795171 -0.171191988181 -0.0745280693641 0.021625550306 -0.00192318341975 0.0286535637489 0.109701952008 0.0291211278986 0.0119321199849 -0.118919733509 0.0212282858685 -0.0304065033943 0.0321259125712 -0.0141083893092 -0.00546472608911
-0.612048697692 -0.0107727338371 0.0810551448051 0.0729479251749 -0.0564291947423 -0.00634659668662 0.00130967114847 -0.585761476974 -0.0268818097059 0.0875930953882 0.0777295131818 -0.00975245246602 -0.00501692466281 -0.235363107675 0.169811084078 -0.200473128029 -0.0489385455744 0.0176956641745 -0.120985634258 0.136016655579 -0.00570964006619 0.00607897551706 -0.286891358916 0.0113237696168 -0.0118532500438 -0.0975865334674 0.00644323512103 -0.00347624586132
-0.501326777014 -0.00670186322039 -0.0137222785444 -0.00275941740561 -0.0389820771637 0.0145776973026 0.000670040276097 -0.591194416212 -0.0305180477602 -0.133630105654 -0.0106458686948 0.0263893888454 -0.00807858946797 -0.377826181307 0.120567501085 -0.143077483832 -0.0207362432444 -0.00986375299482 -0.291617640344 0.0145101007989 0.0253001522598 0.00512454783424 -0.281313372115 0.0119238572438 0.0159699284362 -0.183457724672 0.00110659270793 -0.0112312436184
-0.597692578105 0.00554290433877 -0.0553872826607 -0.00938328216711 -0.0138861109797 -0.00410216764577 -0.00969643493544 -0.696169990614 0.0648661795739 -0.135547480538 0.0429454046486 -0.00653013286917 -0.00772891861179 -0.225468521009 0.0318268169505 -0.105108020647 -0.0249411827021 0.00144178887813 -0.153405498164 0.121482065111 0.0461083861884 0.00385302459034 -0.0970789690245 0.0719673714401 0.0303040994794 -0.100470513269 0.0111983984266 -0.0199700846923
-0.496335776882 -0.0158932790344 0.0245752907775 -0.0132107952642 0.00482067337692 -0.0106587460181 -0.00295031595278 -0.649749002056 0.0699012531273 -0.17349690572 -0.0315841398636 -0.0252862771926 -0.00762694410239 -0.315206924684 0.108575851036 -0.124356350464 -0.0174941554463 -0.00559523025865 -0.260199588889 -0.0184972981406 0.0214387496944 0.0103777695026 -0.274886422674 0.0231642626514 0.0309381240656 -0.143555704196 0.00828647062339 -0.0180404064004
-0.673477227381 0.0182441342897 0.0736504147948 0.0518343986098 -0.0542862570137 -0.00464091033489 0.00415774533238 -0.589476281811 0.0590722715018 -0.0936392663264 0.035237213032 -0.000714612170914 -0.0137548472602 -0.15551136587 0.213299298036 -0.178555324884 -0.0342044943473 0.0332234141566 -0.239270824729 0.0949049902649 0.0196106609193 0.0261689681934 0.0124604385489 0.04370331547 0.00156876752253 -0.0194172263186 0.00262383513031 -0.0145756083907