-0.00835227706535 0.000804645581628 -0.0455329715595 -0.0397849257562 -0.0407565669172 0.0132814382619 -0.0136708602812 -0.00258095656457 -0.0228744846741 -0.0117716251836 0.0438537132101 -0.00285244888048 0.020760387756 -0.122085929276 0.310467839522 0.0864772978369 -0.0188779103905 0.0193798049854 -0.509662514411 0.627968641074 0.138685022166 -0.000803329685674 -0.413225582378 0.155238371068 0.0105161974862 -0.0579427386806 -0.00735025926331 -0.00135893959065
-0.55773726348 0.0208756513561 -0.14104951443 -0.041095588557 -0.0476434502877 0.0212861341355 -0.0564676516062 -0.541575374262 -0.0273549297128 0.0315497448339 0.124677543316 0.0700694253962 0.000552389824777 -0.0293136566981 0.182915941873 0.115251484987 -0.0186587579111 -0.0335169397449 -0.162752424104 0.430233447532 0.0761965233836 -0.0291319265546 -0.25785941484 0.0949334349625 -0.0286553987298 0.00219011762758 -0.00880165740606 0.042105906806
-0.288587905563 -0.00702702667469 -0.00578373080563 -0.0163379154345 0.0532959114397 -0.00779135946968 0.0394052080069 -0.328656793439 0.0110177819125 0.056993849016 0.0609481561588 0.0444205968845 -0.00771992651858 -0.27924614926 0.193075958692 0.222350728451 0.00779924013046 0.0285767221339 -0.429682578864 0.37108998115 0.0829342763954 0.0171510296284 -0.536487890386 0.084483283288 0.0236071062601 -0.0335396044598 -0.00829496858048 -0.054699317547
-0.396933725154 0.00719772788477 -0.111878044087 -0.00044305568375 -0.0120746017249 0.0337276935668 -0.0480986702676 -0.419380497102 0.0379141469329 -0.0798171957927 -0.0818785105419 -0.0632723764018 0.00474115288155 -0.0654367747278 0.250852626077 0.00588656242681 -0.0245605087964 -0.0144455956194 -0.492341485698 0.465798265873 0.0691232966649 -0.0120968617186 -0.295443248355 0.0865189064707 -0.0196948011998 -0.0641577903403 -0.0112008383656 0.0104864888765
-0.459238429069 -0.0393563969317 0.0912990517781 -0.0310466400729 -0.0442721805299 -0.0442980530397 0.0537063860741 -0.503243696132 0.0164324797452 -0.0715589009098 -0.108878639602 -0.0740539017916 0.022330240652 -0.137133526729 0.188898325369 -0.0336208319692 -0.00235831371903 0.0692322471308 -0.394796274046 0.420054210102 0.120057735474 0.0331004327779 -0.256750007469 0.1089934942 0.0513695381533 -0.0734176940034 0.00826721950854 -0.0287938348042
-0.512256745888 0.015047467759 0.0109895685843 -0.0144020689661 -0.121378243689 0.0132340111984 -0.0108204562024 -0.407500696731 -0.0069610346578 0.0131152394361 0.0122883703869 0.0132473764651 -0.00296106258862 -0.245398021232 0.266179443601 0.231129816628 -0.0122743228 -0.0217499770426 -0.381097331645 0.24829186373 0.00917716799242 -0.0170920187328 -0.398878654027 0.0337021548807 -0.0130075484224 -0.0182893339148 -0.0125667519444 0.046071097488
-0.179502785747 0.00149535803621 0.000430869680954 -0.00765088501155 -0.00354377710348 -0.00981438254903 -0.00925558012717 -0.181043443571 -0.00144659821302 0.0119633267488 0.00643790400137 0.0121089015153 0.00551821351488 -0.631152961156 -0.0163608051501 0.0120897397874 -0.00552998684502 1.8246802165e-05 -0.41298848443 -0.0339339801243 0.0028072603175 0.00175928741652 -0.387504544288 0.0146352955943 0.00379594216304 -0.456429720959 0.00473228255962 -0.0715783832755
-0.145407151971 0.000441142660913 -0.00606143128646 -0.00336629015269 -0.00241767592273 0.00474794176057 0.00640085512549 -0.146496276367 0.00302631194781 0.00651681714585 -0.000216912910568 0.00285509809497 -0.00377047274086 -0.507387103835 0.0142877315184 0.0477815707142 -0.00769508252896 -0.000516817179063 -0.423453004539 -0.0396276140365 0.00990259798256 -0.0022675958813 -0.559603573779 -0.00759148550438 0.00037257981956 -0.443162298313 -0.000414567771911 -0.081379590306
-0.396273937058 -0.00031205259724 -0.045219441388 0.00586042170836 0.122937983839 0.00858591107304 0.00789650915149 -0.338893769461 0.00177845848242 -0.00149146761245 -0.00108689962457 -0.000299551115782 0.00431802512901 -0.321096737351 0.207634356294 0.222234379153 -0.00896654033786 0.0274577061548 -0.441589953149 0.234282140625 0.0229570219253 0.0340055124663 -0.500370859847 0.0346262096058 0.036056312071 -0.0607293287184 0.0341799632192 -0.0708976211092
-0.679687131933 -0.010542112423 -0.0695208533535 0.0303826298217 0.00548558605064 0.0500626374641 -0.00824357003708 -0.619255136455 -0.020471510999 -0.0166254841338 0.041563836241 0.000852536466784 -0.0139994014012 0.0426334458942 0.0414352144196 0.146267278374 -0.0186579729989 -0.025957579407 0.123163751216 0.264092705857 0.0425681552865 -0.030100567336 -0.0890277901731 0.0464867190414 -0.0399719169971 0.112648601508 0.00208164910801 0.0741308637992
-0.564940853569 0.0170484539007 -0.0595725673575 -0.0105097770749 -0.00555956524276 0.000655949767742 0.00348125226415 -0.640070970962 0.0127971754701 0.0491211005218 0.080401254687 0.0170113882469 -0.0130665830986 -0.00121371534103 0.124684781414 -0.106040045601 0.013698634722 -0.0189736169202 -0.338051300275 0.275426378873 0.0645853733688 -0.0136807607305 -0.168181195679 0.0613682934061 -0.00972557056562 0.0357913704113 -0.0141419042506 0.0468304964392
-0.474258069156 -0.0371642512721 -0.013749817266 0.0204146156595 0.0186897699595 0.00686234484533 0.000531814283163 -0.660929626961 0.0297274875495 0.0460771955688 0.0814635539323 0.0315636659759 -0.00380535577015 -0.158429929167 0.121846494322 0.143539323201 0.023223973887 -0.00850291202988 -0.244731518563 0.279074084154 0.0899295395021 0.00448886955274 -0.331131601867 0.0849916743935 0.00629083098948 0.0256380216934 -0.0239512436856 -0.00513285595917
-0.470238891113 -0.000916374568518 -0.00648380918836 -0.0364302896355 0.0460990025401 -0.0150833154932 0.0288494076017 -0.496672118665 -0.0143265953879 0.0169358750404 0.0680345222414 0.014325151437 -0.00247981441118 -0.183696506022 0.184077256781 0.194080751534 -0.000360484774114 0.0192672222168 -0.353643908495 0.305598405912 0.0524717846414 0.0161609052664 -0.434364962116 0.0611395211372 0.0169027478142 0.0492034316612 -0.0024711918552 0.00670481178449
-0.582704489278 0.0119043814828 -0.0826888734942 -0.017531522194 0.00316622209311 0.0251590130215 -0.0192534972465 -0.508560922691 0.0227528328382 -0.0252213093355 -0.0268406559721 -0.0185552229659 0.00438709949942 0.0116397122183 0.179478573005 0.0279581662248 -0.0250415478526 -0.0181358641996 -0.38074238256 0.383799101334 0.017993269127 -0.0189430011349 -0.242051976438 0.047572762801 -0.0287398997135 0.0350369014476 -0.00868781597329 0.0355965258797
-0.529452571876 -0.00486397875853 -0.0619713881408 0.000869768064859 0.0203964199685 0.012909062367 -0.0100964876186 -0.726563785895 -0.0342136970099 -0.0769822308259 -0.100032654579 -0.0109298515199 0.0101601383946 0.0353411757476 0.139667836243 -0.0712412003166 0.0148652086714 0.0211882773586 -0.235223501646 0.243523797431 0.0600304110975 0.0131210695702 -0.14098593204 0.0601103188426 0.023848310673 -0.000622477417082 -0.00929489939691 0.0291997574027
-0.639373803186 -0.0314051270143 0.0300168582959 0.00149211122062 -0.0732961788578 -0.0307968472281 0.00533961137371 -0.692831613949 -0.0720002546385 -0.0326684830487 -0.0584851854377 -0.0140599887223 -0.00739816434769 0.0448323308464 0.0968055011321 -0.081925283667 0.042127978624 0.0223101476906 -0.0562689998598 0.222849148977 0.0788943221666 0.00736870695482 -0.0688754929076 0.0355595727336 0.032762628674 0.0515932269043 -0.0106882562453 0.0607669443908
-0.523011287261 -0.0137915167877 0.0615560961886 -0.0232706346022 -0.0126553436164 -0.0137877003234 0.0207216486072 -0.53563958618 0.0241080703813 -0.0543866582324 -0.0354785054345 -0.0142953855669 0.00961890717622 -0.148992093888 0.190616114802 0.0570416793278 -0.0205350936479 0.0444582535164 -0.424611219008 0.310256284093 0.0585873918826 0.044619889312 -0.275987289047 0.0613812765428 0.030437600642 -0.0338725164776 0.0255630272379 -0.0181131491033
-0.497920850506 0.0106952607776 0.0345946388718 -0.0514125975635 -0.1225646222 -0.0037956540137 -0.00653494325967 -0.358004264261 -0.0213719644959 0.0132703736307 0.0170335902651 -0.000872610201831 0.00439220177868 -0.267515035131 0.291825003965 0.208499209441 -0.0123178050842 -0.0301942354988 -0.440774037471 0.229232608939 0.0007499768146 -0.0245886645551 -0.387117445571 0.0334139181684 -0.0181423853106 -0.0622101566518 -0.00771037077018 4.57991901683e-05
-0.198642264852 0.00146596265347 0.000174139134479 -0.0118213998081 -0.00682387150701 0.0136691371309 -0.00131848099372 -0.202107751496 -0.00570718135783 0.0210218145449 0.00491924079514 -0.013219516561 -0.00494682823176 -0.602225794048 -0.000304527178248 0.0124195998955 0.00331685938366 -0.000634470742731 -0.388922533044 6.75288352712e-05 -0.0118638763261 0.00235106920139 -0.460036346154 -0.0248521905559 -0.00107511363178 -0.435761064466 0.0012274625522 -0.0472081525754
-0.384262483964 -0.012131084902 0.0116340250531 0.00873894529641 -0.0246750057955 -0.0293262896477 -0.00275771455055 -0.395607803668 0.00630044103693 0.0177446797286 -0.0310296437492 -0.0420352911655 0.00750853668223 -0.319783136171 0.0277038114641 -0.098667105999 -0.0633042733491 0.00191121160392 -0.538650799548 0.0703360175855 0.0176727884586 -0.00104662879746 -0.455671248624 0.0587766665177 -0.00223944658612 -0.254778684887 -0.0156718766182 -0.0492605186283
-0.463780227848 -0.012282024339 -0.0513309047391 0.00739431860913 0.150459870011 0.0061971633532 0.0155736197677 -0.371333854631 -0.0157827802595 -0.00188833086658 0.0237114303734 -0.00177078161448 0.00317806899946 -0.297995964626 0.248589896192 0.170583275162 -0.00819825885281 0.0253585224699 -0.462767275981 0.190036137881 0.0303248956259 0.0371595503566 -0.417258403326 0.0353643299872 0.036994410341 -0.0709284008764 0.0372285534172 -0.0656937545114