-0.00345839287611 -0.0116228617771 -0.0420846388828 -0.00891434386811 0.0170944930079 -0.0249301936038 0.00229459113438 -0.377845247798 -0.158657065434 0.312423784416 0.418989530734 0.0756133690435 -0.00883764041776 -0.0791892610612 0.0834292005257 -0.196666526022 0.0394930307398 0.017622491439 -0.327769072163 0.401594690746 0.142252533546 0.0158295363751 -0.445087876964 -0.0885421433964 -0.0149666941224 -0.0317640838065 0.00587059799016 -0.00101043360927
-0.249886493429 0.00669965096059 -0.0218829017522 -0.0177127929309 -0.0125624503769 -0.0188954620818 -0.00857307820421 -0.254018990645 -0.0111200684413 0.0466432081592 0.00801579187267 0.0244377003094 0.000126597529972 -0.255832166298 0.118961654275 0.195226554814 -0.00722485892195 0.00714268727391 -0.194299873772 0.171296568485 0.0855543827557 0.00675580102865 -0.819274086101 0.0149465867589 0.00335513864046 -0.0692784581074 -0.00228474340483 0.0107880057584
-0.179381908745 -0.00134521246487 -0.0193904536094 0.0208864263198 0.0357235630086 0.0197701978234 0.00465484298468 -0.173810033209 -0.0169490971531 0.00526788794965 0.0108751668087 0.000342839747621 0.0015427563186 -0.469583837849 0.0894092751671 0.0911560935045 0.042447274519 0.00780305070959 -0.372631214707 0.0961907641316 0.0433419152272 0.00616735635858 -0.707916684993 0.0318553165853 0.00402812542692 -0.208867944716 0.012467518331 -0.00413021293462
-0.391727410322 -0.0530488317153 -0.0367215401847 0.059067024597 0.0207461911018 0.0174297781913 -0.0076736019 -0.741561883054 -0.0841607382442 0.140722730213 0.291473734741 -0.0543374780072 0.00495812929058 0.0785981728362 0.0709984116946 -0.109977968384 0.028119279574 0.00334157796166 -0.231961499721 0.15820750854 0.0198450481978 0.0114319037703 -0.223738020859 -0.12146229632 -0.0115868799804 0.06871170239 -0.000476991798324 -0.0150884087309
-0.381746148339 0.0232136749817 0.00562236241953 -0.0781755350139 0.0237704831552 0.00487747598779 0.0111084255805 -0.735670205395 -0.0429193400809 0.149877303125 0.313323005749 -0.0432309212528 -0.00269625849578 0.0623344811036 0.0378787343897 -0.129769329542 0.0506609185022 0.00622743322344 -0.20744923421 0.152857522201 0.0243820744164 0.0156697106877 -0.275087663868 -0.112690385817 -0.0210339893449 0.0202657782298 0.00819945912929 -0.00363677412802
-0.354406117609 0.00392508391911 -0.0235930580974 -0.0182790677391 -0.0234421069214 -0.00881778340935 -0.00418105167202 -0.343821398197 -0.0169817056299 0.0320468765744 -0.0133870724557 0.00841999431141 -0.00650034357582 -0.336343151334 0.221817865011 0.148728212787 0.0113530632668 0.00969618574076 -0.261691953994 0.164206347452 0.028195655162 0.0088453718651 -0.682873597589 0.0150499508222 0.00506958836359 -0.0729302578772 -0.00917579512328 0.0077715044635
-0.237626422485 -0.000362698703755 0.0173251331901 0.0104860979522 0.0146589062025 3.40915087429e-06 -0.000614606492381 -0.240993065374 -0.0162410346643 0.0256870603921 -0.0122018130123 -0.0039275100053 0.00361210377884 -0.528392912215 0.0525602029553 0.0366756392143 0.00406729421931 -0.0001995736218 -0.279578854593 0.0402690673079 0.0133451083708 -0.00122181336562 -0.565620649229 0.00557724591636 -0.00200765687731 -0.447721706007 -0.00213978882206 0.00442188750403
-0.232447544434 0.00151449654219 0.00170537113566 0.0240772516671 0.0325031997877 -0.000900549628076 0.00399323063997 -0.231257378281 -0.0210772039044 0.0068606935782 -0.021443687209 -0.00888017089893 -0.000714135306616 -0.542220337155 0.0211772022506 0.0417180361338 0.00839371222816 -0.000151095756127 -0.336810349426 0.0145163470474 0.00681301040543 -0.00120202578939 -0.525361969311 0.0128777893379 5.40552513825e-05 -0.451281826608 -0.000292717868083 -0.0033267109196
-0.354566712779 3.01975999229e-05 -0.00416935002691 -0.00583234113492 0.0105331470081 0.02610441365 0.00468669814618 -0.380443060138 -0.033458734722 0.0660931467548 0.0411229340844 -0.00784207516888 0.00608759147305 -0.395231481033 0.0918761788429 0.0964943592013 0.0419854864967 0.0124502689303 -0.282043708458 0.108937261564 0.0378344749458 0.00558411950373 -0.659893218514 0.0325917530854 0.00552292621358 -0.125473310877 0.0183973454013 -0.00343663741179
-0.507963320118 -0.0116306662115 -0.0102448936524 0.0368608381093 -0.0473008063617 0.0336466132242 -0.007575752995 -0.486071921971 -0.0282890584646 0.00933329225761 0.00521011322973 0.0112673254977 -0.000795037260472 -0.0697655083167 0.0787370934488 0.189247203737 -0.0154647600333 0.00954834559909 -0.0268517507776 0.166690882053 0.0803278719982 0.00230893950408 -0.638894016321 0.0141769690086 0.0032902899173 0.0943609077966 0.00157468711781 0.0126192125316
-0.339145835895 0.0146408687627 -0.0341104943165 -0.0198615210539 -0.000869129638602 -0.0259038886308 0.000225797684904 -0.339887118521 -0.00131842766577 0.0422689750571 0.0342771441947 0.00980335310661 -0.00397991332965 -0.334004198385 0.177183277833 0.128263953206 0.0192742217252 0.00027511565423 -0.337955504818 0.0946055683554 0.0510847314061 0.00117287718077 -0.65747470071 0.00707073320769 0.00110596132153 -0.214435019412 -0.0074457274291 0.00492816302784
-0.225925761764 -0.000817834676141 -0.0152900971361 -0.00388264445667 0.00904798817545 -0.0128005450393 0.000590858818007 -0.227629557139 -0.0190149673719 0.000193692933571 0.0149403932052 0.00444355714291 0.000903002002504 -0.529298716256 0.0341980988184 0.0345016568065 -0.00363706140473 -0.000583521403274 -0.378665529525 0.0300759802371 0.00690571718818 -0.000176657929361 -0.511474280804 0.00457723751661 -0.00029753659243 -0.45553455869 -0.00140772074994 -0.00549681895008
-0.318691178314 -0.00121956320778 -0.0149093567764 0.0216424153094 0.02534453538 0.0202170160969 0.00275596729236 -0.312514674014 -0.00879452776043 0.0069397756937 0.0117360968783 -0.000490715492711 -0.00321609806269 -0.37461200147 0.11606117274 0.118611177945 0.030992012028 0.00952881355136 -0.37238550504 0.0697396483727 0.0575386090854 0.0178887883008 -0.683759461515 0.0377093514827 0.00803517212661 -0.115679072703 0.0159889409295 -0.0023341772084
-0.606795005164 -0.00273946024748 -0.0346753488484 0.0140706881849 -0.0192127820632 0.0247341337207 -0.0096535057951 -0.634705019742 -0.0175608171364 0.0277222211804 0.0936786727742 0.0036504612915 0.00144966901035 0.090084509732 0.0986041029889 -0.000604489428559 0.000820751646054 -0.00285875878075 -0.127615401485 0.117960579619 0.0541594727856 0.00637965165649 -0.387154779857 0.0267156206656 0.00837493697826 0.121358904562 -0.0100095155629 -0.00877317946456
-0.547641568636 -0.0327823110126 -0.025853681927 0.00863691945781 0.0167972617688 -0.00743229445819 -0.00162807041973 -0.657030759235 -0.0707426085439 0.0411582570074 0.0986924038923 0.0122871060519 0.00912416192963 0.184940931446 0.0569735787883 -0.00571810927668 -0.00395425720174 -0.000670594883116 -0.262090113587 0.0598960690899 0.00724155841226 0.00762282908026 -0.350477163159 -0.0421203634721 -0.015483399759 0.119764962471 0.00255774396571 -0.0219797530437
-0.516908981218 0.0409404881766 0.0377192789541 0.01986848431 0.00388607776927 -0.00252692133184 -0.0107455707089 -0.702783247787 -0.0714768805262 0.0962399309856 0.0791968215743 0.0114108143213 0.00714075010582 0.18208442047 0.0115754212414 -0.0820619452611 0.0272324516089 -0.00217712852579 -0.21935595605 0.0896535729323 0.00556658203087 0.0393725703009 -0.331708230785 -0.0355134933408 -0.00972061606112 0.0659297373963 -0.003295447046 -0.0140346479778
-0.561758675968 0.0131212267374 -0.0057637461528 -0.0634019997261 0.0280578666158 0.0074183863669 0.0146706664613 -0.712268413547 -0.0680817894639 0.0911681979516 0.0655945264448 0.0264465340851 -0.00481924494868 0.0937602605155 0.0566163528878 -0.134062384504 0.0377630227668 0.00150058365785 -0.192206322101 0.133947223122 0.0692061197588 -0.00151857500883 -0.229108639448 -0.0110588185285 -0.0063054292538 0.100327119338 0.00727537588788 0.000712635149705
-0.492513619041 0.00281817761851 -0.0337673794486 -0.032160185172 0.0492932717908 -0.0186264901924 0.000904759086204 -0.619214205628 0.0109828708132 0.14087988761 0.105982062488 0.00726193160439 0.00654464145127 -0.0986511660634 0.0566343810884 -0.211002466464 0.00426117348763 0.0105931177101 -0.22908561669 0.0690319384163 0.0147695633848 0.0149766716701 -0.467193394028 -0.0279241781116 0.00422803649869 -0.0575218815887 -0.00138484824811 -0.00951570125493
-0.366655000117 -0.0188903234851 -0.00894644320735 0.0224144104733 -0.00872180282964 0.00206934875527 -0.00480548600453 -0.560833011433 0.0286665692374 0.125145054471 0.122357856023 -0.00439301480533 0.00561504296419 -0.347317465241 -0.014016501876 -0.089075974136 -0.0484159562879 0.00284872168189 -0.146155146703 0.0622200798794 0.00792381383514 0.00738159587246 -0.43786215947 -0.000681160514476 0.00807142367302 -0.412536666237 -0.00214465152786 -0.00631071305027
-0.388852530495 0.00677921165463 0.015632127249 -0.0233781963018 0.0189257949641 -0.00976401582556 0.00564664148775 -0.538424906677 0.0393052539658 0.090546488392 0.124317139486 -0.0247553415649 0.00372957327698 -0.288916222825 -0.0118294187549 -0.0263779984786 -0.0567154988081 0.00736023557985 -0.139450305418 0.110240643956 0.00440142614283 0.0121334232657 -0.488421392447 -0.0162419972334 0.00786687852187 -0.416286469873 -0.011400000339 -0.00971361424559
-0.444017696535 -0.000752500868776 0.0113934324594 0.0137226995399 -0.0310935350006 0.0206400983593 0.00313417084578 -0.598489192896 0.0465304239808 0.11309580514 0.121361018737 -0.00571481735677 0.00934942138988 -0.255529622434 0.0291879171711 -0.108254044027 0.0486597742268 0.0275516154917 -0.156379610825 0.0940580494198 0.0123373442186 0.0137280886461 -0.540722111324 -0.0441350440088 0.00126365742892 -0.063462521232 0.0115395850639 0.0027347055527