-0.000602548911067 -0.00718740621831 0.0263563365461 0.0112199382775 0.00354034821807 -0.0197548557073 0.0139899585606 -0.195432850864 0.38685835409 0.267903445804 0.467559256962 -0.153842846749 -0.0147475681942 -0.107662844938 -0.0137421913251 -0.360108352898 0.0968706549032 0.0528963532443 -0.152356897593 0.494814789694 0.0931956092482 -0.0163244843097 -0.25464456584 -0.000806899670076 -0.0197006558598 -0.0159934918705 0.0163685083968 -0.00196277098163
-0.5977754245 -0.00232099005661 -0.0953672406762 -0.0339178512007 0.0752186678151 0.0190143164962 -0.00143451904514 -0.722201536793 0.112099851785 0.108408659819 0.20355629634 -0.0119847279417 -0.0258228064089 0.106616277369 -0.00872011906618 -0.022175386662 0.0423325718484 0.014163389617 -0.0236851722082 0.142231236117 0.0508836120365 0.000412425093949 0.0246893347154 0.0127631265847 0.00691547777206 0.0105557418591 0.00195031152628 -0.00314321015734
-0.488040745766 0.0223908521594 0.0768907473179 0.0288269913794 -0.089944797577 -0.0239579645458 0.018129131333 -0.552994405459 0.0352666294386 0.12918504621 0.149198196046 -0.0342663657594 -0.0274620132545 -0.061002310661 0.0553569321772 -0.0627022353312 0.0169052930447 0.0160161384762 -0.558231171775 0.225561301742 0.0220497611607 -0.0144133979513 -0.138570999059 0.00791739416788 -0.00781708689475 -0.0619642289531 0.00501700378029 0.003366401754
-0.594965514518 0.0101700867885 -0.042360956372 0.0846546300238 0.0264150486449 0.0481332434696 -0.00513821471414 -0.61002900328 -0.0439722244052 -0.0233627149632 0.023661889831 -0.131469815158 -0.029438052847 -0.272845048407 -0.0522839325856 -0.319200170806 -0.0153619999309 -0.00668030380473 0.0801895848604 0.129773990254 0.00935643016935 0.00747295101997 -0.168626961899 -0.0254245904261 -0.00161902547165 -0.0868615884592 0.00457239007987 -0.0342470660103
-0.54870062793 -0.0167904363585 0.0612883690263 -0.0462424301982 -0.0108832099504 -0.0746800394977 0.0341726293792 -0.588931378093 -0.0862516666281 -0.021163329823 0.0160358522116 -0.140402946382 0.00710836114468 -0.277495707943 -0.0579932803198 -0.315435362826 0.0375575285934 0.0214340115571 -0.0102995435545 0.177543793409 0.0241636974076 -0.0231496398328 -0.298395148886 -0.0404616643089 -0.0192612616012 0.0724306470324 0.0102041839273 0.0160419167436
-0.637783119125 0.0470961680764 -0.0562279881754 -0.0642618057857 -0.00949878839084 0.0112872119286 0.00485880639421 -0.69229793787 0.0183343464623 0.117485776297 0.052914471279 0.00570160657187 -0.0048890080194 0.155913015311 -0.0451505046549 -0.0607443597956 0.0052204653105 0.00217916695347 -0.179119759962 0.0654936029589 0.00303072680647 -0.00756778490668 -0.126801974895 0.037233203251 -0.0107225076882 0.0548370907343 -0.00358656467721 -0.0100663589939
-0.57472657502 0.0245087525876 0.0255224997518 -0.0220905789221 0.0569889531063 0.00790658851964 0.000923264937654 -0.674726387897 -0.0519783479938 0.154862460316 -0.0127118221594 0.0197600025855 -0.0105361787971 -0.0866316314062 -0.0461368329873 0.0100880136842 0.0877148046187 0.00148844352066 -0.347518070706 0.0351477925148 0.0317872752198 -0.0199108525385 -0.127756248937 0.0394631397141 -0.0051798319041 -0.150969206778 0.00280509666225 0.0220755929766
-0.562524465445 -0.00660781756213 0.0194915618765 0.0253986080979 -0.0202493262964 -0.00205602242848 0.00341856451906 -0.694101828724 0.00185893237579 0.12542928143 0.0380867543865 0.0583298909109 -0.00622212135415 -0.0873798190223 0.0189951388712 -0.0258403202418 0.0673506311293 -0.0104090313423 -0.347603562111 0.144113999048 0.039945089441 -0.00990336359787 -0.147071909053 0.0298275349223 0.00383188560838 0.00652570092144 0.000875062475429 0.0221302235
-0.617014351665 0.00125112007873 0.0707712233702 0.0280606876729 -0.0291126224727 -0.00182767654583 0.00431375709424 -0.653807147292 -0.00786247800308 0.112753429526 0.0393171908444 0.0149116010091 0.000922810622492 0.051241741097 0.0557549914707 -0.056795326128 -0.00877674263787 0.00817902042026 -0.317584894186 0.188083222319 0.0193539909216 0.00208675957742 -0.154021716493 0.0280555666619 -0.0134199345577 -0.00933100967262 0.0056871851448 0.00951820059057
-0.712644922009 0.00676065348687 0.000148666585431 0.0603155989325 0.0375678962725 0.0444072450154 0.0091572504538 -0.647544961011 -0.0230535641272 -0.00347069579519 -0.000966945819438 -0.0124842703059 -0.014382944147 -0.033732722868 -0.0199414779557 -0.167217297048 0.0050923306529 0.0130079589622 0.149564629019 0.0617495730843 0.0560741386059 0.00392063281664 -0.0116558770578 -0.00481477545388 0.01027848976 0.0706851802254 0.0116400100299 -0.018261852801
-0.687317719569 -0.00554915863193 -0.0431105147769 -0.0330548943659 0.0187881975034 -0.031080776255 -0.0185124088413 -0.672705216191 -0.0217103049341 0.00257441204771 0.0142672290659 -0.00251995260905 0.00147594456185 -0.222864099387 -0.0099834217449 0.0306239881856 0.0547625861697 0.0291282734918 -0.0643615660617 0.0509763207995 0.00255115160118 0.010712080062 -0.0579041608123 -0.0341978914245 0.0359843754596 -0.0473714991148 -0.000579192128971 -0.0158470516603
-0.514869446127 0.00194947346511 -0.015128516052 0.0108258905813 -0.0205887084131 0.00964097243178 0.000620586200803 -0.553592995972 -0.000693348425559 -0.0864596664744 -0.012283980148 -0.0553298220823 -0.00141742041731 -0.2600789668 0.0442279155128 0.072771014326 0.00333282956359 0.00368324504816 -0.499503928312 0.0296501242848 -0.00548976256385 -0.0032528732713 -0.151371077474 0.0214035054113 0.0341066300849 -0.257282312542 0.00770064697008 -0.0275234395851
-0.655462432678 0.00414491225634 0.061376786352 -0.00145007528377 -0.0767624177878 0.00759641411113 0.00756647313604 -0.579396055179 -0.00150889114312 0.0299745855805 -0.000484998809375 -0.0068984795634 -0.00634097046809 -0.0344934578117 0.0136995371726 -0.123245677692 -0.00897270988525 0.0335757140792 -0.41459930153 0.0989415771183 0.00648040097966 -0.0099514085979 -0.13734366879 0.00272404397879 -0.0130800297959 -0.0718667864795 0.00282059719918 -0.00861229932671
-0.610710073419 -0.0116990517659 -0.0497608126477 0.0202977563797 0.00989357707813 0.0207367015423 0.00440050379442 -0.602590908156 -0.008249107712 0.047073633135 0.0156700259146 -7.47071295237e-07 -0.00455977094498 -0.193695896452 0.00317263542095 -0.274483036923 -0.0320919183366 -0.0117986622333 -0.370979930876 0.0280395026109 0.0425720434982 -0.00248960274862 -0.053218546679 -0.0126107742756 -0.0103497917766 0.00239890947711 0.000546560956848 -0.0205257014119
-0.582863229726 0.060967799928 0.0299674447383 0.00570172012347 -0.0377280585898 0.0248813652653 -0.0183745071565 -0.708467215619 -0.0950213494393 -0.047316195845 0.0722954335921 -0.0265959096651 0.0192150060638 -0.122076272279 -0.0612180426183 -0.141838031626 0.0154382178942 -0.0186030311655 0.274761192731 0.100834408519 -0.011756768176 0.00258554698824 -0.0794873894576 -0.010777755058 -0.00702460488111 0.045645860938 -0.000450821183477 -0.00441039274773
-0.596128463426 0.010638173323 0.0428182552382 0.00574221508269 0.0403973392183 0.00758162715836 0.00495330502628 -0.680382634003 -0.0742380613225 -0.0225020467398 0.0578268593141 -0.0382367614082 0.0259909155155 -0.0963100766329 -0.0408770126087 -0.155036833974 0.0178742149938 -0.00251535821969 0.187105232738 0.175644691406 -0.0210611727656 -0.0143473094405 -0.208568771338 0.0100179973533 0.0165281301663 0.14299169745 0.0173106557897 0.00890323815309
-0.657948431436 -0.0418499812683 -0.0531237753615 -0.0352647077896 -0.0885941964866 -0.0379352217448 0.0130136626489 -0.641189829661 -0.0670493375863 0.027159828842 -0.0876757740849 -0.0159661065785 0.0165808303089 -0.170099735469 -0.0243752411999 -0.26811073682 0.0251584603871 0.0201967522544 0.0144918864801 0.0552386548289 0.0315104729911 -0.0129016949407 -0.126004725783 0.00813379661744 -0.0120229350195 0.0652056608046 -0.00111383867374 0.00639410810924
-0.57421825824 0.0104802245706 -0.0600684104231 0.0414819469166 0.0520052870249 -0.00677767345979 -0.00329119125945 -0.54208379266 0.0418830460586 0.0882800241692 -0.00651072367457 -0.0201319120773 -0.00654946312547 -0.0920384451878 0.013752375093 -0.135354673095 -0.029874415787 0.00599425670769 -0.535103460122 0.143533124592 -0.0180433972763 0.000971023697255 -0.116596164234 -0.00117388150384 0.00973993883063 -0.0889037079412 -0.00474048835242 -0.0372769492429
-0.467824206117 -0.00104656628305 -0.0169892793268 0.0547755585209 0.011454833896 0.00828305220317 0.000498738154251 -0.53039105864 0.0862233660073 0.0584939316599 -0.0127555705824 -0.0624955007527 -0.00177299398157 -0.289971819874 0.0207546355586 0.0259528085102 -0.0549867855642 0.00407442820433 -0.480828497896 0.060061936022 -0.0236874672021 0.010535988998 -0.200971422272 -0.0141462776959 -0.00115927665508 -0.341878891823 -0.0124801933669 -0.00874828776328
-0.477769172859 -0.0147434481196 0.0339067765702 -0.0321282530285 0.0135052072211 -0.0204820042033 0.0100374131047 -0.508520322508 0.0364235121839 0.0199734799424 0.00982418366201 -0.0789675115096 -0.00242761712838 -0.236494143334 -0.0676247920893 0.0450997573246 -0.0539772438582 0.00767257014527 -0.49922905739 0.0960553336023 -0.0109671808474 -0.0162378540482 -0.289736329412 -0.0163952649038 -0.0229697996017 -0.304764659351 0.000858586317729 0.00169875207193
-0.480852717585 -0.0117917788159 0.00754649397631 -0.0811692600612 -0.0774969691727 0.000698221838845 0.00371659408651 -0.405309156657 -0.0294155053366 -0.01874163653 -0.0266477030615 -0.00602988741983 0.00781030887571 -0.221335586253 -0.0686301745436 -0.211481354352 -0.0116978668994 0.0239160901034 -0.623490409963 0.139454895722 -0.0266020010395 -0.00967263247105 -0.270191500393 -0.0158715574272 -0.0143365120328 -0.0897247219218 0.00465407283768 0.00465393616207