-0.0116587166213 -0.0465643489254 -0.116756522148 0.0348923979077 0.0029257994198 0.0190071423051 0.0152874191789 -0.341960962755 -0.547787657747 -0.0337175989134 0.44282893462 0.0425970983701 -0.0538045307593 -0.224999489314 -0.0299254498886 0.186840565203 0.0269679717406 0.0621268765409 -0.135271351689 0.404428890258 0.122979450254 0.000724604925773 -0.266840581393 0.0136090020211 -0.058178363453 -0.0153690849913 -0.0130238058929 -0.0104128149315
-0.336411303248 -0.0102098088334 -0.0186234661682 0.00155549754458 -0.0810985861052 -0.0168240664449 0.000791854011693 -0.417131719276 -0.183170380124 -0.0862424727835 0.0653598769699 0.0463956694999 -0.00997213469333 -0.386165027533 0.161259751869 0.18054387919 -0.063624331416 0.0207590478993 -0.489334733467 0.324525713264 -0.0039860882464 -0.0118813879267 -0.219896990935 0.0309673000813 -0.0157170215195 -0.226403551495 -0.00364943230963 -0.00656326735022
-0.430033083522 -0.00741861970531 -0.0122476809246 0.0133114507888 0.0781362194651 0.0466220032817 0.015515774843 -0.558442685317 -0.232768275704 -0.0366903184122 -0.0192120249496 0.0993934331505 -0.0135006691161 -0.302990915627 -0.130886200742 0.185824857111 -0.0680017257291 0.0295198801947 -0.0696618967894 0.328404364473 0.0488580158429 -0.016689447158 -0.387911567613 0.0531768355644 -0.0035175732574 -0.103414138727 -0.00186681449304 0.00334725878867
-0.518920256143 -0.0081403567063 -0.0626696718498 -0.0369647662247 -0.0964201921138 0.0389910616067 0.00929120039695 -0.59845881769 -0.147745421821 -0.0387474700417 0.0661745668338 -0.123920689611 -0.00357764533646 -0.0436704878386 0.123260273116 0.229422954119 0.085242657548 0.0198464306505 -0.249701434431 0.00415743716391 0.0559762650977 0.00714573765358 -0.39207961811 -0.065648835464 -0.0347654676956 0.0993103354083 -0.00590597232269 -0.0337172570157
-0.523181167555 -0.0185447606627 0.00280644088306 -0.024937166342 0.0158312677086 -0.0244340789789 -0.00177512269558 -0.653016892055 -0.11500564159 -0.140727910241 0.131755212163 -0.108813204465 -0.00120426653741 -0.239636520548 -0.021829551722 0.133540486419 0.13225450088 0.0359005609789 0.07244436665 0.0803493894552 0.0619580376347 0.0378622907478 -0.348340630739 -0.0122444001276 -0.0150988437483 0.050636339986 -0.00354075073367 0.00255387448509
-0.468730083637 -0.0247171110388 0.0213520799451 -0.00464418926936 -0.0856170321001 -0.00943337797899 0.00423431841503 -0.437704601764 0.0370666549516 -0.102654941889 0.0074917674459 0.00469812390119 -0.00193347248529 -0.491184673237 0.0947619202422 0.224799958778 -0.0203978263513 0.000332284745207 -0.406519000042 0.242177764796 -9.31625585745e-05 0.0014735467226 -0.158857429355 0.0214304388296 -0.00259207701304 -0.131787188496 -0.00374229210454 0.00061726112938
-0.26876317988 0.0178869092215 0.0125705519095 0.00502414398303 0.0131983777311 0.00210496187364 0.00198080174835 -0.43023838359 -0.0615966198114 -0.096844577374 -0.0926142930244 -0.0166038873914 -0.000936519069825 -0.565638486828 0.0446456488245 0.0573204872562 0.00793500758287 0.000914845408072 -0.349273424477 0.142014637103 0.00602443408757 -0.00210823935959 -0.291342908255 0.000779103147011 8.45655551972e-05 -0.409358441576 0.00119997191012 0.00103605391007
-0.283473148998 0.0177070194187 -0.0390221609784 -0.012661959895 0.058649159603 -0.0120041168558 -0.00105553030058 -0.399395867323 -0.073532592956 -0.0970677685139 -0.0850289498702 -0.00759479866926 -0.00354192558873 -0.564533041279 0.0434212121589 0.0501937662718 0.00415223909732 0.00177257792195 -0.34522609914 0.105910348143 0.000399393293028 0.00284405115861 -0.309534494512 0.00169069525924 0.00443296891492 -0.427825230929 0.00417187504499 -0.000184240420177
-0.527170617632 0.016675492606 0.0108388963899 -0.00156508361987 0.0608322238417 0.00224052441261 0.00139232194584 -0.557448079448 -0.071280856393 -0.0549828706095 -0.00406820911761 0.0335288878439 -0.00905065611486 -0.284961347421 -0.0833374910652 0.17875528222 -0.0559124771567 0.0196213544729 -0.336309054073 0.21123732977 0.0206098948872 0.00763197888783 -0.331218192116 0.0398442881221 0.0206436161675 -0.0633131885274 0.0187702296522 -0.00310914971616
-0.542961992057 0.036533184405 -0.0132527299261 -0.00917632152011 -0.0683261949826 -0.00766896087036 -0.00557740044623 -0.621677793879 -0.149410797712 0.0359580953241 0.0952132240508 0.000895891470386 -0.0254807944818 -0.22862642198 0.168050928378 0.158469058409 -0.0358711923752 0.030176041908 -0.321841540106 0.244938874904 0.000172033427126 -0.00889162822247 -0.0759731443735 0.0204393426166 -0.0225813328035 -0.02229432637 -0.00876539584462 -0.0165337726496
-0.39345055523 -0.0044393577542 -0.00298188204299 0.0198345404675 -0.00333099374065 -0.00726553337852 0.00365353230003 -0.613995042571 -0.183081389262 0.0578097709795 0.0911000397112 0.0422114108158 -0.0129362492688 -0.346462647006 0.0497208043872 0.016080941582 -0.0445435395645 0.0200169139267 -0.30661510962 0.14657905048 0.0257827493863 -0.0156418448054 -0.278869445114 0.028545458116 -0.0180279433466 -0.31623946385 0.00719021885206 -0.00846614655448
-0.455248931852 -0.0339600322682 -0.0228196645788 0.000632166905841 0.0246542334012 0.0215232277933 0.00355828594426 -0.639737064491 -0.168039142542 0.0304711981767 0.0981656444267 0.0421469042673 -0.0212498372021 -0.328054706206 0.0454354803753 0.0553389339909 -0.0435805928578 0.0286847375296 -0.25964698692 0.142625266854 0.0583402960526 -0.0155149618402 -0.279375677383 0.029504238047 -0.0313894341175 -0.229265276537 -0.00679974564756 -0.0175990515951
-0.664225100379 0.0238272642757 0.033918526989 -0.060170597754 0.0201161111745 -0.0108842093307 0.0261802734957 -0.6239644487 -0.0584090289972 -0.00648267227816 0.0405455013303 0.0121000525556 0.0042651304331 -0.0986908828319 -0.123569905721 0.111762561478 0.0085524641041 0.020775707361 0.171149373128 0.241917820453 0.0217169141028 -0.0228024667438 -0.143421241363 0.0469220749137 0.00242674729377 0.0855737417603 -0.0142805788696 0.023387390024
-0.634486872683 0.0222074803276 -0.0134134570332 0.0333086806168 -0.137244597582 0.0233017806948 0.00885981779496 -0.599853010462 -0.0883916171012 0.0114368367698 0.0864112498674 -0.0300582776915 0.00191603405554 -0.0256617776368 0.0649257537275 0.205368018561 0.00289615177251 0.00714427441966 -0.156885995926 0.0754972816578 0.0214312697399 -0.000504816487394 -0.335592659427 -0.0259319927105 -0.0135608906216 0.086091791568 0.00926990872816 -0.0344418574926
-0.567367558594 0.0157934118519 0.0149176154237 -0.0100992120855 -0.0257037265365 0.00899218612968 0.00450720914004 -0.722142167852 -0.113284222965 -0.0145662301358 0.00520584990659 -0.0488123615983 0.0159665993936 -0.0292275408177 -0.0397056923395 0.148298451244 0.0775275744771 0.0296480819817 -0.0157797945863 0.0387477429429 0.0230407799588 0.0103473665391 -0.296570249481 -0.0104963263376 -0.0388316931156 0.123922143778 -0.0236119542058 -0.0192732222474
-0.558272888533 0.0133601720755 -0.0192775327794 0.0438103253802 0.0309950788469 -0.00996378135996 -0.00660372720771 -0.716781702036 -0.105074566068 -0.0703092500798 0.0425996302494 -0.0533039172953 0.00292415158431 -0.0332690021705 -0.0575067732497 0.128875643391 0.0729628978986 0.021676568351 0.157378141337 0.0785565959315 0.00642836363249 0.0156145287469 -0.275667854803 -0.00887665310083 0.0113558247291 0.121467993893 -0.0304357147653 -0.0202969426323
-0.631081283386 -0.0239115908314 0.0591728897539 -0.047948602626 -0.0314666205853 0.0206598620973 0.00164282838271 -0.679509511119 0.000868150719951 -0.0835993767581 0.103716356874 -0.034313695874 0.0208843707589 -0.138365984659 -0.043741711907 0.127727615072 0.0183440187644 0.010728332925 0.0675423005799 0.142087481835 0.0119264216801 0.00156107218872 -0.219080334104 0.0329637134082 0.0258360082092 0.0158002092951 -0.00488108589953 0.0103600355054
-0.575811760329 -0.00817829618987 -0.0334163632829 -0.0884566140993 -0.0487456438084 -0.00999361225271 0.00367959805733 -0.549043925792 0.0398759955195 0.0230604723301 -0.119559953457 -0.00412256910999 -0.0102464909221 -0.0755971682568 0.221163666591 0.216492372943 -0.00685385699905 0.00655850132852 -0.393625671632 -0.0606786804646 0.0212425535133 -0.00279110930304 -0.277789805681 0.00629190561634 -0.00692215591302 0.0198263768549 -0.00350161133131 -0.0250220735735
-0.408955948934 0.00221518504716 -0.0168177761172 0.0243201401714 0.00725303619842 0.00402084645471 -0.00422840304943 -0.452527584125 0.0451391862937 0.00353873801374 -0.0834582336384 0.0076291740478 -0.00358144458077 -0.470187430229 0.0178107969055 0.0405545820368 -0.000274708245684 0.00190843094789 -0.347115490166 -0.0829670380355 0.0547821691379 0.005117204656 -0.212154138989 -0.016126770947 -0.011113904909 -0.468016453111 -0.00679969813854 -0.00108016944051
-0.408222344468 -0.0123663182386 0.032489323928 -0.027734095564 -0.0138957266052 0.00900523306055 -0.000190292913795 -0.465193263263 0.0802066362133 -0.0239101911912 -0.103542766192 0.0147981871563 0.00155587934351 -0.453802948822 0.0133893248209 0.0592158580713 0.000449989253939 0.00221575519523 -0.283100986842 -0.0962474463913 0.0486257501788 0.0155383447658 -0.283326310727 -0.0101821663619 -0.0206223437913 -0.462922447007 -8.99136999266e-05 -0.00263223299307
-0.530992247992 0.032489060549 0.00376333338624 0.0684507422647 0.0510968962661 0.0168067112624 0.00724171331033 -0.601387538007 0.0550147022531 -0.0333143194319 -0.153192841621 0.00550752446434 0.00706083677705 -0.22025865924 0.139890387947 0.101027617201 0.0384469211514 0.00728357555925 -0.392136346314 -0.0382524243259 0.0391548949167 0.0230907760333 -0.28616900305 0.0180977371714 -0.0178274483511 0.00541182027537 0.0167238770046 0.00510818359952