-0.00358956137654 -0.0142136006094 -0.0406410298909 0.0262532181125 -0.0100644181306 0.0236790867096 -0.0157092651932 -0.283392607268 -0.00839907352509 0.230671746792 0.369241224945 0.156210353878 -0.0454991843344 -0.0338020512964 0.0677046163951 -0.17439004035 -0.0587124445989 0.00160715043818 -0.376532691254 0.510523061681 0.130201474036 -0.018530264309 -0.480630008079 0.0603691988194 -0.0048942457774 -0.0746725082509 -0.0238164337209 -0.00465965205413
-0.230195263575 0.00775349470923 -0.0555119700051 -0.00179290557669 -0.0589762969841 -0.00486050940268 -0.00352412901291 -0.231633476993 -0.0373489853619 0.0214357531174 0.0930745126722 0.0140927708687 -0.0102480625683 -0.251376547227 0.161490431517 0.0770865897574 -0.0291903197848 -0.0143751634482 -0.603623253948 0.178371457992 0.0339808263322 -0.00868310196944 -0.535890721931 0.0453769128698 -0.0104511982641 -0.304676178779 -0.00168630660345 -0.00452936134541
-0.261707942633 -0.0208842342581 0.00254383187026 0.0164662755002 0.0769990376616 0.0216729653631 0.00682265711961 -0.280756554631 -0.0301874707131 0.0323582827682 0.111974614058 0.0363038370136 -0.00123410489669 -0.282789119877 0.0867922111801 0.0457114302203 -0.0185580040279 0.0174231073024 -0.568408247472 0.162975979325 0.05989629158 0.00752580921847 -0.586749524874 0.0486551130121 0.00800364662476 -0.193243662167 0.00744607429494 -0.0455122066691
-0.511850449176 0.00862652240929 -0.0672136672692 0.0888200904698 -0.0564933472887 0.0817893149525 -0.0152143316588 -0.648698052503 0.0629759358698 0.0384008553735 0.279114325284 -0.00046889077565 -0.0141691441107 0.0892834974255 0.055994067234 -0.173710024959 -0.0367751610738 -0.00659589654423 -0.0900307553159 0.314682491157 0.0664243812918 -0.00344811112611 -0.225121126577 -0.020656011431 0.0199303701397 0.0708308766412 -0.0157559932253 0.00765893733428
-0.433753115294 -0.0257805052171 0.0345039494873 -0.00482291323873 0.0590910417212 -0.0714111520153 0.0119134681344 -0.620611085414 0.0633600377337 0.207309748349 0.129473866953 0.00920142315799 -0.0090826225074 0.150580487101 0.0521445354717 -0.146583426079 -0.025936946095 0.00256908729162 -0.215362861474 0.383419049705 0.0446742227901 -0.00604394180325 -0.323681749131 0.0103484635302 0.00531122062911 0.0530742091893 -0.0120053045258 0.0362851823423
-0.415987413572 0.00885946863641 -0.01431709689 -0.0279727019612 -0.125035059653 -0.0062116113258 0.000895788560772 -0.324267035649 -0.00957124062548 0.0102044979372 0.0193890939814 -0.000216871439394 0.00621988413312 -0.201696542551 0.214972939667 0.127547367574 -0.0100838866712 -0.0224351216152 -0.563604281934 0.143909643377 0.00759593633468 -0.0127962867943 -0.476853514618 0.0319419436063 -0.0110380666766 -0.18317364148 -0.00437023367291 0.00182949028906
-0.19999161149 -0.00146770738818 0.021835098272 0.0288737853099 0.00161004804242 -9.39105323379e-05 -0.000999335474469 -0.211500975686 -0.0230110161737 0.0296438644944 0.0531155812444 0.00970294471457 0.00504716562243 -0.541293280646 0.00254503922533 0.00103676266299 0.00322531442739 -0.00048011339872 -0.49367138184 0.0156307951284 0.00154724804998 0.00184705424467 -0.373742412437 -0.00120914663665 0.00272947674705 -0.482332084942 0.00356480795809 -0.0166705632223
-0.191976901355 0.000307829140045 -0.0105412389717 -0.00731720683231 0.00392582037192 -0.000972988249197 -0.00506958407289 -0.208046559059 -0.0281877494662 0.0536102391372 0.0420375282964 0.00840188522395 0.0066677546234 -0.550146305047 -0.0197586778252 0.00804799062725 -0.00312134002662 0.000702148599926 -0.506717930684 0.00824373636147 0.000579581542539 -0.000539858160002 -0.365265079249 0.00353240948379 0.00274810134589 -0.467232226978 0.00709620176874 -0.0484864890661
-0.422425746612 -0.0184837906516 -0.00669291974771 0.0234236770061 0.113484192308 -0.000239363543485 0.0107361287834 -0.38093025919 -0.0194802847045 0.0362909182215 0.0328803691845 0.0106516685689 0.000753068686503 -0.211205132495 0.149202732275 0.0853796772111 -0.00623936571607 0.0170579956645 -0.559580202583 0.136472287671 0.0329991498365 0.0111464485189 -0.470026950997 0.0436171455105 0.0108953147558 -0.16239028277 0.0211872636556 -0.0490442354858
-0.355004710672 0.00435703936318 -0.0326667376874 -0.0624638087468 -0.0325377852362 -0.00764242896274 0.000852761541716 -0.300662858616 -0.0158529393483 0.0192266226027 0.021574223034 0.0064803845311 0.00235780987576 -0.169478814493 0.174918060131 0.143428548562 -0.0112712062431 -0.0107050338344 -0.515007342126 0.140208186454 0.012756353831 -0.00692949546977 -0.619628485457 0.0191186058808 -0.00463250126058 -0.16357477456 -0.00396965926063 -0.000722964156184
-0.344988579241 -0.00639475061254 -0.000198034867605 0.0220027683529 0.0194844721585 -0.00287852945144 0.00397320744365 -0.368910650918 -0.0078712984894 0.0382196109317 0.0363182452911 0.044947286744 -0.00392645069833 -0.392133715208 -0.0437594678116 -0.115382165153 -0.0506912549706 3.29073243119e-05 -0.484514428609 0.0495489440181 0.0610143464818 0.000713256166688 -0.478623191213 0.0710431987855 -0.0015788218312 -0.303959828904 0.00749057699794 0.00228068401521
-0.380878977255 -0.0155418236662 -0.0110413286567 -0.0151181515194 0.00684197612582 0.0555757263344 -0.00206405531133 -0.384297364952 -0.0172386372972 0.0372529059108 0.0311707908175 0.0419317314977 -0.00801501800087 -0.366245144486 0.0154822941853 -0.020037754667 -0.0145426037243 -0.00134401214419 -0.501465963181 0.100878555249 0.0233470041202 -0.00156526573555 -0.507515477429 0.0352255103684 -0.00348282997593 -0.206476338539 -0.00160746089611 -0.0198438978105
-0.530703192088 0.00345815743197 0.0356132376351 -0.0207633577458 0.0266310228949 -0.0564222492445 0.0294988049992 -0.491611116692 -0.0117158825792 0.0108144058837 0.0328099761467 0.0102835249752 0.0107303660411 -0.128806744522 0.0699909393451 0.0308303435425 -0.0155128300156 0.0224289124364 -0.392664396101 0.155348191304 0.0582304984383 0.00999483556453 -0.509827456475 0.02579755443 0.0136664251523 -0.0533578165878 0.00418264053936 0.00356678989373
-0.613081301365 -0.0306490315008 -0.0745113916786 0.0393785407567 -0.0485183376777 0.0408797479331 -0.0122119750325 -0.671174857557 -0.0255399951347 0.0211012535344 0.126623426833 0.0270254740621 -0.0113307048279 0.0528606373358 0.0432384437599 -0.0952557894772 -0.0247767897632 -0.0129944899147 -0.115303222932 0.214172350965 0.0462058025956 0.00125123632174 -0.259658391173 -0.00518624869098 0.000832639198473 0.01193425436 -0.00141498920755 -0.00579948053036
-0.608638286231 0.0448172499977 0.00992264562623 -0.0283084382048 -0.0278189101284 0.00901762816185 -0.00206723027289 -0.721705730466 0.00681992995042 0.0207023006763 0.124974218498 0.0200446341217 0.0131502406455 -0.05954241947 -0.00515688754547 -0.0478925111846 0.058184619718 0.0012667204333 0.0573418574781 0.207550215023 0.0478091178337 -0.000612893624581 -0.148248798619 -0.0356035748106 0.0492376995649 0.0679194709609 0.00393632587665 0.00786654006827
-0.535072740474 -0.0276531256849 0.026161017581 0.00391397731239 0.035713479354 -0.00797455684425 0.00901804467094 -0.711143790025 -0.0287841939577 0.0660583550972 0.104816363175 0.0223438723578 -0.00615336495668 0.000977001252264 0.0192422320694 -0.086444466224 0.0323127871954 0.00369606276163 -0.20987035426 0.286172821978 0.0506156260502 0.0135699468347 -0.222450752411 -0.00961278863614 0.00622179699343 0.0336328201267 0.00512435756864 0.00316450273714
-0.569205720305 0.0251610892609 0.0502329327808 -0.0208891525591 0.00994703744803 -0.0281281120697 0.0168555973457 -0.648631910607 -0.0126364949489 0.0452142748281 0.115277278652 0.00416291636281 -0.0094597776499 -0.0115866071497 0.0383332219474 -0.142269748188 -0.0127413863307 0.0135312792472 -0.377358817161 0.138040515057 0.0358339321225 -0.035189454046 -0.206273298599 0.0330036378322 -0.0134189783468 -0.0687833506172 -0.00558657205995 0.0129385680714
-0.662429043261 0.021676557504 -0.0224056274334 0.10989472477 0.0764068101766 0.0123058450801 -0.00106892930654 -0.599306145503 -0.00131801288339 -0.0872950212158 0.0675446672614 -0.0278249532312 0.0122465328715 -0.00024802938837 0.0252722493658 -0.231434863854 -0.05713980637 0.0102784902815 -0.188289652096 0.0602074067639 0.0425263772798 0.00983916019898 -0.263363609306 -0.00984968944788 0.023274269204 -0.0291210912748 -0.00785333176882 -0.0202104128295
-0.543343885448 0.00669264258301 -0.0231597072863 0.00314473441795 -0.0145949563353 0.00946229235642 0.0105303933541 -0.595655195589 0.0248789142998 -0.00112834056719 -0.102308671866 -0.00746916938533 -0.00436136202967 0.0996269774687 0.041354866037 -0.127741724482 -0.034432239999 -0.0108665493562 -0.308121733645 0.204006240758 -0.0121281893493 0.000570800344728 -0.410750041857 -0.00456038244694 0.00232882305464 0.046641251577 -0.0197480924315 0.0231552370453
-0.608556084736 0.00780530358601 0.0438550954701 0.0864845054768 0.021464482893 0.00126055229702 0.00454067283083 -0.582999412153 0.00708584294309 0.0185363769284 -0.103186499403 0.000840251381744 -0.0026179187958 0.137985370324 0.000303047117743 -0.0909318784665 -0.0399301544836 -0.00999429539399 -0.22690577482 0.213352537471 -0.00790685662777 -0.00808906044307 -0.371744952091 -0.000214754007389 0.00402869383746 0.0584119065992 -0.0139072376898 0.0286926094726
-0.537988227676 0.00163976994308 -0.00320945245319 -0.0702593200538 -0.0394827191731 -0.0145178191394 -0.000365884415118 -0.561441603141 0.0436920656962 0.0620305654301 -0.0463871616639 -0.0222626518779 -0.0116183497824 0.145933352292 -0.00974873629686 -0.147744466457 -0.0347649193031 0.0017672956361 -0.300874224063 0.173805101336 0.0126305796909 -0.00921057251374 -0.460327881911 0.00945321207877 0.0100989455518 0.0301750081858 -0.0120668054162 0.0391767550178