-0.0116560365107 0.0134785451427 -0.0331946525221 -0.124370504628 0.0566352560545 0.0177779103299 0.0136550850785 -0.0866630940083 0.148175995471 0.226921535774 0.159593188599 0.0949427599265 -0.00476310661744 -0.277066723299 -0.445907898795 0.507773139047 -0.074370382024 0.00463709236394 -0.253047901207 0.421603015582 -0.0322182460841 0.0122139896121 -0.285912620344 0.00479709641235 -0.00540422436423 -0.0102813689902 -0.00873263988636 -0.000314277490789
-0.580004997617 -0.0374085309576 -0.235043789801 -0.0310189750508 0.0476256905583 0.0275467354251 0.0031006682346 -0.513638169129 -0.0374475033681 0.00642252710078 -0.11239800051 0.0753452818429 -0.00063454218829 -0.155258411374 -0.263218903654 0.342910322578 -0.0244811741163 -0.00152398383623 -0.212193704814 0.0689040359375 0.0196620467325 0.00632642127697 -0.238502191349 0.0212243056067 0.00734342127371 0.0116245223174 -0.00744540222041 -0.00383775013233
-0.579973091505 0.0185244387864 0.157575830488 -0.163598236598 -0.0450559599823 -0.0589201826054 0.00459003043456 -0.521301631856 -0.0372261090837 -0.0227590229759 -0.125646273495 0.0900042321956 -0.00616587382211 -0.183869067809 -0.0626808828384 0.296689204305 -0.0377194705923 0.0065534692961 -0.242618603132 0.0645777469771 0.00238376991508 0.00819362511184 -0.326071930462 0.0140981830216 0.012425540024 -0.101594253983 -0.0103074919859 0.0338883856178
-0.551485131927 0.00923078827437 -0.0682924501446 0.124077705152 0.021523811726 0.104894066085 0.00467196912818 -0.511303459182 0.112654066884 0.0380077033763 0.0754243406167 -0.0168706624429 0.0238038029 -0.260404346992 -0.336541648156 0.212989117237 -0.0588827247395 -0.00637129612025 -0.144906647162 0.309344289521 -0.0607630534718 0.0110037093966 -0.168357762501 -0.00948477740206 -0.0243364976553 -0.0210043473341 -0.000297310493881 -0.0470041390665
-0.526018157567 -0.000130973252969 0.0796291964431 -0.127637969167 -0.00528050472231 -0.0974617775352 0.0072897776371 -0.504847358597 0.11656450088 0.0871839084864 0.0739995307977 -0.0114290888458 0.00775182637981 -0.24039139822 -0.29578698177 0.233435173265 -0.0431899713307 0.00516316429394 -0.249397117061 0.319786306666 -0.0679298443243 0.00733748335251 -0.195438876243 0.000478391320899 -0.00138485102068 0.0175782503083 -0.000612627917531 0.00816258625053
-0.621127726011 -0.00901618858516 -0.0890504913802 0.0687797471455 0.0574743522254 0.0273805945116 0.00971909258454 -0.489981381754 -0.0090542574698 0.0125849416058 -0.0509408798766 0.0215392109825 0.00326617681793 -0.252520102171 -0.2259793397 0.0781182495257 -0.0631791410713 -0.00463134628262 -0.281953482689 0.146578110967 0.0196297483162 0.00823734839488 -0.340782872946 -0.00767735167665 0.00141575022092 -0.0923432924052 -0.00364220234956 -0.0529162577091
-0.532166579361 0.0148507114207 -0.0240278430581 -0.0728434029644 -0.0654517275899 -0.00526738461003 -0.00105293353577 -0.474352130301 -0.0269659538645 0.0504118362602 0.018208911751 0.00890270118447 -0.00446619745977 -0.290678968848 -0.011327542777 0.297990415481 0.0093470089601 0.00575722154121 -0.390946556606 0.053992962963 -0.0247516136649 -0.000241353106761 -0.24837487808 0.0492377876737 0.00245332843579 -0.286806027113 -0.00746373531975 0.0364731137565
-0.511455557902 -0.0117933825885 0.0313635452526 -0.102186329525 0.0694106734809 -0.0161429539838 0.0064470717585 -0.470320082447 -0.0219558676219 -0.00510676798731 0.060280873796 0.0180112604119 0.010410169 -0.335369497398 0.0473279146271 0.197096620773 -0.0237292926801 0.00384362134023 -0.312820683999 0.109014024417 -0.0354448374339 0.00052294507412 -0.386235948089 0.0132855412168 0.00813022376959 -0.283984376548 -0.00968738991207 0.0256112087375
-0.551807225323 -0.0180839854763 0.105259218897 -0.0830704036577 -0.0726371376581 -0.00894984531871 -0.00674447784277 -0.448765189798 -0.0211572843317 -0.0630653180695 -0.00563553896621 0.00914350064035 0.00465708312858 -0.144199055482 0.0377469063766 0.0467042334312 -0.0521134136293 -0.000453555679713 -0.30336799006 0.224711483549 -0.00267025799393 0.0059824827191 -0.523087477499 0.0124305889451 0.00133665294262 -0.149397218127 0.00691082503463 0.00421891794588
-0.756211836975 0.00147545384525 -0.0594522059076 0.0478940761603 -0.0754258054544 0.0536384922125 0.00648720106931 -0.544645843261 -0.0121454228406 0.00988355317482 0.028653677149 -0.00721239158633 -0.00297326797146 -0.00330521381667 -0.178142342704 0.175959428253 -0.0320335309475 -0.00477878612841 0.0450965271368 0.00681154885727 0.0190873627675 -0.00457372951767 -0.177799330534 0.0261865773765 0.00716826660046 0.121485800923 -0.00136671579656 -0.0510550000023
-0.566558933115 0.00531041009193 -0.0136353007725 -0.109054331284 -0.00248939651486 -0.019827234023 -0.00132463309582 -0.667107169991 -0.0298979303402 -0.00227269672302 -0.103889920306 0.0424773855172 -0.00149945934714 -0.169209194062 -0.0612416364141 0.258804765869 0.0599149909546 0.0042136187887 -0.299437119296 -0.0448204394355 -0.0525712240313 0.00831626339614 -0.0944611443512 -0.0108779903488 0.00157690655868 0.0168339860609 -0.00551326225641 0.0337727734004
-0.57833542494 -0.00263347321036 0.0119081882966 -0.00648598626521 -0.00887490969225 -0.00201198811036 0.00296667587342 -0.73639292593 0.0344665207206 0.0210512131304 -0.145096477037 0.0583427304298 -0.00649936195323 -0.114225966533 -0.0873642334655 0.23475608829 0.0448705702556 -0.00200465013118 -0.0565548160606 -0.0052143407487 0.0138345657408 0.0068514616768 -0.113035506971 0.0176739376629 0.0116402756739 0.0279181349678 -0.0165615185026 0.0359237595764
-0.674725030969 0.0168218535228 0.112061526591 -0.0333385246914 -0.019670340455 -0.036607738506 0.000732865265156 -0.62763247384 0.0215745014696 0.105743972222 -0.0224936853977 0.029061638925 -0.00344348330867 -0.0633509273599 -0.0227479596145 0.150939713604 -0.0392490968656 0.00976481076172 -0.232294424033 0.0215200999084 0.0124458696301 0.00807535110487 -0.193807036818 0.0173385684282 0.00399261164231 -0.0204165818946 -0.00794700657505 0.0135298354084
-0.723799136811 0.0390227277316 -0.0721683660634 0.0534461201496 0.0618348815937 0.0505949355435 -0.00381210424405 -0.580992506066 0.064166067496 -0.00408891958462 0.017877883282 0.0121140897057 0.00617675169035 -0.170036534293 -0.209236806708 0.0429231541566 -0.0789477359467 0.00944848606192 -0.00453751465072 0.130231298306 0.00690221407034 0.00186451601746 -0.0947395287699 0.00241419185141 -0.0284016638515 -0.0656421969295 0.00806229169103 -0.0767319254189
-0.569663629895 0.0159900845905 0.0193404849258 0.013593533433 -0.0444432100463 -0.0083902008573 -0.0010857647415 -0.692758902893 0.0994232615143 0.0396924726861 0.0293668014651 -0.0377040996128 0.000155133015569 -0.11750215108 -0.164842644496 0.249513234239 0.0132169810484 -0.0170239497697 -0.232400298807 0.0977420061233 -0.0989217910368 -0.0119610900723 -0.00023076136377 -0.0288804394486 -0.02938958679 0.00757382351414 -0.00299977302353 0.0022819491085
-0.553633743873 -0.00307251715581 -0.0193131621759 -0.00565694847835 0.0136690709891 -0.0237446578676 0.00278418254247 -0.732114925336 0.0828727737614 0.0811723732877 0.0531203723034 -0.0220378655975 -0.00985098893421 -0.0780982536032 -0.126736290676 0.225387365292 0.0120931718822 0.00280058229067 -0.192779677937 0.141948852984 -0.0701761510532 -0.00934448061477 -0.0137147845436 -0.00726403844276 -3.66460694669e-05 0.0589853130491 0.00740541109267 0.0157415375543
-0.695890702886 -0.0100455566207 0.0712711890585 -0.10400506507 0.006167015434 -0.0621071088262 0.00240453658819 -0.600995005657 0.0776725392667 0.0724297706244 0.00689561083025 -0.0102666276246 -0.0148419754457 -0.115596223502 -0.128563601853 0.122000004832 -0.0434163242267 0.00140814469434 -0.210643519273 0.160956836519 -0.00461921624217 0.00227585609109 -0.0718134070152 0.017430268479 -0.0180184652094 -0.0137118603272 -0.00137900762666 0.0069442727306
-0.569208417936 -0.0355120343595 -0.0455609002684 0.0560074381385 0.0312526281386 0.0541022106905 0.00247667614284 -0.532321600743 0.0418219374428 0.0508548443328 0.0527189267042 -0.031283588041 -0.00313292584385 -0.158163046748 -0.163240279289 0.0905856931658 -0.051175642661 -0.000510501692641 -0.187188005651 0.361448600566 -0.00858981162488 0.0116939099236 -0.375023378455 0.00793710846281 0.00178441772292 -0.0390680234219 -0.00582405272801 -0.0591351180131
-0.398092828801 0.0121269944847 -0.00310052186266 -0.023993656473 0.0146013943373 -0.00564804074227 -0.00150916476859 -0.595538696014 0.0290145576593 0.0900091710799 0.0645991859494 -0.0407601642523 0.00137942611574 -0.286632532557 -0.0946602656201 -0.0510018444914 -0.0145485697972 0.0028877428439 -0.216262112529 0.290827870551 -0.0805698245109 0.00762282999138 -0.483459917074 -0.0640517441233 0.00730795773646 -0.0362573534349 -0.00300558995662 0.006579848562
-0.464480280424 0.00143103208168 0.0162162458372 -0.00588464439627 0.00506338415 0.00243926882016 -0.000647475899177 -0.661327496735 0.0633999798045 0.0578695627541 0.125134257648 -0.0470917376475 -0.000388700474545 -0.276216649382 -0.17079647831 0.00986787796336 -0.0228203620561 0.00482937045816 -0.153466859416 0.20150191981 -0.0819157413337 0.00509829840398 -0.371071056732 -0.0688848242368 0.0066208120352 -0.0401012566489 -0.00520045478767 0.0144875663818
-0.553046484883 0.0283502193925 0.0443516465169 -0.0337397862059 -0.0506103957313 -0.0534996657244 -0.000632027913442 -0.556198189273 0.0351084644225 0.039584671746 0.0856965025741 -0.0396465795015 -1.77367175633e-05 -0.293509972517 -0.174830768672 0.000317118884293 -0.0480795705431 0.00980365650864 -0.164247314944 0.278188875012 -0.0243710910779 0.0148708826107 -0.3730376864 0.00065808994799 0.00402486925661 -0.00367376741604 0.00200272504989 -0.0155024572811