-0.00356300002493 0.00379173846023 -0.0211793771465 -0.0350512288733 -0.0129906682177 0.00493465372409 -0.050627246941 -0.0135642292748 -0.0337901492182 0.0535480349429 0.0965450462069 -0.00787580023396 0.032203188265 -0.0323467633455 -0.0820160152328 -0.165999835964 0.0217308122788 -0.0024720666224 -0.3487665032 0.655132775997 0.148926685461 -0.00944387747815 -0.464623297993 0.369304765641 -0.00869395400851 -0.137685228501 -0.0265775122213 -0.00371287153899
-0.316908745679 -0.0152622036327 0.016086323293 0.0330270089427 0.00402437098462 0.0140425604934 -0.0334353136094 -0.363670155348 0.0228882609661 0.0784726529376 0.0844936732416 0.0282897097912 -0.00707175300417 -0.101001060038 0.107852266349 0.020054777234 0.0175408497779 -0.0078496067501 -0.711877706095 0.330952221868 0.0770364835657 -0.0108018963305 -0.293473007987 0.108972946632 -0.0139242889897 -0.079229531301 -0.00157774393989 0.0172388204124
-0.264364303316 0.0188752593449 -0.0363371507872 -0.0596483518738 -0.0152491934526 -0.0177963671593 0.00650668412945 -0.277776132848 0.0231402393681 0.0660714943884 0.0558020189049 0.028838270127 -5.52169941773e-05 -0.23038812783 0.0965781179811 0.0128887036855 -0.00610328996442 -0.010197907185 -0.697611573264 0.204567400354 0.0835549775779 -0.00980611889613 -0.439906642907 0.118430576726 -0.00713625694896 -0.173138171269 0.000342182036877 -0.0490621630742
-0.549026218057 0.0687005056578 -0.00494975196479 0.00110713441801 0.114653048187 0.0611901204817 -0.0429844347773 -0.584057158124 -0.0156122018625 -0.028729816176 -0.135160595126 -0.0874303209774 0.02000794363 -0.0561525798117 -0.106459549706 -0.240409932017 0.0213268627788 0.00403701035966 0.0505223825221 0.366336590087 0.0760993860623 -0.00925139260395 -0.208338416564 0.21329397402 -0.0112810875834 -0.0297231932216 -0.0187830297977 0.0305542569846
-0.556924596701 -0.0672514458641 0.0070736403088 -0.0144516310317 -0.115684435075 -0.0538919318952 0.0167354481571 -0.607016455365 -0.0427233666464 -0.0314396868302 -0.140360306856 -0.0977266973438 0.00602927969723 0.182587858416 -0.0383518093589 -0.100718380789 -0.0086235134807 0.0218840459472 -0.0363805005166 0.370730988531 0.0849537251552 -0.000645414575173 -0.184768752045 0.19868878715 0.0243446792784 0.0366071887902 -0.0292230848596 0.00477234235288
-0.375872870446 -0.00983101277778 0.0506633513748 0.0280103206726 -0.0269833434602 0.0122447594801 -0.0190340362194 -0.372345074839 0.00997906267586 0.0169707097686 0.0424026303699 0.0190831494641 -0.00501106063755 -0.328608148766 0.125209916677 0.126275397021 0.0221772659409 -0.00935775936839 -0.570784877606 0.118516018193 0.0618110009803 -0.00541966728864 -0.415305364466 0.0584394224478 -0.00198840989418 -0.228668960378 -0.00552164921186 0.0268476287145
-0.192980159411 -3.29158450999e-05 0.0018429267413 -0.00270470692399 0.00117762987391 -0.00202213428179 -0.00220996568193 -0.199657594249 -0.00151843826393 0.0346492308544 0.0260244295463 0.000923549083882 -0.00484885692503 -0.546870947183 0.00733662369891 0.0301145265859 0.000317831928248 0.000839541846552 -0.454862190673 -0.0177360872389 0.00541251181243 -0.00042277150179 -0.4162390322 0.010489865381 0.000708527983293 -0.489448070593 0.00217698815206 -0.0277000217746
-0.19226356057 0.000884024069826 -0.00808898875876 -0.024512058909 0.0104734446597 0.00386176692335 0.001854002421 -0.201465273846 0.00307646175986 0.0317603742168 0.0476716579436 0.00219056700585 -0.00424335140272 -0.542360401822 0.00158166066045 0.0425728951876 0.00314647913192 0.000791438671147 -0.459034460471 -0.000619163346173 0.0103196912615 0.0010845347798 -0.421424460808 -7.52773071951e-05 -0.000362795949418 -0.482321389823 0.00154081379566 -0.0360805194105
-0.222062410487 0.0073029367078 -0.0796448435049 -0.0333135453824 -0.00410115430322 0.0075355217208 -0.000477133067384 -0.209489877579 0.0136842944614 0.0260691839057 0.0512773865465 -0.00096978147996 -0.00225055260008 -0.425185396907 0.0422502804863 0.0356563470127 -0.010063078703 0.000935349631749 -0.53985468451 -0.0537409774459 0.000525351295314 0.000182356627498 -0.414398634259 0.00537261434729 -0.000261345630249 -0.495032964429 0.000442286696229 -0.0251810016053
-0.557293562161 0.0111975113461 0.0200874933141 0.0925817699058 0.0546217710619 0.0244695171496 -0.0135790935204 -0.447937763091 -0.0343852463184 0.0141666828811 -0.00160027003659 -0.00964845739915 -0.00576030841339 -0.0499065140635 0.11102635751 0.0129960243513 0.0022371156741 -0.00152446956678 -0.580964106605 0.265195122306 0.0445653673046 -0.0141671664768 -0.198185674987 0.0712663620934 -0.0266190549356 -0.0344051866178 0.00435078402597 0.055685436846
-0.524012850655 0.0496510834609 -0.030312645116 -0.00322985156412 -0.0288808790291 -0.00216577499434 -0.00165460994113 -0.658396573108 0.0417951662124 0.0696854020986 0.0729440929279 0.0170171037839 -0.00341221999906 0.0658862552466 0.0610228603924 -0.00157081511599 0.00930833267427 -0.00218878390222 -0.421728404592 0.244239425229 0.0562303047371 0.000270598046075 -0.105612879203 0.0803291208321 0.00152989621901 0.0938045841782 -0.00132495461155 -0.0149958681259
-0.493823241942 0.0300700420128 -0.0142501277423 -0.0435971378627 0.00201272487093 -0.000400927325251 0.00749513625274 -0.602801803577 0.022989605672 0.0894215096541 0.0477548264267 0.0359635841238 -0.0106598900989 -0.011053815436 0.0938417017638 0.0122163784436 -0.00367349038948 -0.0195355037562 -0.500694517851 0.215143584665 0.0737222567871 -0.019592052444 -0.230028679349 0.0997753639564 -0.00368788099856 0.0418097853959 0.00950896334558 -0.0222295831749
-0.227592205684 0.0050839388055 -0.0670832633123 -0.0386751688701 -0.00772510035922 -8.94813149802e-05 5.02191631972e-05 -0.217888749906 0.000898975422082 0.0465416513212 0.00462175775581 0.00473896701132 -0.000340301908283 -0.467711379441 0.00333697044627 0.0121548984048 -0.00862295605674 0.000352472469166 -0.479656227167 -0.0365365006736 -0.0050535374675 0.000171313302769 -0.443488557351 -0.000595842852742 -0.000947805082823 -0.495107048973 -0.00031978317467 -0.0141996133243
-0.561253146075 0.0182157374336 0.0535403654405 0.0548291584885 0.0165883916994 0.0257639931177 -0.0147630138616 -0.536239873716 -0.00659210609206 0.0175257568129 -0.0510496553812 -0.0239070037151 0.00772093850504 -0.226477319946 -0.155300905521 0.0146145357037 0.0366371015096 -0.00938379860104 -0.235582672296 0.296763737866 0.0659700118187 -0.00313034245009 -0.35831703641 0.103411743417 -0.00927366060953 -0.144667275944 -0.00262010356429 0.0374400007237
-0.575970491556 0.0429423615886 -0.0198685693676 -0.037253636317 0.0535547345148 0.00887122339998 -0.00439028379371 -0.669947964769 -0.0315328953071 -0.0106224336556 -0.0889067625715 -0.0222349256242 0.000297960985778 0.199130338411 -0.047631017308 -0.131932239049 0.0191699047611 0.00588894596367 0.257428624907 0.173382270253 0.0215964519829 -0.00198921358257 0.0716112793342 0.0753751936165 0.00476738467221 0.186656893708 -0.00687257993158 0.0328242618694
-0.56360465678 0.00873566907686 0.0128202160871 0.0323392737844 -0.0351377653956 0.00776173682247 0.0100467345517 -0.674857489906 -0.0503022914628 -0.0184797873744 -0.0729916364001 -0.0266887058915 0.00514847566253 0.2994032276 -0.0208783533582 -0.0736404134681 -0.000160253334311 0.0136680002401 0.199757208424 0.176171240959 0.0165336129705 0.00224713707899 0.0282446251876 0.0526023969057 0.0239798343152 0.200204478393 -0.0167793881963 0.0623508551297
-0.674410159189 -0.0111913520934 -0.0257221424518 -0.014836505766 -0.0656855840248 -0.051428981326 0.00405793062719 -0.607723071575 -0.0173643474756 -0.0294888353782 0.0129863258885 -0.00561807162419 -0.000974734975449 -0.0911347312981 -0.0277857413092 -0.0110823411225 0.0218449607926 0.0139270004688 -0.128304092922 0.241996505777 0.0972286518437 -0.00513364940452 -0.224532664179 0.134419257461 0.0184341813855 -0.0527349815797 -0.0188873190753 -0.0123195478921
-0.226687599774 0.00598660432724 0.085404059828 0.0395570536247 -0.00679362712838 -0.00739333680299 -0.00810936581403 -0.20295981535 -0.0301046820145 0.0228352177575 -0.0120548830905 0.00203090506938 -0.00139355774893 -0.402596266802 0.00773970132364 0.0345324178552 -0.00311766054938 -0.0027553553587 -0.540651380202 -0.0394878862427 0.00390275281459 -0.00160249693224 -0.456319828155 -0.00386863740626 0.000682720912855 -0.480864654839 0.0035805450984 0.0076531566815
-0.310133206481 0.00326057082514 -0.00747607569851 0.00290106316015 -0.0181245453551 0.0179423605131 -0.00377671352267 -0.312160285654 0.00760086174693 0.00429311368268 0.0187884029685 -0.0193324263877 0.0038368991489 -0.246471532538 -0.00484542904019 -0.0890805651414 -0.0574377652437 0.00467997403252 -0.674175426748 2.69645459257e-05 0.027736584713 0.000155119364625 -0.455941338309 0.0179929259905 0.000172531333522 -0.262015211984 -0.00707648472028 -0.0244505806012
-0.45425128775 -0.00443343525322 0.0113687168848 -0.0237464162706 0.0238520813815 -0.00415409560901 0.00471642196687 -0.465875431163 0.0218174796209 0.00762562827067 0.00973422106228 -0.0325568491154 -0.000927798293275 0.0407731937033 -0.0343834047339 -0.0463163954113 -0.0580387482211 0.0123382027582 -0.620512176349 0.0380608285018 0.0181210404868 -0.00124256593703 -0.384751684532 0.0247878387064 0.00709768884949 -0.171282862559 -0.00889749529763 -0.0128353449322
-0.339296513948 0.00927865094427 -0.0274085704936 -0.0691831915129 -0.0106198804284 -0.0146620921473 0.0116757061391 -0.338094022066 0.00831640465472 0.0587864992278 0.0383812604733 -0.0201233378318 0.00567799747726 -0.274996087953 0.000616668029414 -0.0808337917099 -0.0575350175263 0.00237303586121 -0.583391784743 0.0089883611141 0.0199693095127 0.000125911418466 -0.460680782452 0.0248873492321 -0.00263014199005 -0.345381467673 -0.00793991908319 -0.0233235758001