-0.0141147050991 -0.0117775389303 -0.131223905387 0.0446172509416 -0.0543756581963 -0.0475301518364 -0.00277251103996 -0.0125732074415 -0.106538974591 0.0864054197636 -0.0326408451279 -0.0101153004158 0.000985465920492 -0.143653447327 -0.100319730947 -0.342984759789 -0.178703703079 -0.0109313416832 -0.334691845408 0.68813511513 0.123406389519 -0.018998792273 -0.402562059088 0.0937514440015 -0.0025045281728 -0.0497006934474 -0.0151852780456 -0.000494846965597
-0.476196439268 -0.00913841248296 -0.0967978963454 -0.0357014046478 -0.0444518264367 0.00346395627825 0.00259514304898 -0.479076419788 -0.0859142704666 0.0582888667574 0.0340091456524 0.0469672059952 -0.0199863772825 -0.15068186282 0.244610396866 -0.0321249179281 -0.102287355415 -0.0218432884851 -0.419496254476 0.360614996632 0.0758246086292 -0.000293886938378 -0.322845011773 0.0576478954216 0.0105700878188 0.0489202845936 -0.00043922003855 -0.0110047424158
-0.181513248304 -0.0023370407726 -0.0318928899859 -0.0150177167242 -0.000702207103115 -0.0275177691311 0.00298836564719 -0.184273697239 -0.0509770326142 0.0142549427431 -0.0147509805096 -0.000427054172386 -0.0014829936829 -0.578839008224 0.0395873496303 0.0408128679384 -0.0419939526348 0.000452350866914 -0.434925592592 0.040874037897 0.00297809948093 0.00134513640386 -0.469306679523 0.0011136886569 0.0014049235204 -0.420606561828 -0.00136806665523 0.00173370054652
-0.453185625178 0.00185974490011 -0.136483727433 -0.0345608622193 -0.0243740621774 0.0156569414511 -0.00528478219918 -0.415549812726 0.0197813693732 -0.0205729581856 -0.0584284067616 -0.0352154150392 0.00813803915207 -0.116930673846 0.167012867584 -0.0776729291033 -0.0490653307814 -0.00966490493519 -0.461578171136 0.45765252134 0.0352112271576 -0.0131971219684 -0.343843554824 0.0549070460737 -0.00579040357657 0.014994005456 -0.0138427001172 -0.00247393449138
-0.558669317345 -0.0544896807489 0.090829569731 0.0488944337784 -0.0792669153272 -0.0558098828246 -0.000205416051165 -0.564058052369 0.0547453132246 -0.0225032299446 -0.0684150804603 -0.0762709851317 -0.00987068018501 -0.13097627943 -0.288041943451 -0.374558093927 -0.106253072068 0.0082299763096 0.100068313669 0.229727434666 0.0631095534035 -0.00620783179798 0.0468717003801 0.0112850332901 0.00286242327364 0.107832359895 -0.00599412653283 0.00635539309587
-0.521868176846 -0.0173739000292 -0.0479485480996 -0.0238838858199 -0.0247695426959 -0.0113332040962 0.00195992237325 -0.484849642451 0.0220479216747 -0.0251350674339 -0.0411680342149 0.00641109275938 -0.018432194154 -0.312847497849 0.281715975271 0.221039695683 -0.0243277913079 -0.0114872645741 -0.260566952523 0.199795110564 0.0157587620797 -0.0125235260959 -0.386219983606 0.022989557354 -0.000542960029686 0.0202230550061 -0.00171912224846 -0.0178581310219
-0.349318426199 -0.0167623793316 0.00365690421686 -0.0193449055247 -0.0341538155704 0.0205514395489 -0.00401827024941 -0.393473103908 -0.0649437638336 -0.0688568877422 -0.0358930593319 0.0161772968194 0.000522167827387 -0.513476347773 0.0853715251297 0.101513392931 -0.0143461034873 0.00141501396532 -0.374516177081 0.0411734467593 -0.0260082742405 -7.8027038779e-06 -0.334499026799 -0.0159125847737 0.00395541109369 -0.417275219237 0.00103996322119 0.00122487271081
-0.351671180734 0.0131476005232 0.0186278323177 0.0592297667742 0.0395607008654 -0.0301219758299 0.00155515973915 -0.328533425359 -0.0113184066874 -0.0345816535219 -0.0120812992738 -0.000557629405634 -0.00362381173038 -0.559482140458 0.062085258064 0.106870699162 -0.011023282306 0.00146270683482 -0.362493157237 0.0281063963774 -0.0163907431853 0.000849523717257 -0.364488626009 -0.017833983466 0.00422239410476 -0.407646973269 -0.00404966309187 0.012090354628
-0.293973346383 -0.0227981738342 -0.0368419272225 -0.105387922498 -0.0293748864847 -0.00175166049712 -1.00857639315e-05 -0.27167308203 -0.0495328973105 -0.0364320827956 -0.0501170036711 -0.00375797279274 -0.00259718074091 -0.532875873981 0.0385473670008 0.0428699035532 -0.00022435904739 0.000971495775012 -0.438494241958 -0.015239314156 0.0033363369367 -0.000629910188634 -0.446132911957 -0.00904725385825 0.00132152225815 -0.375064831126 -0.00319969112419 -0.00243859365068
-0.642843569854 0.0104012009358 -0.0824523131262 -0.0256656709011 -0.0384717181005 0.0220164196537 0.00334291090985 -0.541294352614 -0.0154040359774 0.023863630197 0.0202466493106 -0.00230570301504 0.0153067068504 -0.106325317072 0.194729374936 0.0832848570126 -0.0632652224479 -0.00522071773172 -0.245195723689 0.244996326172 0.0499044200379 0.0040848503306 -0.288587274071 0.0324346803936 0.0140827029877 0.11951292408 -0.00353676436776 -0.0329274803646
-0.604237513219 0.0308612746942 0.033560007348 0.00867396456069 -0.014692734657 -0.0218092035929 0.00287327633677 -0.66264121919 -0.045771708984 0.0627456246016 0.0237121524092 0.0296072058243 0.0173393009912 -0.127066603223 -0.0232900771371 -0.201368743838 -0.0702171282652 -0.0258473740958 -0.286192169893 0.12276227365 0.0645618979802 0.0124530742796 -0.106929616057 0.0473247901018 0.00747782030504 0.0840103794464 0.00948033042937 0.0128511106534
-0.31074733533 0.00190378820133 -0.00263367122958 -0.0218141054765 -0.00900313528383 -0.0137231367542 -0.000145982718161 -0.31501301216 -0.0373904800162 0.015934827439 -0.0105143164074 0.0212877284921 -1.80348486201e-05 -0.589903610503 -0.00173734473544 0.0338750351777 -0.0347761764802 -0.000594951317423 -0.395265149551 0.0136195673719 0.00520240114364 0.0032417749347 -0.411565329118 -0.0147044181031 -0.000188655901706 -0.353286282119 -0.000625148270932 0.00365803251026
-0.322774697037 0.00370526785198 -0.0223743827922 -0.00333892218566 -0.0115473146313 -0.0329640786989 -0.000792042746584 -0.349589053821 -0.0293822376758 0.0813764455512 0.039599592535 0.0161593521048 -0.00403819229477 -0.473009097704 0.0215947622059 -0.0505802403341 -0.0538622753099 -0.000243914086124 -0.42779128901 0.0313489433459 0.0110214771484 -0.000385586146299 -0.493087506696 0.0204645279405 -0.00227866137161 -0.324237174438 0.00396254886235 -0.0069930660186
-0.480165823462 -0.000285562880631 -0.00674252953202 -0.104487697307 -0.00672038716861 -0.00632043773491 0.000896234705594 -0.383968569553 -0.0107882746086 0.0154924567905 -0.0107309702642 -0.000327543487924 0.00529756474557 -0.301589424253 0.25636177465 0.210461069229 -0.0163338841259 -0.0112415990144 -0.373576656771 0.222428594532 0.0137657178681 -0.0105652193897 -0.467745933411 0.0273460260879 -0.00334903477934 0.00381409368561 -0.00371376841255 -0.0136655511598
-0.616817324174 0.0552685326244 -0.0196093279057 0.0478605752627 0.0223993665431 0.0227885283872 -0.00352005054023 -0.63182531643 0.00568069996134 -0.0351288655627 -0.0430996823265 -0.0358833049834 0.0113158151566 -0.133554310467 -0.066944092576 -0.217279051191 -0.0617523094128 -0.000320535472037 -0.221429585062 0.247064764368 0.0143719673897 -0.00227775826662 -0.0923006109465 0.0306144371217 -0.00188123275073 0.124485018231 -0.0186473583438 0.010013310969
-0.62139414602 -0.00744534160637 0.0163476593209 0.0346218630562 -0.0404844030951 -0.00716809971955 0.00175101665524 -0.607561205708 -0.0334876822562 0.0163877309647 -0.0289400516893 0.00404306796459 -0.0154308938868 0.107274476671 -0.156647021911 -0.201981865755 -0.023508025338 0.00832822420824 0.15087708294 0.136032226258 -0.015744113049 -0.00443900913406 0.232752014593 -0.0299806594098 0.00862043287772 0.254722062853 -0.000555630857951 -0.00326269975988
-0.669604079177 -0.0211970989621 0.028664818462 -0.0313954899525 -0.031758577856 -0.0535882553096 0.00112313890895 -0.590853935246 -0.030195355028 -0.0365728140433 -0.0192359794666 0.00309744586721 -0.00120352042234 -0.110022172796 -0.174919417585 -0.0947170068688 -0.0840586204671 0.00337608573545 0.166557367622 0.135612178981 0.0644730492121 -0.00379982598812 -0.279724308473 0.0625700575167 0.0108892794404 0.0484119333409 -0.00699983784525 -0.00528282095437
-0.494599857065 0.00458197470055 -0.000652302117742 -0.0864662960003 -0.0424373326736 -0.00590175956548 -0.00531082855734 -0.400416249626 -0.0222436782374 -0.00118628531631 0.0346642189826 -0.00173457678359 0.00901244690024 -0.277157795625 0.261571353417 0.213523217358 -0.0145124618067 -0.00952164600116 -0.368366166958 0.213988807073 0.01503471373 -0.00666398581778 -0.457821414216 0.0266010336375 -0.000921200786376 0.0209060531192 -0.00228247616178 -0.0160637462296
-0.229685426502 0.00358381805945 0.013922866313 0.0126186011574 -0.0172113435934 -0.00475222831774 0.00126369763583 -0.236405358063 -0.0417908765347 -0.0246997957771 0.0136155729981 -0.0100656791386 0.00449040839653 -0.478330652312 0.107832469883 0.0572174517879 0.00830019766272 -0.00118831953107 -0.635042610351 -0.10736152169 0.00373656458014 -0.0012495873424 -0.340975284213 -5.04518351122e-05 0.00192816657915 -0.336278149823 -0.00153742556714 0.00779761861885
-0.311576489317 -0.00617157450403 0.017457181066 0.0152991791306 0.0609848711904 -0.0170495423733 -0.00267864321783 -0.315769151682 -0.0182904492277 0.0633349195381 0.00969980889739 -0.0293660473231 0.00590905177068 -0.585683770272 -0.00493994355256 0.0126198279273 0.000848086309099 -6.36600853407e-05 -0.363481842516 -0.00025892710362 0.0175487085218 0.00288223590174 -0.406631986139 -0.00130501338866 -0.0011512877283 -0.390127846427 -0.00335965981736 0.00836179982145
-0.369584856539 -0.0427465654361 -0.0483632652869 0.0944835872147 0.0323656327311 -0.00117950743162 -0.00193452969191 -0.32975556467 0.0247443730519 0.0544512404426 0.0441421230248 0.00544513045069 0.000377081647909 -0.588919087359 0.00134993008126 0.0425722249797 0.00700181298535 -4.85390288852e-07 -0.194579812556 0.0556482558983 0.00457489370222 -0.00394696014285 -0.388462490147 0.0104691960938 -0.000574481032032 -0.440668360749 -0.0087960565787 0.00204503727432