-0.000502000642656 -0.0035530539701 -0.0132643031175 0.00542744748429 0.00191823361079 0.0224815612802 0.0105401258282 -0.388441870186 0.0223493386021 0.621118684532 0.507318506159 0.0577963373721 -0.00848491420028 -0.02295834518 -0.106678962827 -0.0250481471116 0.164009713149 -0.0268206587752 -0.262786967902 0.0647328159766 0.192517447085 -0.0694480396728 -0.16558769312 -0.105646126824 -0.0525548135357 -0.0489012371697 -0.0461322072165 -0.00730682338158
-0.488431281529 0.0127756961826 0.11169078815 -0.0497386792828 -0.037875937286 0.000302402000286 0.00206806470406 -0.702138999665 0.0882598097549 0.10609414813 0.283243202915 0.0277156025524 -0.0354030875064 -0.139016898322 0.0452156652301 0.0652596327804 0.0745114636687 -0.0231428613294 -0.0399602442297 0.12325539749 0.143541064567 -0.0264691729936 -0.246443707485 0.0110390129992 0.003008377628 -0.138238800221 -0.0200535030133 0.0200834845418
-0.445667225847 0.00306602515153 -0.133327048624 0.101360431983 -0.005568819854 -0.00720231212094 -0.00419433656975 -0.582376531461 0.0902220473253 0.133536054873 0.260543562249 0.0230430860912 -0.0100573094293 -0.316426809987 0.0114868530895 -0.00862629387165 0.0682519913601 0.00118382396744 -0.351833175964 -0.0340443329567 0.0887537937537 -0.034296707016 -0.249394850564 -0.0191519491334 -0.0125302483486 -0.192357950561 -0.0210467612544 -0.0203504161998
-0.544290234543 0.00115608092218 -0.00413934415966 -0.00157343314158 -0.098887351244 0.0618761176649 0.0069128415743 -0.670414331464 0.0636289474612 0.298551147094 0.053345076901 0.0166201616215 -0.00978556794708 0.0991083302549 -0.0780586155091 -0.0679602222028 0.0446243141912 -0.0135769893402 -0.287712677145 -0.0974672881191 0.0433081285516 -0.0321772603696 -0.127083087265 -0.0635384051581 -0.040906754939 0.0614871952085 -0.0260116840422 0.000614196636256
-0.620904546726 -0.0424645082839 -0.0146070514581 0.0370472487599 0.118011096637 -0.049420585722 0.0269218750796 -0.658748040209 0.0170069186019 0.174506168434 0.119924682742 -0.0320425960245 0.00852527565473 0.123605409743 -0.125771959894 -0.013548681293 0.10176079713 -0.0102095359235 -0.172301578451 -0.0837562681989 0.0407085691666 -0.044268101275 0.029419876064 -0.123229317574 -0.0432962029705 0.114549497002 -0.0184881593977 -0.0193388283505
-0.531161261681 0.0600788730969 0.091109144788 -0.0521886126651 -0.0663623001972 0.0183358297698 -0.00291894611673 -0.585528825792 -0.0672967520093 0.130819973884 0.0512777281556 0.0568098654476 -0.0176255285533 -0.1901675033 -8.04827287038e-05 0.115838551151 0.0545258370363 0.00174364529619 -0.405448665279 0.0596869765359 0.0282579251464 -0.0140095624128 -0.246578948689 0.0297050883547 0.00609903279676 -0.208758635861 -0.0305444694775 0.0096275922458
-0.479367961307 0.023892674379 0.0655829455918 -0.0105143123301 0.00428987697119 0.00192269798212 -0.00087147904802 -0.567530628884 -0.0926001327378 0.112007460363 0.048117995095 0.041148368061 -0.0283048406189 -0.247051133885 0.0674278014901 0.0979592085448 0.0284129728833 0.014488949018 -0.371854524424 0.0621054518082 0.0427964801469 -0.0201138244135 -0.361089641464 0.0532564330892 -0.00498248752308 -0.250965674842 -0.0133742808984 0.0144004857005
-0.48936136063 -0.0259908287679 -0.027575210135 0.0423067250871 -0.0260510998575 -0.00103300029482 0.00442601251352 -0.579770477451 -0.0563202797215 0.0952708839127 0.0118573319177 0.0645974434635 -0.01216361077 -0.303502052101 -0.0180454504839 0.0191631947611 0.0235751814407 0.000868253470655 -0.23744136602 0.0817039077808 0.054717049009 -0.0272298863167 -0.454484124106 0.0313750762294 -0.0248971556051 -0.187695384128 -0.0131418309779 -0.00648543663666
-0.557564118574 -0.0373402922422 -0.0936185522048 0.0239669227252 0.00885698023477 0.00901864233981 0.00210004715738 -0.553976387314 -0.0663179192306 0.0340927179473 0.0244889590167 0.0381555893641 -0.0102834445333 -0.264269045852 -0.0677500867677 0.0428228442565 0.0498948404403 0.00922487667012 -0.225648097832 0.081524933511 0.0376116422267 -0.00605980426715 -0.439790002412 0.0172712972641 -0.00409808349915 -0.178119409053 -0.0126349433196 -0.0120648491759
-0.659499375779 -0.0181786795024 0.102983713133 0.0440461243232 0.0205193064015 0.00638298420056 -0.003121027247 -0.571791398469 0.0241206832834 0.0100503510151 0.0654635126623 -0.0112004303843 -0.00739926329446 -0.0442837729277 -0.00340190193043 -0.152829841362 0.0238291152662 -0.0320526779946 0.183227533479 0.0489806554222 0.0894358462037 -0.00740339341893 -0.378862678838 -0.0330745323279 -0.00279739161631 0.0602597201774 -0.00187552620803 0.0198935857644
-0.488474710392 0.0057809275655 -0.0113827707866 -0.00345161554215 -0.0205059474382 -0.0110535781996 -0.000787127952677 -0.569236834688 0.018883541192 0.13376761392 0.0514026279195 0.00519641842451 0.000700343557805 -0.18407207101 0.0500594005769 -0.134575255852 0.0253859566722 -0.0147451371737 -0.314957453856 -0.108236329832 0.0667008229875 -0.0304129857005 -0.487418890095 -0.0275811397151 0.00163603598693 -0.0750550084342 -0.00116190427074 -0.0100170249061
-0.524589483072 0.000893587862909 -0.00463610089892 -0.000544332247772 -0.00471163676073 0.0030541417516 0.00205912106395 -0.597134291382 0.0191806378432 0.125672882047 0.0446226172101 -0.0169051185905 0.0112537435323 -0.304869438475 0.0689191342008 -0.137024926731 0.0328248593134 -0.00958526383675 -0.288498345058 -0.115121577333 0.0764381437099 -0.0294326644561 -0.347379378399 -0.0346848845529 -0.00406888368509 -0.0789642100103 -0.0125842973576 -0.0222147095102
-0.577360221093 -0.0042308135997 -0.0792399055884 0.0692590375024 -0.00455672593409 0.00310873996542 0.00151966866345 -0.580418138903 0.0459647424362 0.0839641079587 0.0226040555185 -0.0259577138621 0.0026829890143 -0.260010505627 0.0611509959297 -0.129257895546 0.0439854046423 0.00808947041997 -0.332779449037 -0.0948704904115 0.0521756084552 -0.0177527247416 -0.285495006508 -0.0478237294647 0.0143054637171 -0.103464686708 -0.0187762920395 -0.0199883830688
-0.580257754873 0.0575932063985 0.0926887664798 -0.0511086762569 0.0160004788058 0.0202715260693 -0.00263908649538 -0.589830929943 -0.0382359846545 0.0887651582402 0.0901789603652 0.00803746166804 -0.00772364170915 -0.0874696399625 -0.0107367710483 -0.179634498919 0.017730038325 -0.00856351068661 -0.314785204888 -0.0843890201865 -0.00369041787054 -0.00643142222231 -0.355901011009 -0.0643933869799 0.00230075075822 -0.0655109629081 0.00936140988253 0.0268913744158
-0.592111677955 -0.0298734520214 -0.013832081459 -0.0234960716322 -0.05027787517 0.000968852697841 -0.0131384109647 -0.668659754992 -0.0601341623939 0.0371995118717 -0.0538684786379 -0.00810656572871 0.0167074410652 0.164440423782 -0.0977577438499 0.0350060512975 0.0256865823766 -0.00909735740113 -0.363502159475 -0.0180923149399 -0.00285038869243 -0.0154335511495 -0.0144156551857 -0.0275244929434 -0.0601281227571 0.114743204039 -0.0123445837227 -0.0232849599495
-0.541657533734 0.0477492795036 0.0271174930798 0.0145937174447 0.0280725924327 0.0012044837139 0.0137668480953 -0.74767143213 -0.0276387973605 -0.0157556071274 -0.169238542891 -0.00102126604127 0.00914394549117 0.121354130239 -0.00108553904643 0.0580485090194 0.0473912784922 -0.000197675177387 -0.226771861473 -0.0129214465425 0.0101668597398 -0.026736475482 -0.119429589352 -0.0216499309275 -0.0407878525141 0.156201712912 -0.00951957163028 -0.00300757673733
-0.720897965879 -0.0297713193888 -0.044710678797 0.0613311549528 0.101296022647 -0.0283574309906 0.00492303522636 -0.613153914145 -0.0272229145405 0.0305463915464 0.0145423505403 0.00749218318182 -0.0110828844315 -0.0510469589885 -0.116896171794 -0.0275626722925 0.102242771211 0.00467733099473 -0.167192069008 -0.110350338279 0.0111089370886 -0.0181001102403 -0.0657489889586 -0.0912604193603 -0.0425948790118 0.0335696296874 0.00262672214219 -0.0293431878387
-0.494713046242 0.0217213447806 -0.0360242014988 -0.0471198994856 0.0345661532561 0.0125191545245 -0.00376470410371 -0.649146457137 0.093568961661 0.128112732116 0.134628117552 -0.0152108532428 0.000749542545676 -0.149829475846 -0.108290877345 -0.068495962835 -0.0272854639086 0.00664510840647 -0.298573953825 0.0781150691012 -0.0215755912429 -0.00630679354448 -0.384231626777 0.035511353792 -0.0135437753626 -0.0110912359919 -0.0184835334418 -0.00589492987536
-0.596160847059 0.0141427592912 -0.0566680327548 0.0101209843492 0.00263150613324 0.0124124078371 0.00261272613382 -0.744413459784 0.0413248039844 0.0222932288197 0.155849881394 -0.00409565295702 0.00153665357244 -0.0431224146144 -0.14017954796 -0.0198980096667 0.00614990068375 0.00102134498787 -0.160662175295 -0.0679243042109 0.0268962382319 0.000173371760158 -0.0744077555114 -0.0256448767664 0.00760646856487 0.00316209494621 -0.026230065061 -0.014215678709
-0.532939673898 0.0144401239247 0.0298993421618 -0.0189070117258 -0.0200058950581 -0.000974351786876 0.00800589560058 -0.818427767928 0.00889232578015 -0.0211788357736 0.149109942278 -0.0308021067385 -0.00019562519541 0.0395641515474 -0.0830543534469 0.0431272566851 0.00987722237494 -0.00906818042455 -0.0214964855146 -0.0470859127178 0.03440306878 -0.0192401506892 0.0519297566579 -0.0525412029402 -0.00891760991147 -0.0141444585462 -0.0065423968008 -0.000380297320738
-0.586236673282 -0.0177625059143 0.0250294023957 0.0321421819457 0.0365210355341 -0.0101414858741 0.00887289196715 -0.666622172796 0.00394550081809 -0.0487866076861 0.0912589421058 -0.0222595694726 0.026777895709 -0.0596763416676 -0.154957281275 -0.1350571338 0.0159082370499 -0.00336603814691 -0.344397272633 -0.111038915261 0.0390307056991 -0.00254484589049 -0.11170999225 -0.0495842986163 0.00716767754829 -0.0475388075885 -0.0203079886069 -0.0174996428441