-0.00294625192867 -0.00465442685155 -0.0527936409181 -0.020394433859 -0.0170201887976 -0.0260136399955 -0.00994502696644 -0.205592580187 -0.355381553009 0.159699529008 0.383218853123 0.000700856265633 -0.0617808960027 -0.0867576573556 -0.0247122900881 0.0155959509172 0.0919497624731 0.0412854239142 -0.28976982028 0.626524956039 0.189944611493 -0.0285959383954 -0.340904314628 0.0216999976043 -0.011622350528 -0.0302564657876 -0.0353368405287 -0.00601763031124
-0.476090012734 0.00951598120101 -0.0194583082319 0.0226080644725 -0.0560404461037 -0.014829511129 -0.00408560305723 -0.5521121237 -0.0839306879981 0.062839928257 0.0785924509959 0.095261758972 -0.0212243292978 -0.066200841341 0.023035778996 0.0854371630543 0.00764488239463 0.00453694616414 -0.139222823454 0.532296929463 0.108098648119 -0.022234614555 -0.322233388989 0.0655066571715 0.00112173324482 0.0342597579409 -0.0272358414059 -0.0148690496456
-0.481705655619 0.0254159825922 -0.0167553007225 -0.0239708158267 -0.0411098295788 0.00920330258659 0.00657493446875 -0.644410988818 -0.0622687643805 0.0540799038752 0.191058238794 0.130619536539 -0.0113647751028 -0.167373639408 0.139570625149 0.00961564369359 -0.00290591086115 -0.00147928070686 -0.10834650733 0.400066282032 0.101732713908 0.00581186435849 -0.224630605977 0.0653165305215 -0.010979363674 -0.0582016736169 -0.0229977826634 0.0185641326651
-0.49648658287 0.0374266868862 0.0291163936853 -0.10006281335 -0.0546569410007 -0.0329099064953 0.021011046182 -0.630204352526 -0.143519309952 0.0544826219606 0.166438409563 -0.1053908704 -0.00749500093367 -0.0814817038842 -0.145906646695 -0.0663618429475 0.0640245419014 0.0322826152641 -0.449129818836 0.029168692871 0.00755856991185 0.00474290948296 -0.181912735749 -0.0581200818452 0.00635902677593 -0.0117656482854 -0.0101975680914 -0.0162772337327
-0.535952025137 -0.0225774562664 -0.066725375445 0.0407484793191 0.0330895272376 0.0285326030469 -0.00616312718173 -0.621347814524 -0.0654077573967 0.0540571728046 0.185782235775 -0.0938398395446 -0.00770212854679 -0.0823629692214 -0.169126669259 -0.0394742467768 0.0389845822424 0.0211622620179 -0.383501223075 0.0395471937785 0.0212723186299 -0.019710074336 -0.232137910027 -0.0785475575072 0.000844531669277 -0.137916980707 -0.00045226347971 -0.00780853096024
-0.464143138178 0.0118327630347 -0.00938506179707 -0.00787151398244 0.0750048805984 -0.018863694215 0.00168886621681 -0.521353711414 -0.0745862697152 -0.058840770053 -0.0054893994542 0.0626547081735 -0.0179807569367 -0.330296509618 0.0738959991094 -0.00708449305957 0.0297620860534 0.000946369139753 -0.238746713624 0.219237256571 0.0359424884025 0.00482264257462 -0.512203964483 0.0226146043307 -0.00236208789054 -0.0844323151218 -0.0249813057106 -0.02619989598
-0.51060410808 0.0133159247225 -0.0462833621651 0.00527801413377 -0.0569648269302 -0.00841925941053 0.00198716930948 -0.600054010952 -0.0612395944587 0.0221141645968 0.0731970773446 0.0709316001703 -0.00946619592648 -0.15381428865 -0.0116212482233 -0.0135560805308 0.0192720874524 -0.00226852202613 -0.0932067609943 0.281999925906 0.0418308318488 -0.0174460406019 -0.47605575342 0.062864959285 -0.0284766681534 -0.111054633645 -0.00602201829539 -0.0212647363453
-0.378136196822 -0.00148966238767 0.0203003454301 -0.0204634258414 0.0207723923317 -0.00202672039441 -0.000474729295662 -0.49939064497 -0.0717371770487 -0.107976200784 0.000667480622199 0.0665877256813 -0.00949892748836 -0.362928012794 0.0622640253156 0.0180683989818 -0.0625154258968 0.000994538695578 -0.251189305679 0.137252256782 -0.014270655181 0.00498577241286 -0.448986275426 0.0272456358807 -0.00118861681263 -0.40066823348 0.0102607010357 -0.00766448148726
-0.365630908599 0.00930699702072 -0.0226885025066 0.0250918162254 -0.0128664918055 -0.00622481522428 -0.000791854330203 -0.488550251857 -0.0689154945612 -0.100222845499 -0.0183265447659 0.072685926944 -0.00824742977771 -0.456243038618 0.117222970637 -0.0477641719338 -0.0562384478453 0.00468066100275 -0.2395959464 0.104397691503 -0.0117343351505 0.00221899658054 -0.389430565004 0.0234790504112 -0.00487110851871 -0.397051171361 0.00190335708575 -0.00430571835606
-0.631353718944 -0.0090027909915 -0.0364098034238 -0.0320234852825 -0.0279119809768 -0.00451934488251 0.000815736200117 -0.661966891009 -0.0698780284642 0.0508205016705 -0.0152871541318 0.0126395924876 0.000858822782182 0.0668415034752 -0.0392355561065 0.0106444594134 0.00187057823359 0.00766519119455 -0.134619392605 0.296593590937 0.0167091749013 -0.00548883146383 -0.162566675186 0.00412675469991 0.0194347051533 0.112099864715 -0.00307014090434 0.0109252062821
-0.568815954873 -0.0487826143885 -0.0191418567519 -0.0159431767282 -0.024219528597 0.0021830343506 -0.00520151552069 -0.706748223047 -0.106879664864 -0.0521520403386 0.00838325367298 -0.0177037644578 0.0151793290524 0.0194747083178 0.0527121802995 0.0933581582703 -0.0260190075867 0.00409333105554 -0.100663387908 0.34073162661 0.0772149331729 -0.00994667524592 -0.105029100657 0.0260167083843 0.00799965142348 0.0417929933435 -0.0141842022582 -9.81534261315e-05
-0.616848815596 0.00687817862437 -0.0310706112043 -0.0118480485373 -0.0168340805429 -0.00961867982551 -0.00233950091795 -0.696931324258 -0.0520247305179 0.0719163456333 0.0336312832365 0.0104410099903 0.0151844619407 0.0309449485742 -0.0107719224932 0.0269099557637 -0.0357859380862 -0.000268024903986 -0.10590339461 0.30348330831 0.00820099028159 0.00642549231043 -0.104955999905 -0.00374628184143 0.0070869024251 0.0693920954329 -0.0138325380076 0.0175884446755
-0.636617754631 0.018784215458 0.00441039343231 0.0691683560486 -0.0379686847705 -0.011640405527 0.00949338734051 -0.719647028178 -0.119589144774 -0.00258924919986 -0.0355637464842 -0.00588630539011 0.0252113902025 -0.0186964548243 0.12856153347 -0.035127350818 -0.012720677579 0.0015340349956 -0.0266007364718 0.138530324174 0.0533890395191 0.0143656950605 -0.106333579086 -0.000190170186623 0.00127001077212 -0.014827567776 -0.0214153627368 0.0232633438391
-0.623517240879 0.00663939473687 0.0484279775337 -0.0413085367502 -0.0229783073541 -0.0159827827931 0.0120359829218 -0.611503907431 -0.00795958271866 0.0266547755672 0.0113943987287 -0.049440072936 0.00124478831281 0.0546977400045 -0.0654103425709 -0.0639122355385 0.0349365933321 0.0247610355297 -0.335577189242 0.148503740447 -0.0057297546983 -0.00976695104618 -0.239455445026 0.00473695015632 0.0232878092996 0.151751341221 -0.000998968310439 0.000218158073837
-0.495825643261 0.0223847252887 0.0142879473571 -0.00753417214821 -0.0043815666265 0.0339686964957 0.00271839000995 -0.690635133037 -0.0381443504814 0.128654868867 0.102134998661 -0.0144787949112 0.0276081960523 -0.0222218738657 -0.0459390583021 -0.0104579376972 -0.00164407136045 0.00928599027551 -0.287763469936 0.164499253141 -0.0201587108872 0.00468018673049 -0.355729606348 0.00398268563584 0.0297765396033 -0.0513889088185 -0.0446488196908 -0.0254583209643
-0.573047056844 0.00702367377943 -0.0303414068992 -0.0620934846674 0.00861818401146 0.00182152626045 -0.00793550263062 -0.652775663962 -0.0789044672786 0.0820558870663 -0.0328969775111 -0.0325400434243 0.0161003672413 0.0117197488019 -0.0814463775817 -0.0859244679752 -0.0280475989109 0.0120401924426 -0.243458198988 0.139126320811 0.00231287913172 -0.0193524004376 -0.352563105593 0.00448769905355 -0.0133632130449 -0.0767060136803 -0.0189634437787 -0.0184186410386
-0.614009383498 -0.0468054268171 0.000506989790776 0.0882055494042 0.0168923519668 0.00999113437696 0.00852493148494 -0.713987883551 0.0768346951482 0.082201590059 0.0784503237797 -0.0698731688025 -0.0138002599087 -0.0440720722611 -0.0423186046373 -0.00185932070958 0.0360679602793 -0.00470845327784 -0.164324703732 0.0820979512563 0.00658524974334 -0.00536930872196 -0.191571626832 -0.0260814967036 -0.0129946439289 -0.04919796447 -0.00699841711935 -0.00201254449584
-0.566551390957 -0.00337760975859 -0.0143486592457 0.0340806126599 0.0329964966547 -0.0266485409471 0.00282946598121 -0.597736924266 -0.101042659107 -0.0128189795084 -0.00165094252362 0.0270110262621 -0.00643565478527 -0.239503247224 -0.107284362642 0.0443038933793 0.062014843171 0.00748132531749 -0.387139127832 -0.140540232562 -0.00816602688218 0.0231858119353 -0.205599750852 -0.0573387876739 0.00820225112837 -0.127496165991 0.0151933093646 -0.017759895759
-0.461664706155 -0.00570732426387 -0.0144298666993 -0.0268220129592 -0.00785107540019 0.0218003887431 -0.00146701312743 -0.515621519506 -0.107819058444 -0.0370966747035 -0.015699393306 -0.0391864920543 -0.0116995766565 -0.309582174391 -0.0854417665497 0.0966126767851 -0.00417716493776 0.00768286188019 -0.415634393966 -0.159125287046 0.00961235646434 -0.0141297203303 -0.185152819182 -0.0249380057255 -0.000204114106044 -0.398035902286 0.0162599236727 -0.00797541090808
-0.547887290698 -0.00961788912572 0.0152515237079 -0.0111490354569 -0.0170145180663 -0.016012895904 -0.000804303039674 -0.613395314643 -0.0531411629019 -0.0797640080377 -0.0597290188084 -0.0715167740483 -0.00744708351637 -0.224947002577 -0.150034804917 0.0756855867062 0.015173160938 0.00857362768245 -0.286890101062 -0.0762419730935 0.0623294722068 -0.0148996025546 -0.185270215522 -0.0228977214158 0.0148604831469 -0.312719006416 0.0172484649838 -0.0107493335771
-0.475877705981 -0.00148103647721 0.00011118026264 -0.00649255934665 0.00236131993773 -0.00989836352918 0.00475703000378 -0.559508398469 -0.130961954758 -0.0617328729552 0.00657781219811 -0.019767052287 -0.00671160353994 -0.282615323009 -0.0586132521388 0.091253726957 0.00593675381217 0.0139361635283 -0.325984551262 -0.111662049645 0.0561444876907 0.00438563337092 -0.205240198922 -0.0047938627215 0.0138965454223 -0.42627580281 0.0306856211358 -0.0108383461245