-0.0123894808 -0.0543599359074 0.00030332481558 0.0339321530093 0.123245652479 0.000175511307569 0.00160308659962 -0.331197486486 0.239969876726 0.385958264742 0.471543861212 0.0419409933455 0.0023871804918 -0.0854060192768 0.104579487424 -0.291280661784 -0.000708156573568 0.018905513875 -0.250482980759 0.354025857971 0.108797627308 0.00400354297052 -0.339688949219 -0.135400606623 -0.0283898863235 -0.0199947305248 -0.0435098213046 -0.0023011097744
-0.377992530985 -0.00648809198915 -0.0128333505558 -0.0211937451838 0.0339499414861 -0.0305044120087 0.00459996925408 -0.417690470463 0.0923275837512 -0.0489950762884 0.118269177154 -0.0288121791225 0.00931791250338 -0.124756252684 0.185437698624 -0.0559017703887 -0.0216567544593 0.00893354787603 -0.528419212531 0.0121625698804 0.0390250620467 0.00347645991708 -0.554528028947 0.00291068144686 0.00175651920115 -0.108621938975 -0.0105137355552 0.0104655305548
-0.541928259633 0.00128542997405 0.00043386709161 0.0330435942241 -0.0477130170895 0.0169328630753 -6.04069353055e-06 -0.562106930224 0.0933227080253 0.0129367373911 0.0583054224304 0.0119886857344 0.00665154617396 -0.0863564466586 0.0720140825786 -0.0356506052409 0.0262913897603 0.0148434813338 -0.197324867066 0.156358152331 0.117049639685 -0.0182718101447 -0.525830600529 -0.059873877504 -0.00119705361038 -0.0135525618956 -0.0345192947967 0.0228860162962
-0.492804560777 -0.0432486495838 0.0240215864988 0.0357482340364 0.0530423228433 0.0461571368805 0.00237410518525 -0.703895127414 0.0861381512666 0.176649289215 0.237573529613 -0.0102307368413 0.0109645235976 -0.0234837418678 -0.0545172428561 -0.247450098089 -0.0164222481198 0.0114674500275 -0.101005470444 0.178722293115 0.0153945731314 0.029673950968 -0.173132161761 -0.106419389394 -0.0270167112832 0.0765515609932 -0.027071042512 -0.0258667876331
-0.521841463521 0.00703489551682 -0.0437114645759 -0.0546539470225 0.0545601319227 -0.0138470906252 0.000881653787542 -0.670794254277 0.0928103741824 0.213191910398 0.164610908394 -0.0171811746282 -0.0105473447846 -0.108204381787 0.0346662702977 -0.283027137098 -0.0282401342224 0.0116209387612 -0.212762247103 0.115028741161 0.0284859138167 -0.00156771226545 -0.104029420303 -0.135182077085 -0.0280578259037 -0.0645619955055 -0.0218288477523 -0.01561408496
-0.510744208157 -0.00548708599626 -0.0228251903206 -0.0314544639087 0.0663366940839 -0.00508437425141 -0.000783558245215 -0.588061371154 0.0894171502026 -0.0569972357862 0.104686271357 -0.009031744152 -0.00744090812867 0.0253245996526 0.120062158732 -0.0353189101866 -0.000712729689121 0.00596054082218 -0.360502577227 -0.0590287655326 0.0189500437624 0.003623535073 -0.461958084505 -0.00279558924995 0.00161563530481 0.0373379386794 -0.00691051395133 -0.000614754231652
-0.451171844502 0.00736309898867 0.0151560081542 -0.0503962695146 -0.0187740029365 -0.0140058801521 0.00126220061331 -0.590781828446 0.0983940283934 0.05439684061 0.0859277234512 -0.0427191030276 -0.00344753818899 -0.130843136995 0.129642636727 0.0428340023209 -0.000125844044825 0.0116352648504 -0.438838451636 0.0159201396539 0.0186939665439 0.00280630200359 -0.428442745721 0.00219150338069 -0.00247210736235 -0.0957842275432 -0.0167708293538 0.00829745795163
-0.506887833043 -0.0095612405852 -0.0152397366616 0.0191270777668 0.0268460021748 -0.0100009918466 -0.00156621699174 -0.623453863229 0.0783993287942 0.0465491571236 0.0916927088849 -0.0598564013696 -0.0123829802634 -0.103706752871 0.0605280711532 0.0438236749041 0.000448957128177 0.0123375249582 -0.364961749203 0.0392699916976 0.000811758156558 -0.00576379894992 -0.410291703884 -0.000540508985012 -0.00701154654207 -0.112668979939 -0.00675990509125 0.00261967903062
-0.558367882721 0.0217014127332 -0.013910147276 0.037798160989 -0.048039207253 -0.00631284445906 0.00551951628487 -0.629153351159 0.0912848622543 -0.0340492112075 0.0602352247317 -0.0161375457605 -0.00658257215521 0.0372728496229 0.037379637773 -0.0564207567838 0.0277703072496 0.0168528961185 -0.291645027187 -0.0556010507403 0.0192435664979 -0.0095026046924 -0.422207742142 -0.0021975350319 -0.00955697855801 0.0152707180793 -0.0133984413429 0.00967730956412
-0.598094500871 -0.00872601087779 -0.033583734124 -0.0379357580032 0.031558795552 -0.033944748181 0.00774154553151 -0.581311767659 -0.0129524436283 0.0136287475293 0.0542588333117 0.00337825727901 -0.0069182743772 -0.129974983851 0.171708041636 -0.13643767267 -0.0370775571316 0.00244864831385 -0.311150799915 0.0335839923779 0.0483423152641 0.00123043041928 -0.349853192314 0.000237514866348 0.001654051088 -0.0832097382321 -0.00171561206386 0.0130516927497
-0.448935463785 -0.00160329379382 -0.00230478492926 0.00826118652156 -0.012391290946 0.0148740817759 -0.000938146004142 -0.513602521515 -0.0889755967501 -0.0456156081477 0.0346658168468 0.0590863887015 0.00121885501086 -0.335135491802 0.0812955372473 -0.00566927027983 -0.0202950213571 -0.00281569117796 -0.396094410279 0.0567776433517 0.0250433183849 0.00179404079338 -0.367921814778 0.0349917057841 -0.00162230224755 -0.32050775509 0.00847374599148 0.00369244656438
-0.566720393711 -0.00693397577581 0.0207696699323 0.0672862249702 -0.0417273453377 0.0214394463824 -0.0076846924145 -0.593272469519 -0.0806312157627 0.0367878813977 0.0195125788016 0.0622009997512 -0.0064914719683 -0.228418177737 0.0777063551088 0.00552630850447 0.0239745053605 -0.00841248123 -0.411744105687 0.0566809726923 0.0645934648505 -0.00534576987783 -0.233697281457 -0.0483189272323 0.0076860315443 -0.118321317749 -0.0207654278859 0.0129229572492
-0.684768981342 0.0266038008694 0.0269521530382 -0.0601413463887 0.0362001712691 -0.0443984899046 0.019661412161 -0.641400194867 -0.0515812295457 0.0301582272042 -0.0027825171387 0.00649376140317 0.0116487485007 -0.0323197130825 0.0415968333629 -0.0453433250286 0.00916624214027 0.00122673239256 0.109589235385 0.155565748019 0.0933360259792 -0.0122969959189 -0.212988574056 -0.0491707869675 -0.00149593110225 0.0916862503368 -0.0260332906328 0.0190814479563
-0.50889661332 0.0120504048018 0.00147082832002 -0.0168236727834 -0.00215089066817 0.013652639389 0.00599407272887 -0.664877581043 0.0239056340395 0.129264497621 0.0659706956402 0.0060221234774 0.0240449560606 -0.170522929676 0.216046262159 -0.184697321668 0.00348290846801 0.0180702278215 -0.30297913928 0.15455019083 0.0224208539769 0.0267698965411 -0.215268916274 -0.0182762227666 0.00422285567437 -0.0283513189425 -0.0278387136816 -0.0260521674429
-0.607194755039 -0.0274647715177 -0.017761344959 0.0858801631727 -0.00955145238726 0.00218476548825 -0.00392597203557 -0.631673110162 0.0279642945694 0.0846040405119 0.00556095698034 -0.0030372393165 0.0433017900078 0.0429410361064 0.0253697179899 -0.185219165838 0.000472084220833 0.00478995083763 -0.261180240816 0.0973569253503 -0.0185091492982 0.0143244892818 -0.256366343899 -0.0669610471737 -0.00402975672969 0.166922990098 -0.0256339092949 -0.00947306145083
-0.522872064764 -0.0315038758329 0.0368363528063 0.00756854253022 0.0441656749142 -0.0104662697322 -0.00266075708188 -0.680748677802 -0.00511665252869 0.0699165183273 0.12718707798 -0.000473587593057 0.0294602905178 -0.0198297393533 0.0737356524349 -0.203613289815 -0.0196625101141 0.00179154719065 -0.380407545277 0.126431435017 -0.0171397534005 -0.01278382687 -0.153078777293 -0.0297278726092 -0.0237327547821 0.0261356405175 -0.039769586216 -0.0278885766741
-0.61160515704 0.00801937830716 -0.0075154893396 -0.0371546902905 0.00232649646878 -0.000355050632475 0.00848601812619 -0.697220757583 0.0732462366819 0.0391049560403 0.0925517887679 -0.0124653677286 -0.00399097208185 -0.0234815561942 0.0752633090319 -0.13972708101 0.0170205600297 0.0171522563101 -0.294965486065 -0.0197254640709 0.0339308104122 -0.022085397985 0.0261100418233 -0.0758373489937 -0.00585943504549 0.0278659243066 -0.000746289561689 -0.0033817938441
-0.699086720144 -0.0160891116218 0.0310715055151 -0.0172935681026 0.121410072025 0.0193838289601 0.00391644518947 -0.643645454868 0.0513379190857 -0.00186713576486 0.0269095779509 -0.00970187141768 -0.00469538336755 -0.0210754659715 -0.150935811767 -0.165143006968 -0.0392821459493 0.00126261719208 -0.0171910574584 0.00458482711421 0.00551536413056 0.0312342465359 -0.143922252387 -0.0443984944897 -0.0112289291881 0.0245852467932 8.87876768947e-05 -0.00913598143759
-0.59194135012 0.00907650443495 -0.0383970618948 0.0195133038181 -0.00507296184727 0.0104873368005 0.000912841932183 -0.656069147164 0.0850733375062 0.0764457302949 0.0479325477655 -0.0156034222899 -0.00145905600366 -0.132945458543 -0.0706878203564 -0.12430999367 -0.0593641659257 0.00477957094952 -0.150278866643 0.117442883446 0.0243653074194 0.00389064967728 -0.280033851402 -0.0998562836745 -0.0365825915444 -0.179974169064 -0.00985136056448 -0.0246433380938
-0.577942406185 -0.017997230866 0.0764473670641 0.0553567706495 0.0209213820817 -0.032885949934 0.00704750450171 -0.586172117244 0.056328883538 0.0698134168658 -0.0293321730393 0.0452093679347 -0.0138132173312 -0.256542803516 -0.112382436892 -0.0693464398908 -0.0245668505238 0.0139395002101 -0.195511436672 0.0750731957474 0.0366285062874 0.0132089285058 -0.328711623079 -0.109723637975 0.00135257266508 -0.225572699622 -0.00260975933814 -0.00562658086028
-0.62486195514 0.00134792747751 -0.0603162817847 -0.000840929672218 -0.0878519079498 0.0129736496999 0.0104202212188 -0.651599957806 0.0304466923421 0.0947400222998 -0.0160943868191 0.0335510652436 -0.0030457947059 -0.23616230847 -0.0578106899897 -0.154726864593 -0.0346689587254 -0.00264295163851 -0.0522431403784 0.122367200328 0.0462379039916 0.0128731184079 -0.200024522882 -0.0744486699719 -0.0180162558715 -0.108830168725 -0.00252621455495 -0.00589787575713