-0.00894725236951 0.0145538800907 0.0085876827869 -0.0994195661287 -0.00192949600123 -0.0159721785585 0.0278505438104 -0.260649278258 -0.0172075605325 -0.00246040455663 0.593677836221 0.134398099476 -0.0334455711198 -0.0560136738292 0.0381683586633 -0.268798885377 -0.0643582274905 -0.0104763929906 -0.162252971091 0.454307649888 0.113746154192 0.0012226331286 -0.468079935943 -0.00120812510805 -0.0455074384836 -0.0294010439296 0.00563452442911 -0.00362680492658
-0.402969081401 0.0107212298629 -0.151733993319 -0.046791089333 -0.0453433474616 -0.0125698412829 0.0186248325349 -0.340594308675 -0.0201629023214 0.0123091699664 0.0733342569378 0.0340066192558 0.00388213576217 -0.17135221888 -0.0892426937325 0.115938108538 -0.024758415665 -0.0174517292889 0.0208128275218 0.395759054225 0.0643118157259 -0.00750749454298 -0.68228819239 0.0446723038641 0.00198166785863 -0.0782055980605 0.00303973833818 -0.00613234531109
-0.227874758133 -0.00152261440419 0.0614580964436 0.0384776852609 0.0633839461666 0.00247774369125 0.00586244659211 -0.20502401341 -0.049771493047 0.0193002716104 0.0754270859555 0.0216713843941 0.00337356256069 -0.259419049382 0.235045761323 0.1317915722 0.00157965465985 -0.00147074758664 -0.581343917471 0.111270944558 0.014083311399 -0.00171179951958 -0.611790007973 0.00243680893821 0.00515076503686 -0.151109131721 0.00112745917602 -0.00915939444022
-0.525682088484 -0.0565457920042 -0.101505271622 -0.0218462149769 0.0804600596503 0.0640108141955 -0.00991764873825 -0.68170087963 -0.0044456134208 -0.135111280822 0.295363265008 -0.0562587308417 0.00991028331448 0.049684990061 -0.0320830815142 -0.206152365705 -0.0591179301181 -0.00482930495052 0.0256567385992 0.188386350786 0.00800756716552 0.017657165834 -0.173662525331 -0.0517410838166 -0.0113390467835 0.0781577048746 0.0121649318558 -0.0160496705509
-0.334664553568 0.0573873690841 0.0498214196469 -0.0210947886273 -0.0497215564482 -0.0324526381297 0.0106365563151 -0.491097313123 -0.0555344106625 0.0728592464204 0.198037772309 -0.0226172191749 0.00766713961609 0.00304850407674 0.0725042285608 -0.199533018233 -0.042780823397 0.00236950252469 -0.68928257202 0.149817302868 -0.000899027794361 -0.00134770756495 -0.198505719304 -0.0548219495814 -0.0187104113514 0.0336844300204 0.00963200736237 0.0179179806132
-0.616067280407 0.00341106990963 -0.131409502614 -0.0260693709043 -0.0127593015749 0.0098949025463 0.00420053540112 -0.474805954798 -0.01189178409 0.021690513082 0.0328384518918 0.0211781697198 -0.00802645092251 -0.0839987450244 -0.031162361283 0.129782030439 -0.0368265787612 -0.00211159371926 -0.0908486411973 0.283276090765 0.0324505648043 0.0117899451613 -0.498412115518 0.013800534431 0.0075153878959 -0.0951531193117 0.00401465855452 -0.0304232954713
-0.219216337518 0.00199971918397 0.0377372372512 0.0381713986571 0.0213996621014 0.00407459626588 -0.000545534152249 -0.215918253539 -0.0064282436477 -0.022323813963 0.0241828943108 -0.00392347618317 -0.00574492353776 -0.552414360341 0.0338058126478 0.0186503938381 0.0105880171052 -0.000358529653417 -0.409313554564 0.00500169701444 0.00155875464468 -0.000621893370196 -0.459918984964 0.0119531865861 0.000457107765901 -0.463317132941 0.000557685391991 0.01135931875
-0.215050236383 -4.27479422305e-05 -0.00469875485162 -0.0138216761552 0.0307439963763 0.00636074068865 -0.00420820320268 -0.217776126229 -0.0219946064233 0.00998323116133 0.0119730848065 -0.00575321367317 0.00933445049233 -0.546589216394 0.0234153441777 0.0218470928029 -0.00226781535484 0.000167272905615 -0.457150522519 0.0250134856482 0.0146066279949 0.00422998225474 -0.408965828739 0.011692657783 0.000886274438292 -0.476681758959 0.0012052144516 0.00345235342855
-0.408631847805 0.000340096049396 0.0649922115456 0.0672311751736 0.00595597020925 0.00480259383768 0.0058483045965 -0.328540728845 -0.0396030798125 0.0188331996808 0.061785961541 -0.00182057710591 0.0140124299175 -0.205503938643 0.202451215127 0.145086301904 -0.00662227630122 -0.00424935033565 -0.527700525341 0.168794926633 0.00532538453806 0.00508000988426 -0.531326934322 0.00425231675813 0.00465786073208 -0.125022141927 0.0287915730191 -0.0123385037693
-0.636843385477 0.00630936739493 -0.0903551710274 0.0228161113107 -0.00574232415014 0.0510017152742 0.00724539067206 -0.483625343869 0.000357986713807 -0.00617987747819 -0.000822463448409 -0.000282202596855 0.00395965157425 -0.0229872596696 -0.106919244134 0.0563930252168 -0.0275960115391 -0.0300365027411 0.142687516938 0.312965194041 0.0256516850254 -0.00897309666255 -0.451636713573 0.0248602674152 -0.006875175434 0.0831304823548 0.00779825936683 -0.0401144517301
-0.461813452356 0.0238365177051 0.0141402672087 -0.023874163338 -0.00503134806789 -0.0514521303735 0.00614257544974 -0.45961637806 -0.0555535085563 0.0134693961021 0.0178630760466 0.0260191392428 -0.0188418445719 -0.475313379489 -0.0740689029824 0.0301812394929 0.0568510054012 0.00393062694902 -0.0732204061418 0.186887215259 0.0834431565052 -0.0108846042404 -0.513875285401 0.0606313976194 0.000763074169692 -0.126776679216 -0.00555267574085 0.00543304855864
-0.276137822702 -0.0117373301443 -0.0321477386709 -0.00184655895 0.019792595589 0.0195454555902 0.00250942385329 -0.330926143538 -0.0975679514002 0.0470008583332 0.0291592090041 0.0305064231703 -0.0331385615653 -0.512918418227 0.035837959112 0.0235106983229 0.053551865607 0.0070177071586 -0.501576843462 -0.00581631498283 0.0398614518467 -0.0113593981351 -0.500543581167 0.016164178105 -0.00130012841097 -0.157720329908 -0.0213161788281 -0.0191282906689
-0.392732258322 0.0053318111025 0.0682617347508 0.0263901255217 0.0271521309522 -0.00169523581585 0.000128474905036 -0.305304860879 -0.0135072533216 0.0128794087764 0.00521795733632 0.00658647379755 0.00287944817004 -0.174205512362 0.237404073788 0.14048923865 -0.0101745654808 0.00229155035735 -0.487642444378 0.101160106216 0.0132741497062 -0.00367094167237 -0.621046655345 0.00634997815349 0.00235231709361 -0.0717780680809 0.00918973601904 -0.0156406772443
-0.704253481792 0.0560319798662 -0.11938223893 0.0155704337239 -0.00512131607182 0.0438618758667 0.00657384869952 -0.541172447523 0.0343901631202 -0.0321683814801 -0.00513298274503 0.00412513579812 -0.00388612541981 0.0449017355551 -0.0252737294717 0.00200662584649 -0.0458166618892 -0.00971958637292 0.0277297385404 0.236164773127 0.00908885841132 -0.00185737567612 -0.348512511853 0.0217142691782 -0.0037248410907 0.0499365747998 -0.0126939071291 -0.0563336088967
-0.57258691909 -0.00764964584594 0.0374063207676 -0.0532384181215 0.0280812851183 -0.00900089005521 -0.00375947308355 -0.601050237253 -0.056824770539 -0.0615624002779 0.0481313631169 0.00755228488385 0.02514683853 0.0738756748697 -0.0487909330642 -0.0865499040818 -0.00570145807744 -0.0119815843184 0.144501089166 0.251169557258 -0.0180036380677 0.0156333609178 -0.419699817868 0.00629536197711 0.0217110951808 0.133934671464 0.012162803957 0.0299382167404
-0.385166019147 -0.00918461070729 0.00922835345709 0.0261068831644 0.0165319016137 0.0119260743349 0.0125902563879 -0.439303722652 -0.0444403543202 0.0435002418735 0.0489159000675 0.00452851530684 0.0262804216599 -0.0356344252682 0.00666716500985 -0.0751559235157 -0.0371510146023 -0.0118398013946 -0.652049122582 0.11215593955 0.00440536374829 0.00345636138168 -0.447906513329 -0.00374200600428 0.00753042818503 0.0545197448703 0.0046619385619 0.0177925955648
-0.424250883344 0.00428382484519 0.00629720802437 0.0341444633977 -0.00490171314749 -0.0323113573229 0.000143670573693 -0.431052243305 -0.0259208624045 0.0534825543263 0.0352983028037 0.0169689785839 0.0038818235821 -0.0651346242567 0.169761558186 0.0326004892094 -0.0324528689133 -0.00427625634372 -0.510318511881 0.185211607023 0.00545149760866 0.00467771556072 -0.541546844491 0.0137694085377 0.0038582769835 0.0576178647704 -0.00741825661306 0.00198946789095
-0.576653094719 -0.0182306840468 -0.069194178129 -0.00549773036858 0.0656795316628 0.0168111814033 0.00020885158727 -0.461817908215 0.0377476147656 -0.0130472701728 0.0739528934079 -0.0203339919194 0.006032624827 -0.0484442667575 0.0581521114721 -0.201501644492 -0.0630948739131 0.00209405084254 -0.595062602831 0.0609986692807 -0.0117485428379 -0.00990927718685 -0.158946318814 -0.0298244262951 -0.010379767928 0.00311594446519 0.01342145766 -0.0459368348636
-0.455721458559 0.0172858228778 -0.0194875849684 0.0325585878751 -0.0167199420136 0.00257853322174 0.00358098583472 -0.600175522953 0.0355512682223 -0.0327462551577 0.135601951619 -0.0570767811224 0.00773948281254 -0.233782515815 -0.00393245009738 -0.00537643026804 0.00555368559845 0.0127856705161 -0.491980856774 0.0778633972505 0.00114368351905 -0.00724190793963 -0.251371617491 -0.093463883605 0.00124888684794 -0.17486455206 0.012240375355 0.0179197499569
-0.438417482081 -0.0134785426794 0.00340513645698 -0.0513109200876 0.0103623982994 -0.0101478194542 -0.00975481287692 -0.579620337235 0.0594775935753 -0.0150189981382 0.123859644565 -0.0520831405208 0.00457491739271 -0.151989665672 -0.0177884843963 -0.0248687374143 -0.0132716716651 -0.0016985215454 -0.582118118844 0.0649618309354 -0.00286059309431 -0.00454195429797 -0.236096739192 -0.0817174562641 -0.018904575884 -0.127299485472 0.00380306004392 0.0232227670345
-0.541158213951 0.0249984550553 0.0821239853526 -0.0174903540192 -0.0355365247405 -0.00749304905861 -0.00315431574204 -0.485199422821 0.032253098252 0.0206834830497 0.0930692416003 -0.0238642413929 0.00543828167912 -0.0226407186308 0.0629479761862 -0.181037979506 -0.0448375332973 0.0124167972759 -0.616602605926 0.0513634104605 -0.0155701654619 -0.0028393994614 -0.164373625356 -0.0392896615421 -0.00714472457375 0.0239341520064 0.0173688064309 0.00252477708536