-0.0573636941949 -0.00198656615446 0.145846623792 0.0418382342046 0.140299798379 -0.0163125606418 -0.0336298548426 -0.00283995513351 -0.0272563766026 -0.000506193689012 0.0461469063897 -0.0127931826573 0.0210023154318 -0.161784289663 0.256085094421 0.197021067574 -0.0639505479443 0.0160797187194 -0.453791397734 0.576500625545 0.188083862083 0.00974978380678 -0.448565450269 0.178394683928 0.00134700344785 -0.082462294143 -0.0245685946612 -0.00256944680204
-0.317612572991 -0.02273297734 0.00909635226225 0.0132410579497 0.0300740908758 0.0145814784383 -0.0376268813893 -0.385333531714 0.0266193679664 0.0486022582737 0.106024333763 0.0499239330023 -0.00112627835137 -0.338537725253 0.0991252188597 0.215074313445 0.036818273162 -0.00547833054228 -0.335515792725 0.323444294406 0.149919138432 0.00454638057439 -0.540984426761 0.126031573192 -0.00663310623518 -0.0970744738498 -0.0247117605068 -0.0118806928284
-0.493205835598 -0.0144601046992 0.133772507008 0.0462366224959 0.0535174000993 -0.0336130677108 0.035592490169 -0.44263610794 -0.0387136272016 0.0287458977942 0.103078455543 0.0694341149585 -0.0097979532679 -0.061243638849 0.251916871057 0.157086819039 -0.0499130794292 0.0163864138915 -0.409358818531 0.406679946674 0.0830155221009 0.00321687125589 -0.276215603593 0.0681295069626 -0.00424872667327 0.043542287756 -0.00787639496755 0.0049311868666
-0.495157618631 0.0818005216372 -0.0334590147402 0.0248714006102 0.136408487948 0.052486935741 -0.0538316221387 -0.527112466308 0.00274166163056 -0.0504196999848 -0.152465397545 -0.0776763070217 -0.00172958848267 -0.295624450539 0.017616498722 -0.0621761366776 -0.00430864165316 0.0188899532988 -0.16170141893 0.294948122319 0.155278442019 0.0134322046382 -0.305028781424 0.176529267066 0.0177983091845 -0.239725292006 -0.0284671132768 0.0164471118234
-0.473801561616 -0.000812402901693 0.140555355818 0.0145455135973 0.0230620209023 -0.0529213614898 0.0126188117453 -0.466029455681 0.0384922145373 -0.0710153024711 -0.0850043789989 -0.0801025569578 0.0141187541464 -0.0962055266454 0.250700481205 0.183175120184 -0.0687891594403 0.0169952202344 -0.373909196419 0.393772416099 0.0961455551109 0.00360486071585 -0.292876434242 0.100149962544 0.00338588801638 -0.0552893332723 0.0128438078636 -0.0257026888977
-0.212080786919 -0.00236884302828 0.0662841991112 0.0146366622173 0.0243562113164 -0.00966420748103 -0.00539036149712 -0.201618818134 0.00598270024603 0.0183390517533 0.0205558875123 -0.000245723864143 0.00718546939048 -0.498436557621 -0.0113711914758 0.00989050337796 -0.0160436438723 -0.000721504941492 -0.513982403693 -0.019705424987 0.00694531258329 0.00149397339434 -0.39548089569 0.000851309957832 -0.00399471464287 -0.488035995447 0.00698107983731 -0.00238854838579
-0.178881150852 -0.00163436141351 0.0152816349794 -0.000355955137953 0.0176864002563 -0.00333497945655 -0.00202864419809 -0.181641818948 0.00144117453559 0.00998167497545 0.0315708840562 -0.000318718766479 0.00272796272796 -0.532035622995 0.00548757969724 -0.00145066536689 0.00542720994569 0.00121766628077 -0.504629579725 0.00569331460867 0.00300115752633 0.000223180035589 -0.426047962294 0.00103650422612 -0.000153879566142 -0.460043754986 0.00516053135039 -0.0483222682923
-0.326707837962 -0.00934734737693 -0.00820915158459 -0.00453053207537 0.0119478489105 0.0474321206031 0.00733452333568 -0.327694327502 0.00574233497166 0.00621952474377 0.0237382346277 0.0363903532887 0.00265074746826 -0.521631384584 -0.0316422751687 0.00494077253505 -0.042604044517 -0.00193469418222 -0.350080718339 0.130662191952 0.10629162654 -0.000345143242111 -0.435942507166 0.06262045826 -0.000436605115831 -0.396422306972 -0.00276574661081 -0.0655264282986
-0.516306561082 -0.00566968841067 0.0157850230702 0.0518287144184 0.0577848208426 -0.0105591374883 0.00690708587412 -0.377531137239 0.00403298949812 -0.00137175339705 0.00284982961127 0.0122942484164 -0.00299508963402 -0.241083418078 0.240798325918 0.268131115633 -0.0229565102225 -0.00250713189796 -0.42455846296 0.282156458872 0.00546294069558 0.00413440737133 -0.365207233809 0.0306074299854 0.00806916329531 -0.0250088526084 0.0220673794323 -0.0176970714526
-0.50476843675 -0.0529225156888 0.0307228063576 0.041719144651 0.0245900391056 0.0171675949881 -0.0166850143184 -0.497528470856 0.0160570353385 0.0389477333848 0.0389441910814 0.012838049413 0.00588168872715 -0.253599673772 0.16229447282 0.21911758781 0.00982094338523 -0.00476039929383 -0.346139123388 0.246896043212 0.0684320603119 0.00548705858788 -0.390401336656 0.088484127131 -0.00515439057561 -0.0357523489047 -0.0323080606361 0.0257351553799
-0.514336635888 0.0377794717167 -0.0275316580538 -0.0317463833642 0.0144428843906 -0.00108915511557 -0.00141039574953 -0.702871439216 0.0159188363816 0.0282507978556 0.114342082902 0.0269153879066 -0.00364184541443 -0.117713247158 0.050149452595 0.130714508989 0.0385152961788 -0.000670139261241 -0.0824454751861 0.253442730163 0.124933694275 0.0119974779842 -0.293060716253 0.0945224129369 0.0069542804736 0.0787713839613 -0.0131750601272 0.013821231933
-0.593556799651 -0.0385082120628 0.046702218826 0.0375216563349 0.0155200738564 0.00355452501266 -0.0130718307988 -0.639645491333 0.0120756096107 0.025421571244 0.0857325721818 0.0177316577955 -0.00757146631328 0.00050052109726 0.122155405365 -0.0511517713849 0.0252008882704 -0.00492321394766 -0.304883196444 0.24930894466 0.0706727799903 0.00675722382872 -0.159173701743 0.0731390123366 -0.0106224904052 0.105425035987 -0.0298061418845 0.0581854602591
-0.633987546873 0.00786852128815 0.0745911853849 -0.0352174675086 0.0294124002718 -0.052212789312 0.0138029456482 -0.546647553179 -0.0322394987671 -0.0159256279406 0.0477309094797 -0.000831567958778 0.00564392588797 -0.0706648544313 0.154679720582 0.226739621351 -0.0615163644369 0.00891671427567 -0.178958192983 0.28228748494 0.0640196955179 -0.0123861309047 -0.274735881869 0.0332869709385 -0.00533548842175 0.0848198433044 0.0131450994194 0.0290340711766
-0.470142802518 0.0388231116383 0.012556519251 0.0199904396993 0.0516487780287 0.0402472534414 -0.0176286922236 -0.460581782643 -0.00534227074977 -0.0177232976301 -0.0533264471826 -0.0262356748559 -0.00501344525927 -0.366841656009 0.0900870165432 -0.000497716729468 -0.022543101131 0.0073748888886 -0.464371322207 0.222826032764 0.0526236485191 0.0123982051136 -0.254291785396 0.120143144653 0.0104340814355 -0.254028376802 -0.0131868740217 0.0298217018717
-0.617217752223 0.00347771525842 -0.0535325211498 -0.0167724619602 0.0410330915491 0.0142729371438 -0.0145994465877 -0.723328723573 -0.0515906855458 -0.0168585455243 -0.120106856676 0.00148335693781 -0.008262281564 0.0392081636163 0.0159583426885 -0.0296785860086 0.0269705748054 0.0204536860277 0.132505958574 0.15757521065 0.0852133548468 0.0181153892928 -0.104953623007 0.0531705321983 0.0373538595302 0.0394486393432 -0.0227056557142 0.0450659852641
-0.511502093332 -0.0257854530799 0.0236700103623 0.0234854378525 -0.0435615059576 -0.0144841566301 0.00507618424327 -0.780465020271 -0.0265516145535 -0.0668561488978 -0.11849562831 -0.0288640871257 0.0117606154556 0.00303996876381 0.120460291359 0.00686429682041 0.00111148732201 0.0171087307083 -0.130176389143 0.184663256665 0.076371538343 0.0157462450333 -0.149998745151 0.0847308514086 0.0377201166379 0.0218607644552 -0.0313975262042 0.0242750906348
-0.712862111671 -0.0160052395953 0.108884072282 0.0276712176425 0.0118873735456 -0.0273581617751 0.0123609359967 -0.53489196407 0.0282734853746 -0.0232263725376 -0.0205751206598 -0.0240071533391 0.0150826254558 -0.0259195594821 0.144992108951 0.171210897444 -0.0576862871807 0.0209989413977 -0.182045270561 0.253472286598 0.0400603703398 0.00681622452611 -0.17998629015 0.0416126605764 -0.0163271890525 0.0100333694123 0.0294867379432 0.00722944093948
-0.209548059258 0.00181059358478 0.0638244358146 0.0258514035755 0.00696002988259 -0.0104503960572 -0.0137188881288 -0.193928310189 -0.00511530779728 -0.00716142080658 0.0185846173505 -0.00469501985421 0.00306141280778 -0.47854759239 0.0562307268887 0.0126081770524 -0.0124896727488 -0.00409356308839 -0.591496408776 -0.0588101076022 -0.00361236722348 -0.000994836010783 -0.346254824051 -0.00335985101176 -0.00353156504898 -0.455077080249 0.00665118754126 -0.00620842941513
-0.349378506767 0.00647980772843 -0.00526932368036 0.00146562403216 0.0186791158877 0.0209330278152 -0.00956547372837 -0.355732906404 0.012881754147 -0.0141420716431 -0.00640733261463 -0.0367055647388 0.00140038356338 -0.326456920086 0.0437731031154 -0.0405684718626 -0.0753590748789 0.00552601755667 -0.533534135888 0.0332293884444 0.0330753148397 0.000513413484144 -0.512345772609 0.0751779075155 -0.00335383941054 -0.277017605926 -0.0144415815698 -0.0295109536428
-0.190914339302 -0.00109788037333 -0.0086829294027 -0.00346355166366 -0.00219349920363 -0.0148452854152 -0.00634281681279 -0.191329248347 -0.00460788916789 -0.00553712939903 -0.00538179372847 -0.0167561803032 -0.00078321089958 -0.525292805881 0.0178239178822 0.0220838999267 0.00403588981673 0.00146062484094 -0.506763359241 0.0018877260468 0.00545484388513 0.000147247465525 -0.471934798934 0.000159895485611 0.000135355539485 -0.410922346471 0.00208970335704 -0.0323380169619
-0.514793791631 -0.000293990791111 0.0148166230103 0.0351940452718 0.0792461050086 9.80343645022e-05 0.00577047451227 -0.36181229171 -0.00879035610559 0.00815459970656 0.00233580212493 0.000649768593997 -0.00582177092513 -0.24506923213 0.251979779203 0.25953169546 -0.0316709195072 -0.00571086469235 -0.420310323407 0.267701309364 0.00559015117023 -0.00299867958336 -0.383375386216 0.0429499380501 0.00524703436568 -0.0626784110225 0.0384732176709 -0.0394512144031