-0.0126632331417 -0.0118696832384 -0.00400288582832 0.0176929865386 0.0982268477827 0.0243008486942 0.0271405441242 -0.0120166050195 -0.0181554399067 0.0425937117863 0.0791439967124 0.021129025404 0.0133968571919 -0.0516820748923 0.0604910780762 -0.179576824569 -0.137809808747 0.0533409360358 -0.414088987314 0.716413391578 0.00281540486054 0.00835948350058 -0.476766721094 0.0757621970284 0.00572907970003 -0.0299563278634 -0.00341931875755 -0.0041603232473
-0.139496431501 -4.3445171061e-05 0.0203968457325 -0.00132792089077 -0.0123098859211 0.0123917080486 -0.00773271212138 -0.14340067209 -0.0144956840495 0.0382756531913 0.0161055867982 0.0311137785971 2.83684114623e-05 -0.598361203031 0.0389504806524 0.0434460166176 -0.0253459006915 -0.000509800721685 -0.458874170122 0.0297360036388 -0.0903613262715 -0.00107333569222 -0.522204572932 -0.0506209369445 0.000829895163685 -0.312785219791 0.00776333028662 -0.0379012250115
-0.511034932259 -0.0154921044131 0.000204592165235 0.0255779222881 0.156939242689 0.024005535724 0.0310712165192 -0.484101621432 -0.0952537006582 -0.0062226362659 0.0409958204337 0.0513843178712 0.00380459910283 0.0609006617109 0.0389301744276 0.0121863768777 -0.076065856996 0.0511103639437 -0.127682169456 0.467682903158 -0.00671342825743 0.0344785124838 -0.455512652925 0.0447651988278 0.0505608943315 -0.0159309348013 0.027456137679 0.0296767321219
-0.465729510883 0.0653765493426 -0.0673448403156 -0.0254801599227 0.0768758091419 0.0674558803489 -0.0125014563215 -0.505982798798 0.135796190196 0.0252711663825 -0.0142237587243 -0.0917139607285 0.0172709943696 -0.0744486853809 0.0106598338949 -0.216516122732 -0.0895602820214 0.004465028193 -0.298279986436 0.510802644559 -0.0100655098822 -0.0282257112964 -0.215702471065 0.0190367765022 -0.0169249817022 0.139577440648 -0.0199573214948 0.024283608737
-0.479477987645 -0.0562037329798 0.1205485472 -0.00410325966385 0.0573532133328 -0.0199088302549 0.0375744620587 -0.516174536119 0.15171287522 -0.00783142503565 -0.0164295774605 -0.0720363087101 0.00620145321589 0.0236924687779 0.084327205888 -0.110886390712 -0.0608912043464 0.0435812567552 -0.245075160261 0.532629643073 0.0119313747834 0.00401876478023 -0.278345570044 0.0633197093516 -0.00815447926878 -0.0295058979951 -0.0141734978263 0.0130441580393
-0.201009566262 -0.00115590709474 0.0436479651281 0.0126037159101 -0.0210859652731 -0.00960150528348 -0.00247338471997 -0.197655199941 0.000486407848468 0.0294166413872 0.00402335865887 -0.00439584411034 -0.00044247023788 -0.519281055737 0.0118501180384 0.00199942089204 -0.00262954035723 0.000595383433326 -0.452955381593 -0.00697623358596 -0.000512996698344 -0.000631227615342 -0.47038379662 0.0058635867911 0.0010998977488 -0.46960340905 0.00593337647091 -0.0116853254425
-0.15969331735 0.000454115454621 0.00209346836271 -0.00900753145188 0.00345264174539 0.00031873222002 0.00414495849981 -0.16208993637 -0.0121529828047 0.0175579118228 -0.0108092074592 0.00681896943137 0.0043056636723 -0.525820907134 0.00210723253965 0.0550293618007 0.00980044943731 0.000326477978208 -0.379596677048 -0.0604673028197 -0.000626389924707 -0.00192391457388 -0.581418208445 0.00492765639753 0.000675625432726 -0.422550180067 0.0052790758769 -0.0587643160787
-0.207006367223 0.00295642816126 -0.045827464342 -0.0254454189697 0.0235906030955 0.0156429813442 0.00197237590174 -0.202571954265 0.00196811336802 0.0341888822158 0.00399324418385 -0.000959316139893 -0.00660265149821 -0.517968091709 -0.00466469484241 -0.00496990241446 -0.00394750647383 -0.00024364976321 -0.442545268688 -0.0309502326285 -0.00201724824714 -0.000834711109587 -0.484246829828 0.0039002989528 0.000194152897568 -0.459170559704 0.00213719001706 -0.028351734836
-0.575425989987 -0.0030349671148 0.026236130848 0.022137501684 0.0772793689992 -0.000154081982216 0.014739578162 -0.521834706747 -0.0406196696732 0.0106013221444 0.0218234398638 0.0162587903327 -0.00451482863726 -0.101993493687 0.150461225052 0.0322241336155 -0.0301270467559 0.0222463550582 -0.30359855237 0.347604482771 0.00146147316998 0.0346242154134 -0.362117200515 0.0586496257925 0.0313373343283 0.0163072839016 0.0287045089637 0.0186672816804
-0.207512861214 -0.000763263724097 0.0234314279422 0.017690117227 -0.0195469695879 0.0114388240216 -0.00251776646352 -0.210697738829 -0.00612683255314 0.0346608158227 0.025382267092 0.00958540197443 -0.00336713291185 -0.621285639559 -0.00196610214212 0.0124827343238 0.00347778489436 -0.000157922494697 -0.396054335155 -0.0278091535035 -0.000502546355253 -0.000581947057832 -0.412014630832 0.00801530456868 0.00247518531766 -0.441585134881 0.0079602049308 -0.0221091154208
-0.25984268824 -0.00354045733625 0.013610017277 -0.0265262516918 0.00696867595344 0.0089610301208 -0.00516126517633 -0.270959793173 -0.00301979350778 0.00211574375951 0.0414829831884 0.0432621127708 -0.00408717962902 -0.667149274843 -0.00909033415251 0.0120741473671 -0.00246829504036 9.45781256918e-05 -0.379470539206 0.0311116989378 -0.0659251120337 0.000580653070888 -0.441307633305 -0.0376846368786 -0.000242880738285 -0.250771392322 0.00582462895622 -0.0255951513718
-0.529357356437 -0.051820616604 -0.058238267799 -0.0190255314813 0.0470256341004 0.010042913041 -0.00167099165172 -0.583173818369 -0.059542386771 -0.0642657476946 0.0361126083526 0.0401260733 -0.00858610142013 -0.0242944406627 0.0978899383018 -0.00375506348742 -0.0501686194046 0.0145997650747 -0.271246809296 0.319944792774 -0.0460271330815 0.0211071633412 -0.409414993618 -0.0130806938294 0.00814327258048 0.000915552833234 0.0298325029088 -0.0101227254652
-0.741693031452 0.00633626165259 0.112490122563 -0.00975367099851 0.00770166572836 -0.0157896918077 0.0188895585125 -0.554072284803 -0.00860250280749 -0.00125223072904 0.0141563671375 -0.0117671930252 0.0110804677366 0.16322738817 -0.0205597894037 -0.00300241348701 -0.0255458686152 0.0435337554414 0.0953649297006 0.221803093129 0.00900195631213 0.0171066505001 -0.159803919467 0.020693923862 0.0337874389073 0.0804505725927 -0.00634296415635 0.0836438510251
-0.646760087748 -0.0359187129196 -0.0698206421505 -0.00971317734636 0.044704602889 0.0521321088729 -0.00825884970304 -0.564364234546 0.00851252843076 0.0334038247089 0.0367859099631 0.0168191082893 0.0112893956241 -0.0658787594414 -0.0267216820863 -0.167896349016 -0.0636075850234 -0.00243916106707 -0.233416180925 0.332037628275 -0.0134089341898 -0.0258621871904 -0.210229877595 0.0191352951182 -0.0257802194948 0.0272314687119 -0.00956359489648 0.0161997032063
-0.581230985562 0.00331291285525 -0.00841553380335 -0.0247271697921 0.04434779372 0.0169426784803 0.00720958299635 -0.666732068568 0.0511530351393 0.0476518441889 0.018281208068 -0.0326818993703 -0.0265423483307 0.0309669565785 0.0287164412654 -0.0864437265225 0.0420852066495 -0.0182827909533 0.00149995988243 0.36749042142 -0.0188698977014 -0.0210992367834 0.0396868179241 -0.0397789680003 -0.00201406864522 0.22801035146 -0.00036726245215 0.0726718883566
-0.517224827636 -0.0302464097519 0.00910967095224 0.0182872227848 -0.0193986889617 -0.0257799037201 -0.0013665586515 -0.767686235899 0.136098899244 0.036488307616 0.0190761241672 -0.0339088722556 -0.0138122950087 0.0547953636042 0.0143454653951 -0.0737450163503 -0.0083507166691 -0.031269469672 0.043604017687 0.311755657434 0.00501348244033 -0.0210844813268 0.0236854544285 0.0130513193398 -0.0315556500709 0.0759969178155 -0.037669324769 0.0320019918988
-0.642621760523 -0.0450391942421 0.0899774629164 -0.00926627029746 0.0492019680384 -0.00379880757431 0.0288191468473 -0.578601656311 0.0510327994583 -0.00413778134652 -0.0194882906709 -0.0186566015353 0.00807461610676 0.0462629482055 0.0761881227412 -0.0594685926802 -0.027993471017 0.0446589436045 -0.173104159437 0.337856248489 0.000192941726306 0.0223855921821 -0.269511363462 0.0404559193102 0.0226432127581 0.0353732521642 0.00664791022928 0.0203219785839
-0.368917714572 0.00612759510469 0.00709068081813 0.00786764442078 0.0155298750239 0.0286482340748 -0.011785788184 -0.374897832082 -0.00463717552511 -0.0100417119822 0.0467653144478 -0.0334531803293 0.00932624419426 -0.415581686425 0.0763903492983 -0.0086407240832 -0.0794003523974 0.00190055313503 -0.513669650871 0.0189283389216 0.0270845601618 -0.00432741177391 -0.49244729136 0.0564888088229 0.00203193674609 -0.150279680252 -0.00795844977925 -0.0156590221614
-0.447523872146 -0.00237382712562 -0.0013346876246 -0.0108612177781 0.0722649443854 0.0261614691557 -0.000245797664291 -0.452350656634 0.0360541168376 -0.0346830294682 0.0651290360125 -0.0322921737322 0.0118244367233 -0.288382786746 -0.0501512529252 -0.121818112886 -0.0713700359335 0.00414789111708 -0.488589615375 0.0991535123147 0.0377119230656 -0.000786903437318 -0.461347761319 0.0378218183958 0.00279351926179 -0.105125808294 -0.00591276045684 -0.0130831467635
-0.22680740451 0.00192041203195 -0.0233046209973 -0.0164203743261 -0.00517732881966 -0.00842190070882 0.00194669465134 -0.262088706169 -0.0122373491785 0.0302279466717 0.0924269008805 -0.0024752142908 0.00670313213734 -0.609798510343 0.00711939936356 -0.000737700360556 -0.0109310465256 -0.000397542538558 -0.472135465562 -0.0264222715165 -0.00102743208644 0.00148225399921 -0.346624181345 -0.00899545482048 0.00319943265045 -0.390963050146 0.00584076905103 -0.0229915098761
-0.454547647 -0.0140472220013 -0.077258548799 0.0504901758807 0.11426807983 0.0102519652159 0.00587635245651 -0.365595281957 -0.035210303651 0.0254279609434 0.0102173405778 -0.000797638975278 -0.00642839830914 -0.405560203967 0.235480290001 0.141175472492 0.0017521642058 0.0197345025335 -0.364405594711 0.262909487715 0.00464029443011 0.0258779637873 -0.433279921937 0.0397821206604 0.024976875137 -0.0499467895514 0.020683952787 -0.00799706173101