-0.00265518223763 -2.27642980846e-05 0.0410964646591 0.0155026188429 -0.000602277699435 -0.0194976414605 -0.00286230546037 -0.00258602931114 -0.013510896465 0.0466376166744 0.00363431502274 -0.00742307531676 0.00476544661024 -0.0113066650346 0.0368825063643 -0.0963030529759 -0.0239513128472 0.00441766129581 -0.457410158125 0.674095300837 0.17214060395 0.0058129904553 -0.484738454453 0.209891252585 0.00734074824141 -0.106697501312 -0.0102628561164 -0.000254649381674
-0.448166371797 -0.0420066609418 0.0333376408708 0.0188693193306 0.0900707727805 0.0186954705835 -0.00112784121718 -0.516045089015 0.00500592089133 0.0959275659256 0.126425053611 0.0338128829776 -0.0146321973186 -0.106021803489 -0.0719711813707 -0.193517571783 -0.0196502345393 -0.0119018275716 -0.289279789728 0.397936680435 0.123413027829 0.00158145628862 -0.389305587615 0.145132886591 -0.00713647714539 -0.100113902088 0.012705517537 0.00751181060713
-0.278417858257 0.0199462882255 -0.0195533679907 -0.0198154416692 -0.0425544994579 -0.033730666634 0.0013975021652 -0.300508289373 0.00198043147465 0.0867301652094 0.0478653890818 0.0210161162086 0.00416573608613 -0.389401435023 0.163214629117 0.0305001764425 -0.0268374943893 -0.00222135149855 -0.511916647376 0.32236246183 0.0779858513881 -0.00173036793056 -0.426841835545 0.083193877007 -4.28557266586e-05 -0.276656964801 -0.0112837075726 -0.0028543392505
-0.459530397194 0.0677324451401 -0.0212110250979 0.0080441962385 0.0983633369723 0.0421400240397 -0.00529597309128 -0.564988803632 -0.0137283359515 -0.102359801029 -0.150470690294 -0.0460073052609 0.0106373347375 -0.00466480327759 0.012674463235 -0.0531727258731 -0.0353068277616 0.0120297259409 -0.22625916607 0.460441977951 0.13092492604 0.00369947876866 -0.317553201954 0.145774458404 0.0172170282364 -0.101061576939 -0.0119448359051 -0.00137430074653
-0.413475963697 -0.0764674007159 0.0177875760702 -0.0379311248679 -0.0951686688789 -0.0250051904146 0.00697767137118 -0.475237214298 0.0152587884939 -0.110494538766 -0.0837348988183 -0.050672907523 0.00750005862048 0.135940924279 0.0646915613775 -0.0495451897455 0.00950072958913 0.00803193883916 -0.37579966662 0.517906532009 0.101344171567 0.00928365298237 -0.310101720093 0.129422076694 0.00843560785269 0.0743358132821 -0.01281904669 -0.00425241050455
-0.428286326604 -0.0139552401967 0.0389580458864 0.0308728467371 0.0188303328412 0.0263411671451 0.0025294341575 -0.440934528857 -0.00201175101156 0.0560254666571 0.0351474939832 0.023602592581 -0.00354645078924 -0.245675977719 -0.018438033653 -0.0819605572824 -0.0408912149161 0.000755223764611 -0.486736875291 0.156789440153 0.0660362244595 0.0017603075991 -0.475466959287 0.0694141693839 0.00137854093155 -0.218000671421 0.00565861106237 0.00934896978486
-0.333424922513 -0.00838864884748 0.00342721507984 0.0404587063886 -0.000662990993986 0.00478089329888 0.00191751013972 -0.345361034627 -0.0147884375348 0.0620910322459 0.0297854160495 0.00408325901484 -0.00120889438315 -0.490309490716 0.0391115450318 0.0479491219867 -0.00230374232893 0.00134619890305 -0.43152533742 0.0165809064097 0.0260134617642 0.00203220366941 -0.475306180221 0.04905714935 -0.000371657988948 -0.321073935616 -0.00253733807852 0.00120155682901
-0.315567701521 -0.00435796105691 -0.00523220836114 0.0288920613657 0.0234842840534 -0.00845353152768 -0.00301202810923 -0.313473132857 -0.00784980386135 0.026649419688 0.00662556028666 0.00476810797172 -0.00534040414056 -0.481283232062 0.128516591114 0.120156311402 3.65922803912e-05 0.000125571335422 -0.414427108057 0.118365532286 0.00804724007281 -0.000237990854626 -0.421058677959 0.00450078389346 -0.00110757366509 -0.417177778221 -0.0028719770298 0.00117858176537
-0.297947174527 -0.0180572520036 -0.0161153882353 0.0267631299469 0.0439200974323 -0.00438488661926 -0.00017106005818 -0.334518642762 0.0323093484362 0.0732470089317 0.0504879170507 -0.000268355580358 -0.00505949236962 -0.475970022311 0.088689880633 0.0879021193957 0.000172971437579 -0.00140078550321 -0.439986474857 0.0861870617458 0.00556110915156 -0.00347517019412 -0.403788548622 0.0077025089076 -0.00195379863194 -0.425119475644 -0.00718124123873 -0.0016895719066
-0.677983903517 -0.00141356651317 -0.0319915713871 0.048370594723 0.0593537507711 0.0432613861099 -0.00185237073022 -0.540196050631 0.0301377908867 0.0290828008065 0.0047220338391 -0.00973514995772 -0.00825012167171 -0.0234788257651 -0.0886952735141 -0.152618119625 -0.007925574991 -0.00625255351302 -0.152607299703 0.279199489881 0.0537921104965 0.00231865386676 -0.296855053869 0.116634165614 0.000258909732731 -0.0101501660612 0.00157386024626 0.00625814305054
-0.634777801077 0.00647357939557 0.00161811917949 -0.0801621603902 0.0822166819153 -0.00929385801589 -0.00698671999222 -0.681720762824 0.037127504405 0.0619944926273 0.0639073334363 -0.00164617652487 -0.0126631553016 0.0639312015283 -0.0157561614884 -0.125317663104 0.0014221358041 -0.0193769894329 -0.0559101516685 0.238144579281 0.0779536983334 0.0012933310016 -0.114255841221 0.0653702918807 -0.0124262331241 0.0716371575905 0.0225842014495 -0.00458055539428
-0.539925208738 0.0370549190856 0.0106053891465 0.0120709552005 -0.06214862353 -0.0194874022379 0.00319359976543 -0.584771101249 -0.015391373833 0.0588636788322 0.0406329460527 0.0336234132825 0.0118263133854 -0.15373829205 0.151109263499 -0.00308596580419 -0.0442036107751 -0.000490339588391 -0.346967854445 0.330564623131 0.0616004432973 -0.000629849211155 -0.242669514765 0.0775468853485 0.00300584468207 -0.084434794601 -0.00764470670535 0.00547889869902
-0.323976335848 -0.018839725058 -0.0496622165213 -0.0356476228101 -0.0261722476833 -0.00619567568658 0.00105142882627 -0.333063928352 -0.0592576773254 -0.0312568988172 -0.0414202718009 0.0322047221502 0.00280418061515 -0.493530759712 0.075389307743 0.0526711716746 0.00758730146175 -0.000771677384848 -0.438666491033 0.0690167719608 0.0419099905957 -0.00037682445065 -0.482179308192 0.0524936337132 -0.00186401464709 -0.292627454306 -0.00544961771796 -0.00942888174341
-0.529874696686 0.0238861796673 -0.00322842431224 0.0481826870283 0.00256906379141 0.0395794541042 0.00543713897615 -0.514587503992 0.000669413776997 -0.0167699422549 -0.0464759179374 -0.00971124869489 0.00699142452773 -0.21237140282 -0.108193497871 -0.0779287838755 -0.0490763328058 0.00071121260274 -0.177161165773 0.279974010475 0.0934504721668 0.00211068950447 -0.456283717223 0.0910710602115 0.00352676256026 -0.216765879621 -0.00324509589846 0.00670079006544
-0.521554380353 0.00359763598401 -0.0068771325007 -0.0464120825849 0.0519913032097 -0.00296136951723 -0.009259831496 -0.755874471159 -0.0238320293964 -0.0476126642025 -0.0984596132036 -0.0223056011394 0.00181015198598 0.219177263221 0.0438190813519 -0.0118261767644 -0.00468595374908 0.0138907138639 0.00972282680087 0.237379122862 0.0443695227846 0.00168884037121 -0.0564122451998 0.0435854709844 0.0262397455194 0.152797379882 -0.0128506018278 -0.024117675622
-0.496888490656 -0.0106794239987 0.0029657495299 0.0459350326309 -0.0556924220679 -0.00321217720292 0.00573620941554 -0.705950812896 -0.0172875486327 -0.0869237875363 -0.0590248708607 -0.0195941268878 0.00320459326822 0.259680667117 0.0706042138803 -0.0135688471532 0.0264025891875 0.00303821471012 -0.175484708291 0.292122135406 0.0344877844429 0.0197558954089 -0.109185542015 0.044906176398 0.0163902038484 0.178837073002 -0.0156951613949 -0.0130269908577
-0.625533016156 -0.0321947608921 0.0191250817172 -0.0525173864446 -0.0575099401071 -0.026161567715 0.0024791239575 -0.539369250203 -0.0190316087642 -0.00677102796929 -0.0301881760253 -0.00812070184761 -0.000752708617098 0.11790364592 0.0521619700186 -0.0157392606589 0.00969606470118 0.00663270763669 -0.26129843089 0.354794651855 0.0658148081933 0.00968466076555 -0.255936454896 0.0992425941295 0.010769870802 0.130844685536 -0.00569523535277 -0.0058625041766
-0.279991516648 0.00135202053883 0.0618807867022 -0.01412557077 -0.0460658356728 -0.00117190840156 -0.000735549355584 -0.278620896163 -0.0221643602353 -0.0405799297198 -0.0314897828411 -0.00821183870457 -0.00098663322378 -0.397588390896 0.111447509869 0.059385301165 0.000573160864717 0.000439866925434 -0.481056857514 0.0547081744979 0.000173908743792 0.000495597334462 -0.533169243573 0.00182012608545 0.000310932189549 -0.376699216524 -0.000919181594035 0.00366157849181
-0.239114477781 -0.000219456697917 0.00285568164715 0.0100562478108 -0.0180324481351 -0.00670195211288 0.000722693181787 -0.240429427034 -0.0100649028009 0.00778568068808 -0.0108572580958 0.0120105224809 0.000107778652552 -0.413462969903 0.101147113417 0.081350735704 -0.00196254287997 0.00024569840801 -0.558538862151 0.00449325106498 -0.00227910365119 -0.000245663130439 -0.532775400421 0.0080709824375 0.000899806242702 -0.316858702548 -0.00169901816083 0.000853501355178
-0.425811683255 -0.00168634310925 0.0229578435013 0.0558185099344 0.0102871840282 -0.0165199123035 0.000380601576817 -0.418687299942 0.00838464661879 -0.00334198507068 -0.0218135828981 -0.0273678716968 -0.00105155402553 -0.243440961289 0.0712772639156 -0.0476452332998 -0.0777480941189 0.00130210639429 -0.541807059063 0.174985420409 0.00930789726304 0.00153924589724 -0.414769541088 0.0422147167818 0.00372504948514 -0.259234407679 -0.00493929361391 0.00851919481462
-0.265382596871 -0.000650099999862 -0.0255700777542 -0.0212624394818 -0.00351531617693 -0.000887342227785 0.00161441498678 -0.264139924473 -0.00447172639699 -0.0067880774423 0.0159710943144 -0.00643280161902 0.00291187592631 -0.469237997651 0.0631241023062 0.0532097970644 -0.00220431288688 0.000811014195052 -0.510584148336 -0.018681742458 0.00786219934764 -0.000401247141638 -0.463140820622 0.00170235419178 -0.000179137617291 -0.394558073647 -0.00182775457639 -0.00379529396043