-0.011725723263 0.0117855176887 0.0769099357003 0.051652820038 -0.0631801922176 0.0159391671842 0.00338195107766 -0.187131053476 0.0210294681919 0.13371410959 0.418816255166 0.180689788933 -0.0279233927712 -0.177517008518 0.293923027139 -0.448340266777 -0.00537255252921 -0.000116254010911 -0.203172564528 0.429881889505 0.0799276361683 0.0133930475217 -0.409493728987 -0.0603498945885 0.0124112183705 -0.0323453311955 -0.0243377397017 -0.00136960705357
-0.194181412132 -0.00297193048524 -0.0694211240783 -0.00113559542797 0.0289890990508 -0.0135845195284 -0.00437305677837 -0.17535907909 -0.00752245028742 0.0155727780523 0.0450414319497 0.00207666202425 -0.00372295642777 -0.230131633034 0.241961076859 -0.0368202467358 0.00261264269451 -0.0111655375304 -0.500707456097 -0.0321967648463 0.0223421072757 -0.00903399001372 -0.724021124642 -0.00363864245686 0.000669281143172 -0.177919935047 -0.00132002098317 -0.046124560012
-0.402321494907 -0.00894353533623 0.141569088485 0.0522381722109 -0.0794726918621 0.00728195424828 0.00997824116535 -0.318968028105 0.0154313024872 -0.0120053665746 -0.0217841375257 0.0341040455427 -0.00913177717289 -0.193295433883 0.240874551712 -0.178426347432 0.0222666516539 0.00710775792787 -0.185446442088 0.420779976827 -0.0292848055854 0.0238509326754 -0.589719930371 -0.0558407106573 0.00760012346887 -0.115624901391 0.00121157552542 -0.0044368240995
-0.436222083936 -0.0466568675365 -0.0333389160697 0.00271352044856 0.0565173853403 0.0789143931668 -0.00119235315611 -0.672376476244 -0.0404215923687 0.0527375090918 0.266347611504 -0.0280383229765 0.00600496601634 -0.05432732061 0.114082805871 -0.268802569162 0.00525037485967 -0.011274127432 -0.376548545455 0.14640633047 -0.00744791454597 0.0187893378392 -0.0766759075323 -0.0880805372084 0.000708196429469 0.0431929862575 -0.00961946468034 0.0334502279468
-0.547144483051 0.0803421830495 0.103331635224 0.018961237049 -0.101323040235 -0.0644438504275 0.00795013126362 -0.639721439982 -0.0503172026927 0.0446597639658 0.23208812718 -0.0561607225341 0.0169732953848 -0.00659225711626 0.0708342736857 -0.306094356195 -0.0499944888773 0.0163293424719 0.10555913555 0.17071967753 0.0666410258307 -0.00596157804138 -0.205085505051 -0.00924608595011 0.0171870593106 0.0774244962728 -0.00983718285114 0.0525745538416
-0.333780686284 -0.00101338018779 -0.0396212701229 -0.0495850139427 0.0100619476453 -0.00887314222279 -0.00187284265765 -0.273988793647 -5.62175670126e-05 -0.000503886764435 0.00861718464122 -0.000149139352514 0.000415506413722 -0.132891581422 0.214793119944 -0.0281388118033 0.00122364495159 -0.0145704984944 -0.392325758985 -0.0493083156213 0.0172029259578 -0.010929025466 -0.760722725107 -0.000638559050557 0.00299898012393 -0.074951637378 -0.00261501215229 -0.0577214344213
-0.189847391543 -0.00288370824502 0.00471112942278 0.0318903714482 0.00162383413058 0.00499484352496 0.000698760841236 -0.190432826777 -0.0184890243094 0.0271296941853 0.0133775887158 0.00512877338094 -2.22195030239e-07 -0.565255742931 0.0182310351671 -0.00671775321172 0.0093553299763 0.000330218381163 -0.399854780303 0.0372330612554 -0.00428591343715 0.00065604609184 -0.460911534496 0.00464636326429 0.000729904563982 -0.480409174515 0.00547194345597 -0.0279640155565
-0.185337452023 -0.000330368445535 -0.0164570361159 -0.00686042631608 -0.00512714156256 0.00578415131909 0.00148847492452 -0.185643306789 -0.00828057159581 0.00718095827412 0.00710208260332 0.0111449657065 0.00239983086854 -0.537019520935 0.00962629787874 -0.0102362994006 -0.00322871262811 -0.000133023297212 -0.455032817171 0.0379909245384 0.0342882744202 -0.000594265341614 -0.501597030092 -0.00739288541006 -0.000299376584516 -0.424405955991 0.00162739689177 -0.0213687123515
-0.536147839439 -0.00151182829437 0.055592889699 0.0904994331107 -0.0246556713164 -0.0226872489899 0.00795391652282 -0.405929639343 0.0137765274233 -0.0105797392111 -0.0152848762343 0.0231500083159 0.00295754513516 -0.0845775411829 0.224266643993 -0.0753698017723 0.0105691849389 0.0056292593512 -0.345065356647 0.0811431930459 -0.0211512320435 0.0152895270314 -0.586090174457 -0.028265876103 -0.0094032188681 -0.00626738383946 0.0133850001425 -0.00136223011379
-0.396987923761 -0.00374001763822 -0.0534221795257 -0.0347752329091 0.070051449863 -0.009556506579 0.00180346630233 -0.322745667024 -0.00561908099493 0.0139818837386 0.0299929327167 0.000648463833874 0.00271898138729 -0.147037461825 0.239949720145 -0.0205102001293 -0.00118824320205 -0.0159306080545 -0.427040178121 -0.0625247667122 0.0237376759933 -0.0143304967979 -0.67151322 -0.00374297251942 0.00328234517603 -0.0869924232882 -0.00324213725875 -0.0507554689536
-0.211263948361 0.000648550643239 0.005277229215 0.0167457710311 -0.0072647100251 0.00791372046471 -0.00175233757422 -0.216793706033 -0.00147003392359 -0.00973239361057 0.0365915281466 0.016886750768 -0.00785577416483 -0.585290983924 0.000988775323652 0.00393746514255 0.00744679346221 -0.00043749599057 -0.4364828944 0.00313339618021 -0.0130601123454 -0.000119307166097 -0.430012600443 -0.00246845024883 -0.00136714555526 -0.433345565456 0.00148118456584 -0.0106499612638
-0.507397955258 -0.0241648155553 0.0250456573645 -0.0124765531653 -0.0567025278577 0.0518425381989 -0.0108662247704 -0.464539953868 0.0351882871754 0.0155778355261 -0.0190826427165 0.0263550898766 -0.0151001664953 -0.376381784572 0.081240190055 -0.0583945267942 0.0888440882978 -0.00524745713073 -0.180852134082 0.33164281607 -0.00700451015231 -0.00317424012813 -0.427607925137 -0.0830985997826 0.00850265272114 -0.151562985934 -0.0321916274385 0.0203257356936
-0.694041411881 -0.0330014730514 0.0767999340089 0.0699860839013 -0.0131300785351 -0.0428674571188 0.0108403688674 -0.475525163583 -0.0045287634079 0.0233017813858 0.00642834853317 0.00983606809416 -0.00276860434478 -0.0745063915228 0.183132436187 -0.115065432178 -0.00166792946447 0.00479174776429 0.0126510643018 0.336549906566 -0.0227055243784 0.0315951812006 -0.328950751465 -0.0326779928365 0.0127159810205 -0.0214339345462 0.0150932527165 0.00637727274444
-0.521404677919 -0.0109958320808 -0.0129653607565 -0.0395899457738 0.0309912045765 0.0450583948709 0.00486080404476 -0.507710422766 -0.0151508041887 0.0298551285202 0.0562953522483 0.0172306305959 0.0103117544072 -0.0779219917961 0.212238303686 -0.137096847089 -3.5642709643e-05 -0.0159956515495 -0.367573608483 0.125438283566 -0.000642614554698 0.01165626466 -0.48404456054 -0.0324011469876 0.0292001996144 0.0569179258999 -0.0133582422769 -0.00581772228608
-0.50867836648 0.0120869002087 -0.00201491973279 0.00426309951627 -0.0277746665101 0.000415844193627 -0.0106653626023 -0.562359654385 -0.0440997725625 0.0306535380529 0.0354877479053 0.00256596662056 0.0437642601086 -0.0288490895916 0.0897424910072 -0.121684018067 -0.00502024749549 -0.00797367069782 -0.384961742032 0.255480528401 -0.0272770248029 0.0371401147042 -0.406520479487 -0.0482961238669 0.0351108646988 0.0957358944246 0.000555554066686 0.0227521183208
-0.501039907046 -0.0096443437025 0.0150945124481 -0.0392003005732 0.0277320410964 -0.0207309609459 0.00979922658716 -0.628880615334 -0.0631490296356 -0.024401818432 0.114078424868 -0.0131067456306 0.0263190746549 -0.0158733296624 0.0817145808918 -0.155995969437 -0.0132957635946 0.000834291677597 -0.324572322097 0.201388408157 -0.00349481280878 0.00390518048551 -0.381020259741 -0.0198828856965 0.020127624248 0.0852470773854 -0.00587317668377 0.0346747230796
-0.594634341687 0.00532854647654 0.0500324237452 0.0744722877164 -0.0691616435381 -0.0383712800299 -0.000375393136875 -0.473448875037 -0.019473696472 0.0342210648779 -0.0082777682579 0.00957398562583 -0.000335021738715 -0.00362981007441 0.151681286772 -0.12844390801 -0.0370022396545 0.0148162249522 -0.324066974228 0.0544946431289 0.0249216686512 0.0230579960776 -0.497235418863 0.0165938236339 0.00884668906728 0.0888121667481 -0.000222821928182 0.0218837826965
-0.580559216255 -0.0337957383091 -0.083701734924 0.0226672179086 0.03281706706 0.0063577791872 0.00113575343942 -0.610074731855 0.0632496981997 0.0441165008324 0.131041603824 -0.00958495462139 -0.00350281196447 -0.100686324935 0.118520617072 -0.2163204539 -0.0338938648641 -0.00895534102631 -0.41868056211 0.0208587924451 0.00997492421743 5.48374061011e-05 -0.0818833213304 -0.01569743926 -0.00491770280227 -0.0520901313488 -0.00122596039725 0.00544188649322
-0.541959300898 -0.0178937400732 0.0141566624592 -0.0353489090006 0.0265785047474 0.0348539789779 -0.0015451604191 -0.72008629247 0.0328856241886 -0.0567522310241 0.1396362553 -0.0698458655449 -0.0090972166996 -0.223735794639 0.00978180218837 -0.047449506814 0.017319369399 0.0143891401584 -0.169383228994 0.0412424598518 0.0616314904853 0.00078439182054 -0.119220753606 -0.0751153745907 -0.0190482415435 -0.214034278878 -0.0119024793329 0.0450191120003
-0.558471620819 0.0409480249514 -0.00257352490716 0.0274026725444 -0.0487580448231 -0.0120815086701 0.00720386989011 -0.655688035055 0.0483414926712 -0.0133160071269 0.131024627103 -0.0326701547436 0.0155756911451 -0.327197583697 0.0226112085299 -0.122696147859 0.0431748746143 0.0100241298964 0.233179415734 0.0611625952058 0.115080605453 -0.00868014262808 -0.0813729125512 0.0218756290824 0.00361416941968 -0.163844410266 -0.00776076160165 0.0462857467808
-0.738876434935 0.0164163068545 0.107729567829 -0.00652381150568 -0.0487959665036 -0.0134559382272 -0.00795734340251 -0.589525219463 0.0380554274057 0.0151314193482 0.0808597530219 -0.0184606792454 0.0121957693004 -0.0126857051365 0.0686796388463 -0.221761132836 -0.0588454431432 0.00787943266189 0.0103785194902 0.0742401285636 0.0479042025459 -0.00847754632295 -0.127673462676 0.0281894553034 0.0166038571956 -0.0054383759544 -0.0100565783052 0.0143261100609