-0.0213372622048 0.00644484658853 -0.0685595082461 -0.053379725076 -0.0829327900801 -0.00504106307664 -0.0180210578833 -0.0033999751222 -0.00250341213402 0.0308467933585 0.0280042441912 0.00364426881223 -0.00565447385784 -0.0599231627893 -0.0219712249465 -0.178819314682 -0.0740551216147 0.00339198807097 -0.459499326527 0.659161648039 0.0822863503285 0.00316472067592 -0.525763560645 0.101991357062 -0.00209870248432 -0.044255757123 -0.0131529440572 -0.000827627669552
-0.420023290144 0.011308694756 -0.0918264249952 -0.0588573256315 -0.0357632314002 0.00283957444315 -0.00873671189617 -0.423953736352 -0.0282835438869 0.0523950340384 0.0625668106144 0.0464478434374 -0.00189808816804 0.0100127159324 0.0414163271687 -0.127917611704 -0.0781548413049 0.00284947914662 -0.352216646934 0.560131759526 0.0442136209373 -0.0129122537542 -0.389332550131 0.0551918294177 -0.00442774986411 0.035146857545 0.00230689468184 0.0269922879067
-0.216998966269 0.0124213491065 -0.0240295805614 -0.0292910867235 -0.0527669815615 -0.0221206702857 -0.000425338957992 -0.216012537244 0.00395387661979 0.0148506095324 0.0526126738806 0.0249321060011 -0.00824719330807 -0.440056852417 -0.0391077675535 -0.0968189655906 -0.0453478083045 -0.000934587646532 -0.522081858887 0.276262400534 0.0484501434733 -0.000619338661655 -0.484219689858 0.065186484135 -0.00109006206165 -0.317611002691 0.00828871695265 -0.0133840981337
-0.37145004327 0.0194884150774 -0.1120626067 -0.0142779480675 -0.00274930844215 0.0250481919123 -0.0178278497239 -0.378852539378 0.0305190295792 -0.0579933404634 -0.06746260913 -0.0475078853011 -0.00060016236383 -0.00045866521717 0.0437033492344 -0.110819093156 -0.0558795358237 0.00294006781316 -0.403964708863 0.569464939082 0.0418824419125 0.00520138871371 -0.425964492209 0.0412775140336 0.00381671477187 -0.0560114552556 -0.0188264515277 -0.00779958403249
-0.454068839359 -0.0743452040528 0.0044482505105 -0.0635576234764 -0.0927288107197 -0.0308758313898 0.0059575614923 -0.488654433 -0.00590964980255 -0.051451650612 -0.127762697495 -0.0616538566794 0.00653471154943 -0.0074955200653 -0.118292415135 -0.218668504499 -0.0052143418008 0.00399404055549 -0.264564158161 0.446545199123 0.0927770003629 0.0203480845568 -0.390430105501 0.117905329466 0.00195552121139 0.076523663479 -0.022160047311 -0.000253409526951
-0.556508469951 -0.00195253014436 -0.0515900835725 -0.0652289826804 -0.0210153921684 0.00142773524286 0.00314819760789 -0.483157548761 -0.029109376436 -0.00431424273001 0.0354713864261 0.0234621948025 0.00108302354526 -0.0644275902961 0.126573308407 -0.0346587627465 -0.0547685717196 -0.0036518904394 -0.34161895992 0.442548051394 -0.00544178691235 -0.00334790736551 -0.329106494368 0.0275886754604 0.000434301166688 0.0125957686317 0.00718564066538 0.0233627386273
-0.20069641255 -0.0010107019493 0.00205295826086 0.0151071993237 0.00251297877756 -0.00514066091463 0.000976807383842 -0.206258393313 0.00821902289466 0.0277416923187 0.0195870022688 0.0181004917526 -0.00359325128856 -0.575078302202 -0.00372674692155 0.0124176491884 0.0142213266527 -0.000233091773428 -0.45371302523 0.0042918965236 -0.00104519779709 -0.000506091583226 -0.463818396742 -0.00601699721123 0.000802161488598 -0.403871342593 0.00175598637995 -0.010474038299
-0.160414928597 0.0012871495247 -0.0134000430959 -0.0055731921014 -0.0132963354069 0.00599260971209 0.000540801791783 -0.162989971429 0.00467712878428 0.00348703039038 0.0298458623414 0.00370398092906 0.000374312242672 -0.468403434136 0.0608013621004 0.00993871956933 0.000430604687719 -0.000176404707165 -0.610789269651 0.0146405908394 -0.000356222426958 -2.96252206044e-05 -0.458643855007 -0.00751036453241 0.000535465197219 -0.373400921683 0.000935263614359 -0.0046679822806
-0.212043696772 0.00591623605168 -0.0317580505325 -0.0313569307177 -0.0750532949971 -0.00345205923496 -0.000303454094999 -0.192880462252 0.00303296215191 0.003212746858 0.023540200087 -0.00223593995388 0.000558334002471 -0.52735445075 0.0277230368895 0.0219321206345 -0.00285195113163 0.00050778096188 -0.514962373972 -0.0232045965069 0.00409990593177 0.000484794200602 -0.423544679548 0.00174673066644 -0.00100324931128 -0.430157360469 0.00222908284287 -0.00684636925644
-0.70070361282 0.0254556009247 -0.101535452653 0.00665720251541 -0.00908788716102 0.0439389404645 -0.00375160800907 -0.545329832235 0.021272643305 0.024311852022 -0.0208326619822 0.00663813637543 -0.0148606216767 0.113122458124 0.0305643168565 -0.0730775659196 -0.0514340001803 0.00569999771287 -0.101430793402 0.342323420103 0.0338907046429 -0.0179122220246 -0.180609759405 0.0377575195733 -0.0102793810107 0.104508558795 -0.0170238146233 0.0283398189874
-0.548036456397 -0.00177675232848 -0.0610235269395 -0.0147400759655 0.00983309549787 0.0054037284021 -0.00745394413762 -0.554574218697 0.0237931483138 0.0565513279059 0.0349491303063 0.00346201497954 -0.0071341631667 0.00777169169754 -0.0567079454695 -0.154603969192 -0.0285730681244 0.000957778204777 -0.353907897204 0.380110730235 0.0295297569419 -0.00524958127384 -0.276511336288 0.0274665684994 -0.00527250077873 0.0755227343272 0.0134762662208 0.0342457122977
-0.482180955119 0.038233061815 0.00548422834932 -0.0125074733637 -0.0471168529081 -0.030366824044 -0.0017886472366 -0.500650688475 -0.00189780596726 0.0529084709229 0.0241488436562 0.0380061924801 -0.000992859428052 -0.271208189461 -0.0453725649397 -0.120222165371 -0.0451921285346 -0.000938179733681 -0.39926701916 0.322778443649 0.0439413500088 -0.00417735087999 -0.354353782671 0.0710253192868 -0.0016177980823 -0.13579074688 0.0199866079296 0.0107403772321
-0.204608790539 0.00596236967666 -0.0366699252965 -0.0460444625333 -0.0358592151759 -0.00648273271206 0.00066810642088 -0.196944811717 0.00705430974099 0.0207620449442 0.0223246920015 0.0104646570166 -0.00686476492662 -0.54431300168 0.00668436143983 0.0294982576748 0.00342887612261 -0.000390915920434 -0.450300164459 -0.00791413508954 -0.00104235617036 -0.00124252334949 -0.469427427602 -0.00679518791303 -0.00237451735348 -0.438768300937 0.00213018433909 -0.0202110105814
-0.569436439151 0.0049063136487 -0.116311298913 -0.0364427625414 0.0135191787221 0.0075323501645 -0.0102529431458 -0.491111778583 0.0282564181711 -0.0240524577594 -0.0156322632088 -0.00990890163356 -0.00445214251299 -0.247711398013 0.0872274336069 0.0644134148297 -0.0820306527331 -0.00541022915549 -0.246297008087 0.398622288214 0.0313297439632 -0.00362456087641 -0.333532068568 0.0287487269612 -0.00334266231706 -0.070537754609 -0.00938438978779 0.00290174891149
-0.520841592851 0.00285163561459 -0.0348505890804 0.000121381582029 0.0312672900009 0.0195772976796 -0.0174037900456 -0.630748392147 -0.0547709474122 -0.0871503018609 -0.0592531162718 -0.0059324319518 -0.00480740297492 0.145125748725 -0.0116329315851 -0.108439932301 -0.0117881016456 0.0137567802719 -0.29209793856 0.345381897514 0.0024040083716 0.038534725333 -0.253280865046 -0.00379420821391 0.0211917684962 0.0960668914226 -0.0224174652491 0.00994192999743
-0.609069919604 -0.00197528834055 0.00534787932456 0.0413126607197 -0.0814444181315 -0.00241044697428 0.00255311550546 -0.656328436871 -0.0750656388458 -0.0119986065246 -0.0482240621989 0.00699380226552 -0.0216145791631 0.172801834502 -0.0520011970477 -0.113139766978 0.043818952227 -0.00200377022438 -0.0247461773255 0.240755673112 0.0152401322968 0.0440414446972 -0.198095536309 0.0136066904416 0.0249152484816 0.179280874985 -0.0164949437469 0.0276262376986
-0.633263828373 0.0318100340215 0.00991238456721 -0.0715090183745 -0.0497150393363 -0.0321126109226 0.0083750079811 -0.527732398511 -0.0364424697893 -0.00252307600058 0.00897028757458 0.010756279182 -0.00233184420958 0.0129575633972 -0.0801813374201 -0.128106135643 0.00262858508889 -0.0003939327724 -0.284669609848 0.316405825259 0.0744956885223 0.00892432230396 -0.295648267727 0.0606735268169 0.00955514976026 0.0901627079415 -0.00311757996387 -0.00542349754608
-0.385348199669 0.00255604962249 -0.000432430374991 -0.0332738644352 -0.0598277783878 -0.0143247222396 -0.00815993891186 -0.307072056728 -0.0236665784494 0.00168734199642 0.0139306871759 -0.000541925107944 0.00263603329614 -0.605014408311 0.180232527138 0.207619343847 -0.0119278309087 -0.00365422762979 -0.263856357238 0.277595712594 0.00927349704556 -0.00739342408114 -0.387754041212 0.00772853154444 -0.00349727420042 -0.110478249619 -0.0032030744373 -0.0153475040745
-0.200300168352 6.6329520853e-05 0.00786650039328 0.020307433499 0.00859537740226 0.0180259627737 0.00211669083624 -0.200546983414 -0.00569054676973 0.00938157656577 0.0110933461099 -0.0173244874755 0.0014666177623 -0.581578599806 -0.000398452054527 0.0110276488077 0.00134707559432 -0.000330973367815 -0.37994389225 -0.0095153107092 0.00551511334011 0.000497315953246 -0.49245903863 0.00697753139851 0.00124175991662 -0.43901688467 0.000415669051269 -0.00996854436516
-0.378612016626 -0.00560290063478 0.00344483912733 0.00864896086518 -0.0189603447796 -0.0153563976417 -0.00365394905532 -0.387101197226 0.00828111476843 0.00881123534873 -0.00991422879354 -0.0301943767727 -0.000213668707985 -0.25364541123 -0.0229873246202 -0.103265212909 -0.0625352947727 0.00103859859366 -0.553526945941 0.118342455388 0.0198417195175 1.00829148049e-05 -0.533895806479 0.0625532325796 1.30798422007e-05 -0.124987693803 -0.0104621943011 -0.00174175979138
-0.336642784463 0.00195090046583 -0.0174578137393 -0.0887791930873 -0.00583357129938 -0.00753540987466 0.000533758196805 -0.321816114497 0.00283857837433 0.0183124806035 -0.00208444311005 -0.0285606502588 -0.00105087779403 -0.395187283108 -0.00591526778622 -0.0498390924558 -0.0613610053349 -0.000288548003704 -0.522652799756 0.0745523022682 0.0365896329085 0.000597262780479 -0.533953271558 0.0659157560801 0.000806559677399 -0.203543199904 -0.00351960589073 -0.0156798145194