-0.0492963492942 0.01226086725 -0.129095709447 -0.0815148793956 -0.13460155012 -0.0189069798482 -0.0245117023081 -0.00903127898496 -0.00320225585767 0.0718087373479 0.0229718543301 0.00214735581614 -0.0389144162523 -0.0706610512877 0.0865238054159 -0.235018721807 -0.0884667072692 -0.0122011223352 -0.409275139744 0.667310192815 0.0652770200702 0.00789633800634 -0.488387903692 0.121035946207 0.00756482508319 -0.0388586683476 -0.0130063881417 -0.00293930208089
-0.573288609152 0.0103888306005 -0.178281215028 -0.042108147314 -0.125759396456 0.0132454310592 -0.00497221200118 -0.547501313433 -0.0720834856334 0.0444250330508 0.106837616454 0.0987782744372 -0.0100973567544 -0.115690021133 0.17974212106 -0.119239334559 -0.103310305321 -0.0144897780675 -0.172318516055 0.379348408824 0.0173908233685 -0.0109919646244 -0.195952645763 0.0872846475806 -0.017218003373 0.0385475324525 0.0225220832472 -0.018397433977
-0.277609429167 0.0267238848839 -0.0346663747574 -0.0471027252374 -0.00375513173936 -0.0169361929763 -0.00654331633538 -0.345465692563 -0.00185998435638 0.102321301104 0.0612843617555 0.0530613156257 0.00172619686702 -0.345033600637 0.0392480536379 0.0169402405127 0.0163435729601 -0.00801218767215 -0.424668171952 0.389431319082 0.104576205089 0.0264156541566 -0.517040235537 0.106538262182 0.0111677534135 -0.191807749859 -0.00641330961689 -0.0397873573736
-0.455218338451 0.0161118667133 -0.143163822556 -0.0330451109087 -0.0498876555994 0.0321161782716 -0.0134147958451 -0.46281164933 0.0550121402896 -0.0579647665246 -0.0855279898071 -0.080422198825 -0.0168903284952 0.0241842627506 0.113382440655 -0.136988159483 -0.0649035036147 -0.00393439613636 -0.304074307846 0.518055054951 0.0347796647294 0.00550998185361 -0.358579846593 0.047967953421 0.00659294012696 0.0419783608048 -0.0244420554728 -0.0279257090928
-0.415985240429 -0.0596636736382 0.01859502403 -0.0998522000835 -0.083893587312 -0.0464054936038 0.0138963899111 -0.402183237464 0.0999522730518 0.0270584204117 -0.0671463815289 -0.0535016291298 -0.0350618496467 -0.136893538628 -0.100060733911 -0.293734027218 -0.0319764891546 -0.0144102208456 -0.379441023831 0.406534322304 0.0419561638393 0.00692027967948 -0.432280013696 0.0375854943201 0.0104111073805 -0.0601280726525 -0.0252267529174 0.0516399913311
-0.442770626144 0.0044485945127 -0.0291200570079 -0.0435071999123 -0.0420180458977 -0.00366298436946 -0.00215184152579 -0.333250116164 -0.00988930691482 0.00186491451831 0.0088581449406 0.00658925932257 -0.00196286660463 -0.500049278678 0.183092292877 0.221347824895 -0.0216285364025 -0.00789649501979 -0.238167194307 0.317456392799 -0.0101981076007 -0.0124084785198 -0.429171865793 0.0277709690532 -0.00605426038406 -0.108794929657 0.00372884191318 -0.0205785319583
-0.194732407288 0.00169146781586 -0.011037059271 -0.00223197245945 -0.0183998483522 -0.0145481010467 0.00143539881095 -0.198229499932 0.00107298542987 0.0167505814707 0.00593386369349 0.0116843761219 -0.00677486143561 -0.553597978044 0.0496590819453 0.0537163786865 0.00977955142395 0.000688406297395 -0.40534363097 0.0749071446625 0.034630766476 0.00179318383178 -0.511253651234 0.0346233358557 0.00133760571079 -0.418177466367 0.00197716895154 -0.0333249067226
-0.161485729661 0.000162209707494 -0.0282638406721 -0.0155176507404 -0.00953720849165 0.00632617344705 -0.00221703471992 -0.161617351442 0.000810428364758 0.00856382924468 0.00199273681563 0.010613150043 -0.00366511812988 -0.492164115337 0.0272559331726 0.0381639548024 0.00017541336702 0.000127454054189 -0.470390595152 0.0256686416706 0.0122176832908 -2.62925344995e-05 -0.563150951871 0.00804178903741 0.000287788057115 -0.402189020919 0.00113368479663 -0.0310023752311
-0.19135224382 0.0025719326706 -0.054506570246 -0.0294904701433 -0.0159423479349 -0.00424283935858 -0.000419242299653 -0.187837702065 0.00882279257136 0.0124268251973 0.00618209892576 0.0106669034723 -0.0117526428414 -0.572144801509 0.00886947563336 0.0242685931681 0.00740313126778 -2.79454103883e-05 -0.409602923807 -0.0221886395519 0.00181815707972 -0.00196696998474 -0.499177688694 -0.0151062793911 0.00199345256668 -0.418648400059 -0.000750547883701 -0.0493513405414
-0.720924482618 -0.00105257570671 -0.0682899227583 -0.083713163183 0.0142997481723 0.0432217619286 -0.00458597678995 -0.519885433078 0.00538057306817 0.0021817239784 0.0114669477704 0.0134901134036 0.0017456714916 -0.133581674212 0.291002892962 -0.101213511741 -0.0669124810761 -0.00150980030777 -0.167428445203 0.192937809198 -0.0191973984629 -0.0118138556936 -0.0543370240445 0.0204330228349 -0.0224794979156 0.0936513609292 0.0144474820101 0.000343169955687
-0.585136274963 -0.000628430760862 0.00214517272777 0.063307113693 -0.0279457999771 -0.0252363489152 0.0039821694993 -0.676931088137 0.010700971498 0.0376973808162 0.0943977254329 0.020920371904 0.00103530341669 -0.143861518437 -0.126461994737 -0.235450629206 -0.00445922352202 -0.00465114873997 -0.140910315792 0.155650114966 0.0535065419261 3.64972530128e-05 -0.157649735566 0.063203958283 0.0113612280584 0.109417710553 0.025438919028 0.0483584629584
-0.470421387614 -0.0473191569216 0.0144208059525 0.0374408014518 0.00252198536983 0.00230320101526 -0.00489823723247 -0.655237612033 -0.0135583791773 0.100097364922 0.0547461392941 0.0328765602536 0.00213531809842 -0.152278501421 0.0507507099035 0.0356264492355 -0.00217827130445 -0.0128542643057 -0.282810502747 0.320339190643 0.0824053662523 0.0249346267846 -0.325841631886 0.08124599938 0.00288335749554 -0.0127386789487 -0.016148049497 0.0278745908545
-0.50734842945 0.0590903052667 -0.0267037367881 -0.0668601245477 -0.0334067145173 -0.0388076606967 -0.00879156478683 -0.477433783954 -0.0334976960861 0.0458806995536 0.0483970833514 0.00395011396742 -0.0021676619906 -0.331537434379 -0.0116791579301 0.0196734492453 0.0302662019301 -0.00159498762913 -0.29050385726 0.320354599002 0.068164530755 0.0247047699262 -0.39822323057 0.0767022878178 0.0119051165985 -0.171420754878 -0.00466698951533 -0.00644285587665
-0.719212935562 0.0431052064581 -0.110957376065 -0.0582565941345 -0.000980144871922 0.032258867295 -0.00585290128168 -0.563177423662 0.031467030873 0.00247148195013 -0.0520525860061 -0.0266086358736 0.00115518040922 0.0189150287682 0.0836042706829 -0.0427844306481 -0.0648420054801 -0.00726195806407 -0.104799485111 0.296185269028 0.00448383416925 -0.00570469023581 -0.160466764085 0.0217105197408 -0.000516328696921 0.0480990735342 -0.0157956320099 -0.0391006433046
-0.518279102226 0.0235419917301 -0.0399466680642 0.0464247382097 -0.0118601642369 -0.00439189070227 -0.0189004520869 -0.718942901727 -0.0525471387486 -0.0960322384698 -0.0962820253163 -0.0217569616651 -0.0033636296945 0.114178748707 0.00545460188353 -0.145778236734 0.00708950576933 0.0205791555141 -0.189861631874 0.237073466316 0.0168441577001 0.0412914261998 -0.17563411612 0.0018675510983 0.0179152423875 0.158985709681 -0.0361129732431 0.0341059799264
-0.648654216361 -0.0397842776679 0.0274675940904 -0.101115359688 -0.0195374489862 -0.00584478628777 -0.0121222176409 -0.560204828817 -0.0214455023606 -0.0119506589183 -0.0552968892165 -0.00454781146443 -0.0209200515245 -0.00727571715494 -0.0800038216875 -0.214913553259 0.0462014214879 0.0121852794652 -0.219055850934 0.261457436828 0.00349998140947 0.0226356961151 -0.250281157636 -0.0172343297852 0.0143206642267 0.0798198808932 -0.0171119982007 0.0810786353625
-0.486983353329 -0.0381265039483 -0.00735068760733 -0.0527883374285 -0.0250774816842 -0.0469091860394 0.000279382639202 -0.470240292721 0.00864587682266 -0.017086078747 -0.0554257228526 -0.0125257465356 -0.00156603886149 -0.35250564119 -0.0630007886728 -0.100500451229 -0.0685825751505 -0.00850475223521 -0.30499752014 0.317698205178 0.0302356893531 0.0160941268217 -0.422701281293 0.0499183961542 0.0145009138669 -0.100790611166 -0.0330245267072 0.0117154421982
-0.416723312092 0.000694689545399 -0.019303258796 -0.0501338528372 -0.0389420225664 -0.00886150833645 -0.00442151667442 -0.303855176811 -0.00698539402768 0.00282887279975 0.00179044891807 0.000422152942471 -0.00616560346718 -0.486486516641 0.174033106557 0.213594732193 -0.0151562539934 -0.00327775803518 -0.263469876464 0.332345589562 -0.0113451227789 -0.0132204618693 -0.467514554393 0.0305396867718 -0.00790600953541 -0.115322048521 0.00219058071919 -0.0596000831739
-0.23593731544 -0.00889174208793 0.00552911880183 0.0644944427172 0.00457032637493 0.0133633348512 -0.00463462566889 -0.230164683871 0.0160308581023 0.0325373373785 0.0312538975267 -0.00697011662653 -0.000309163383593 -0.603881740895 0.011356683153 0.0509638708093 0.00103593674772 -0.00139415139076 -0.379891494371 0.0282039802448 0.0325136843965 -0.00357604292937 -0.481628155513 0.0423978291091 -0.00250192446016 -0.370309994094 -0.0027254953283 -0.00589042296687
-0.459948061819 -0.0207998103338 0.0226852142806 0.00818060265668 -0.00669405154269 -0.0210346728748 0.00877792020534 -0.550095129796 0.0762229496648 0.0898617473424 -0.0123248653993 -0.0444708828793 -0.0189756987538 -0.204427165172 -0.00444695206243 -0.101988960196 -0.0687108606707 -0.0130959588617 -0.36694121233 0.261461543945 0.0234493806629 -0.0273863167326 -0.448370027283 0.0273876117462 -0.0138042812793 -0.0579735242847 -0.0241539530989 0.0235946907847
-0.232072380279 0.0188569765326 -0.0442938092959 -0.0385676282907 -0.0158993348111 -0.00432170270574 0.00105030423513 -0.258507720878 0.00837501111534 0.081762753181 0.0372174406183 0.00272216672302 -0.00472513433131 -0.579881236611 0.0274270327646 0.0587202542979 0.0149127256771 -0.00196332104059 -0.344714772678 0.044964014026 0.00300290861295 -0.00431779863074 -0.447539481859 0.0226856360557 -0.00394918994693 -0.452372295971 -0.00153799020361 0.00608804892886