-0.00327536821507 0.00823323042627 0.0337731158695 0.0353990763406 0.0365205106542 0.00228284898642 0.000290651237415 -0.0317719270464 -0.17593471076 -0.0562289371845 -0.0852418099737 0.0107796255433 0.0165861882209 -0.221929402391 -0.230480570574 -0.333235206296 -0.083522486755 0.0377022406538 -0.391613497502 0.600782600416 0.0308591993469 -0.0112506654763 -0.457084034927 0.0766722611796 -0.0169099200257 -0.0191940928787 -0.0271955026951 -0.00343916937496
-0.430149187473 -0.0454576586804 -0.127212841887 0.0139608998669 -0.0769685167127 0.00904250200324 -0.0147301966943 -0.509356169011 -0.17091328777 0.0152589249621 0.0756390562149 0.0754244126289 -0.00942285887217 -0.225735382198 -0.112965132323 -0.145374182454 -0.0804078809729 0.010514408503 -0.283144258923 0.289104540985 0.0386666263467 -0.00418548534828 -0.467987809356 0.0405835814148 0.00405149872937 -0.109521751889 0.0108620283009 -0.0208948235519
-0.500505379467 0.0576044152844 0.201705343206 0.0497764869506 0.0415002964612 -0.0205188479671 0.00530088436755 -0.464920346295 -0.129846446574 0.0197993001207 0.0112928967569 0.0382379144087 0.00975093816273 -0.216651205451 -0.149869603736 -0.20074366346 -0.0685685323752 0.0285892481552 -0.30074269937 0.349245857809 0.00607489946805 0.00267363275044 -0.366884252232 0.0232188884057 0.00472510352832 0.0314973638615 0.00156980429992 0.0437673059336
-0.461278916622 0.0775331336471 -0.119805200169 0.0264146850788 0.0403120648862 0.00345288187889 -0.035173155863 -0.507956273074 0.0588958192953 -0.0849669982764 -0.100813440545 -0.0372369046072 -0.011931863219 -0.27967191699 -0.267830401703 -0.264295169491 -0.00590656937716 0.00777669592402 -0.264723191378 0.358561920427 0.00524209503598 -0.00575780491573 -0.234230827976 0.0746911507537 -0.019135660744 -0.0331417061257 -0.0477892127177 -0.00956901179146
-0.532555954006 -0.0571749577713 0.143849093125 -0.0087103652362 -0.0388739558016 -0.00380804496747 0.0223701765864 -0.550433763494 0.0808292276182 -0.0373974514176 -0.107477483302 -0.0516856615996 0.00425792291658 -0.148240176766 -0.0772135656738 -0.218148113475 -0.0287461246618 0.0610111742379 -0.197008452031 0.437242664152 0.0292522408552 -0.0185231530869 -0.217030069245 0.0479790478385 -0.0153118958858 0.0299133008777 -0.0342141052795 -0.0469026541574
-0.32864541135 0.000946793519707 -0.0192998683791 -0.00690195621624 -0.0112556817558 -0.0293288919445 -0.00726062437848 -0.334790250183 -0.0330755997938 -0.0142356051736 0.0627831201816 -0.00971675271764 0.00334778243509 -0.599021641097 0.116078335594 0.066456727309 0.00819648880977 -0.000463412545477 -0.449503346114 0.110413696016 0.0366586476906 -0.00440927064976 -0.372513247924 0.0453466760916 0.00826066259784 -0.199410944953 -0.00721824210897 -0.00168331730996
-0.291465189005 -0.0154007923489 -0.0553674460893 -0.0691606935464 -0.080787605846 0.00486497403161 -0.00204384419692 -0.242086878057 -0.0418239275157 -0.031765307387 0.00358706381723 0.0101349409617 -0.0152565250732 -0.564540011931 0.0424252187083 0.0500815579451 0.00490970164971 0.00238218286378 -0.441833600203 0.0320697347767 -0.00147821920745 0.00158037159663 -0.319364989717 -0.00291788607376 0.00185805199245 -0.465538783347 0.00367598669324 -0.0256078300549
-0.448152710335 0.0390976419814 0.0590265818769 0.0492738949371 0.0840973138455 -0.00345435163277 0.00118418891283 -0.441201536109 -0.068370103788 -0.00848554355063 -0.0729242708376 0.0286398172088 -0.00326849449157 -0.34828887563 -0.00568908861672 -0.0372669357506 -0.0522394233212 -0.000475750493281 -0.515811781878 0.130966869738 0.0545725634983 0.00207347431448 -0.400910385646 0.0368697715642 0.00290913433373 -0.0711513782172 0.0059070274929 0.0152363674838
-0.376127337107 -0.00698239509711 0.0421009443745 0.058103518068 0.0212563272104 0.0218839445597 -0.00197738085068 -0.34342642695 -0.0216661020857 0.0401012844098 -0.0175008730872 -0.00465385594245 0.0157717680169 -0.573694611467 0.0935015136139 0.128222389927 0.000794483887133 0.00881963725912 -0.326280558159 0.184414306871 -0.00128909356288 0.0154235110671 -0.420259917234 0.0288598426995 0.0161080174615 -0.242089512869 -0.00213475903807 0.0195732888716
-0.600049256356 -0.0657013936073 -0.0993413163715 -0.00525746584396 0.0295782135778 0.0126713543753 -0.0120208969578 -0.569450198979 -0.0761572285835 0.0188565556355 0.0238807401245 0.011109732582 -0.0032408234092 -0.0975519776387 0.0350410022119 -0.0772686319863 -0.0396417386127 0.00957131248896 -0.346448096011 0.254456530411 0.0221151539704 0.00983355471262 -0.299287363971 0.00534207575343 0.00346770243521 0.000713161703742 -0.00492499739321 0.00620334517761
-0.519091049182 -0.00903766992906 -0.00206050803724 -0.0193793368367 0.021568615271 0.00519020529977 -0.00350014135816 -0.765146170043 -0.115841369783 0.00834631692842 0.0767438515528 0.0272468963633 -0.00240743457402 -0.0847543998616 -0.101960947062 -0.144571006622 -0.0331234725704 0.000829717108755 0.015757446905 0.181865143016 0.0172988438496 -0.00873679364076 -0.217750130024 0.0165113277096 -0.00546691543221 0.0438078165982 0.0304289999131 -0.0127980942721
-0.658227000731 0.0166524735429 0.0557174482399 -0.032749839731 -0.0134602788772 -0.0120443626129 -0.00360924600326 -0.596570820606 -0.0342819935127 0.00365367577087 -0.0140730325836 -0.00823662454152 -0.00278367459046 -0.111493472307 -0.20609935808 -0.205207634149 -0.0310088104032 0.00495189178059 -0.0818162259447 0.229925593387 -0.0103292502183 0.000867383129631 -0.069351051291 -0.00298730058876 -0.000992100045125 0.202383964516 -0.0115436396124 0.0316474625416
-0.646147811223 0.0437693154206 0.123910107516 0.00756199471722 0.04000271034 -0.0236008955308 0.0199831945959 -0.562638969769 -0.0611652412757 -0.00954493491849 0.0171816528909 0.00419747437597 0.00829765346011 -0.144528672759 -0.0196987244231 -0.0200005920145 -0.0486991734914 0.0188638988801 -0.16495919343 0.178008527742 0.00437490158233 -0.00306550276314 -0.39431777823 0.0336161002778 0.00913672276796 -0.0297865731196 0.0289237659407 0.0088432946671
-0.5881827081 0.0324085310513 -0.0695576873169 0.00162048562766 0.031053794953 0.0126380872113 -0.0252128681567 -0.582421125995 0.0178696550067 -0.0168618680712 -0.0705833317596 -0.00911557231092 -0.00956507534462 -0.203339633247 -0.0683899514148 -0.11119826559 -0.0189757363087 0.000804493819903 -0.322020982127 0.223260652466 0.0208502414785 -0.00438233443196 -0.28089793929 0.0728280370733 -0.0091344617483 0.0571903463498 -0.0330588103141 0.00376314049715
-0.583742214343 0.0357221087705 -0.0139623239491 0.0273854395215 0.00713520916576 0.00953084281717 -0.0169119989569 -0.710442324095 0.074096134382 -0.0530903708679 -0.0193772892182 0.0105683528644 -0.0321858803529 -0.161939036105 -0.197838019928 -0.169482954801 0.0133003021193 0.000926275296065 -0.0406451472072 0.166405799312 -0.0478467683211 0.01483410033 -0.0798043619277 -0.0224744568598 0.00624211085456 0.0808075474142 -0.0467802945522 -0.0169223023828
-0.657803175182 0.03552425598 -0.0103470579362 -0.0454525064268 -0.0373574800004 -0.0160482438685 0.0239226554513 -0.642715024795 0.0333411688965 0.0202576289763 0.0541486307239 0.0151841648136 -0.00923402177757 -0.214811947376 -0.0909372264123 -0.137715972417 0.0536023024997 0.00819830130571 0.0342398395269 0.216791449953 -0.00395580175996 -0.0163959315982 -0.0815976479353 -0.0477055444239 -0.000101911372239 0.0940553882708 -0.0349647747048 -0.00197419382789
-0.730909763394 0.049751801918 0.14420768729 0.00958321293006 -0.0094159498728 -0.0126009700217 0.0296311904421 -0.565676909683 -0.042056533209 0.0341316018452 -0.0264757033589 0.0189943138781 -0.0068924511691 -0.057942824755 0.015700938882 -0.103763137655 -0.030351237025 0.0474325001668 -0.140209577234 0.24292014701 0.00541230833663 -0.00582881666 -0.123500044348 0.0313150168644 -0.013209056843 0.0668297789216 -0.00337844801061 -0.00950146241417
-0.364614930604 0.000358450639128 -0.000597416661732 -0.0369933915539 0.0029246191542 -0.0245918295351 -0.000272339624146 -0.360114251931 -0.0456442967257 0.00149650418688 0.0245849398714 0.00132337604743 -0.00357397336956 -0.555737969761 0.122341468759 0.0995926582811 0.00685385206666 -0.00544175077178 -0.469100381249 0.132724301224 0.0510764622587 -0.00292319096743 -0.363056342772 0.0690126820433 -0.011845064039 -0.147478378961 -0.00717097658734 -0.00876254716841
-0.320900811839 -0.0058587524105 -0.055648836548 -0.0390244913039 -0.0518473631763 -0.015149707303 0.00202287450503 -0.29541388346 -0.040662956612 0.0200856350951 -0.00856644320774 -0.00651659914055 -0.00921672247508 -0.593220860949 0.0310963821726 0.0801732088847 0.0246093785841 -0.00155241376121 -0.361049379107 0.0302533982458 0.00409252790287 -0.00128478424843 -0.348191456813 0.0312357983728 -0.000336004068384 -0.431762232249 -0.002947587994 -0.00868057996524
-0.406473992235 0.0315750918153 -0.00240489347424 0.0260445111989 0.0504122245456 0.0136536496944 -0.00685152919859 -0.460373110129 -0.0869222746365 -0.0583883764852 -0.0703746573159 -0.0278010607353 0.0139779857487 -0.479702369892 -0.00208400836563 0.00377416588248 -0.0670296865491 0.00579371667516 -0.435402656296 0.0979582245933 0.0778113141067 -0.0218681011422 -0.343815707462 0.0512355645386 -0.00889198590326 -0.193529967262 -0.0284657327658 -0.044192228023
-0.461918026781 0.0011544066891 -0.00787087604661 0.0672252996767 0.0271251313361 0.00794299444948 0.00854177696683 -0.431815852673 -0.0478882744597 -0.00776652155609 0.0422638855451 -0.0134104913188 -0.0127436369559 -0.495088968859 0.194803713104 0.145094428414 -0.0194065688902 0.0193924057705 -0.336714070594 0.219170064122 0.0149539993863 0.0135757313234 -0.341240195377 0.0537570669827 0.00519499690122 -0.0459655139424 0.00615830897675 -0.045072008757