-0.00144268749168 0.00115010348097 -0.000796720643333 -0.0327172030599 0.0257956271959 -0.00885194409696 0.018057599528 -0.242070437112 0.214694896569 0.254956337127 0.37170812265 -0.0099578352925 -0.0553617051965 -0.0923493775526 -0.270920738404 0.0277851637679 -0.0924605977508 -0.0100803786663 -0.383591968196 0.528390417544 0.0966916033255 -0.0443755274984 -0.388498365436 0.0366005080523 -0.0590504486988 -0.0227367854223 -0.0371443200007 -0.0130014685192
-0.393566601955 0.000262311850106 -0.114745547223 -0.0339340342844 0.0212399282585 0.018817556087 0.00493251491045 -0.642395810938 0.00558289339058 0.164498407076 0.199092094737 0.0319959482174 -0.0140890077576 -0.028605842345 -0.094603592063 0.0556368962577 -0.0418894807699 -0.00797294431998 -0.371926708007 0.386354813144 0.0433752136328 -0.0366504558261 -0.202975677926 0.0218105193741 -0.028885741827 -0.000762023697516 -0.0188672217405 -0.0310261298319
-0.449282756339 0.0144310337263 0.138287737383 0.0065750844463 -0.00578500414196 0.0126180240031 0.0117496325114 -0.662709633027 -0.00724094560851 0.108103967514 0.238417219336 0.057129395663 -0.0535763348466 -0.056858076606 -0.109132456243 0.00776457004545 -0.0471112179519 -0.00131272803169 -0.202203007464 0.347786156798 0.0550451752079 -0.03586131766 -0.275918896668 0.0425703501574 -0.0425636784195 -0.0231268822601 -0.0248990113781 0.00692308941738
-0.539998210792 0.0321228053463 -0.152347833474 0.047958518844 0.0510887472866 0.0501152367945 -0.000577069096852 -0.499494408809 0.0715741892417 -9.34494889462e-05 0.109037678749 -0.0758856241553 -0.0405552792918 -0.0928439041001 -0.308405483931 -0.0525934314201 -0.0619727058859 -0.00566189133333 -0.278048035106 0.125719131246 0.0168880726446 0.00297063247131 -0.44433553708 -0.0197843667163 -0.0123714110503 -0.00589952701582 -0.0164633933429 -0.0275867173127
-0.458202643653 -0.015001059496 0.0984159545581 -0.0798012834946 -0.046836073124 -0.0393223405016 -0.00342074458428 -0.439311924791 0.0895992075434 0.0173010595374 0.0965313250016 -0.0713071597312 -0.00498830500181 -0.42811513325 -0.31677183891 -0.184354233471 -0.0738609593098 0.0102705418339 -0.331745232527 0.112824753618 0.0382708889309 -0.00841611225875 -0.322149592233 -0.0185189482361 -0.011507644547 -0.046127582528 -0.0143197521638 0.0136695130785
-0.573715177307 -0.00666126636639 -0.0815141360971 -0.0435323563887 -0.0335068794908 0.00766132665792 -0.00144145287277 -0.575424630343 -0.0578211398802 0.0652192539083 0.085524311345 0.020994202385 -0.00311396232292 0.0158917436422 -0.0193877416029 0.108789841684 -0.0378291752105 -0.00487161746657 -0.325863800344 0.203204256062 0.0204635213022 -0.0347806680102 -0.38374892773 0.0384413298661 -0.0294445787164 -0.0150372515667 -0.00487237863225 -0.0415249446894
-0.489258527098 0.0424288809631 0.0174092016633 -0.0290608366081 -0.0333159570076 -0.00692051795393 -0.00275412755085 -0.615454162718 -0.0492590194818 0.0579070742045 0.0804510146083 0.0584688293311 -0.0233191991445 -0.13062511844 -0.0865097691589 0.0429535884841 0.00108179548625 -0.00214311477054 -0.360966405595 0.166187833781 0.0661540663575 -0.0230675489099 -0.402913405689 0.0793690232699 -0.0303249288141 -0.0489332912179 -0.010411351151 -0.0152384057009
-0.401890012341 0.00202125760169 0.00927888855919 0.00734060264572 -0.0115167131018 0.00158156449885 0.00352002204405 -0.478467069437 -0.0241964377703 0.0591272611701 0.0413256930213 0.0581380171494 -0.0186298700686 -0.317627304479 0.018890536814 0.0676593150241 -0.0036070047117 0.000133291607838 -0.534006986324 0.191781942812 0.0755269564292 -0.0151763818796 -0.384667543108 0.0546259349515 -0.0190608490371 -0.117606449054 -0.0257692578257 -0.0148568753069
-0.528905635237 0.00354648880327 0.0966257436684 0.0155654508818 0.0303815279196 0.00247969357488 -0.00118331232517 -0.48079471352 -0.0405335775621 0.0275635963259 0.0586969796264 0.0352057388344 -0.0266415903612 -0.133190752751 0.110044585672 0.13393584109 -0.0487553022041 0.00372431543999 -0.462941100282 0.186364223499 0.0427583678615 -0.0263143989558 -0.407857403037 0.0395591786573 -0.0265694178095 -0.014198808209 -0.0138321747792 -0.00428912940293
-0.594218454061 -0.0162480895018 -0.0792652484363 0.029603737212 0.039122397607 0.0142501355863 0.00272565721411 -0.570427495623 0.0468816904869 0.0818205999162 0.0575581872302 -0.0124755000954 0.000716690503235 -0.0459244780895 -0.139200767774 -0.0339219217767 -0.0731662225905 -0.00516994275343 -0.43530178052 0.222965348809 -0.00992122877031 -0.0037308771151 -0.174300002342 -0.0204101094418 -0.0030708171248 -0.0137169022043 -0.00953796784293 -0.0396874388303
-0.555215992702 0.0325333754188 -0.0170385192746 -0.0347762990414 -0.00861122978557 0.0101961563981 -0.00201109772275 -0.67573206654 0.0353310563214 0.0575340037126 0.0944162895741 -0.0382480390663 -0.000961616044559 -0.0990694891849 -0.0819335017473 0.0829980686112 0.013555256249 0.00127412032194 -0.316298249904 0.195406707674 -0.0328135798501 -0.0154924073431 -0.21677810903 -0.0828494755572 -0.0118082157534 -0.0114774780216 -0.0130154081203 6.32297797867e-05
-0.596257328988 0.00276940601406 0.0299714967802 0.00384566799618 -0.0263860289656 0.00207080677591 -0.00307236727135 -0.697490028328 0.0551024026489 -0.00486892802081 0.119240760471 -0.0287404398666 -0.019061769792 -0.0913331560996 -0.0782497941466 0.0612038364907 -0.000145434517257 -0.0119967501339 -0.13036910703 0.127326938974 -0.0218208175287 0.000125556033454 -0.256345444718 -0.0620106160113 -0.00144753474321 -0.126583198713 0.010666533104 0.0122445297245
-0.678075803491 -0.0126140822236 0.066535268816 -0.0442408766928 0.0210340641458 -0.0266384483358 0.0168385094911 -0.627023087854 0.0144405715065 -0.0146281782921 0.0654934222905 -0.00865077045593 -0.0187094492514 0.0524016863862 -0.127721814816 -0.0773626006153 -0.0565321461534 0.00185267422541 -0.137051229228 0.125602369851 0.00819418513563 -0.000198187899242 -0.254648888996 -0.00949586129073 0.00293310145365 0.0773520840226 -0.00302877361472 0.0115312344101
-0.631849988634 0.0341141621061 -0.106695174781 0.0116023305935 -0.00395704285263 0.0301970020562 0.00659485345169 -0.561827612597 0.0714538555259 0.038755982282 0.0420769171792 -0.00673352883366 -0.00290977994217 -0.213205869613 -0.248686860065 -0.127736526338 -0.0667755605183 0.0017063151257 -0.277409267914 0.05802348185 0.0193423394113 0.00319930293899 -0.228599251611 -0.0191553581597 0.00103810639442 0.00549360136574 -0.0168089307198 -0.0361161553731
-0.602474709138 -0.0253994180535 -0.039048577308 -0.0074359495952 0.00953968143516 0.000930643636958 -0.00159268389914 -0.654714203963 -0.082967875768 -0.0305927269677 0.0350625675982 -0.0202885192056 0.0011994476061 -0.0218194250271 -0.189548671441 -0.0519673335594 0.0412329176147 0.0156073370693 0.0186749909257 0.077708202029 0.0119195599722 0.0103221505835 -0.380654899038 -0.0244655466895 -0.0117167766188 0.0474240497031 -0.0319573732261 0.00157976107417
-0.539895369766 -0.0247446476681 0.0313887826431 0.0157210070091 0.03215092424 0.00952305787041 -0.0162720718635 -0.691834677236 0.0268481952863 0.0124994086048 0.167545328241 -0.0188505356004 0.0129831691218 -0.261301550195 -0.25663869637 -0.0944327976922 -0.0310905574011 0.0140655586608 -0.0436452550531 0.036777827105 0.0209144354467 -0.0127739245459 -0.200912571058 -0.0505678275605 -0.0281739317547 0.0681288094789 -0.0262132452713 -0.0066382032468
-0.56715026484 0.0315195781947 0.068294984033 -0.050500887754 -0.0427584969552 -0.0251785271934 0.005148993019 -0.584283965586 0.0818288178419 0.0530818758947 0.119630189045 -0.0173119160717 0.00887181056036 -0.185257716796 -0.134659496539 -0.109857839769 -0.0342279852661 0.013288909854 -0.404214940048 0.168704670515 0.00793434303997 -0.00288676433465 -0.208442587935 0.0116161625563 -0.00227065504448 -0.0242785157656 -0.000490839975968 0.00904123874495
-0.521616149309 0.00763235852155 -0.0204280685982 0.0959159037488 0.092509414642 0.00669103863187 -0.00117922241446 -0.398928212156 0.0264807278621 0.0124152183309 0.00724631695861 -0.0202409741058 -0.0142592711043 -0.264097009207 -0.185981039967 -0.122281619789 -0.0586726066424 -0.000777854497293 -0.526028221087 0.153491087853 -0.00361092902052 -0.00429432150984 -0.347489599848 0.0180304400839 -0.00323523703417 -0.0623833626289 0.0017584997115 -0.031053274476
-0.524538398041 0.0195242461832 -0.0318269071294 -0.00843645272143 0.0186913483588 -0.00242554661844 -0.00101827692711 -0.629703197804 0.085428375724 0.000125176429119 0.0207803816139 -0.0579624479088 -0.0272838078383 -0.0544049708737 -0.165224216377 0.106008485705 -0.0432747071766 -0.0123946973618 -0.332808912001 0.0839123794022 -0.0240959793132 -0.00726617047329 -0.384109265276 -0.00911365543839 0.00811713557513 -0.0704412300925 -0.00697892861218 -0.00433063838467
-0.383970061917 -0.0023927884574 0.011103144321 -0.015578097067 0.0147201491843 -0.0101621438359 0.00691148308378 -0.46198379189 -0.0239537579007 -0.0453772180251 -0.0989492149911 -0.0530322973489 -0.00825534357919 -0.398969946692 -0.159825570509 -0.114215441787 -0.0535949398788 -0.00708390884906 -0.521405324134 0.11685898166 -0.00164639946126 -0.00282024074661 -0.353440391998 0.00094160446466 0.00926504852927 -0.108473605721 -0.00890175575433 0.00472960187389
-0.4638750386 -0.0389677498512 0.028967872134 -0.120866655975 -0.0346636092816 0.00479652320495 0.00289646221283 -0.401794613019 -0.0755233676794 -0.041733777149 -0.084521247166 -0.0132209745929 0.00462227491155 -0.327193561268 -0.133060342509 -0.194234257514 -0.0222877766787 0.00271381640553 -0.539035366283 0.180587685178 -0.000580546518906 -0.0019513631945 -0.304171162732 0.0207743229688 -0.00664316916562 -0.105171603269 -0.00359569140594 0.0126293091341