-0.00630036300987 -0.023733813368 0.0162601515605 0.0807669452486 0.0286776825885 -0.00337776894901 0.000866296689831 -0.233250512642 0.0918408627814 0.0951787186011 0.560564814532 0.05952705777 -0.0406831764692 -0.0745889053052 0.0788715217079 -0.345774476888 -0.0273240266967 0.0210605127624 -0.174225933932 0.463386938989 0.054167448195 -0.00246136171685 -0.465947734375 0.00729951884602 -0.0335920628042 -0.00757443416463 -0.0389984761705 -0.00444961322276
-0.377671238916 -0.0124463151585 -0.0760185683792 -0.0500835249368 -0.0617642354799 0.00640988221083 -0.0074572688408 -0.460500540991 -0.153643669332 0.068186888159 0.10012412546 0.0601805123982 -0.0333255390885 -0.144881258161 0.199542085084 -0.128092127657 -0.0131853047136 0.00239754508865 -0.507077242512 0.264371228472 0.00320200483109 -0.00186512080122 -0.408990941225 0.00437200384251 -0.00518329855891 -0.134078945411 -0.0130050669327 -0.00657497771279
-0.482094418023 0.0165941687679 0.111929517965 0.025870715314 0.0459073669228 -0.00723597612069 0.000567011775128 -0.565343093102 -0.109416180036 0.0308043138755 0.163223268182 0.063353196333 -0.0275076709103 -0.0408878539296 0.00897989579908 -0.15796721056 0.0104904261438 0.0134249000612 0.0702476423598 0.327738930792 0.0353714617209 -0.0009631438692 -0.493416125158 0.0545398635488 -0.0172450166814 -0.00950909536412 -0.0223232222523 0.00948614885067
-0.382687015727 0.027465081682 -0.0740761820344 -0.0388162871809 -0.0442734764434 0.0302631389015 -0.00204774591957 -0.442328286243 0.0327785887619 0.102795497972 0.135654498352 -0.0657688439873 -0.0110139703322 -0.0719014084201 -0.0311485231657 -0.266043210008 -0.0375031046456 -0.000559911123572 -0.674395783435 0.0921710238694 -0.0392787575775 -0.0132021140458 -0.250040699808 -0.0564232305556 -0.0124234413797 0.0570818631174 -0.0143555134694 -0.0103284179643
-0.57144142263 -0.0076271799678 0.0350099429517 -0.0350428993073 -0.00820188621858 -0.0605807099008 0.0114720324494 -0.608741777605 0.0212259701627 -0.0353430517282 0.153678424854 -0.0807626611568 -0.0103058361432 -0.163304436109 -0.025213401714 -0.352733712059 -0.0385377320791 0.0227579163213 0.0672947450647 0.190106530383 0.0268299585881 0.01214339009 -0.256480617546 -0.0356115082101 -0.0332655741179 -0.0239751759254 -0.0235713735938 0.00311934080074
-0.468638941438 -0.0279050239293 -0.0724783284002 -0.0389596018822 -0.0395680738989 -0.00939613902517 0.00236964416783 -0.415495643835 -0.00150794469166 -0.00975213245686 -0.0858220304151 0.0192933389179 -0.000152489711729 -0.260624244581 0.245795425326 0.102082663317 -0.0277767886095 -0.0187275535925 -0.420816281099 0.059020219355 0.00622495289504 -0.00646905602593 -0.501598255776 0.00121126933239 0.00242407876612 -0.13352064299 0.00472613900037 -0.0265436331465
-0.321561171156 0.00140777241868 0.0286199856166 0.0258599251776 -0.0339476728216 -0.022219797466 0.0030056327088 -0.361019594839 -0.0516063806539 -0.0448190365329 -0.076530997119 0.00508357586681 -0.00290594239839 -0.537239490419 0.0808470845118 0.0637186407155 -0.0654213434973 -0.000712022646595 -0.454221850531 0.0738881412357 -0.0120757014058 0.00178354808203 -0.361943081073 -0.00368720438858 0.00570361915008 -0.325481016115 0.0114367837482 0.00289700175425
-0.345635494709 -0.0100334613331 -0.0213074425961 -0.00709441678129 -0.0101129276281 0.0251874644348 -0.00736828707167 -0.361746002923 -0.0447822969729 -0.0263580709448 -0.0361591352747 0.0383057434571 -0.0088381776324 -0.590990880655 0.0616017988789 0.0787716091107 0.0449147483986 0.000508958049673 -0.383220988343 0.0764081194261 0.0148469666642 0.00717638595607 -0.344054002322 0.0206671020669 -0.00080329327909 -0.33113450055 -0.00399887845883 -0.00195564164695
-0.523562146543 0.0140997441691 0.0831496985363 0.0514150041147 -0.0143652755721 -0.0231001909477 0.00927397697754 -0.483252777823 -0.018539627775 0.0144312938312 0.0756245069902 0.0294319782772 -0.00853964171421 -0.19654208743 0.204884474707 -0.0345543104307 -0.0120271447329 0.017464356184 -0.470834905932 0.196058084048 0.0126150317098 0.00434392140355 -0.355883725857 0.0587875086474 -0.000902355905247 -0.0424731052461 -0.0038402607776 0.00871458601924
-0.645774866493 0.0773230289445 -0.0882235298016 -0.066382545769 -0.0456813441613 0.00718226645038 -0.00294291127298 -0.604417482843 4.51346488536e-06 0.0643636827788 0.0964994288534 -0.000930559061747 -0.00306667507347 0.0125138179942 0.141026023351 -0.114117427602 -0.00915696454374 -0.0124221813525 -0.267101386915 0.200376126201 0.00155722817189 0.0170897269882 -0.194972321912 -0.000255052299774 0.00598536644619 -0.0191739597244 -0.00484513917034 -0.0183847123004
-0.448577623993 -0.0272189197708 0.0364551807386 0.018912305035 0.0211229842213 -0.00176733788388 0.000132441896309 -0.64767252833 -0.0403946111986 0.123196562356 0.113776733248 0.041940740594 -0.0212725602824 -0.348144848096 0.0325055743977 -0.0347709871366 0.0978045607877 0.00283011213788 -0.309492036037 0.146216289442 0.0234727906788 -0.0116717606659 -0.302357094754 -0.00884338684512 -0.00850067936392 -0.0381071177922 -0.0213482048023 0.00903549258521
-0.630082375192 -0.0354625086316 0.0450573098849 0.0555286760571 -0.00119740358758 0.0334847339989 -0.0109204166181 -0.600125954489 0.017749644438 -0.00555526785365 0.102525552765 0.000165342830024 -0.0227039333177 -0.145339315389 0.0146684707543 -0.04008994655 0.102575048749 -0.0155017236932 0.149587337614 0.259039467942 0.0486954920935 0.00867385092894 -0.311431708869 -0.00656749915065 -0.015445759951 0.0185847820462 -0.0216407258132 0.0119072060659
-0.712694667697 0.0174848560395 0.0848181325855 -0.0394829034106 -0.0283297305726 -0.0418181294733 0.0147289750829 -0.559111428597 -0.00451208212843 -0.000913155543244 0.0323404440864 -0.00989320330275 -0.00881478783125 0.102450355167 -0.00748594807575 -0.130263207676 -3.46891941938e-05 0.00854345702831 0.149853016966 0.150608748854 -0.00915945231441 -0.00636840230943 -0.291469700798 -0.000732172096966 -0.0160011578029 0.0908003189106 -0.00794846124144 0.00387567302355
-0.589072668654 -0.000865127802503 -0.0277807887755 -0.112742601665 -0.0108128184172 0.0250885764146 0.0217009115828 -0.548007813831 0.0408426522496 -0.00817930457219 0.0373560046985 0.0164655095144 0.0229025493163 -0.0209806709488 0.025057843994 -0.247889294428 -0.0231735654244 -0.00252403163548 -0.484697565907 0.0787138469773 -0.0205045520367 -0.00761296172792 -0.149023360445 0.00206237365637 0.00177158882478 0.0736671853435 -0.0335505337854 -0.0248914270675
-0.527083570641 0.00335898154125 -0.00505934311298 0.00528277600785 -0.0136991788145 -0.00845048095914 -0.00401777564165 -0.644119966536 -0.0537168840079 0.0251949733236 0.101842406532 -0.00593630701347 0.0197697224939 0.0225763828328 -0.0421643293226 -0.133397273558 -0.00583159816929 -0.00558810781106 -0.408322174711 0.080938351684 -0.0117909737378 7.29544915679e-05 -0.280318811119 -0.0336897867387 0.0198942565676 0.135977570716 -0.0166333410406 0.0139103308181
-0.593938130547 -0.047756950229 -0.0180844573103 -0.0210068910551 0.0575413549317 -0.00111287445346 -0.0063408997032 -0.703720002782 -0.10257819673 -0.0514190872144 0.0731128961696 -0.0157856320322 0.0313475480836 -0.0243007062165 -0.0893653388186 -0.0617717637645 -0.0397619249442 -0.00187145646813 0.260396569899 0.176604578242 0.00325520539066 -0.00200887363816 -0.0432241664641 -0.0146973387032 -0.00247393423643 0.0988664050157 -0.0310407990133 -0.00740853601414
-0.596465560977 -0.0227492401128 0.0628350693806 0.0473499226691 -0.00656764487302 -0.0266113773123 0.00845712613948 -0.617607689014 0.0931276428543 0.0141361196587 0.111872399177 0.0117319571045 -0.00813634721953 -0.0493654758086 0.0309090535687 -0.22494997693 -0.0108202122247 0.0197120752336 -0.383721413779 0.00831013984941 -0.00966924389561 0.0107878865729 -0.175742706383 0.00267706093882 -0.00839968053823 0.0146610672603 -0.0207172595701 0.00618255321767
-0.457894313527 0.00843583954182 -0.0710769996556 0.0265189528055 0.0463905427636 0.000294774690689 0.000187389572467 -0.404516939072 0.0620429801317 0.0188593032566 0.0653341575953 -0.0234508009339 0.0108310236115 -0.188622938759 0.0259859949198 -0.207805864769 -0.0401020078973 0.00816223784299 -0.681327945731 0.00856161298553 -0.00327416003091 0.00355385598027 -0.234547984827 -0.0103272590631 0.000697147518796 -0.0911656374501 -0.00928625554449 -0.0254124608737
-0.433373099604 0.0165218737127 -0.0176713870227 0.0290045986701 -0.0140429935799 0.00656719553483 -0.000291949654043 -0.541700053618 0.100057234695 0.0341569579957 0.0611584904805 -0.0639842199037 0.00708704728996 -0.146129534769 -0.0682619668831 -0.141904345248 -0.0569356797145 -0.00393065160164 -0.531947003759 0.020017101443 -0.0153820035179 -0.00514232789971 -0.388339506745 -0.0523485526171 -0.0055713654506 -0.106471689004 0.00498640101809 -0.0063433407746
-0.403077242976 -0.00280966454232 0.0155551509393 0.0476426473673 -0.0178615810518 0.00227785362843 0.0076846179627 -0.429547832407 0.0725048117664 -0.00669829567695 0.00715289433054 -0.0377703941481 -0.0114567583152 -0.331629322685 -0.0354809545811 -0.118412972006 -0.0499347386094 -0.00463239360841 -0.575881641381 0.0387380981665 0.0353191670694 0.0013169077777 -0.358290367188 0.041270055355 -0.0102010389924 -0.225502567116 -0.00108624878667 0.00296458985356
-0.487018478075 0.0169613449387 0.0550041001241 -0.0649135303256 -0.0690727314016 0.00469501701014 0.000313579270075 -0.410984937456 0.0470513093418 0.0561340447136 0.0550664725282 0.00786926380094 -0.0146801185588 -0.154539739767 0.0240135209399 -0.182288737605 -0.00673601598125 0.012652809789 -0.681880551632 0.0424225619393 0.00976325503979 -0.000378898893825 -0.201065178046 0.0171486979372 -0.0196570404285 -0.0835734400416 0.00820551733058 0.000316737670091