-0.00503349628983 -0.00306176550687 0.0464765980562 0.00241120444502 0.0428967324295 0.0178709274835 0.0181737668399 -0.00778138586543 0.0112962820005 0.0681927753303 0.0248872788949 0.00487242494892 0.0131944775536 -0.146138010127 -0.237032967743 -0.186299086025 -0.0147332770421 0.0276515641481 -0.502713510588 0.59951147352 0.118425278358 0.0204121432323 -0.476467317873 0.137748813552 0.0134890624795 -0.0571217420477 -0.0200131830597 -0.00259251617453
-0.253438519171 -0.00328540011731 0.00766044724358 -0.0056696377423 0.00679901101161 0.0186439960443 0.00147671535972 -0.300505894312 -0.0453194717337 0.0979381782557 0.0242674272234 0.0542214437441 -0.00945365181276 -0.403441578271 -0.0100190079947 0.0117150728802 -0.0728745783543 0.00443247229986 -0.457248534593 0.20619026397 0.0964716952605 -0.00940525094561 -0.594224118877 0.105703297301 -0.0134332270224 -0.189399216362 -0.00237270388724 -0.00713450687151
-0.346929073214 -0.0147701781665 0.053295162549 0.059676300161 0.00287311908875 0.00822002976467 0.0164180807834 -0.383295370548 -0.0369190828417 0.101166133043 0.0445774182747 0.0561188185719 0.0224118289528 -0.304358784162 0.0150430552645 0.0357536566645 -0.0559647694878 0.0158703336929 -0.546894097961 0.337160566265 0.0854112870327 0.0115202091047 -0.380565339775 0.117019049485 0.00911542219086 -0.177582820589 0.00725654375771 0.0246472361139
-0.429783997719 0.069152412106 -0.00601299520057 0.0265207475217 0.0723000227293 0.0539043537258 0.00121812614243 -0.513407558664 0.0360908558708 -0.073151404807 -0.0794667171074 -0.0975987181803 0.0412174652706 -0.0830466634839 -0.224292113251 -0.23257267512 0.013711495681 0.0227160686643 -0.273014334144 0.456151767105 0.0919642146409 0.0411191917038 -0.314663662624 0.0848792007343 0.0242702862221 0.0367700434264 -0.0230099581284 -0.020096472282
-0.450999858553 -0.0677887916926 0.0717556658094 -0.0627737921118 -0.0205931590967 -0.0386978047618 0.0397586396805 -0.475378811067 0.0495153499738 -0.0192291687429 -0.0964615619614 -0.0796527072409 0.0131878376272 0.025042938142 -0.221413695513 -0.159184287601 0.00624643297919 0.032774788667 -0.34580910244 0.475819510544 0.0681029068263 0.0107402036952 -0.303017683788 0.106822271267 0.00850140961861 0.0596965888397 -0.0257399324646 -0.0201854907423
-0.226458384763 -0.000478741499997 0.0378903335346 -0.00994872013043 0.00957323315703 0.00157085883223 0.00405977296803 -0.224806132393 0.00431501030398 0.00295118441662 0.0254019382655 0.0132687361916 -0.00612813114763 -0.577011304921 -0.060311045161 0.0129686236802 -0.00905800177182 0.000959592117712 -0.327578350167 0.025693171019 0.0038051442638 -0.00235471942927 -0.420880022025 -0.00548876697671 -0.000844842746662 -0.523118378802 0.00190699138458 -0.00120597282101
-0.203248122796 0.00254739471092 0.0237375843267 -0.00541230507845 -0.00432394154882 -0.00424014119994 -0.000500851079418 -0.229637865948 0.00386993626066 0.0866695517149 0.0131426236558 0.0249941708316 0.00243331910781 -0.566610111249 -0.0432364918798 -0.0194108227444 0.00100042193634 -0.00118225264487 -0.384911623265 -0.00226401400248 -6.62136901425e-06 0.00422056471495 -0.419326255095 -0.0150283834808 0.000473458949495 -0.49926092667 0.00179253758462 -0.0137755419877
-0.193383380296 -0.00717479130925 0.00186304903173 0.0305902596091 0.0138651695338 0.00828672674924 -0.0090656839985 -0.198258736227 0.021308209074 0.0470809258926 0.0198704558767 0.0106791614963 -0.00697492064546 -0.56714743682 0.00410769993285 0.0168569905017 -0.00173150494181 -0.000790889445687 -0.376978263517 -0.0513506418605 0.00706667020484 -0.00107396026301 -0.485573418293 -0.000356439898198 -0.00235147673231 -0.46483498288 -0.000946435029255 -0.010640886473
-0.422517611058 -0.0155277191402 0.0150745774749 0.0407770722683 0.00167426932756 0.0203976796372 0.0136527054792 -0.427027382029 -0.0279166008785 0.0679646108161 0.00460556808588 0.00551275405041 0.0172977655272 -0.437181833376 0.107429462943 0.14449920016 0.00939438109486 0.0296414498992 -0.443494816397 0.173183469634 0.0396109619803 0.0194124657036 -0.369991464231 0.0607518969832 0.014971410383 -0.189855889669 0.00231945740958 0.0252888496587
-0.47313508524 -0.0315776462931 -0.0352218581975 0.0455280916438 0.0220729668313 0.023890316061 0.0116959274722 -0.480252579168 -0.0303171687379 0.0519163375557 0.00392113041588 0.0368215042142 -0.0114394967649 -0.248463664786 0.0159665664313 0.0220648812395 -0.0562188734505 0.00296712606163 -0.447915426863 0.131341879206 0.105288276079 -0.00483575632368 -0.472927373763 0.11065429053 -0.00692041192835 -0.0627138097407 -0.0119293521461 -0.0147544122619
-0.477010563613 0.0399428363402 -0.00430822329845 -0.0471750567622 -0.0212024823104 -0.0104200887587 0.00456475760958 -0.575920074127 -0.0456595224455 0.033589759801 0.0439925840386 0.0771357990107 -0.0217125390033 -0.26203683853 -0.00354277105522 0.00670172396223 -0.0720795241631 0.00988485186377 -0.297679194882 0.233195821602 0.0775859411974 -0.0213353119151 -0.434060713505 0.0774777223221 -0.022610032696 -0.0781273885393 0.00745222481174 0.0149910612215
-0.564156935667 -0.0452304202288 0.0402909455693 0.0521453285311 0.0577216146095 0.0247632901506 -0.000388976919895 -0.601093867308 -0.0348861433015 0.0142324496021 0.06343912036 0.0626672157933 0.00761326476445 -0.111600802797 -0.0586236971069 -0.0465564573728 -0.0733338617209 0.000395576876303 -0.394664322607 0.230263289488 0.0304394681179 0.00182966611078 -0.239329656432 0.0616392734932 0.000106348345836 -0.0786119899637 0.000443555606377 0.0156286019073
-0.610663111329 0.0186274153555 0.0390412053691 -0.0321052578939 -0.0825250867327 -0.00461793846734 0.0410831876875 -0.52954265695 -0.0158494389961 0.0115095057947 0.0239873743904 0.00343595181596 0.0100887356975 -0.255892375722 0.0403994495062 0.0788122893813 -0.0431707250862 0.0120189602231 -0.349233145182 0.272493404814 0.0733378890506 -0.00610232412231 -0.212417092026 0.0991716347994 4.15278897815e-05 -0.027808179214 0.00511961040365 0.0382198556676
-0.594506408469 0.0595993251332 -0.0140600964707 0.0122955734312 0.0552888118655 0.0456393497044 -0.00086681757256 -0.565277620738 0.0281392564752 -0.0506822324934 0.0107564676547 -0.0240714079401 -0.018587400003 -0.0982057781673 -0.132661775269 -0.175966535472 -0.00519894934425 0.00289340966742 -0.163628699741 0.357555634239 0.0479157669684 0.0427917295523 -0.301129422106 0.0698203174019 0.0273235793758 0.0151980311274 0.00747358358079 0.00170597248597
-0.572403049544 0.0125871804789 -0.0117985980358 -0.0188905753015 0.0151088741364 0.0200928212153 0.00442925840083 -0.689328208402 -0.0405936427901 -0.0520670035776 -0.0572539441067 -0.0479563135735 -0.00567198780003 0.144461649657 -0.141000835102 -0.132784274636 0.0490908108934 0.0225251337896 -0.0414946056208 0.275449342661 0.0286419005428 0.0461534471674 -0.0468685225814 0.00681144490049 0.033812106483 0.200014633154 -0.0255778428936 -0.00400664615328
-0.63460252712 -0.00586499344486 0.0521784126683 -0.0216013965577 0.0129167092618 -0.00735722130274 0.00416333482494 -0.605080824252 -0.00641150409147 -0.00310374973713 -0.0413679225013 -0.0156652214472 -0.000293379688517 0.179831067453 -0.155908647173 -0.110177199991 0.0616935906308 0.0175967344431 -0.0903454262419 0.313046244336 -0.004681074741 0.0190180535703 -0.108878617941 0.0169290176601 0.028080883541 0.180358976119 -0.0192928651742 0.0202684110218
-0.584929751419 -0.0335540113873 0.0510152163349 -0.0251796360934 -0.0228700156394 -0.0201209498476 0.0263067612509 -0.547964402308 0.0174009279013 0.017361314572 -0.0506413185223 -0.0228159714909 -0.000742650142619 -0.0420282311898 -0.0775308046161 -0.0932514334885 0.000713732857006 0.0338991554437 -0.372411755348 0.354575594031 0.0580837666891 0.00553352286376 -0.234934080477 0.0802587026308 0.000339301431661 -0.00655602880592 -0.0176707346857 0.0220798739253
-0.205773784039 0.00196540484931 0.0350495644437 0.0338066229342 0.0453593940745 0.00767847327378 -0.00547380790725 -0.193829551736 -0.0105686018718 0.0082217516623 -0.00898222706635 -0.0125529565713 0.00358008378749 -0.509146247933 -0.000873057665352 0.00233403673588 -0.00656191717403 6.50438420473e-05 -0.481242436875 0.0362384437125 -0.0180787654759 -0.000438378755272 -0.487988135039 0.0159274172801 -0.00309799341747 -0.429101879498 0.00193281854536 -0.00967956078243
-0.240036505636 0.00412073384632 -0.000666378181918 -0.00153226103326 0.00754493839703 0.0298649225472 0.0018728034395 -0.241385733267 -0.00603732066304 0.00689549430045 0.00309123716576 -0.0374788918197 -0.00175666135414 -0.595053344459 -0.000698620950684 0.00721201231853 -0.0074943740613 0.000220386069167 -0.475025795715 -0.00967977659412 0.0206161464286 0.000170369507926 -0.402349406567 0.0176686487437 -0.00330432085029 -0.371221303135 -0.0011851012885 -0.0355206409867
-0.419888068172 -0.0118499370379 0.00144394776951 -0.030572091156 -0.00534765056032 -0.0305119013204 0.0148750335093 -0.416111082519 0.0187418517229 -0.00118083359228 -0.0161231758258 -0.0295372554738 0.00276286893681 -0.20489644923 -0.147112866898 -0.0328002436031 -0.063007468885 0.00213111561009 -0.468856939293 0.170358276052 0.0397802580598 -0.00214944981667 -0.549580723785 0.0385813569885 -0.00344932315737 -0.145567292846 -0.0197238323271 -0.050652541683
-0.373900183112 -0.00292475147525 -0.00834272940192 0.0478383180971 0.0270700634372 0.0257004053299 0.0120362525247 -0.352994978616 -0.0203841784216 0.00899735881873 0.0238506260245 -0.00403973024114 -0.00348372255767 -0.425295843591 0.164741012382 0.150569417061 0.0105763467331 0.00680332519948 -0.51398724297 0.136301075159 0.0173021545135 0.00889890299396 -0.424148116804 0.0608472300467 0.00954862758554 -0.173618525491 0.0293378195956 -0.0437084899524