-0.0376147410549 0.0324469541875 -0.150728130466 -0.100242189944 -0.0399062363241 0.0125705573575 -0.0101378925412 -0.229866267429 -0.0793363273925 0.247324806717 0.346216342046 0.0485231238056 -0.00406847554065 -0.0560151832238 0.101985516807 -0.156487377264 0.00202026408592 -0.0035653132631 -0.396505990909 0.5528630574 0.106231083658 -0.0300257658374 -0.453582146715 -0.0248661108125 -0.0201812666839 -0.0138146566227 0.0176048016743 -0.00207550554407
-0.482689896685 -0.0016429289419 -0.128053414739 -0.0945698540179 -0.0307665610559 0.000508146019384 -0.0139093733042 -0.403271594936 -0.0182782246502 0.0570249618968 -0.0614043702909 0.05737567524 -0.0144624545291 -0.018279113596 0.0683557606118 0.103468625892 -0.0551683921826 -0.0233065634502 -0.220356767109 0.457981738258 0.0770113066918 -0.0273736372605 -0.525861030635 0.0427928836346 0.0084411450421 -0.0474160832855 -0.0233883883322 0.0391099702397
-0.208228035695 0.000262007453114 -0.00604374085647 -0.0244446296581 0.0283040572946 0.0145005521374 0.0101428561581 -0.206285193951 -0.00328333131692 0.0091846739523 -0.0297608096924 0.0114659205258 0.00652350778358 -0.375920898845 0.164011850493 0.114925470768 0.0154419225872 0.00961736180603 -0.512516928321 0.158507449191 0.0289975266512 0.00377347218744 -0.648359434026 0.0133162215245 0.00485999845403 -0.103781161861 0.0300434961201 -0.092367043108
-0.499403980098 -0.0482156001088 -0.133771746504 0.035982606192 0.0237519411952 0.0461885962447 -0.0013466874869 -0.570948607857 -0.0208086781283 0.0748073211746 0.233168458749 -0.0491591763116 -0.0101479479227 0.0406160988768 -0.033002282947 -0.260967652976 -0.0363671158678 -0.00615927263957 -0.284849048249 0.152634928696 0.0134819814051 -0.0324319850792 -0.392948036195 -0.0615882771771 -0.0303463561915 -0.00717313882446 0.0138077883055 0.0156726060784
-0.381833456587 0.0118452646861 -0.039380898241 -0.0894396860225 0.0119775847769 -0.0154457864621 0.0106663200424 -0.669251040214 -0.0682993658213 0.122713318569 0.276712470422 -0.0353985400033 0.00940470782768 -0.0783792883792 0.055919557817 -0.159391222548 0.0455891474614 -0.00139975267851 -0.341527555611 0.23307715703 0.00339528885521 -0.0201871780375 -0.28179642622 -0.0613657488734 -0.027273841247 0.062826699897 0.0076944053658 0.049179719679
-0.562880554934 -0.00239493270389 -0.0597613377799 -0.0775805491896 -0.0320106936284 0.00518643284655 0.00427115967511 -0.391415676391 -0.0237809329785 0.0293381183905 0.00691959303228 0.0082510701795 -0.0079155650226 -0.0341348772415 0.157332278169 0.151913859457 -0.0251206544848 -0.0186874124262 -0.317287149322 0.17269274969 0.00914864795171 -0.0184644406021 -0.580067387425 0.0110443697637 -0.00961501888985 -0.00654398107913 -0.00422786682116 -0.00633059952374
-0.230217955699 -0.0149602767407 0.0922144887757 0.0635329249413 0.0214074314506 -0.00248853726735 -0.00285131696407 -0.195312980183 0.0253470225428 0.0310224588871 0.0126818603643 0.000134763280608 0.00741931286985 -0.532312801467 0.0473253527515 0.0253054830342 -0.00284994327789 -0.000467474173821 -0.381378871206 0.0311773503989 -0.00223734478288 0.000429137075175 -0.478922288966 -0.00215154512955 -0.000281818928332 -0.48092215934 0.000485049475154 0.0215735154521
-0.198706542208 0.00407032931714 -0.0339890676851 -0.033833377578 0.00949222878765 0.00405904208513 0.00171604502357 -0.194803676144 0.0122036068163 0.0251531026933 -0.0198544892285 -0.00358028655191 0.00568561839839 -0.550914154619 0.0395071675865 0.0379099921563 -0.00594970842975 0.000403028128482 -0.431370548998 0.00367609003416 -0.00599801625823 -0.000398227488068 -0.428270449457 0.00545709479425 0.00167296937294 -0.491081613203 -0.00204517794415 -0.040454923901
-0.302712653166 7.12681641782e-05 -0.0211823386389 0.035136336457 0.0205893930571 0.0127746367627 0.0170704479 -0.287917224382 0.00179646431662 -0.00574771928928 0.0103194388699 -0.000177532927119 -0.000819961349244 -0.276839118535 0.16910134839 0.10926361918 0.0154713285224 0.0101265428045 -0.504012224344 0.171173860228 0.0245426193067 0.0148326459976 -0.640569995543 0.0202270331009 0.0122043253605 -0.0217740666558 0.0405738235175 -0.0899353990862
-0.749397444523 0.0086337927229 -0.125727787166 0.0124350182671 0.0256170106028 0.0273437679062 -0.00527129791945 -0.518989817445 0.00172161576026 0.00452376442287 -0.0432745422006 0.00297607962314 -0.0173811582613 0.103276016546 -0.0148757531032 0.0560963247556 -0.054397700784 -0.0194424136647 -0.00961310862964 0.304882283587 0.0443962003193 -0.0293832161393 -0.168918717004 0.0424355724935 0.0113349969217 0.0720666343878 -0.0184265758841 -0.0114250053238
-0.489363142238 0.00302472265093 0.0734963549122 -0.0146141755717 -0.0376452955617 -0.0129674753898 -0.00584116286693 -0.565253941229 -0.021102719949 -0.00354073158124 -0.115067891645 0.0784286191087 -0.0269396711987 -0.24110831096 0.0173232970495 0.100943001369 0.0260951014165 -0.00790620432094 -0.266926797223 0.172694818927 0.0654922226099 -0.0114910593694 -0.48239974565 0.0134619442085 0.0141366306888 -0.0502630979869 -0.0283160528118 0.0437358349397
-0.394807625993 0.0248141389149 0.0150186300262 0.0263155799205 0.0655914629794 -0.0340521130162 -0.00662961767776 -0.391435528017 -0.0369770851594 -0.00223267814271 -0.0453322146417 0.0487757705859 -0.00866435168031 -0.505922628146 0.0498170653033 0.0782086927136 -0.00492531731346 -0.00412855561025 -0.365773711278 0.131679566496 0.0366403158814 -0.00487692224649 -0.471900286326 -0.00678618439112 -0.00344668646772 -0.189837665115 -0.0127777541127 -0.0440588979662
-0.337865606818 2.14236248993e-05 -0.00482393967984 -0.00406855464011 0.0246899979216 0.0158674878726 0.0162183785607 -0.330542834807 -0.00579686280568 0.0250974833088 -0.022491681355 0.000739298149232 0.00535088971727 -0.31154266326 0.177729653545 0.127242125702 0.0176469734758 0.0164904655226 -0.475853427399 0.110440648354 0.0273652689531 0.0113054343464 -0.612635223734 0.0239135205509 0.0122636350917 -0.0202939537558 0.0377119659475 -0.106847656012
-0.676981895589 -0.0184561452738 -0.104489186114 -0.01848829677 -0.00487496359235 0.0181704841262 0.00967626165449 -0.579902632722 -0.0114249180943 0.0166024749892 0.0977514155923 -0.0186464654973 -0.000782279727435 0.104515909113 0.0117197396665 -0.0772759628179 -0.0358342857645 -0.0141155184917 -0.229819164354 0.0192728178785 0.0138414950907 -0.0394548585192 -0.317488385206 -0.00913932477688 -0.0247156842361 0.0814600406563 0.00775070331774 -0.0375386646255
-0.51722195218 0.0169357802919 0.00837912096344 0.0116292495998 -0.005244257085 0.0191672993862 -0.0140877915017 -0.776509759289 -0.131334760191 0.00384585798422 0.102289262854 0.00109656302423 0.00849217000102 -0.0643806828679 0.0175974766298 -0.136479902486 -0.000146212175023 -0.0103902916491 -0.0886334159029 0.104368433513 0.0277137190183 -0.0160501763502 -0.231815688511 -0.0459477763142 -0.00586465567986 -0.0122190006383 0.015202269015 0.0374203667124
-0.470055555431 -0.01571935619 -0.0119043202617 -0.0192592482247 -0.00221444058829 0.00906253257524 0.015087165433 -0.600572497528 -0.0887974690098 -0.0323604602541 0.0385164345185 -0.0304596351769 0.0298941905143 -0.00460897590138 0.0348041948507 -0.111253909112 0.0041964835261 -0.0255818344283 -0.490457138551 0.0776318169145 -0.0107884036657 -0.00174537850282 -0.359275322756 -0.0422893776564 -0.000808485004868 0.107434294867 -0.0126561343375 0.038760952545
-0.511404727613 0.00310428369693 -0.035246479037 -0.0577031257548 0.0135810728606 0.00619138034451 0.00213844392774 -0.725899048289 -0.0631782875225 0.0965989500011 0.144826305752 -0.00430587684227 0.014664471895 -0.0423757289635 0.0885908356142 -0.0648038202856 0.0280291059941 0.0104335647695 -0.278915498115 0.141401405664 0.0302011992646 -0.00676814369401 -0.231196016076 -0.00400088266316 0.00123818008895 0.0713768748814 0.00681760880337 0.0100623600129
-0.628260690025 -0.00763014224047 -0.0781531515287 0.00491712345934 0.0688716141423 0.00582121270105 0.000312751351563 -0.447824091533 0.0207267020184 0.0514037885685 0.0272437309091 -0.00522120470442 0.000558257052006 -0.0125235317733 -0.0909643391539 -0.287390150905 -0.0240866025656 0.00881530717323 -0.288078763958 0.0538546346151 0.000387717612003 -0.000112051902906 -0.459372603847 -0.0109741935555 -0.00608607139687 0.0186852732973 -0.00165855410625 -0.0287753242405
-0.46717427859 0.00517988441479 0.0146326155079 0.0129089125377 -0.0262410270509 0.0108279703338 0.000778763885186 -0.488416212829 -0.00550505709435 0.0365423756217 0.0483846031789 -0.0482885479807 -0.00481340833726 -0.422662326824 0.00791897351177 -0.029044007041 0.0300862561913 -0.00177127175829 -0.19145210302 0.0111070641133 -0.00544283524407 -0.01049212157 -0.457620136725 -0.0702476971836 -0.00810240276162 -0.319895136679 0.00307996474423 0.0422861967981
-0.481311624187 -0.00509809326923 -0.00175050970612 -0.00757773863087 0.0140054433285 -0.00200350991995 -0.00432012192967 -0.544204053531 0.043244104591 0.00267384112051 0.0922781381091 -0.0695316379864 0.00139357286253 -0.352367564828 0.0439151784569 0.0292231496806 -0.0128272517031 -0.00160722903452 -0.25935224283 0.0554387645227 -0.00498457972021 -0.00717616460728 -0.374139398065 -0.0510536765213 -0.0198626270049 -0.338378258995 8.00976013054e-05 0.0404923077872
-0.511680364635 0.0139628027669 0.00567613443007 -0.0282024436512 -0.0412827308103 0.0104650075759 0.00723147192872 -0.518589659373 0.0239959282778 0.039994836805 0.0716559992243 -0.00512793846776 0.00852671522296 -0.239412145471 -0.00225862430296 -0.193274818365 0.0332002287121 0.0253021431366 -0.226237865159 0.0253363891031 -0.0125812376264 -0.00864184491986 -0.552664807383 -0.0459385450297 -0.00664832473645 0.0344725947397 0.0234977674971 0.0337277510862