-0.00526810605637 -0.0088174990324 -0.0552499840682 0.0538920757321 -0.0168248911009 -0.000346545737475 -0.0056313289319 -0.290453055298 0.0995853088639 0.233742860085 0.455622666312 0.148692109124 -0.028263341756 -0.0546807492505 -0.0100234211076 -0.249068673523 -0.0403079821734 0.0105656727189 -0.292060339832 0.459439438149 0.123384882646 -0.0209327097947 -0.469443631648 0.100376583142 -0.008545818302 -0.0644235102725 -0.0248101457696 -0.00263583195068
-0.333669287378 -0.00323617174141 -0.0337788594732 0.0215268167873 0.0107787897278 -0.0241338205416 -0.0159786837226 -0.341668713301 -0.0338005854493 0.0264357414535 0.0252321486273 0.0500090168066 -0.013209248473 -0.171786429879 -0.00624257684831 -0.0863149954341 -0.034779726624 0.00994971245952 -0.600331040125 0.223592833501 0.0654363106938 -0.000899786762173 -0.521203644493 0.0529245924889 -0.000136727218165 -0.19147370976 -0.00707012566276 0.00750787345141
-0.263862244105 0.00149018162703 -0.00865288317867 -0.00525735398209 -0.0109505507464 -0.0279884195321 0.00576379974938 -0.261825963603 -0.00719338728232 0.0107844317949 0.00559899675007 0.0117437732679 -0.00739664426378 -0.322724509521 -0.0566372926968 -0.184970898401 -0.0858703341183 0.00954740367478 -0.611085065539 0.283044879809 0.0235795449706 -0.00993377297753 -0.386041464155 0.0532384256991 -0.0183363516282 -0.323936934347 -0.0011867602115 0.00484750118268
-0.482795744495 -0.0190869808105 0.0143036809203 0.122532308625 -0.0398789287879 0.044634369659 -0.00898758546121 -0.608994651089 0.150308955524 0.0935041934256 0.233163264916 -0.0357619445083 -0.011724123434 0.067690742351 0.0336397176854 -0.209915141234 -0.0287836803157 -0.00268633087233 -0.225692106971 0.179115580596 0.0196556127685 -0.0125062330312 -0.39173648876 -0.0324915128589 0.0082203899858 0.0255832024261 -0.0110822748553 -0.0116703000862
-0.530105376676 0.0162718629244 -0.0354284962481 -0.0674274874896 -0.0258030234083 -0.0238728872367 0.0154437292398 -0.644916911308 -0.00569628920785 -0.0289366738461 0.275783611575 0.0207602885807 -0.0104492203442 0.141274230597 -0.050039114453 -0.165923049677 -0.0101460679082 0.0116160356974 0.051357597369 0.249265481659 0.0340208301355 -0.00929563666965 -0.286274318317 0.0140966310697 0.0231946293451 0.13414146759 -0.0242197462345 -0.0234027893812
-0.379438811689 0.000864967035229 -0.00252902653662 -0.0514126172477 -0.0792812467855 -0.0207632033455 -0.0074620695265 -0.343946497374 -0.00188671593532 -0.00258185474717 0.010781540783 0.001586049318 -0.00973574395607 -0.215818734519 0.165529255808 0.10316537001 -0.0017689024768 0.0151824165393 -0.567192207274 0.0443682139928 0.0188393090263 0.00867951530012 -0.544835378855 0.022458364799 0.00640359682482 -0.1466480737 -0.00992552767242 0.0111887509289
-0.398953084285 -0.0134567634714 -0.00728931970001 0.0279595483891 0.0750138529916 0.017758918267 -0.00225085883025 -0.35694349555 -0.000535924307278 0.0102003334728 0.0258288786373 -0.00454059771521 0.000605070187515 -0.334769548443 -0.0412450456931 -0.109208290265 -0.0749700766144 0.00183180937744 -0.518508357104 0.23296159196 0.02074891461 -0.00927993920887 -0.408099553221 0.0515582997843 -0.0100632009826 -0.28522372554 0.00143099360804 -0.00718890385484
-0.436460995203 0.016893869714 0.0313603547879 -0.0460443448268 -0.0627620827389 -0.00626595980608 -0.000502247577977 -0.39546355691 -0.00439129519689 0.0156869784607 0.0285114933542 0.000116639393184 -0.0037126270742 -0.292420010943 -0.0523413352046 -0.100980074717 -0.0565144449903 0.00774852803446 -0.550807633872 0.173346441862 0.0296844151075 -0.00736102640101 -0.369899858835 0.0456919243956 -0.0120558997462 -0.263623796074 -0.00121999678369 0.00440428313927
-0.558756243912 0.0249784863596 0.00380138582154 -0.0535089500768 -0.111279528925 -0.0430971527835 -0.0110798963358 -0.408042974863 -0.0029950876348 0.00381758935915 0.0308998563195 -0.0178989928601 -0.0183005498167 -0.22222014989 -0.0427890834971 -0.142008350452 -0.080729117199 0.00773493009828 -0.464593562116 0.233643194507 0.0286372840604 -0.0119398680904 -0.295122117222 0.0490322923443 -0.0157648924074 -0.247633601609 0.0109251616645 -0.035317524768
-0.627539968042 -0.0237336726175 -0.0666912860961 0.0465341984147 -0.00305381632604 0.0464368112298 -0.0159652772973 -0.558027113089 -0.0239610321867 0.0126916439642 0.00922353301669 0.0059030225868 -0.00859253949353 0.0414159281725 -0.0207574378002 -0.0808324674493 -0.00753216213179 -0.00208371399724 -0.336005073957 0.109135796386 0.0517510846214 0.000860303698729 -0.383022915539 0.0281021729837 0.0131340604368 -0.007209543825 -0.00167022896494 0.0178805233787
-0.481282908807 0.0189879897986 -0.0434819666832 0.0285912897208 0.0701766767088 -0.024081830489 -0.00573536896956 -0.455524252333 -0.00533754381546 -0.00309290576305 -0.0464506893181 0.0513241608682 -0.0111168769203 -0.299659208099 -0.0343200846394 -0.0863004295881 -0.0509110420258 0.00953295273715 -0.494090233126 0.183634427068 0.0340107404844 -0.00738955510636 -0.343686363074 0.0326945285577 -0.00961036528174 -0.218643439351 -0.0060876068483 -0.00434243997931
-0.459948123596 -0.00723298931409 0.0433023098562 -0.00968765927065 -0.077952112085 -0.00299635795529 0.00811808089115 -0.412992393415 -0.00779424135943 -0.0198031611491 -0.0218717630531 0.0251313326974 -0.00809190710055 -0.295541568581 -0.0254354413839 -0.121762927755 -0.0405945659663 0.0101500444674 -0.532394692573 0.17140484636 0.0214559520669 -0.00581636249101 -0.345761377632 0.0279542047296 -0.013488272209 -0.261113145652 -0.00490826950597 0.0384534237116
-0.575514587964 0.00104910612419 0.0229651252404 -0.0976631188926 -0.0778241684767 -0.0480870088462 0.00675886818736 -0.412552874139 -0.0114365867065 -0.00330328744717 -0.0156153627735 0.0261332099016 -3.22223982322e-05 -0.230754576795 -0.0313085877661 -0.151892086362 -0.0781534253664 0.00545843895978 -0.443866639102 0.224270978825 -0.00737682501559 -0.0109103716658 -0.29504061572 0.038377148653 -0.0190341646063 -0.243244994744 -0.00658278284299 -0.00352933008601
-0.587209283655 -0.00773390058759 -0.0468496091414 -0.0124391044345 0.0304605539995 0.026679062621 0.000787335609129 -0.651868824969 0.023250305496 0.094090798301 0.0933933079465 0.00970294080655 -0.0184633444509 0.0438436828147 0.049193464003 -0.124819788231 0.0271523663969 0.00864798904064 -0.315367091876 0.112017734044 0.0393493994755 -0.0137471367575 -0.265213184627 -0.013619958942 -0.0118417924076 -0.0446786363485 -0.0224557092449 0.00337563593198
-0.570642059573 0.0413113519766 -0.0221708189798 0.0392176580615 -0.0566850937174 0.0184589972846 -0.00595103818142 -0.748625661547 -0.00843511087101 -0.0220712815631 0.181556224315 0.009804034312 0.00488355993385 0.029518510685 -0.0623277986517 -0.149091937961 0.0144068318555 -0.00433740740462 0.0201029286919 0.111496589487 0.0116943667955 -0.00181192824075 -0.179689001791 -0.0151943946847 0.0108478499416 0.00223475935875 -0.00414794565873 -0.0107412537119
-0.530083322249 -0.0108862022786 0.016205739747 0.0068899380515 0.0105482455478 -0.0263808440548 0.00374347919339 -0.77040008361 -0.00287339981093 -0.0332463919469 0.189735763817 0.00442531650454 0.0112530827663 -0.0646965452031 -0.0829935683176 -0.132438528694 0.0193341850387 -0.0108842401716 0.170854001912 0.107998428461 0.0137768625236 -0.00056504397244 -0.121107604269 -0.0351523642184 0.00609155896715 -0.0224532327487 0.00465157698049 -0.0192294767146
-0.585642335992 0.0452992220373 -0.0175197526447 -0.0505030668199 -0.00658184342285 -0.0343183484659 0.00659571614796 -0.723844718675 0.0226455452173 -0.00904018776078 0.166393873815 0.037316037812 -0.000888006370293 -0.140030048465 -0.0421055490025 -0.0444597651035 0.014420501958 0.00387267787742 0.0794906746785 0.153384064735 0.0470561627551 -0.0190407055489 -0.165662792113 0.0347319823209 0.00232133213583 -0.106944684651 -0.0299521394672 -0.0151560058326
-0.581425071517 0.0337160982761 -0.00867470622576 0.115415676342 0.0108713718477 0.0129974380209 -0.00264643957085 -0.558706788878 0.00194525926708 -0.0788727964741 0.00981762008649 -0.00493474376319 0.0262811166756 -0.132479590695 0.00882973799554 -0.231017272602 -0.0379381203154 0.00122059098949 -0.365250624866 0.0204887581676 -0.00399408356842 -0.0158434869964 -0.345349607387 -0.0234819635211 0.018611348511 -0.0296358181583 -0.00450521548874 -0.0182339433882
-0.433355708693 0.00203252532918 0.0146222534399 0.0415919652687 0.0127947926438 0.00114179430799 -8.95651549452e-05 -0.480621954025 0.00697467195761 -0.0141909977985 -0.0649151224974 -0.0462977461352 -0.0215474391465 -0.070439750838 -0.0608607780382 -0.150221309212 -0.084618147698 0.00108767045376 -0.543953561178 0.0799432642878 -0.0264678889371 0.0100383415743 -0.478346551301 -0.0135657295735 0.00676552312935 0.0380127179966 -0.00146770123756 -0.00755149396302
-0.493108595267 0.0164136417299 0.0142192684242 0.047398959061 -0.0177252442301 0.0123449364473 -0.00509995652377 -0.534926672015 -0.041569011706 -0.0825841073103 -0.0582934330296 -0.0165597936742 -0.00337589510215 0.0958168382121 -0.00943514148723 -0.128806550066 -0.0302304820483 0.013294118105 -0.490925359267 0.139755525792 0.0032332333422 0.0160489319574 -0.396729914673 0.00311735280832 0.0215322041064 0.0978049164218 -0.00219375723297 -0.00755604730065
-0.504710860179 -0.0282650497796 -0.0040611174246 -0.0382967806304 -0.0209507612482 -0.000556440137053 -1.84877010454e-05 -0.605838592867 -0.0517088614265 -0.111843728428 -0.0725061436803 0.000353521479238 -0.00462870098091 0.162233810154 0.00601860741597 -0.103978693926 -0.001806804148 0.0137970249253 -0.407510829928 0.149143858513 0.00121814683556 0.0146668662092 -0.325438454054 0.00115496539273 0.0238498543965 0.149039205 -0.016774703397 -0.0135104692423