-0.0104406568365 -0.011363920763 -0.092713839552 -0.0341662678674 0.0152818017066 0.0249257045982 0.0243981577377 -0.376337771614 -0.0864577297676 0.223528198525 0.620558502851 0.107622493893 -0.0287805334547 -0.100492500999 0.232969650547 -0.240973239139 0.0126374471945 -0.00848569127157 -0.168010985177 0.206644881062 0.197841420938 -0.0221735412922 -0.392887620112 -0.0399023925236 -0.0250787999015 -0.0461933465779 -0.00380412661928 -0.00294085946438
-0.267409000869 0.0114453895116 -0.0746519733406 -0.0502193955551 -0.0117701503407 -0.0160983007129 0.00321610374109 -0.234840700309 -0.0130177364346 0.0289034327976 0.0628885825141 0.0238443400461 -0.00206699436502 -0.26159988294 0.296226482484 0.0760450318695 -0.00058146392345 -0.010385364922 -0.361193915775 0.0919239961333 0.0447438429173 -0.010148908038 -0.742043939823 0.0237644426399 -0.00232677470537 -0.0674773930325 -0.00554387057831 -0.0173382747163
-0.204496475847 -0.000382071171282 0.0345662394892 0.0129642541849 0.0142644129033 0.0171432328926 0.00863187958617 -0.208613795653 -0.0310697949934 0.0183377152938 0.0737369348509 0.00205801768928 -0.000985899537211 -0.364111500422 0.252111604152 0.0727627974263 0.0119304266083 0.00829358754989 -0.457689273788 0.0377260576829 0.0334371334864 0.00774018616215 -0.676333044769 0.0113035728971 0.000464667047471 -0.183836836808 0.0178625270036 -0.0242799893058
-0.477162987201 -0.0637795710157 -0.0839984609992 -0.0170144436653 0.0609039682939 0.0369562226362 -0.0083816940007 -0.724443332439 -0.0269792477555 0.0100267526832 0.33138024268 -0.0626405858742 0.00971012548333 0.0860915717496 0.0681577676125 -0.190190211982 -0.0284869424862 -0.0067322694112 0.154478222442 0.0289652023972 0.0788781399843 -0.00275687851933 -0.176814083689 -0.0674484920316 0.00134868440513 0.0189653401774 0.00687455744151 0.00632636815137
-0.444197562509 -0.000781916307858 0.0224343823572 0.0862364221213 0.0275525147819 0.0193195725102 0.0134259947033 -0.733429743342 -0.0823903903351 -0.0285818751326 0.310031269973 -0.046664176849 0.0318775746316 0.048730590912 0.0859124765968 -0.149313925825 0.0182449012085 -0.00258914894945 -0.265248010987 0.0311692964245 0.0661645024728 0.00702296469343 -0.147235286307 -0.0977836252857 -0.0105008667679 0.083653786169 0.00377996120167 0.0457221848196
-0.448604981087 0.00400022190943 -0.0473217663592 -0.056473557223 -0.010049843358 -0.00172723461158 0.000440965398677 -0.360693146539 0.00414216227617 -0.00820911809024 0.0270424265958 0.0130306838782 -0.00506496163171 -0.193994317774 0.282537425462 0.0975982758269 -0.00588412366981 -0.0104992234703 -0.284309603115 0.0811225050938 0.0142151531 -0.0146085330562 -0.665590056745 0.0150044281956 -0.00424908549162 -0.0426581595353 -0.00798494491933 -0.0446921572679
-0.203935541359 -0.000410094955201 0.0157734419864 0.0345947896898 -0.00665750506696 -0.00270061554521 -0.00151211346731 -0.20396367971 -0.0144952382915 0.0110988337857 0.0162945469728 0.000292489491256 -0.00476249350225 -0.536359872906 0.00948631443096 0.0220604810114 -0.00108676832754 0.000376859841849 -0.443019624044 -0.0234001463131 0.013613348031 -0.000654324166327 -0.473958286448 -0.00305621935626 0.000369285026383 -0.45252866243 3.91343401208e-05 0.000378115122259
-0.181148190886 -0.000403970223807 -0.0118918452609 7.39423273304e-05 -0.00147008963101 -0.0087202290499 0.00123059772972 -0.18769837568 -0.0174269949455 0.0229805881053 0.0324912948948 0.001567890195 0.000701219350073 -0.487391234379 0.0167438129135 -0.00136238432767 0.00288008601088 -7.50204531616e-05 -0.436706140173 0.0436283238447 -0.00779008044182 0.00170931916935 -0.569487046641 -0.00533154409113 -5.73288778261e-06 -0.418292991803 0.00057981828679 -0.00309928776174
-0.334262994646 -0.00158587457267 0.026302187595 0.0192889527186 0.031818971844 0.0142252902775 0.00642826410573 -0.321275349274 -0.0101723524874 -0.00150606054296 0.0481011279994 -0.000209981457515 -0.001744193356 -0.252879017419 0.206856930876 0.0811072322215 0.00952925419389 0.0107053023067 -0.340059600043 0.0711322857003 0.0335287239147 0.0140874661415 -0.733689553028 0.0129281774177 0.00308144828641 -0.0727466948277 0.0176415083782 -0.0260901196004
-0.482280875335 0.00322784100411 -0.0473702922423 -0.0177337304582 0.0009335355494 0.0422709394999 -0.00496978762827 -0.437504229296 -0.00890178526723 0.0180683476748 0.0345569955475 0.000409020537885 0.00184361724627 -0.131550255755 0.243940341325 0.0603479942049 -0.0153300652438 -0.0105938594053 -0.224300354691 0.0967902818934 0.0375540886702 -0.00933874492994 -0.650364820696 0.0246536215194 0.001601841053 0.0660414470163 -0.00381916227525 -0.00846521660584
-0.274061669842 0.00653593281874 0.00429121973199 0.00275649568472 -0.0145193051384 -0.022028748134 0.00260587887964 -0.295843365825 -0.0131223149476 0.00496890225404 0.0791630667844 0.0226262821303 -0.00067447868883 -0.475748826904 0.106454996198 0.0115322363035 0.0396739137767 -0.000365618466786 -0.550057746762 -0.0136138762203 0.0444194565837 -0.00120256427813 -0.470658913764 0.0171753553499 -0.00220972627793 -0.252171562472 -0.00317972982972 -0.00993856821999
-0.224830993264 0.00182259678455 -0.0274661192173 -0.0185072703781 -0.0134982178274 -0.00333236709114 -0.00462483585579 -0.238141401341 -0.0236381103508 0.0149965402749 0.0582369753296 0.0135275478498 -0.00260922464033 -0.580919993858 0.00787924899405 0.0016674437024 -0.00270089984652 0.000266888989854 -0.411713202289 -0.0321779256533 0.00237157048594 -0.000318354234033 -0.385003523232 0.0152020101897 -0.00188259109505 -0.479989243505 0.00220190133794 -0.0106637018202
-0.41201190473 0.0102140281289 0.0416378095865 0.026351808687 -0.0367282445264 0.0183546668204 0.0118270367373 -0.412964121002 -0.0188270374426 -0.00375822485622 0.10195837677 0.00200187561494 0.00229736520284 -0.277741383039 0.232208249963 0.0730363108654 0.0152721191302 0.0174435155313 -0.375216107869 0.0254703641765 0.0343235472147 0.0149497620648 -0.595804560235 0.00952483696186 0.00538562107551 -0.0831789475111 0.028372408012 -0.0444802793828
-0.628704176074 -0.0415140406378 -0.0855136492505 0.0118360605855 0.0454449948325 0.0471112044913 -0.000325708134162 -0.568081442373 -0.0304252639049 0.0112889510146 0.102919957651 -0.0156301456704 -0.0120976235524 0.0186262007693 0.176007118014 -0.0603251805704 -0.0318777476319 0.00586872117453 -0.134729502642 0.0469091804244 0.0289506146956 -0.00102777306687 -0.443892927934 0.0150443987387 0.00490340768775 0.0435601525584 0.00829221666414 -0.0072699142567
-0.453697999535 -0.0195269279752 -0.0215047290717 0.023760029721 -0.0231289753384 0.00545404920905 -0.0129634020553 -0.619677054718 -0.0605954303274 0.0942041283204 0.113627441966 0.00566011598737 0.0211212497961 0.118771428195 0.0379558224171 -0.05989503922 -0.00672655459366 -0.0112323566248 -0.268702354381 0.057680003912 0.017181678467 0.0454851670662 -0.527866548285 0.0123785849517 0.020156944134 0.0745389198743 0.0067559395753 0.00890949066812
-0.525310849566 -0.0122313919529 -0.000635485057116 0.0285729952107 0.00414324877592 0.00516852974748 -0.000121097086141 -0.63485463498 -0.0632409324336 0.0722788708292 -0.00324986353691 0.038065191316 0.0408230219201 0.12084774891 0.0549034046796 -0.0350698393894 -0.00307023642771 -0.0134206869451 -0.253047464578 0.142754580126 0.0039595539538 0.0199221409223 -0.440150074112 -0.0142003258977 0.00226616743382 0.0950596065507 0.0262940987717 0.0109112124949
-0.595369747616 -0.00906772855982 0.0195933191916 -0.0132190715453 0.0883937258554 -0.00809867992322 0.00314506446199 -0.626301190127 -0.0268858647977 0.0652591227955 0.034147094377 0.016864919362 0.0164393344032 0.0361117172629 0.0721129474999 -0.052264682613 -0.00969384707375 0.00544535490286 -0.128403449378 0.140166014493 0.0561344275969 0.00848703870122 -0.410222575221 0.0386427131833 -0.00730192193015 0.13438596291 -0.0154695311669 0.0347121894145
-0.66010350025 0.00334316726605 -0.0886472447903 0.018936144781 0.0467326017256 0.00709012120433 0.00181165900067 -0.617967391943 0.0627614840759 -0.0337293531228 0.111446860806 -0.011627085055 0.00049697121016 -0.00392748683807 0.0131342709396 -0.22095789805 -0.038891293484 -0.00241208145572 0.26612037403 -0.0177676292582 0.0735655120185 -0.0115846331313 -0.160814537277 -0.0187067160531 -0.00965325217217 0.00205425629636 0.00530070795455 -0.0270982568653
-0.433578133427 -0.00243167060764 -0.0130708328445 -0.0275864681012 -0.00366096074782 -0.00192679100239 -0.0018715604057 -0.65082439012 0.0502767051983 -0.0350355548319 0.182821252866 -0.0207278513756 -0.00387256282385 -0.437107565232 0.00962676962105 -0.0243763772153 0.0170733029718 -7.95890313547e-05 -0.0514269622765 0.0356753459608 0.0889640728497 -0.00306480409474 -0.201749763819 -0.0712022679283 -0.00764767077875 -0.315911744617 -0.00395939582764 0.0180482700672
-0.446993019364 -0.0117534775023 0.0306848563033 -0.0107295695315 0.00177755316834 -0.00142279414069 -0.00119743587101 -0.698266798599 0.0113799080213 -0.0675142629352 0.166032363418 -0.0431084564929 0.00100411960279 -0.289854043678 0.0268718495902 0.0535710609208 -0.0138737508018 -0.00117791265037 -0.280668417049 0.0140654431119 0.00963972348878 -0.0122316028213 -0.142893517048 -0.0894598839407 -0.0151972382274 -0.284854577251 -0.0169810789823 0.0143564191699
-0.566919639357 0.0233875578452 0.0493110521644 0.0376883121493 -0.0163005272819 0.0118232264255 0.0063180159765 -0.719055900439 0.0737222904397 -0.0213560483742 0.185867200717 -0.00444840058038 -0.00628211467899 -0.139628230885 0.039273931 -0.165731178955 0.0135031194035 0.0285032342899 -0.139242457277 -0.0124396972317 0.0305287364747 -0.00716710467151 -0.20133029207 -0.0560316009398 -0.0142189396503 -0.0186187215393 0.0120117208722 0.0427344020541