-0.0126103160296 -0.0270885881727 -0.0769336144573 0.0727142774661 0.00601425007872 0.00532476146305 -0.0052874277139 -0.161053658089 -0.00382859997974 0.200556765951 0.22854299767 0.124847451147 -0.0266934139202 -0.0435400928761 0.156435935503 -0.138064308455 -0.0889567529306 0.0121627127163 -0.453466984382 0.615109615577 0.0286827978681 -0.0261745479389 -0.459741659821 0.0278279835588 -0.0156264667981 -0.0352723567976 -0.0216797375623 -0.00390718033615
-0.321556744334 0.0156472673806 0.00198134341529 -0.0431834777709 -0.144105718218 -0.0189033155638 -0.00322516977095 -0.301532937805 -0.0449526916207 -0.00689661025715 0.0526584095425 0.0528180737008 -0.0189164592824 -0.0705204633513 0.150772509536 -0.00532651515504 -0.0657222792459 -0.00604379340145 -0.606690366679 0.200337939694 -0.0318951390836 -0.0130311241167 -0.567501683111 0.0195970851462 -0.0137950140749 -0.101296557754 -0.00327862574908 0.00727500114422
-0.302683196401 0.00303960248055 -0.0155248006958 0.0172285773573 0.0465619953658 -0.0280020082848 5.87813522602e-06 -0.294983055386 -0.00735033536768 -0.00576913231542 -0.0057353774684 0.0405506256765 0.000919918314328 -0.280053583914 -0.0383194420563 -0.221251286493 -0.100386568819 0.0106064169493 -0.54633458138 0.349906975428 -0.0312888363023 -0.0217506075821 -0.423384374029 0.0295072138404 -0.0275484710273 -0.271446692295 -0.00413878644315 -0.0104869174299
-0.442765662277 0.024760207001 -0.0706952803413 0.0614069415399 -0.0843500243019 0.045317005254 0.00171019150275 -0.568613922023 0.0953699933573 0.173310106706 0.0633577174043 -0.0231924196203 -0.0181407821206 0.0521554075747 0.158051393521 -0.0940308296755 -0.0327698768661 0.0087817754783 -0.267049112519 0.454325141258 0.0370549881778 -0.0102990055043 -0.312346200777 -0.00686407117823 0.0189452960437 0.0519387725593 -0.0102350297926 -0.0200770892387
-0.431233819449 -0.0545426828353 -0.027529673701 -0.00022161467571 0.0849199585808 -0.0324902356054 0.00347976502191 -0.640374347281 0.018278733503 0.163322905857 0.181333235166 -0.0131551135727 0.00304720844285 0.0169724547238 0.105779134434 -0.0399171230663 -0.03543520769 0.00789218607076 -0.199592299489 0.428939305756 -0.00299700219641 -0.018072044985 -0.296007512876 -0.0282518961017 0.00957167640681 0.064794056614 -0.0246213051839 -0.00294036629368
-0.450836304466 0.0033276635911 -0.0212926999478 -0.0688868188099 -0.136060626046 0.00508525443588 -0.00599005015087 -0.35093082736 0.000753716176357 -0.00585850649919 0.0115260461901 0.00990261113623 0.00337957786183 -0.129081468175 0.161103405131 0.0764777436209 -0.0179862075271 -0.0247524620885 -0.554898896871 0.075951162238 -0.00841103496034 -0.0105146683142 -0.521920726784 0.0220621317165 -0.0035787838558 -0.112795328471 -0.0024588799964 0.025282801681
-0.275653598147 0.00233965303402 0.0165370896119 -0.000113305036115 -0.0134257605429 -0.000482423499346 -0.00587621650297 -0.292671362592 -0.00655363429054 0.0372902016669 0.0741356855261 -0.00675568990358 -0.00768901348898 -0.376317178504 0.0395001038345 0.00302794250808 -0.0332985846359 -0.00153237412133 -0.639226054096 0.00174339429795 0.0102321502508 0.0013755841573 -0.474078923921 0.0279741377177 -0.00333684326968 -0.227660607616 0.00289210330661 -0.0208140911291
-0.447393426576 -0.000706090680095 -0.000143777156056 -0.0150423391713 4.16274751287e-05 -0.0056009793597 -0.00395217562125 -0.452111544157 0.0131274724184 -0.00973764862428 0.0332656625192 -0.0259784566434 -0.00711115197734 -0.233356850365 -0.0378352699363 -0.175713036828 -0.0674227793432 0.0100288515324 -0.445552085961 0.268444529405 0.0373469898005 -0.0198150493096 -0.384476048495 0.0665237754304 -0.0172084431908 -0.276528730429 -0.00336514660696 -0.0162320181796
-0.559875459 -0.00494938823492 -0.043585785449 0.060215991659 0.0832027580322 -0.0109692268768 -0.0181260080143 -0.402077172371 0.00772929270856 0.0202131464638 -0.00155158985649 0.00151110088207 0.00582930352736 -0.264685620064 -0.0798911596865 -0.176430204765 -0.0685640213227 0.0164392434521 -0.440037757351 0.245182365769 -0.0210293744842 -0.00771321019423 -0.292606675732 0.0338890114228 -0.0195852100209 -0.236494539091 -0.0210131113489 -0.0336664624697
-0.604251290427 0.0101019468245 -0.0626967434826 -0.0664270807684 -0.0569236907529 0.0428840450272 -0.00570893272633 -0.453438095232 -0.0118150513574 0.0413435004781 0.0198510839652 0.00391281571914 -0.00586402723218 0.079252985243 0.130086746202 0.0040830888943 -0.0408347876107 0.000201448303578 -0.448521104518 0.12410888435 -0.0194492986795 -0.00825784320107 -0.413237707678 -0.00639027023936 -0.00479792432036 0.0242907183368 -0.00380672968016 0.00905313839702
-0.488179717594 0.0290811156342 0.0583930037808 -0.00318937879019 -0.0138154761609 -0.00549157914227 -0.00869236036252 -0.527434596281 -0.0510221388604 -0.0501844350554 0.0168930182236 0.0524621769127 -0.00117310968981 -0.162771752568 0.116819727227 -0.00906004199082 -0.0595263332695 -0.0102293930682 -0.415632526697 0.197992191299 -0.054275013761 -0.0117867743811 -0.446025194887 -0.00400973085254 -0.00762104808538 -0.112174216771 0.0162600276852 -0.00162712808628
-0.486582654494 -0.000181979431025 0.00210250566885 -0.00261122589534 -0.00177441516027 -0.00231535964803 0.00318551987222 -0.51836983064 -0.0105766597329 -0.0365222596372 -0.0225155507906 0.0525820858923 0.000986721022285 -0.172861123974 0.0195219100963 -0.139034434312 -0.0923124569831 0.00298368579189 -0.426539797419 0.294671949429 -0.052773486486 -0.0222113134006 -0.356695942303 -0.00416546063088 -0.0237904091574 -0.176473235056 0.0169403978109 0.0191619573675
-0.580821341536 0.003378725671 -0.0484136663161 0.0522191684863 0.0957662062684 -0.0227013399796 0.000223129723987 -0.42971318829 -0.0123724692319 0.0183230267655 -0.0231497056872 0.0239741182202 0.00314338007933 -0.233996445677 -0.0494283890176 -0.188478220898 -0.0543806940536 0.00625670515178 -0.419819038539 0.232787768066 -0.0339771420517 -0.0137047827874 -0.308821953851 0.02091673898 -0.0174411695126 -0.194747496981 -0.00762780149555 -0.00438386878874
-0.611386992223 -0.000891791235201 -0.0578525409455 0.0321956865903 -0.00325513437053 0.0427439431659 0.000927609865606 -0.602650924884 0.0255718063497 0.0799250167253 0.0401073167409 0.00455236266326 -0.0142548914791 0.086571792156 0.0760196776146 -0.149148871573 -0.0134671469858 0.00288302289423 -0.327143460544 0.138359418398 0.0410180128646 -0.00893755785381 -0.285122814819 -0.0151797825566 0.00245155775872 0.0440272036526 -0.0131286765543 -0.0253202424081
-0.509225876263 0.0430470031611 -0.00277763870462 0.00881632422622 -0.0351449452196 -0.00794590688473 -0.000347623918992 -0.741757248152 0.00834583991564 0.0527093778301 0.102410210737 0.00240529524614 0.00265070707076 -0.00101252844476 0.113237897309 0.00105231147465 0.0375784552787 0.0275418182866 -0.0976067547787 0.343079764659 0.0410687720978 0.00804866380441 -0.162763458289 0.00602143717617 0.0183662938882 0.0435964809181 -0.0334135842777 -0.00625838195676
-0.50927676241 -0.020486630261 0.013629062379 -0.00492140617385 0.0138811520245 -0.00427220910415 0.00815116501637 -0.779257125946 -0.00421795851967 0.0465550631636 0.139109897096 -0.0322692153942 0.014734894585 -0.0242504219003 0.088197726079 0.0233778133102 0.0328882456846 0.0217028547179 -0.0516565440592 0.251557329087 -0.000260433434672 -0.0171045267944 -0.165099121364 -0.0200009312873 0.0112744389274 0.0554091037956 -0.0451312202103 -0.00965547524759
-0.624997204023 -0.0792439075561 -0.0182438787442 0.0282201131333 0.0852146846006 -0.0274462325261 -0.00553303324291 -0.666072577251 0.0146125720593 0.0211311817787 0.120804725661 0.0225623274893 0.00919935105827 -0.0919994074631 0.0693912047683 -0.0433359706926 -0.0176920658755 0.0148788473588 -0.175708232533 0.219289707501 0.00627163321938 -0.0147937056029 -0.179367682715 -0.00415448033938 -0.000637022475022 -0.0837541237528 -0.0166920587973 -0.00540831516371
-0.572878841297 0.0252613339752 -0.0136372768317 0.125702556072 0.0023071743752 0.0257469485715 -0.00168358963996 -0.515921515215 -0.00850967324456 -0.0480169049628 -0.0236640123553 0.0154239788566 0.0229254652576 -0.181824327742 -0.0966655319294 -0.211959235037 -0.0492477271 0.00419060888276 -0.391148217663 0.129034617895 -0.00405082750004 -0.016718114708 -0.346973351014 -0.00160435890124 0.0134768692153 -0.0577487962055 0.0117029669672 -0.0295590147791
-0.459807633688 -0.00920248314959 0.00939554444335 0.0661863173697 -0.0227892708953 -0.00855895936617 0.00348833096958 -0.496199734373 0.0191457379849 -0.002005701688 -0.0924285009948 -0.0349100769001 -0.00810859259906 -0.0364301879576 -0.0299561508872 -0.0887656888197 -0.0589350497576 0.00236780712966 -0.510000044368 0.108581986137 -0.024223566086 0.011965491178 -0.489371082391 -0.0150533622749 0.0138889763863 0.0295132321566 0.0045690384419 -0.0028255713789
-0.470410069883 0.000856071614499 -0.0173788663007 0.00200778972226 0.00894301822014 0.00683799046601 -0.00322103310397 -0.496225420086 -0.0273561047288 -0.0441305490138 -0.0788264649039 -0.0210969460661 -0.00223651891549 0.0185589392541 -0.000342042735182 -0.105618568579 -0.0398830059405 0.00321448829729 -0.458082100954 0.0914482127655 -0.0017041085516 -0.000163913112517 -0.536909789544 -0.0254178317689 0.0057612324814 0.0486989288191 0.00089233039264 0.00646082222934
-0.520293237787 -0.00913761711072 -0.0275722248629 0.00328738749374 0.02324776095 -0.00815626209251 0.000531527887607 -0.5214402238 -0.0403677813575 0.00098282262932 -0.0280502149037 -0.00638547036977 0.0065934016805 0.00971508888086 -0.0540476940732 -0.147973681576 -0.0535835724518 -0.00276985443053 -0.451221028335 0.0476205907005 -0.0287706046082 7.79040620433e-05 -0.463834769583 -0.0231197141936 0.0153711596227 0.0545088454261 -0.00358083257237 -0.00690113167794