-0.00881560320435 -0.0267754383764 -0.0737984701763 0.00445159511564 0.0328861755494 0.0384939689424 -0.00646206331962 -0.279559879148 -0.154660208225 0.229064862106 0.398164727268 0.0279884706661 -0.00674309879837 -0.0728763133626 0.191553080089 0.0667574464607 0.0754468558534 -0.00880839100946 -0.399412171679 0.485334318292 0.0885345483447 -0.0291971983958 -0.468026607193 0.035520436527 -0.0128245109451 -0.0261233452367 -0.0080152562737 -0.00202696944901
-0.41495871591 0.073594716744 -0.0304800255516 -0.173219675135 -0.0611144767912 -0.0141634828264 0.00547201546235 -0.369826282151 -0.0766588295782 0.135754650494 0.0850745103543 0.00137018705866 -0.00865832301788 -0.167217435582 0.145800712189 0.172086878716 -0.00723558388048 -0.00713719652281 -0.397207942073 0.282218484676 0.0291946551114 -0.00896700795935 -0.523527261751 0.0401481534576 -0.00930000174005 -0.161218574053 -0.00420916288533 0.00473331200134
-0.388330780632 -0.0802027879692 -0.0455740787165 0.140158452901 0.0351560029719 0.00936208211771 -0.0103892074179 -0.442685529958 -0.0165547542049 0.178994816884 0.0473373546489 0.0372582194295 -0.0116462527457 -0.330292776351 0.119427168109 0.195662287976 0.0488781924632 -0.00566828318398 -0.349006767545 0.316636070103 0.0770089876449 -0.0172321330557 -0.422549928731 0.0923606582425 -0.00858123681787 -0.084508984733 -0.0223772855011 -0.020441130315
-0.423083108013 0.00306214633388 -0.0373021885386 -0.0382556361376 -0.0421726848191 0.0298670099538 -0.00797376687898 -0.557922041592 -0.133529104004 -0.0440237790859 0.204298906391 -0.0547455846664 0.0226580464135 0.0996171148349 0.127358551208 -0.044842626378 0.0352520692527 -0.00478793397244 -0.302928643947 0.317084891574 -0.00419377976124 -0.0215123882531 -0.458959876569 -0.0465056910845 -0.00753701091434 0.0631722637437 0.00538104805737 -0.00398820842495
-0.398814919995 -0.0554123368782 -0.0194479465792 0.0487702737072 0.111226469426 -0.0147244714185 0.00582193180893 -0.568938061575 -0.156703922249 -0.0234600234327 0.224202392444 -0.0938176861124 0.00956142437533 -0.0319173135416 0.101832174155 0.0461970542125 0.0765102666413 -0.000821424353121 -0.441550034886 0.114675898749 0.0154588409251 -0.00211935263653 -0.429736310775 -0.0434222619055 0.00799752477021 0.00319753787368 0.00826868057361 0.0100726485286
-0.695541132271 -0.0152614942706 0.0410900242898 -0.166061208086 -0.104242253913 0.00280951986865 0.00255778411399 -0.412939684855 0.0122603184824 0.0117973684948 -0.0412377896684 0.00435020450201 -0.00614634964946 -0.0594637639567 0.145900829026 0.164093790843 -0.00999435211657 -0.00664566860283 -0.290810388879 0.178995632175 0.0189954988546 -0.00980609543545 -0.364290015915 0.0367365026664 -0.00779997273376 -0.00592854200823 -0.00299908620872 0.0124658634246
-0.175611306617 0.000789702383845 0.00936094514295 -0.00290760131346 0.00749443641035 -0.00527421575065 0.000137865895262 -0.178274172024 -0.0107447094889 0.0182908935649 -0.0108522829139 0.00156661624888 0.00201445704168 -0.522669775411 0.0373090437826 0.152995537345 0.000994525942074 0.000259500448841 -0.333935652165 -0.0362853899844 0.000931504985279 0.00118593804313 -0.614774336109 5.85668392685e-06 4.48107694345e-06 -0.384408850552 -0.00127087607847 -0.00940497340206
-0.185991415912 0.00111528483028 -0.000108760518598 -0.019052105548 0.00405868101006 -0.00874654320848 -0.00302657321537 -0.186727055175 -0.0153614868375 0.0114904340123 -0.0118102361745 0.000469199962599 -7.06546441291e-05 -0.535996190165 0.0242595717365 0.118033252801 -0.00309280028346 0.000185807692971 -0.324031678399 -0.0413631158314 0.00441981992783 -0.0017638368539 -0.594753767748 -0.00183470615972 0.000610376173934 -0.408558454336 0.00179446758914 -0.0188448260832
-0.552154480626 -0.00163106303008 -0.145968746127 0.101467969913 0.0590239878608 -0.0304781323283 -0.00121107769664 -0.451857206568 0.0189978637984 0.0331959669164 0.00989903761251 0.0211500421516 0.000313828986671 -0.354008146494 0.0965763869304 0.120569644363 0.0581893313917 0.00247846324481 -0.312366415496 0.152521449663 0.049051820922 -0.0102986565997 -0.388050175678 0.0339489782913 -0.0060892396229 -0.155866837657 -0.0222284066757 -0.0208783868276
-0.537105236799 0.0603789562848 -0.0344252869765 -0.110055475971 0.000343073106422 -0.00531069722033 -0.00614712912993 -0.538583564434 -0.0501765537091 0.0722464415977 0.107988497584 -0.00506520683811 -0.000329346584846 -0.0575910401776 0.166970536668 0.100344684556 -0.0110215713037 -0.002429665607 -0.41712495795 0.230703429486 0.0176832672785 -0.000466540424728 -0.339538879033 0.0192492901887 -0.00332067536758 -0.0200536406579 -0.00422792507059 0.00117544039017
-0.316474747971 0.0218757856193 0.0232140416703 -0.0186262846138 -0.00820213595586 0.0100508545621 0.00181912426098 -0.436548628322 -0.0459174829654 0.0926089506998 0.105343870032 -0.00131127191145 0.000706828480238 -0.470626188953 -0.0850823226987 -0.037997305557 0.00586524608978 -0.000144176153463 -0.306648963613 0.0817713439921 0.0103383036056 0.00184952945402 -0.399712768946 0.00680517722621 0.00446111833626 -0.441507220781 0.00518859458358 0.0109514997808
-0.536047611798 -0.0876925863155 -0.015980263671 0.101033104819 -0.00466916672109 0.0384244720497 -0.0106683382417 -0.57161384776 -0.0372071329495 0.123854060138 0.0261335206151 0.00586046482301 0.00079837480218 -0.32297709461 0.0455448131139 0.110521975519 0.0143295167654 -0.00652983804563 -0.260291355369 0.197940308324 0.073719799017 -0.00861954486755 -0.291642973058 0.0578459148094 -0.00456757243163 -0.169947336841 -0.00903128882955 0.00495481844611
-0.536126267775 0.0115735017872 -0.0451814781053 0.0155012595624 -0.000734555772902 -0.0384124949931 -0.00705369765317 -0.677553355666 -0.029675325277 0.107660248196 0.0827513283831 0.000249822217109 0.000252334217562 -0.0958111876217 0.106408374331 0.152610741822 0.0255008128107 -0.00587466496927 -0.25178081554 0.241942239757 0.00620914107174 -0.00251288119672 -0.222973340024 0.0633174807493 -0.00481088466744 0.0985742803724 -0.0172330655107 -0.00378289744452
-0.560814965642 -0.00308443049215 -0.0236109262401 -0.0243897613158 -0.0429424841592 0.0132091818298 -0.00258349512696 -0.555520420707 -0.00897224818621 -0.0279012134524 0.0413695476913 0.0179392065379 0.0191296783977 0.0416511308031 0.124830401134 0.0268786960565 -0.0106271138889 0.00104852856125 -0.343203822165 0.155772128452 0.00394722757784 -0.000603413883846 -0.450018993381 -0.00808394604005 -0.00643839466584 0.0870467971031 -0.00123171838088 -0.00348219044042
-0.511555269789 -0.0152081520432 0.025380873282 -0.0366330678216 0.000996370444225 0.00426224618197 -0.00861624826637 -0.596916960728 0.00812950230565 -0.099811832773 0.0730494471563 0.0111517865828 0.0576770714507 -0.103417728962 0.126102183793 0.126663264399 -0.0313079676928 -0.0129346799141 -0.114252125377 0.28910951665 0.0175256814304 -0.0226848346123 -0.458285663105 0.0267794274206 0.00800420937868 0.0927677929913 0.0145917348869 0.00116534043513
-0.595758173264 -0.0326203202309 -0.0708442598246 0.0759280944971 0.0490864230272 0.0120363223639 0.00426194658616 -0.578878831979 -0.0423482651133 -0.0337870808378 0.0817599973502 -0.00375463691435 0.0389014137013 0.090010514635 0.084084154061 0.0865286851421 0.0156220090918 -0.0147983736834 -0.286808121446 0.121013464046 0.0126636503355 -0.00652983381324 -0.37963565773 0.0316957438933 0.0176918875574 0.136456259462 0.00932166706285 0.00522896792558
-0.59668025612 0.000696318817478 0.0432282632742 -0.0469837628601 0.0842075633042 -0.0220274174003 -0.00142108886878 -0.587689393723 -0.0585621465322 -0.0115029391716 0.0507862803204 -0.0265164719089 0.0168830368597 -0.00846624181233 0.0711575750783 0.0908863078748 0.0127132420717 0.00055627167049 -0.303168655616 0.030673272393 2.45159476556e-05 0.00159297930049 -0.413225893944 -0.0163895737344 9.28254769926e-05 0.0483736188055 0.00247790926447 0.00523908576855
-0.592260416999 0.00764443921926 -0.0770481625582 -0.0346233354157 -0.0155515009247 -0.00143902856628 0.000153284507884 -0.565465412325 0.0113756093525 -0.0217917525046 0.120220220927 -0.00815003682799 -0.00712720480511 0.0951053713743 0.0748919041139 -0.05005994017 0.00221236539442 -0.000600482591726 -0.376061607011 0.074494258519 -0.0134175482784 -0.00189829725332 -0.375436358459 -0.0214281578482 -0.00577067281201 0.0205772157507 0.000557774616556 -0.0259881162867
-0.491371289866 0.0217162594332 0.0131700276068 -0.0186920354865 -0.0270324387662 -0.0126127693437 0.00150352687594 -0.611921069703 0.0353205392961 0.00156310551178 0.120755341254 -0.0617471510557 0.000572422934598 -0.388772601716 -0.0153615388294 0.0634471015566 0.031895026858 0.0130637419237 -0.173594574537 0.174127558545 -0.0168890896054 -0.0150492632487 -0.223148337899 -0.0585594663165 -0.00470827962321 -0.302847364398 0.00328393689522 0.00638562078067
-0.442802503203 -0.00269151208476 -0.0226436414989 0.0174493348516 0.00301108111418 -0.00330906688038 0.000408170553043 -0.53609917558 0.0359944884228 0.0369823453136 0.10387753775 -0.0349808005868 0.00793360690611 -0.422112848158 0.050787127112 0.0887800305208 0.0343378988239 0.00308619354745 -0.278940693354 0.0829220689739 -0.00802680388799 -0.00205487604807 -0.259738693987 -0.0416408034043 0.00650212856961 -0.396280808997 -0.00592488585732 0.0065421491676
-0.4403087108 0.00140902310102 -0.0149683622141 0.0036795364062 -0.0074289962675 -0.011774919512 -0.000134122962213 -0.467544751912 -0.000613399828837 0.00808392509248 0.0785800883564 -0.0203883895777 0.00812653701798 -0.458744539663 0.0445567448237 0.0202283107807 0.0671255854389 0.00144831036691 -0.32940987788 0.0496008489225 0.0316766565094 -0.001706453579 -0.360270700665 0.0203930377041 0.0057236154662 -0.347519755872 0.00307656937377 0.00499513116015