-0.0462021326436 0.0069721876386 -0.144205698689 0.183078698484 -0.231994731669 0.052798076001 0.0313190764598 -0.0340923936354 0.0034388906243 -0.195304676436 -0.0651297295716 0.17372727041 -0.0568929770445 -0.201111416413 -0.652185284819 -0.103754041605 -0.000570328885923 0.0241359323707 -0.305197038599 0.440457536123 0.0230032396197 0.0607216956732 -0.123628144779 0.145144839463 0.0108605991282 -0.0249150442288 -0.0575665721293 -0.0053442892793
-0.482672520792 0.00970438437982 -0.15075871903 0.0446624471372 0.0787091314527 0.0147709554458 0.000557769674639 -0.42665847303 0.0619485299241 0.00976502330792 0.0232552731809 0.0890910410886 0.0191856091028 -0.297599460094 -0.201574452863 -0.0894007565032 0.0190976497055 -0.00142169983577 -0.578271618379 0.233430666733 0.0126497155091 0.0124191554373 -0.0755465259054 0.0225733717372 0.0217767446901 -0.0841967891068 -0.0190893625009 0.00873433331802
-0.616684949667 -0.0049226577724 0.0923674470099 0.0376177911917 -0.256921549362 -0.0320112486318 0.0183516767058 -0.511475321644 0.0769609135908 0.0644996256431 0.0110198949576 0.0712400639979 0.0051540929447 -0.13366797903 -0.194880373284 -0.0907722097454 0.025131918646 0.0145806772433 0.272532210921 0.11544912097 0.010513940485 0.022409497329 -0.329479137042 0.0457869194611 -0.0233396635371 -0.0269909838816 0.00887664419993 0.0171975115363
-0.555929259044 0.0586062294938 -0.182739195721 0.0603573209909 0.092363695125 0.052486624656 -0.00236403236983 -0.496898703205 -0.037421472388 -0.121073259343 -0.126607449235 -0.00396899567064 -0.0107120058889 -0.0716829445525 -0.213162388531 0.0312943508907 -0.0253560652086 -0.0016539794839 -0.506178502184 0.214839044978 -0.00401664092473 0.0174542395308 0.0448064580354 0.0209045624263 -0.000181286365644 0.0127802918727 -0.0210155655509 -0.0459121589983
-0.575906918529 -0.0303080708058 0.178944171552 -0.0332460439255 -0.123733047212 -0.0390092630337 0.0117065431153 -0.464121446246 0.00952044456586 -0.120269230617 0.00525931662659 -0.0128049658315 -0.0173293596838 -0.013628897387 -0.289516407206 0.0519016341261 0.0110838497506 0.0150386192526 -0.504699314567 0.128485713611 -0.00570345751406 0.00989066312133 -0.145481708215 0.0715836346014 -0.000426666694816 0.037022486208 -0.0269498980339 0.00817362399982
-0.513058450882 -0.00569355407756 -0.0654862321324 0.0305219646678 0.0694127073377 0.00100048320281 0.00741349272529 -0.370257784777 0.0317827116907 0.00375843096855 0.0354760955808 0.000865934982675 0.00602513688767 -0.257278075435 -0.154000029562 -0.219909659109 -0.0224868210962 0.00420474862763 -0.582700963625 0.157474164221 -0.0153056291695 0.00158914231332 -0.277115995677 0.0130966486096 0.00822305617942 -0.076997293252 -0.00495692257108 -0.0296865768395
-0.279780329491 0.00782883695758 -0.0281214426062 0.0934633827477 -0.00714996113726 -0.0191771733962 -0.00108071208866 -0.259551755617 0.0496929110599 -0.000924792854476 0.0211081551985 -0.00485129407297 0.0173553067726 -0.52087695159 -0.126937612293 -0.0511959513173 -0.0107496559077 0.00331178981533 -0.464233018315 0.0427797793283 0.0159099677376 -0.00190649834945 -0.369562790877 0.00854613268137 -0.000435347853629 -0.442730683254 -0.00416990512103 0.0256389012245
-0.482398576084 -0.00710609361924 -0.0461383203127 -0.012314084296 -0.135027523169 0.0300747395617 -0.00450196871833 -0.447156117977 -0.0320638264324 -0.0281211075582 -0.034013249474 -0.0614613508571 0.0192345839218 -0.336765948992 -0.184619112177 -0.0172262963242 0.0288006234936 0.0107875360209 -0.407572001085 0.0688541979618 -0.0286454721922 -0.00977874831838 -0.440514291766 -0.0134957987061 -0.00443666523015 -0.152765857973 0.0216188078639 0.0127326331825
-0.584421019091 -0.00172117190894 0.0661873220817 -0.0519172076751 -0.0865489418653 -0.0127099384822 0.00389663383593 -0.410086047997 0.0162685185477 0.00966906046143 0.017331270294 0.0055363555433 0.00141917890284 -0.107646219683 -0.20026005906 -0.161381508902 -0.016581834226 0.0162295482615 -0.37954505319 0.0940312757538 -0.00919401438302 -0.00740285114134 -0.492126332808 -0.00215168235335 -0.00768008079599 -0.0258961907694 0.0220048325106 0.0112770857143
-0.757879005169 -0.0146854689748 -0.0883033009663 0.0590415419262 0.0649263253157 0.0390448557401 0.0120151391735 -0.539139318085 0.0203559567621 0.0354164300797 -0.00601644064083 0.0181032024403 0.00042929564403 -0.109420512184 -0.114057005822 -0.0231889450142 -0.0265704531474 -0.00158587673754 -0.217006926143 0.136682097025 0.050029686269 -6.57440012195e-05 0.122093452463 0.00314001989579 0.0134170641876 0.0601407277551 -0.00106251745212 -0.0480863911177
-0.519149461961 -0.0152412177409 0.00792818795712 -0.0297279608399 -0.0494827571427 0.0246566801829 0.00724855842457 -0.581380319597 0.064696439057 -0.0243508426596 0.0324808896339 0.0703463482945 -0.0152432839317 -0.273414199352 -0.131560218116 0.0218597844479 0.0926614789198 -0.00470804265004 -0.464773965699 0.198054874234 -0.0499285003638 0.0259640280696 -0.10088701147 0.0308002863739 0.03091281211 -0.0611097103262 -0.0338522681266 0.0256572179958
-0.679144173741 -0.0128566227363 -0.012819652888 0.0654059266076 -0.029039553602 0.0394071416406 0.00171733607815 -0.659132716867 0.0559760255069 0.0240165520008 0.0421467369989 0.0325883143405 0.0107830622354 -0.158256219157 -0.101869269513 0.0112373912939 0.090736306831 -0.00997942626709 0.200730529347 0.0441387195383 -0.0171242081849 0.0406771669657 -0.0261139525527 0.0191021717053 -0.00267935345816 -0.0250763725755 -0.0245420444109 0.0167472336469
-0.699675056491 -0.0117316293088 0.0662345824758 -0.0420941910982 -0.0635781595363 -0.0318612645514 0.000877533049462 -0.498190159767 -0.0353130949332 -0.00516243138616 -0.0521905091323 -0.0131579542795 0.00556841352547 -0.0252611616707 -0.103331133329 -0.0702647164811 -0.0346398188887 0.00630472270326 0.264050883408 0.134878782679 0.00818981586932 0.00620889535221 -0.374188019394 0.0163786489081 -0.0104248180185 0.0241734816841 0.00522852250269 -0.0136649727585
-0.738756420744 0.0410907866505 -0.0871829646041 0.016667899518 0.0783604113092 0.0401670941699 0.00387927922806 -0.54200412139 -0.0204032630509 -0.030837340029 -0.0292153177851 -0.00141171094292 -0.00082277843746 -0.11508961711 -0.106610016209 -0.045867596176 -0.0552434395213 0.0111094590707 -0.263009922942 0.155640556687 0.0263870220396 0.00197613876257 0.103807222687 0.0170388913218 0.000528866514113 0.0351546406072 -0.0143056853584 -0.0664474836705
-0.524546341349 -0.00765742724174 0.0315104839671 0.021461822704 -0.0163640494858 0.00675086936813 0.00181151288525 -0.745655251933 0.00626104337637 -0.0799031314467 -0.120435719563 0.0108235090395 -0.00313893664042 -0.149188410487 -0.118142811121 0.114782512453 0.00918111833832 -0.00579563503613 -0.279575866002 0.120956548398 -0.0245743348978 0.0209389896392 0.0176809136584 -0.0408561538768 0.000701192226306 -0.0252750596935 0.000661966678383 -0.000457445449649
-0.62561606681 -0.0597374484212 -0.0475423412785 -0.0292827269997 -0.0640188280429 -0.00679081687989 0.00385268124157 -0.642511800664 -0.0274409135677 -0.103784409303 -0.0496257882122 -0.000191747798053 0.0106511572181 -0.155516655392 -0.129969387324 0.164809674177 0.074403239669 -0.00931292139067 -0.258899352583 0.0968049626463 -0.0313317216503 0.0126646979831 -0.0660345133591 0.054464733787 0.00660197817572 -0.107264830134 0.0166498223668 0.016706240583
-0.723220685046 -0.0165173996752 0.111209176223 -0.0164607838014 -0.0746308838333 -0.0069664924473 -0.0016127027759 -0.557911661998 0.019168170999 -0.0373927398743 0.0463979830701 0.000823756275403 -0.0104074055027 -0.0321858591485 -0.208250029921 -0.0315022655504 -0.0331866030283 0.0121718010664 -0.24625662089 0.0637437894006 0.00575823206682 0.0085825569111 -0.162215373483 0.0670161189321 -0.0234032765276 0.0114031483278 -0.0132549503391 0.00318023050494
-0.486710479276 0.0144873946264 -0.0340695981158 0.0350020799467 0.119113182563 0.0269466165691 -0.000160165246055 -0.337842929237 -0.00178255487993 -0.031667827025 -0.0145285137099 0.0247747554932 -0.000449569146661 -0.49322280313 -0.0340645852575 -0.186667356158 -0.0218493802643 0.00311517600559 -0.525595979784 0.0800823040142 -0.00248052418058 -0.00461534266921 -0.218857617434 0.0165767352134 -0.00657317495995 -0.128300585672 -0.015629450354 -0.0475335386608
-0.531760582497 -0.0617698501582 -0.0411070690113 0.062716921836 -0.0446949738032 0.0130398810535 -0.00407591551538 -0.639028464181 -0.0632459254623 -0.0764026425682 -0.102875804871 0.0461493764264 -0.00819907765271 -0.0203632685778 -0.126382817201 0.138941024513 0.0470599795613 -0.00908350551145 -0.407749934586 0.0291921303289 -0.0453819866577 0.0153160965507 -0.249448169787 -0.0412504458131 0.0136834841706 0.0535588970321 -0.015639143696 0.00328051770878
-0.569704078859 -0.0635784999687 0.0453948601039 -0.00750613178301 0.0603129529431 -0.00711663002426 -0.00292118327301 -0.61073858778 0.0778181486825 -0.037859082278 0.0275822318146 0.00639473991145 -0.00676322528016 -0.0659210842464 -0.165229818388 0.161303754808 0.0821065838042 0.00974655810755 -0.391217388873 0.0158289409301 -0.0241954402827 -0.00592216984073 -0.251982522836 -0.0194373121713 0.00305166592104 0.0116088129566 -0.0420447381125 0.00586163590909
-0.614260213851 0.0127015598967 0.0468042625117 -0.0376640185033 -0.105228827962 -0.0210695786679 0.00782486232212 -0.46324171558 0.0172431797486 -0.0120916102242 0.0309146916558 0.00678840266978 -0.00175929523624 -0.128095286242 -0.232281628068 -0.0958096918572 -0.0297535533524 0.00734478468004 -0.533070685465 0.0494365189024 -0.0110482196296 0.00613263919955 -0.136761124683 0.00345329559192 0.000677744087657 0.0705343578538 -0.0160006762357 -0.0098633329009