-0.0251339363346 0.0132756375905 0.0719592253143 0.104260912408 -0.104962370271 0.0529529980093 0.0118710203587 -0.0238935776876 -0.0245618017009 0.0433752040987 0.166289648687 -0.0119032367842 -0.031636249976 -0.38833204054 0.351225029465 -0.68887419377 -0.156786111825 0.0138546272561 -0.0906417467582 0.177307642013 0.0500974699773 -0.0372302043193 -0.33259414639 -0.0797927525951 -0.0508147013973 -0.0184519955564 -0.0192157321415 -0.00463617832031
-0.519638791241 -0.0312241080742 -0.117585202332 0.0773267863175 0.0544344420986 0.0950155722378 0.00219469790366 -0.550210991532 0.0391732293205 -0.0251099863462 0.233246200287 -0.0348794636217 0.00688176430811 -0.233219155761 0.153975962388 -0.41711194918 -0.0381318944669 0.00112370093553 0.114486315165 0.042655604066 0.0109662563538 0.0121282892387 -0.250755868152 -0.0551205131266 0.00339651691548 -0.0408051011748 -0.00602956172736 -0.0165203574409
-0.490217766864 0.0441386047745 0.0963188261534 -0.0916161490659 -0.0940598790461 -0.0389767577966 0.0130489363358 -0.463032286036 -0.0787377780323 -0.00446997571472 0.0986548370337 0.000461189116505 0.00342879074411 -0.270405018429 0.0595149949182 -0.285564346856 -0.0720015444983 0.0105432951012 -0.4214418459 0.06020472205 0.0165484951105 -0.00736478481097 -0.389103501453 -0.0204490003708 -0.00552773082697 0.0259143532734 -0.0085572560077 0.0387717966971
-0.546468780934 -0.00112549902695 -0.155772345604 0.0363998283408 -0.00728720604611 0.0455306194393 0.0111373984616 -0.596892086227 0.00523489466992 0.187200318914 0.0895403977297 -0.0415317195987 -0.0014066390966 -0.18815410723 0.271240073209 -0.36284840674 -0.0992996822684 0.00983113584521 -0.0327177943667 0.0602058929483 0.0637171146468 -0.0423282597797 -0.0530114966524 -0.0376580780523 -0.0523214410173 -0.000852950428302 -0.0131222992861 -0.0644967376737
-0.514180869027 -0.017028791766 0.180167020584 0.00431548024493 0.000492694026336 -0.0375786067886 0.00741651777358 -0.53470528737 0.0351937204714 0.126630940732 0.124035542021 -0.0633175044934 -0.0143394039257 -0.254444729707 0.180982256721 -0.27458519616 -0.0882274061696 0.0193118069547 -0.25470323395 0.255437043267 0.00218315111861 -0.0497244880022 -0.242220244618 0.00282674829264 -0.0404879196605 -0.0675739108658 -0.000434006339018 0.00802542210612
-0.661604076529 -0.016535362071 -0.13274517493 0.0242514663471 0.0159631764817 0.00661201433839 0.00644345612607 -0.54490027328 0.0275139328459 0.0472563853701 0.0920174825899 -0.0216239716603 -0.0129806426407 -0.106704006635 0.120505670908 -0.254021255083 -0.0406975034266 -0.00456210064389 -0.176789616845 0.0949060819318 0.0255082956005 -0.0394491893187 -0.305705326289 -0.0199304233091 -0.0308967386786 -0.0217608252015 -0.014300426108 -0.0661954354169
-0.495980674158 -0.0163286929735 0.00873051234892 0.0187867065162 0.0123412238967 0.0271644384086 -0.00118982238385 -0.634346085585 -0.0029895031929 0.0754607800449 0.147388825858 -0.00543666179451 0.0156554350132 -0.16937933964 0.103983783383 -0.15538019637 0.00646422867095 0.018924292333 -0.252881774162 0.163233019816 0.0108829093024 0.00161260812885 -0.407128567074 -0.0143812441281 -0.00849554654748 0.0293489782905 -0.00201102452926 0.0257135590126
-0.528553407556 -0.00522847471369 -0.0453928109093 -0.0701398467222 0.0007995147301 0.0218049326241 0.00328346257919 -0.510253955612 -0.0449123355334 0.0241682182664 0.0357298780209 -0.0126487444337 0.0186766599942 -0.166337067431 0.0681087845191 -0.122447876542 -0.0373235560746 0.00394633605205 -0.382204080535 0.124848098498 -0.0108919535684 -0.00456254218447 -0.485425853555 0.00264310883394 -0.0159651180722 0.0409579748869 -0.0158218674095 0.00691512343284
-0.441145963471 0.00950055248756 0.068874007459 -0.090843680749 -0.0140351505407 -0.00906887786062 0.000148189331329 -0.431845739415 -0.0643163596053 -0.075632651455 -0.0192198095278 0.00229589417617 -0.00146337987424 -0.174904836077 0.0400169476546 -0.0652002542872 -0.0502646985289 0.00492482032555 -0.493159978985 0.0568021630544 0.00833462439145 -0.00275835698378 -0.555776128936 0.0196956439877 -0.00294128221654 -0.0186143133364 0.00952410527055 0.00859934426792
-0.669674653541 -0.00647401518215 -0.086820412899 0.0279963396009 0.0609654148733 0.00450779129223 0.00601325246544 -0.559136206046 -0.0236041573443 -0.0722091733679 -0.0148030127579 0.00101623487464 0.00376038995772 -0.185235970172 0.0807766051217 -0.35147876375 -0.0474555915142 -0.00932503864861 0.133630444288 0.00139480161491 0.0101598205082 0.0123840142719 -0.165676584791 -0.0208264532823 0.00475045566977 -0.0546853909805 0.00752575351255 -0.0705610009861
-0.478668986087 0.0185268510239 0.0208340088848 0.0116916273978 -0.00548504069487 0.0371181302767 -0.00834674212775 -0.633582865028 -0.033770994359 -0.0922283032701 -0.0421168873978 0.0365305334101 -0.00640450811199 -0.403440199023 0.176510988049 -0.182806397103 0.00437868531686 0.00274535656706 0.106191162812 -0.0623212963942 -0.0175643012125 0.0181846078206 -0.269381100809 -0.0565284259379 0.0033703473779 -0.184774212901 0.00522293945701 0.0339836651418
-0.642111800158 0.0130484643685 0.00550840283627 -0.0286253917112 -0.0490274946846 0.0105422127283 0.00303710910164 -0.644920444448 -0.0282299099747 -0.0310565019213 0.0357852862419 -0.00927823868317 -0.000369790939689 -0.22470855163 0.0657770607141 -0.269468664935 0.024323538892 -0.00241840297058 -0.0871519640554 0.00267650819955 0.0033461205659 0.00195167090612 -0.148805877126 -0.0619758636775 0.00623296671176 0.0271272171844 -0.00413021661622 0.0516982867489
-0.593789547508 -0.00635345312129 0.124860317883 -0.0280990206787 0.0334443737665 -0.0277363790871 0.0114952888877 -0.49753744113 0.00565850846905 -0.0467787541545 -0.00557813060015 0.00954216338227 0.00659527980546 -0.206930339186 0.0139791784883 -0.150224596198 -0.0753502097046 0.0129853095127 -0.38272473188 0.0676309428281 0.0121517353919 -0.010778013036 -0.390849275129 0.0401262779182 -0.0073539712121 -0.0300563875577 -0.00204811491436 0.0310535155012
-0.698113710234 0.00587412616743 -0.105565649505 0.0132758466798 -0.00963844948246 0.0457954342163 -0.0104018668204 -0.590119120142 -0.0128084861988 0.0308381777143 -0.0336299035364 0.00716500414094 0.00876236522272 -0.0748742512548 0.201420615942 -0.242894902201 -0.0746726979073 0.00844161654161 -0.139534212311 -0.0398574436061 0.0451732872442 -0.0207287967892 -0.0547707855309 -0.029806187671 -0.0225326285143 0.0507084274019 -0.0153714164693 -0.0825555369141
-0.636659814022 0.00957225122057 0.0227772537282 0.0122094770073 -0.038938698405 -0.0229317387907 0.00727726030673 -0.653144874172 -0.0551159827139 -0.0425132298464 -0.0268801392427 0.0121287255756 0.0204353700412 -0.20207427848 0.24540011269 -0.145548881117 0.0018220011714 0.0289520300602 -0.157100841663 0.00545463679833 0.0746382223826 -0.0135028294008 -0.00349064437301 -0.0288304933762 -0.0328779147063 -0.0451751074302 -0.0371050794242 -0.0138682219371
-0.590751212512 -0.0092383019631 -0.0379048185771 0.0427320027211 0.0137302491218 -0.00828723910542 -0.0124540763401 -0.66924621624 -0.0751660743613 -0.061839979181 0.0399000506774 0.00138628439657 0.0183922658641 -0.182906728345 0.219675657111 -0.164187080653 -0.0212126455884 0.0168711667473 -0.203661215328 0.140521784809 0.0225043191965 -0.0198369907417 -0.0485076561362 -0.0222638076252 -0.0251071925238 -0.112439518007 -0.0128251404156 -0.011877164235
-0.662379796651 0.00138867537934 0.109445718226 0.0125979896569 -0.0017233268221 -0.0520309099125 0.00268189352104 -0.578936960489 0.0224943825459 0.0182785098532 0.0832106025995 -0.00221531487084 -0.00676220262801 -0.143908042209 0.0627752378954 -0.165740345625 -0.0687229133404 0.0156563470697 -0.263617339992 0.168552596418 0.00519067545968 -0.0202436760071 -0.214393516269 0.0168350060532 -0.0252416803367 0.0311124299932 0.000239639235801 0.0114800821887
-0.672145380748 -0.00623362283101 -0.0615889781511 0.0384624199213 0.0613445805128 0.0316312255133 -0.000378415610257 -0.58389119392 0.0262618716749 0.0697362585403 0.0212102996621 -0.0245285747415 -0.00508919510017 -0.15382732048 0.040966237432 -0.313756813242 -0.0720735502012 0.00388896258528 -0.0628590860301 0.0572678212515 0.0357506096945 -0.00426410475146 -0.213328775209 0.0210504961035 -0.0236011895589 0.027801708766 0.00865243557052 -0.075549654692
-0.529961759703 -0.044859569429 0.0166854156574 0.0312333344146 0.0283423946104 -0.0022576327692 0.00226967447444 -0.691434451622 0.0510700476537 0.108118693779 0.0208321266376 -0.0486051687543 -0.00113874228191 -0.301172211215 0.188625782066 -0.206445865179 -0.0232175488461 -9.07735264754e-05 -0.014349100167 -0.0268023334627 0.012136076538 -0.0378670135834 -0.186363850945 -0.0208156281243 -0.0220882691452 -0.110718371956 -0.00347434480164 -0.00338405344873
-0.565877351803 -0.0469001478035 0.0614224156905 0.0169417742429 0.0190623036833 -0.0397220953696 -0.0036837725127 -0.599195587974 0.0698590637128 0.0613010087365 0.0294184116786 -0.0472359565608 -0.0122789444945 -0.269463509068 0.0735652932137 -0.211249860276 -0.0576787503392 -0.00662600015752 -0.24239988917 -0.00812024902536 -0.0195808512476 -0.0247973703634 -0.328266897037 -0.0223899284491 -0.0112751015094 -0.0800235494489 -0.00357378160508 -0.00141132204548
-0.589658544867 -0.0122297298442 0.0519485404357 -0.0418484866188 -0.0892433039057 -0.0306706582299 0.0093998165101 -0.464747264193 0.0390001679591 0.031627805382 0.0126313445402 -0.0340485361841 -0.0134655927332 -0.311273698188 -0.028763778526 -0.260983206004 -0.0530825943208 0.0098289799899 -0.302778436935 0.170584880145 -0.0226971935013 -0.0286987257341 -0.349459769977 0.0278868106251 -0.0211381030918 -0.0647976343758 0.00835415200262 0.0150053574789