-0.00647403379695 0.00552023853279 -0.0807983220901 -0.0267453605559 -0.0116138901227 0.0269196398565 -0.00451674922804 -0.18011785513 0.0876342669367 -0.20098489912 -0.345971616323 -0.055462386983 0.00583443747077 -0.290184792496 -0.134425591857 -0.536359469015 -0.0698633509572 0.0083133939903 -0.180842368575 0.313534434876 -0.0456792359657 0.00060246379256 -0.493780530093 -0.123855198764 -0.0180837687783 -0.017142727826 -0.0263658781089 -0.001138715057
-0.382007291034 0.0325785141429 -0.0894864355697 0.0458630870588 -0.0256448977532 0.0282231948572 -0.00783153446657 -0.594046560184 -0.0233489858151 -0.225084898433 -0.164042792193 0.043752167452 -0.0162383985515 -0.189120208344 -0.0537466784588 -0.397701040952 0.00436484892714 -0.00752277803166 -0.311506620984 0.161786772338 -0.0361765524661 0.0240034605395 -0.285422841445 -0.0284974647913 0.00977965478449 -0.0543233183645 -0.0206295853145 -0.0212342238986
-0.449823259322 -0.0334417168683 0.0254348423752 -0.0114783817995 -0.0309156353471 -0.00192010669276 0.0082665886657 -0.684473048783 0.0479360232564 -0.00303218866909 -0.29476265652 0.0205638676555 -0.0102592071721 -0.176067791705 -0.114393433302 -0.260162505897 -0.0209695869297 -0.00557615883995 0.207837732408 0.159807323935 -0.0105616284468 0.0113779323728 -0.209388257971 -0.0982055451507 0.000493987483282 0.0190078569189 -0.0300699403315 0.0232410797596
-0.353141538051 0.00873198455412 -0.0333653353667 -0.0552808397184 0.0441796764811 0.0473033586861 0.0147884903996 -0.399737475145 -0.0494301913989 0.0924293526181 0.08757665479 -0.0722824681182 -0.0219175282171 -0.21153418406 0.0347952168875 -0.215392791547 -0.0532282580721 0.00926168834954 -0.5385892515 0.0979836083501 -0.0384059192972 -0.0185313799066 -0.531513205931 -0.0490876904888 -0.0148959251513 -0.0155593500095 -0.00736296466426 -0.0168486536645
-0.383583829236 -0.00851119466546 0.0194325413242 0.0051142959352 0.037534666675 -0.0406523531359 -0.00989232212086 -0.400594729668 -0.0274816530718 0.0818018905832 0.0115877704865 -0.0531038821546 -0.0129645761806 -0.172092885723 0.0152189481638 -0.143801838979 -0.0554347055949 0.0154447211452 -0.591989048351 0.0895171888603 -0.0141510876779 -0.0106545436622 -0.512485513847 -0.0472745985323 -0.0256635108723 -0.00290030529013 0.0042396870204 0.00225346402471
-0.619533536425 0.019084108048 -0.0705307133463 0.104419893351 0.00289137150136 -0.00340118402618 -0.00411666859017 -0.571441118377 -0.110346781928 -0.0663667254811 -0.0954634187002 -0.00529661511572 -0.00426374282299 -0.147367544299 -0.0812932040499 -0.280275098378 -0.0123132069162 -0.00104052944348 -0.306538603982 0.13932363202 -0.017597182753 0.00732820497431 -0.157149091153 0.00727929783605 0.000912210226459 -0.0340591106175 0.000946454274106 -0.0304972605471
-0.399645987671 -0.0308931497962 -0.0550072362938 -0.0282332250563 -0.0139758249482 -0.0130795689781 0.00363213693208 -0.53981237925 -0.0711570283553 -0.115030718712 -0.123183079161 0.0143443244732 -0.00617169614581 -0.405140746115 -0.0656871547454 -0.0102084039654 0.0301858060185 0.0016714041136 -0.268132582422 0.0301163130572 -0.0176792394439 0.00622375723478 -0.327747917833 -0.0142564230348 0.00245969516924 -0.399684658829 -0.00352634374485 0.00135913545376
-0.43330988106 -0.0331180395365 0.0237792766255 -0.0952929422375 0.0457988356573 -0.0103399481975 0.000433559185577 -0.460091426131 -0.0482391370355 -0.0852936117039 -0.0677377291474 -0.0113889299025 -0.00919126509376 -0.475110092668 -0.000352260949575 -0.0289612945 0.013405340858 -0.00149254112316 -0.223698787113 0.0552684450358 -0.00176647492311 -0.00777236686308 -0.325694209613 -0.000182147044035 -0.00148078023053 -0.432560364153 0.00113829392572 0.0103820619271
-0.58111444929 -0.0246656826932 0.0866772649189 -0.0262488287899 0.0230148748869 0.0200909106276 -0.0140164458942 -0.633992425657 -0.000186074948265 -0.0701993149747 -0.0784759709447 0.000394794791637 -0.0141120202491 -0.267169536531 -0.0205370140116 -0.181171409936 0.0156700535975 -0.00363016745086 -0.236842872737 0.150614066058 -0.0408269036558 0.00906198022974 -0.216365122922 -0.0604276380899 -0.0062042524786 -0.0520084421504 -0.0137530554875 0.0180162103715
-0.514389729827 0.0384148511702 -0.064558431165 0.0165690695112 -0.00139770674032 0.0109940887513 -0.00611583227553 -0.554896671454 0.00638261435198 -0.104301032517 -0.0670951913582 0.00595669494958 -0.0085660240392 -0.125042420739 -0.0257037653309 -0.33470708909 -0.0257824181533 0.00187651441719 -0.437816476857 0.00597555674631 -0.0144376250557 0.0110370794892 -0.2880749187 -0.00359911949656 0.00509790773148 0.0271074486323 -0.0134488693566 -0.0300027656582
-0.441137877551 -0.0109134659035 0.00820075303381 0.00914406033303 0.00208018776677 0.00674896853347 -0.00162358947965 -0.739893771194 0.0941856668518 -0.0530565761851 -0.0770269981735 0.0331685306075 -0.00308614712458 -0.143970264571 -0.0159414057719 -0.26912676279 0.0276839739621 -0.0121311997787 -0.306415038457 0.0385036081277 0.00316186335777 0.0245577792719 -0.215305407918 -0.0381921934871 0.00525335942337 -0.0142646028364 -0.0227973719838 -0.0052279291594
-0.503847549053 -0.0317810988669 -0.0209129146264 -0.0223453215552 -0.0260394329953 0.0165256855986 0.0103972791281 -0.698131266997 0.0421617738148 -0.0872010559457 -0.0983486469696 0.0161203007792 0.00677703194923 -0.130270390114 0.00803348584859 -0.200684031081 -0.025357469343 -0.011186830088 -0.338167054317 0.150591684787 -0.0303408611371 0.00497416376322 -0.184721621335 -0.0325955930309 0.0185888837142 0.0632711871476 -0.025727902134 -0.0114896805147
-0.643808530321 -0.00429195466652 0.084442922681 -0.0280554136787 0.0352227123478 -0.0379727655209 0.00674182966729 -0.541617918315 -0.0133663200097 -0.00277040667222 0.013564368172 -0.0255369891694 0.0046972599216 -0.0115978453085 -0.0777074654877 -0.0487614493933 -0.0263690275903 0.00447694101155 0.336660491251 0.148108961064 0.0128141264608 0.0072036450755 -0.354139965943 -0.0359678322799 -0.00715088090181 0.0913390443424 -0.0141713924162 0.0197404236896
-0.553902246349 0.00613493843633 -0.0317107429869 -0.1305560214 0.0103954275966 0.0386585743708 0.00713939127844 -0.497346632401 0.000977497437779 0.0201440126271 0.0843993769406 -0.00882288571365 0.00769741334549 -0.140634264493 0.0689356755725 -0.17559952753 -0.033152849902 0.00355743212547 -0.434860725578 0.0443573864214 -0.0252228232924 -0.0152640366992 -0.41089072138 -0.0134487636843 -0.00543758799082 0.00674952760541 -0.0126878783893 -0.027642079864
-0.521785253962 0.0270943817823 0.00487070557786 0.058821928913 -0.0437257301008 0.0105577744864 -0.00669602187737 -0.670493139641 -0.10405539536 -0.00683579866476 0.071418606585 -0.00544353023945 -0.000521847404024 -0.0423702143387 -0.00756456805963 -0.157471888817 -0.0560064568731 0.0112157790316 -0.338169514502 0.0804803276641 0.00398918255985 -0.0206173729958 -0.305536570425 -0.0287804422087 -0.0078364429244 0.0993294109897 -0.0176803605494 -0.0166709785847
-0.54668109476 -0.0330534747149 -0.0181966974016 -0.0486308246397 0.0636195584085 -0.0173326946138 -0.00153831794194 -0.672066290613 -0.0806823873015 0.0889661826929 0.0593588503817 0.00392239308924 0.00253838533819 0.0253760525787 0.00101586979398 -0.127864278015 -0.0232300795619 0.00515715522734 -0.339316159439 0.0812280133985 -0.0151898733886 0.00340288610495 -0.275380650265 -0.0187165221918 -0.0199991807054 0.0814296621805 0.0106522008557 -0.0221951985046
-0.487604655841 0.00755633449896 0.0140253716455 0.0358843446076 0.00437601552573 -0.00835660948536 -0.00622854446838 -0.516018619061 -0.0644463422991 0.0162849104982 -0.0426341770501 0.00474443225667 0.0158365735918 -0.202939127405 0.053613932217 -0.0724400154809 -0.0297601226483 0.00199536897252 -0.492019915681 0.114289858097 -0.0162351751197 -0.00388987469699 -0.420246964566 -0.0689917688323 -0.0170591126629 0.0150259981916 0.015669469273 0.00612980613907
-0.439042310305 0.00573064931415 -0.0748847387183 0.0478000502325 0.100422652797 -0.0125298721109 -0.000101845268144 -0.358957820304 0.00183498211377 -0.0185921311508 -0.0128841537499 0.00245854041993 -0.00652439283035 -0.183936204258 0.106769000634 -0.123340935448 -0.00682889157895 0.0023154135139 -0.530518336017 -0.0474248347215 0.0112439152928 0.00206583283498 -0.542207761751 -0.00349521094678 -0.00594875234415 -0.145537404265 -0.000952884654606 -0.0107150498753
-0.433833416295 0.000857980176025 0.0166601945138 -0.00832785173167 0.117926432219 0.0226957614218 -7.26042657959e-05 -0.401167549084 0.0159812064915 -0.0253883291816 0.00809340961295 -0.0270968198728 -0.00674064848628 -0.425565745461 -0.0348376334714 -0.0609230671235 -0.0513590297437 0.00129816938349 -0.41510078476 0.0182488900746 0.0246768356902 0.00357978309142 -0.457810217331 0.0256942252975 -0.00658135455067 -0.248390582187 -0.0203132994103 -0.000212432713133
-0.521770660962 -0.0180109886491 0.011750746776 -0.0203767478393 -0.106501840005 0.000650826627783 -0.00753355103526 -0.550224210915 0.0687456398529 -0.0302011205675 -0.0168206656201 -0.0481958372138 0.00413207059883 -0.171611870425 -0.0187553813762 -0.0414190523458 -0.0661221318813 0.017117949837 -0.441275672847 0.011365095262 0.0195499996488 0.00148972110637 -0.408939431915 0.00793558084024 0.00623224547122 -0.0681223459011 -0.0327549827118 -0.00159679174666
-0.486736618024 0.00599699350035 0.0292352588417 -0.0313429616259 0.0305805066653 0.0170018361045 0.00903582344674 -0.520888623796 0.0284724881993 -5.02925043621e-05 -0.0632400032771 -0.04134955907 0.016969018263 -0.274724799158 0.0594872622242 -0.0765615225158 -0.0262181672008 0.0138714373116 -0.483068795355 -0.0288712755199 0.0249531603202 0.00398475082084 -0.39332878472 -0.0134626756349 -0.0135619210658 -0.0771516131366 -0.013005912277 -0.000406450995698