-0.0129388044548 0.000303859828836 0.0465362218488 0.0318643947 0.0467849694345 -0.0204416307382 -0.0619600578309 -0.00835926182385 -0.034603582721 0.0553101391128 0.027431355234 -0.016723573801 0.0433918396469 -0.0411106893032 0.116324636559 0.103625281358 0.0069081628106 -0.00366586210511 -0.481189975046 0.684673210376 0.136765958455 -0.0131431949755 -0.469822334909 0.118765516694 0.0109446451142 -0.0495882568688 -0.0164691502566 -0.00750077293956
-0.356725693899 0.023393638971 0.136870820349 -0.0681574509353 -0.0959675911472 0.0171762179243 -0.0412138497554 -0.340677890624 -0.0104218444536 0.108984493258 0.0153078432808 0.034260062643 0.000890435110952 -0.308785029181 0.144605342337 0.233469841371 0.011973282007 -0.0212152407989 -0.359218686774 0.305441113103 0.110208149601 0.00287702596239 -0.532952187269 0.11656849804 0.00265633868061 -0.0507295188436 -0.019479681505 0.0415611531007
-0.480104557862 -0.0314547448689 -0.0124936062399 0.100538180517 0.0844624650094 -0.0355618279081 0.0347334806306 -0.460869783746 -0.0316701601473 0.108894171276 -0.000431025484313 0.0507337095609 -0.00121979444742 -0.0217293099413 0.106271766524 0.191093063495 -0.0245595039872 0.0149506864357 -0.307545140327 0.466309211018 0.0857911950146 -0.00722493455742 -0.375550167785 0.0926141889206 0.00543329472754 0.0316876346471 0.00794073021026 -0.039268648227
-0.399844499457 0.0321634731202 -0.0285122429949 0.105967776169 -0.0410802266153 -0.00501932405648 -0.0598528860145 -0.444825305584 0.0139990123669 -0.118633057703 -0.0431893645825 -0.055016519515 0.0176287306174 -0.0631734526824 0.024240288018 -0.0432090985488 0.0426151871443 -0.00739226548703 -0.428996995611 0.518669299271 0.0893248033005 -0.0182061872825 -0.342848978089 0.0938291550426 0.000548444148153 -0.0824925605104 -0.0391915339777 0.00607459130452
-0.47403043973 -0.0150837526783 0.107609875177 -0.0574600742245 0.0954852722975 -0.0228156451609 0.0298952086917 -0.473100605838 0.0690863983419 -0.0844783971091 -0.0476089482888 -0.0480619354387 0.0227604175125 0.0296193927842 0.107916873553 0.0493525261121 -0.0314305367895 0.0188687729962 -0.354524021711 0.509380750858 0.0627372282437 -0.015650887171 -0.279354861418 0.0744788275471 0.000257161954117 -0.0875386256735 0.036515362628 -0.102973228238
-0.494371205429 -0.00216739936888 0.0791493198831 -0.00780010081763 -0.130109672006 -0.0130396514129 -0.00559672403737 -0.424669589888 0.00483562182023 0.0088116265891 -0.00708351538441 -0.000761614143293 -0.000794032024131 -0.293009253053 0.184562703224 0.216256992192 0.00265588776882 -0.00579856344901 -0.409942572514 0.203820449941 0.0225839094777 -0.00696319821413 -0.404223722615 0.0810324226819 -0.00370571661443 -0.0297905207858 -0.00634441737824 0.0620973716022
-0.235755943581 -0.00788160285564 0.0877832123012 0.0153374520143 0.0010952574387 -0.00698972479973 -0.00747769593639 -0.222358686498 0.0315972439443 0.024137321299 0.0258229788927 0.00188833937716 0.00248538051611 -0.524163851077 0.00165797550748 0.0116605726779 -0.00142314225687 -0.00105825493237 -0.406792515049 0.00547057384783 0.00131560759312 -0.000685143454928 -0.422408739338 0.00204292653367 0.00290536913697 -0.515432816764 -0.00010453542249 -0.00971196147566
-0.283079139398 0.0043121575951 -0.109933815441 0.0420376464238 0.00571900077994 0.0135001346845 0.00447420766825 -0.255161993101 0.0459709469084 0.0264607299964 0.0111447265433 0.024999466285 0.00228630917382 -0.582122544936 -0.0372317904435 0.0228932752338 -0.0138965604143 -0.000974328376326 -0.340703838498 0.012116001759 0.0285729829726 0.00487301126322 -0.426210508302 0.0203296277759 0.00309180374244 -0.443092889042 -0.00443209409881 -0.0248631653024
-0.618931258303 -0.0118100201115 0.0257880873954 0.00155271666294 0.0851275093342 0.00503532315877 0.00571732400981 -0.544588699446 -0.0428707228407 0.0342609624623 0.0261253202728 0.00928367072756 0.00871226181613 -0.131291302624 0.22362170508 0.241280252917 -0.0473115361171 0.00895743156612 -0.248338289899 0.231961014131 0.0201873335787 0.00480277888978 -0.240135877809 0.0666009756961 0.00260088431794 -0.00644049501307 0.0304917290366 -0.0401631560032
-0.496152600461 0.00624978445598 0.0424400252579 0.0348862081235 -0.0982793361277 0.00917780718277 -0.028557784576 -0.491021080654 -0.0341549605502 0.0553308873975 0.0260537736466 0.0128450459995 -0.00711080758631 -0.192297425673 0.132354273126 0.201511075143 0.00348721929308 -0.0109955739079 -0.353596214883 0.281716900615 0.0752845344374 -0.0179547905538 -0.422124106485 0.0828183331367 -0.0149812390191 0.0193130813927 -0.0278609331245 0.0441671358624
-0.456972861956 0.0108507124994 0.0218523071629 -0.0104079315697 -0.00638646513358 -0.00420704484447 0.00599041421956 -0.620086219917 -0.0131932997173 0.103639261965 0.0221999969063 0.0338189181379 0.00189546601922 -0.229014067377 0.144155858223 0.150208818347 0.00578025736705 0.0004778388858 -0.236303120181 0.264597835097 0.125046104708 0.00788893730656 -0.381292654845 0.100880977975 0.0145157830577 0.00427350328341 -0.0117831309056 -0.00348064133908
-0.662992151948 -0.063472908505 -0.0796816545048 0.0688406393389 0.0180695796318 0.0333478875972 -0.00498196447181 -0.58048390157 0.00570775691767 0.0870838947353 -0.0197688862603 0.0171224481333 -0.0024947108201 0.0255480930647 -0.0338732551199 0.0128172677093 0.0547393979255 0.00289219015785 -0.18335010961 0.284739070518 0.0946607246664 -0.00120652097351 -0.227408261028 0.080205618356 0.00794165698224 0.107006525561 -0.0115273065917 -0.0132048149753
-0.65308391913 -0.0100175177068 0.0773527975982 -0.0125265538924 0.0420357526959 -0.00587101425899 0.0300833909746 -0.566336349742 0.0297157245001 -0.0120954797404 -0.0290257494195 -0.0104290765625 0.0159546174645 0.00232952069632 0.139318670148 0.167265751032 -0.0342280949615 0.0212563762724 -0.229895197364 0.30447098197 0.0207042876432 -0.0113690116349 -0.204413567681 0.0592275634247 -0.00502574998611 0.0126439211936 0.0294760008783 -0.00931524329112
-0.568317617672 0.0328923112134 -0.0458761972407 0.0827936577809 -0.034153089994 -0.00449911404577 -0.0257290579148 -0.575340399821 0.02510749666 -0.0872184079729 0.00537314316476 -0.0118986374229 0.006365474326 -0.0599587418472 0.0727793584798 0.0545924070673 0.00558896513339 -0.00410408540329 -0.339053074525 0.347580830628 0.0688241406693 -0.0101323447864 -0.254415025516 0.0772253083682 -0.000512216853907 0.00510154775213 -0.0341728143368 0.0353009679773
-0.566350674261 0.080177042582 -0.0174254008451 0.051248415564 0.0352692465363 0.0119893995007 -0.0139303923133 -0.659575921639 -0.0632700778093 -0.0671759762592 -0.0466554063484 -0.0444767716957 -0.00291996726407 0.0439402068677 -0.0230327263895 -0.0947240272878 0.0602362583342 0.0110063831123 -0.198268043849 0.354406939864 0.0601195534623 0.00896427318771 -0.181932325015 0.0395500640126 0.00899470456769 -0.0361848419756 -0.0262850877428 0.00706105532423
-0.544054141783 -0.0968416149214 0.00850574113611 -0.0312753249482 -0.0374616082243 -0.0184747158971 0.00365950291164 -0.672897202975 0.00153623844184 -0.0955772234583 -0.0337805153003 -0.0401711107955 0.00337294850814 -0.039782820081 -0.0880330733821 -0.106534973611 0.0345368027643 0.0204751674216 -0.243763327269 0.336834630778 0.0767664655982 0.00545688995993 -0.155695146919 0.0358713246447 0.000501155672348 -0.0203257930725 -0.00920101287188 0.00173118641518
-0.635927669623 0.00562249388267 -0.0600149735363 0.042622322897 0.161611243092 -0.000495736197725 0.0140933307829 -0.456209221411 0.00895254183824 -0.0114190533548 -0.000993173956609 -0.000661714773226 -0.0116592507834 -0.210756053913 0.298376559585 0.2398995823 -0.0256340093756 -0.00739582368837 -0.287823240405 0.127544863018 0.0216555965203 0.00559737146586 -0.232957896606 0.0433032486617 0.0165349002975 -0.0141632030646 0.0437982273798 -0.0741401961159
-0.52841721715 0.0310385037306 0.0567883008766 0.0631228339719 -0.192335993639 -0.0165289632454 -0.00988083494453 -0.403817957963 -0.0222983230505 -0.0158066738372 0.0449859606173 -0.000500669012495 0.0098674877953 -0.254837194946 0.214023426332 0.161512847524 0.00401448426609 -0.022528461956 -0.438405305193 0.174357669197 0.0446989512588 -0.0210455111163 -0.378260446191 0.0516022604108 0.000591470277487 -0.0275690469604 -0.0144809557624 -0.0137284096745
-0.371767294164 0.00882383407256 -0.0144967373066 -0.0329343637671 -0.00881087840325 0.038511996775 -0.00764482921542 -0.370693646599 0.0134237406285 0.00928198651641 0.00551527169626 -0.0402275359139 0.00374756436781 -0.319525787516 -0.0788241498241 -0.103193502765 -0.0477539123678 0.00694696790126 -0.486544171979 0.137361746874 0.0284199486185 -0.00397096953878 -0.49171715358 0.0456746979586 -0.00746712748643 -0.309989667584 -0.0161152042071 -0.0383248050612
-0.288064873199 -0.0120535919872 -0.0545781959237 0.0531412405681 0.0319511667681 -0.0399688898065 0.000132766836718 -0.271326451275 -0.0290310799644 0.00817973049903 0.0334673553856 -0.0280263033223 -0.00481799733704 -0.487657544418 -0.0349074829842 -0.0244473756937 -0.0470237654922 0.00358532843559 -0.41225615206 0.043240428844 0.0501247543275 -0.00267873552991 -0.497017286865 0.0352427417886 -0.000971923399415 -0.404505910241 0.00292821476223 -0.0624352408665
-0.582767950957 -0.0141363218041 -0.0181079358025 0.0212265708369 0.118425964157 0.0118915452351 0.00792722462351 -0.475073111192 -0.0224150717412 -0.00724319906458 0.036596409589 -0.00329727476949 0.00271250978796 -0.233427926548 0.318310183766 0.263561847917 -0.0235341840091 -0.0103528799271 -0.306731727013 0.135420589879 0.0204404755212 -0.000873187770831 -0.25849255583 0.0432417363667 0.00319765247484 -0.0155826825207 0.048378857228 -0.0866489439792