-0.00677987869923 -0.00639569133489 0.0569014704746 0.00213130085217 0.0458573711219 0.0335720875136 0.0113979234735 -0.0163308104028 0.0213042158374 0.0919936204261 0.059359674855 0.0139325152922 0.00121832172156 -0.0137536461702 0.0265668035613 -0.112505820375 0.000755123410576 0.0198606456496 -0.443359350711 0.72767292657 0.0682208583298 0.0128706358813 -0.46706314253 0.123456961274 0.0312351981068 -0.0274095309284 -0.0210787807817 -0.00220043616531
-0.385314685848 0.00117557285197 0.0306386372212 0.0825155673334 0.0948841163153 -0.0309685479439 -0.00296731484497 -0.349929361651 0.107646381258 0.0032219743616 -0.0429156703632 0.0735094432315 0.00329190196503 -0.403219930811 0.0564983009128 0.144561380433 0.0455217352331 -0.0161648701866 -0.264008069225 0.428823338036 0.0683151006418 0.00331299277011 -0.453275657041 0.0113617463514 0.0156132722299 -0.197463448841 -0.0201078830178 -0.00159290016937
-0.456669596049 -0.0142986676406 0.0449512835998 -0.0993131779106 -0.0874458099567 0.039718447326 -0.0143358562528 -0.431965060728 -0.0626375450539 -0.0133619348143 -0.0191217746422 0.0929785445979 -0.0160047314097 -0.247110533678 0.104758646817 8.88381474252e-05 0.0317862630668 0.0153267709723 -0.341379446264 0.467830342711 0.0557395423357 0.0180259267171 -0.391969104525 0.0583178517219 0.00939225410489 0.0169678911577 -0.0176470391609 -0.0111214966827
-0.503549218356 0.0569274151335 -0.0120314412949 0.108962862532 0.0824759855955 0.0581905302 -0.00941317112615 -0.507421549524 0.0572086733211 0.00182081780519 -0.0673575612256 -0.127546008634 0.0055163418684 0.126589310053 -0.0946289196881 -0.12081956465 -0.00176669797422 0.0217250543946 -0.38392743548 0.412870443295 0.0507217697403 0.0102445114588 -0.268458856458 0.0746020313002 0.0276328928864 -0.0179482169463 0.00107898906607 -0.000385061277285
-0.516297959714 -0.0249439166053 0.0823516711448 -0.0603197163353 -0.0719761982133 -0.0129476945445 0.0105552625481 -0.535442212391 0.0651581645123 0.087720699865 -0.0665706337385 -0.117157991117 0.0151705405506 0.0945352021062 0.000515079592438 -0.118803690199 -0.00817031845172 0.0253160186098 -0.287420305928 0.460171389818 0.0123335595812 0.00637306698282 -0.264851220165 0.0916731131836 0.0274993599598 0.0460929023652 -0.0125177381517 -0.000235503165116
-0.414750459781 -0.0845947193122 0.0068886163651 0.0348062234611 0.0580247314185 -0.0100962118382 0.00224021029088 -0.411992326352 0.0569023948466 0.0247358874038 0.0484945126168 0.00240203545535 0.012746403204 -0.52094495767 0.0559348310864 0.06664060377 0.0117864763398 0.00195006604724 -0.119065871839 0.234555523275 0.009175037151 0.00497812716003 -0.225435223121 -0.0217354853204 0.0133584572569 -0.4898359904 -0.012805833537 0.00353086549013
-0.290634364637 -0.00431100523294 -0.0306616689205 -0.00633581008904 0.0410946274926 -0.0211228060986 0.00817821095553 -0.286004254148 -0.0199650696632 0.000434145109777 0.0119993415978 -0.00301134703714 0.00688247785885 -0.475496895095 0.0753193010064 0.0448344123594 0.0121176546896 -1.29926991703e-05 -0.456095499982 0.0794679364293 -0.00773396114233 0.00580392753041 -0.396205097858 -0.00794252060328 0.00475069628176 -0.473813825536 -0.00323703168601 -0.000404110537214
-0.272681173345 0.0123777067791 0.028727550462 0.036345727586 -0.00624966644526 -0.00751487682859 -0.00557303905297 -0.293635610124 -0.0804411342304 -0.0245789779232 -0.0123909510784 0.010639060838 0.00598141786915 -0.475184104266 0.0620744884918 0.0639220834899 -0.00509954404039 -0.00388832799656 -0.420980642276 0.0194753558174 0.000919089782451 -0.000855404391317 -0.441786358812 0.00410688016639 -0.00105033794213 -0.472171374623 0.00185707516072 -0.00955549649739
-0.618781368325 -0.0382205644994 0.0694926564512 -0.096251064588 -0.0537273409232 0.0434346477687 -0.0124153101375 -0.468469173572 0.0178880575175 -0.0082306754525 -0.0230759408275 0.0181712287287 -0.0182222816376 -0.344577211624 0.0704328954215 0.105049750451 0.0287332068333 0.0134722303142 -0.191539797536 0.33148120442 0.00576701614203 0.00739137862565 -0.302835188221 0.0279464367227 -0.00131928101472 -0.0229948431117 -0.00946469077682 -0.00894030124205
-0.541295582824 0.0350085159288 0.00819268481832 0.0643555775086 0.0297794097045 0.00115880141841 -0.0147260208635 -0.576728092404 0.0623708572653 -0.0372555961238 -0.0621510008917 0.0809866375453 -0.0211319718045 -0.322375005465 0.0399072263676 0.0840829235624 0.0328744974216 -0.0112314461769 -0.130701440225 0.319026193542 0.0932410087603 0.00751690337209 -0.324607650887 0.0385165693881 0.0159201256232 -0.0535871746118 -0.0159455127347 -0.00769557885052
-0.465063342035 0.026041406731 0.00229756133874 -0.0679218814022 -0.00680526126226 0.000827106247219 0.00473478680968 -0.572723248716 0.113416803874 0.0225116790434 0.010810508353 0.0385145989897 -0.00531576697893 -0.209168285938 0.0578141192125 0.14785789314 0.034641609615 -0.00758401822265 -0.363658700811 0.232992529702 0.0498323711329 -0.00776436872886 -0.405628801131 0.0280125231865 0.00199862535253 -0.0993549198592 -0.0230284550442 -0.0180023139989
-0.568033223084 0.00163375942597 0.0308087282488 0.0980051916654 0.000527242792699 -0.0163109744837 0.00355910680744 -0.596773986402 -0.0417084177772 0.00865669165559 0.00682410018666 0.0669659531793 -0.0350153536491 -0.131577116339 -0.00902665869251 -0.1195812918 0.0133721556913 0.00762332524238 -0.351466697964 0.273415797156 0.0677097805885 0.00438500349263 -0.250850640541 0.061710719647 -0.00533490815998 -0.0240359549757 -0.0212664066646 -0.0133931889107
-0.600459629335 0.000973501629774 -0.0263783545244 -0.0260591408516 0.0018405324953 -0.0327326064769 0.0105607957607 -0.586274171658 0.0307541746972 -0.0252986173477 -0.00655213826433 0.00495780419472 -0.00768592553573 -0.219180914128 0.0754424123958 0.10375267834 0.0548345436559 0.00562292269064 -0.188468528906 0.269211276154 0.0975300009681 0.010895198995 -0.296113190768 0.078192320635 0.0147837621652 0.110690416144 0.00148907115353 0.00502166292557
-0.662140475117 0.0172179454054 -0.0325446606723 0.0108684999995 0.0687143766017 0.0408725714864 -0.00244892589954 -0.623562062578 0.0153159308365 0.0630872518381 -0.0254435119973 -0.0527187642763 -0.00684794550539 0.00860228803402 -0.0243096857357 -0.0702538710127 -0.00574697120236 0.0165319630288 -0.137670822806 0.310445866958 0.0343974343615 0.00877560912601 -0.157802903765 0.0850120893157 0.0386236241242 -0.0300020599117 -0.0110230968398 -0.00640700554675
-0.576086472395 -0.0088595958413 -0.0230838639211 0.0108243408407 -0.00392536990923 0.0156439261114 0.00751641854604 -0.674839108732 -0.0629834884404 -0.0546729881663 -0.0355426055018 -0.027003410957 -0.0292251222236 0.243313481257 -0.0983577780452 -0.0755570217909 0.05083153445 0.0253847336854 -0.224023153037 0.213814803675 0.00460703164639 0.0153710919316 -0.060420998057 0.00270470808308 0.0179750972021 0.152030705571 0.016717924193 -0.0228340310868
-0.624312608273 0.0210203052364 0.0564895771305 0.0176990672426 -0.0304684461827 -0.0023125943232 -0.00452832908988 -0.660441527569 -0.0601132552083 -0.0337630714925 -0.0869623162347 -0.0178196790576 0.00369916527532 0.227431099791 -0.0896786136416 -0.119395467428 0.0233138651719 0.0285274883358 -0.14409896304 0.159249783433 -0.0196721500123 0.010766811024 -0.107391143613 0.024676593408 0.0395108805515 0.142957605937 -0.00906864980974 -0.0165361281852
-0.656407543894 0.0167751535367 0.0171411381395 -0.0561512492706 -0.0423099575264 -0.0121082220862 0.0224584108433 -0.620246894703 0.0446450534508 0.0295506751814 0.00732792061699 -0.0319075418999 -0.0261213238631 -0.0468346720498 0.0883739089872 -0.079838415907 0.0166911017283 0.00164746335185 -0.137492344063 0.329727508478 0.060490607137 -0.007973010977 -0.103813927734 0.0691885844084 0.00722553951245 0.099631716258 0.00894612334824 -0.00199934773877
-0.383782746056 -0.0277594576442 -0.0231193062306 -0.0581674895004 -0.0570070908691 0.00624469224701 -0.00353829090951 -0.366997366589 -0.0452271805001 -0.0485774177297 -0.000415206256704 -0.0205757291312 -0.00213127514364 -0.466341887101 0.114926502178 0.093754093141 0.0445627411452 0.00180002486977 -0.380041923273 0.101192126686 0.0145663727425 -0.00323630197452 -0.34169018969 0.00668983140619 -0.000923748771708 -0.438205741226 0.00461137725984 -0.00103469833036
-0.50505208444 -0.0125216478197 0.00596597939432 0.13639960116 0.065228055062 0.0294921115162 0.00102605352801 -0.444105788737 0.0129420396395 0.0105660251769 0.0508396308504 -0.0455342044463 0.0198690797995 -0.12639490859 0.0388297800891 0.0793962141402 -0.065209946043 0.00184836073235 -0.448329516124 0.104174269092 0.0379613884864 0.00494834570062 -0.498579822821 0.0158872459934 0.0113913170965 -0.1662512268 -0.018619513816 0.0112885741848
-0.459120009595 -0.0224785844099 0.0294497392476 0.0206218628215 0.0319631506873 -0.0297366893855 0.0128902677277 -0.466149662397 0.0169751422771 0.00236282007697 0.0414074781279 -0.0367873765393 0.0235689680734 -0.276460624573 0.0933905311417 0.0755193822188 -0.0783728760484 0.00759944941976 -0.448104486953 0.146512728737 -0.00566412895974 0.012445860725 -0.423086999802 0.0115866303435 0.00183608651106 -0.25534915458 -0.0163858755724 0.00287412580157
-0.418079857528 0.0150822560214 0.0281030556674 0.0178928272632 0.01809202452 0.0291053889564 -0.0111790913496 -0.429161161816 -0.0667335807239 -0.008399447991 -0.00024907167024 -0.00780223919237 0.0079212042242 -0.356666852969 0.106208433001 0.121382012698 0.0213498103839 0.00098420265377 -0.439013672729 0.0802013450853 -0.00402618520385 0.00168953168073 -0.509745549836 0.0157835794191 0.00934806637895 -0.143657430676 -0.00799696902818 -0.000938401057776