-0.00290183133844 0.0150454378422 -0.0216030794935 -0.0130883659656 -0.0321534812498 0.0215525831248 0.00425101763915 -0.226206095201 -0.144296673164 0.189158285122 0.370289948243 0.00505323870293 -0.0191206143865 -0.119910973108 0.333376330405 0.0185038864333 -0.0161293615661 -0.00417377998216 -0.444058074526 0.485730135406 0.10131826079 -0.0234225354032 -0.425796530694 0.00953483776646 -0.0262084918605 -0.0121880329737 -0.00467841703569 -0.00296125984885
-0.445831130028 0.0696040072115 -0.0273280232362 -0.146705967756 -0.101479499494 0.0144235398003 -0.0158376104692 -0.337279395673 -0.0479789340743 0.0929649549607 0.0604601342471 0.0278832153521 -0.0223574744248 -0.198393396675 0.241954973897 0.150349160612 -0.0397311305548 -0.0132881005783 -0.39178989702 0.362886474056 0.0407774698572 -0.0177780971392 -0.468909445078 0.0506089445304 -0.00973844242216 -0.0371296056352 -0.0191422181725 0.00497186543182
-0.345934516285 -0.0375325688253 0.0344890760099 0.0887806381145 0.00629959591845 -0.0204152381141 0.0257269102836 -0.38190016045 -0.0505011263491 0.130000418192 0.050998664853 0.0370097802327 -0.0212011710259 -0.332114735557 0.237861618213 0.215645706689 -0.0304299601775 0.00251717532647 -0.352009409743 0.37878877431 0.0590943698226 -0.0179296970425 -0.451325841094 0.0572834019498 -0.0149420728573 -0.0729117873797 0.00912537868019 -0.0299083703337
-0.414830895148 -0.031891490865 -0.111591044221 -0.0345913582693 0.036360215559 0.0506791441583 0.00263162140014 -0.460690811962 -0.0632260563253 0.0161410779261 0.209606054022 -0.0508788872412 0.00158689820877 -0.00258889841788 0.20532263675 -0.0630833729241 -0.00166396824584 0.001560352999 -0.541542765766 0.0943997154408 0.00892489857046 -0.0168236931843 -0.439600005089 -0.0443520720834 -0.0293051013464 -0.0378619126787 0.0101734489688 -0.00541769602784
-0.443602188768 0.041716406291 0.0837289129096 -0.0110271073265 -0.0537977270828 -0.0427055473149 0.0041723789328 -0.587507357542 -0.100988177148 -0.0236086571464 0.262547803088 -0.0748216295533 -0.00401295533545 -0.0485229379428 0.137783894635 -0.0893852627339 0.00130978187583 0.00170960098707 -0.29874165417 0.182441430277 0.062051906255 -0.0132304463535 -0.442193398498 -0.0390003292745 -0.0192296195368 0.0724490480849 -0.00519981338043 0.0234702976399
-0.609436492655 0.0170625812761 -0.0162753728315 -0.0818898648768 -0.0811578281358 0.0156748704964 0.00322978027481 -0.397100553534 -0.00437413827032 0.00844489530646 0.0115254843775 0.0132888727157 -0.0101235828389 -0.161036042381 0.224244881592 0.160752237343 -0.0240386258619 -0.0258535034656 -0.349895319496 0.265363731049 0.00539119200822 -0.00353232517229 -0.398884431472 0.0246500068232 0.00512175177105 0.0154011175244 -0.0107882480771 -0.00170939394765
-0.196449919469 0.00424082017533 0.022437934799 -0.021106438406 0.000898028626486 0.00326961147986 -0.00690499487737 -0.200506938144 -0.01614225616 0.0454687886774 0.00871300102383 0.00407974276227 -9.04528073559e-05 -0.574647412687 0.00468586810943 0.053643949462 -0.00045764761451 -0.000998908893008 -0.358672139206 -0.0281605963713 -0.00398317918899 0.00141857395641 -0.490284917012 -0.00280243150651 -0.000620961066052 -0.463434061642 0.00049838764432 -0.00466233615023
-0.1665953369 0.00031602081567 -0.00151767285031 -0.00800575149155 -0.000181418654473 -0.00201408788611 0.000226000907129 -0.167852733132 -0.00840858901971 0.0069610064584 -0.0095052076702 0.0166351740825 -0.00292746037123 -0.57968697085 0.0258632055715 0.131618082841 -0.00408642685873 -3.95534008165e-05 -0.333942520018 -0.0352433724993 -0.000574063316861 0.000380864936438 -0.572333006349 -0.00437442071363 -0.000108510693017 -0.385734789456 0.00317752116601 -0.017727990406
-0.63627214028 0.00315224805976 -0.0455548908598 0.142452384954 0.0793341741643 -0.0024830387687 -0.00367109798849 -0.369511896014 0.00285198058427 -0.00516936885365 0.0015887014795 0.000288632900311 -0.00114750492816 -0.180543768506 0.180960904552 0.177056862276 -0.0150526470915 -0.0071033031274 -0.303547839418 0.266142806488 0.0188056260324 0.00199276853051 -0.406335932637 0.0201054187351 -0.00456186160873 -0.0122288219543 0.0371122655108 -0.0502767226271
-0.550004188827 -0.000446521821662 -0.0806015020481 -0.00674236913198 0.0211735444959 0.0374047005212 0.00291058608055 -0.458394335269 -0.00876779460139 0.0102926210658 0.00531340299214 -0.00545815941712 0.00723975863001 -0.0705159285582 0.210612952988 0.117104848129 -0.0466304311482 -0.000798453067789 -0.397826813258 0.189257742853 0.00986260850462 -0.0140186972888 -0.460482403257 0.0191313946907 -0.00427921469852 0.0787239380963 -0.00464364891435 -0.0208295719888
-0.47574870713 0.0260053699633 0.0398876383582 -0.0428427918379 -0.01828520997 -0.00841481649055 -0.0117968140743 -0.569060382837 0.0124404357006 0.0866914439914 0.0544583430484 0.0281872630358 -0.0129642222583 -0.328372607332 0.15062465037 0.0830261033937 0.0298991570081 -0.0162500962213 -0.324703104462 0.21562545726 0.047293903071 -0.0204435457169 -0.344028975261 0.041705628374 -0.0155411084814 -0.133512389754 -0.034988945597 0.0324411418399
-0.421682023599 -0.00611852094366 0.0125260352934 0.00437623872264 -0.0142025534383 0.0262316705783 0.0065894451647 -0.622705126609 0.0484034845815 0.0893738374682 0.0397986254722 0.00484939442168 0.00256529065288 -0.399593085228 0.165053697134 0.162528526597 -0.00434979213689 0.00290363811923 -0.261348333136 0.27379150218 0.0334392386084 -0.00861990371276 -0.22547649912 0.059809314196 -0.0105200688856 -0.0915111178062 -0.0227533921088 0.00971247290791
-0.542430228235 -0.00851745481302 0.0677438272846 0.0252818423852 0.00675348982419 -0.0296132664362 0.0213049557974 -0.489194413758 -0.0362854158414 0.018763406249 0.0663348877118 0.00354501822015 0.000241965429137 -0.184934918706 0.216320404797 0.177507671974 -0.0285918955396 0.00329860947796 -0.331562995095 0.276124887283 0.0288891137997 -0.0045545157185 -0.387564471993 0.0322416464343 -0.00968735425464 0.0337947121261 0.0181316043936 -0.022841097798
-0.626374584722 -0.0287038396671 -0.110223325692 -0.00589831756361 0.017715316513 0.0191466030599 0.00852714884946 -0.520186075617 -0.0385247759932 0.029249393472 0.0906579137069 -0.0109947284436 -0.0109381419764 0.0162140531948 0.19908508052 0.0371560287943 -0.0187617788253 -0.00380650800006 -0.416484130556 0.109403276357 0.00456662105587 -0.0160133686903 -0.288225026329 0.000716094956207 -0.0186433601898 0.00341344279603 0.00190487343559 -0.0414002996862
-0.476890494704 0.054013560485 0.0310601544974 -0.00101648646993 -0.0435433041561 0.00432461037895 0.00210650008638 -0.661150565028 -0.114463224692 -0.0521658118859 0.107565361831 -0.0215711460981 0.0126227116097 -0.0924288829566 0.132618923162 -0.0362396525137 0.0187097961602 0.00372698207573 -0.355670098177 0.0702184665742 0.0108462444712 -0.0165316251692 -0.372073491857 -0.037630771921 -0.02589293182 0.0112201654917 0.0213467496917 0.0299539369929
-0.576197737504 -0.00693169729722 -0.00142363501742 0.0361257990064 0.031262992856 0.0304647162378 -0.00585432604871 -0.699863435205 -0.10877383828 -0.00730070408772 0.102115089309 -0.0418431653438 0.0264234850806 -0.137736038969 -0.0024150481762 -0.049819369262 -0.0253557333081 -0.00061487640391 -0.0464805712038 0.151164354871 0.0305496991941 -0.00762101186465 -0.295336037063 -0.0272098157913 0.00168951256638 0.108965422184 -0.018498990239 0.0429394319922
-0.524195882835 0.00657125819729 0.0546631108406 -0.0491833801027 0.0278867428866 -0.0274110048812 -0.00406977092469 -0.577178922659 -0.0598172303202 0.0557453079912 0.12147587315 -0.00253403920133 0.00681079384894 -0.0714532076366 0.237718697808 0.0661211821665 -0.0265925782074 -0.0114572303701 -0.408883012943 0.147196377015 0.0297328882001 -0.00191245997599 -0.318572597721 0.00877539053448 -0.00988859139162 0.0710258227881 -0.00131532204267 -0.017799584095
-0.627239445086 -0.00757536201133 -0.0978250435818 -0.031574059005 0.0606414532943 0.00211735945747 0.0055128374437 -0.441470505591 0.00595079177814 0.00169051137396 0.0435530346124 -0.000317666958312 -0.000540512819132 0.051453758479 0.112250455982 -0.0905808167816 -0.0149495086047 0.0021263368361 -0.412568329455 -0.0125157687141 0.00256813535536 -0.00109434882277 -0.446185047034 -0.00790308958175 -0.020815845323 0.000683637787039 -0.00152873824766 -0.0420162392826
-0.375453713669 -0.000512516849637 -0.00167694260136 -0.0344526478905 0.0012295322044 0.0277632496999 -0.0019079171717 -0.414031047644 0.0079697968548 -0.0168796496596 0.0990370265713 -0.0260449830081 0.000249650773516 -0.498178737327 0.045315476513 0.0641284182799 -0.00555547349982 0.00418966290742 -0.26727027401 0.00808013167879 0.0221771047756 -0.00552573256882 -0.320945159024 -0.00989798792726 -0.00908655085244 -0.49481245782 -0.00220999931744 0.01906746847
-0.457562742419 -0.0129724229049 0.0329814488299 0.000518108909069 0.0382502419459 0.00874915602758 0.00022901827412 -0.472004904975 0.0245390607825 -0.0211546234404 0.0784442018024 -0.00521908761254 -0.00380227494369 -0.462284713381 0.041521567304 0.0267036294008 0.0766790534654 -0.000866050566307 -0.300053503646 0.0244386755354 0.0479423063626 -0.0166724849222 -0.394904069304 0.00517555715327 0.000449193784555 -0.29276720669 -0.00894928980674 0.028414556254
-0.59593663909 0.0122388037021 0.0924176828567 0.00250493459003 -0.0611780352592 0.00198873961356 -0.0020955359966 -0.481860083453 0.00577426630901 0.0151308398265 0.0637872886302 -0.00317725655429 -0.000197774176246 0.0144275243306 0.10712089776 -0.111720812581 -0.0136195285543 -0.000915379976676 -0.352011029578 0.0341978675119 0.0110822095194 -0.00392998862045 -0.495655190344 -0.00745459841377 -0.0188052918594 0.00361055310827 0.0114629182471 -0.00910025917148