-0.0139580250115 0.00964069303734 -0.0954727115084 -0.0737514795229 -0.00593414348555 -0.0445861708435 0.0360440699187 -0.380029300801 -0.160423586903 0.214835363827 0.685982848956 0.155488936143 -0.0505351011304 -0.0871487857859 0.257272490014 -0.132815877697 -0.09821888581 -0.00439760338638 -0.111685545498 0.130513319848 0.149781616247 -0.000605736657011 -0.331038260017 -0.0612067547196 -0.00865645170563 -0.0402279547612 0.0123784228571 -0.00292715409277
-0.372942517519 -0.00267020483212 -0.0871452061991 -0.0899451564756 0.0429636348711 -0.0324729294258 0.00201266529983 -0.315256006712 -0.0370380992231 0.0155387710744 0.0122517435559 0.0259827047086 -0.00400474921858 -0.226437419287 0.200730587051 0.194217918652 -0.0332695350923 -0.0165100371671 -0.11407239025 0.152901412528 0.0203256946962 -0.0179547398964 -0.75397864501 -0.0415683352025 -0.00279885016242 -0.0449085940167 0.00462345354917 -0.0206338499956
-0.191218470822 0.00164054946948 0.0505866127957 0.0164466456813 0.00044461524008 0.0142608145257 0.00523269517389 -0.195142224655 -0.0599719226024 0.0455096296429 0.0691675810123 -0.00219264692133 0.00180253367228 -0.404444617441 0.252565818419 0.103801812619 0.00295620420915 0.00505280663464 -0.315908953637 0.0972257918049 0.0177714188892 0.00991370405969 -0.731349827954 0.0136514208592 0.00495744686026 -0.167433695445 0.0208396227922 -0.0209906267099
-0.547470535005 -0.0425021664562 -0.152615334195 -0.0735222776313 0.0374581175331 0.024847692765 -0.0046065222842 -0.69181435267 0.0162414579225 -0.00879585246466 0.309857212457 -0.0425639040149 0.0149071463777 0.0964215813239 0.0878995302745 -0.115970117958 -0.0446206678897 -0.0141916920664 -0.127073834441 -0.0812430432972 0.00321041874222 0.027982663387 -0.104804820185 -0.084852315263 0.0229214193918 0.124956239639 0.0091732222098 -0.0110997142571
-0.462670110099 0.0483188699606 0.0956633190055 0.0284143825246 -0.0321224878086 -0.0348370092328 0.0207953276334 -0.779266379867 -0.0463021880983 0.00892097126134 0.364788595031 0.000672940578904 0.00811656296355 0.0235356052459 0.00276155415038 -0.0665339636205 -0.0132463810725 0.00801823874106 0.0444186035622 -0.00913883296378 0.084051397449 0.0213362418432 -0.082141677047 -0.0517794645061 0.00670478320516 -0.0300428098567 0.00612808988586 0.0559494973826
-0.530450519984 -0.00303650568538 -0.049696658019 -0.0878172737005 0.040810255041 -0.00562261666325 0.00453036191337 -0.383653234131 -0.013155538646 0.0098154361364 -0.00974359601154 0.0137397205182 -0.00451901720989 -0.248298690054 0.26238603964 0.162088091435 -0.0183986444262 -0.0170789135403 -0.170457520486 0.1051327996 0.000318212544417 -0.0194887768871 -0.597895046141 -0.00667544652734 -0.00733611270135 -0.0360885813061 0.000484476982167 -0.0467004357245
-0.202644662407 0.00192329797126 0.033676075651 -0.00128610341817 -0.00563007909258 0.00919139017716 -0.00335486972134 -0.207472216083 -0.0191943456998 0.040064638524 0.0209542018058 0.00133168951824 0.0020570530672 -0.555817104595 0.0174976485013 -0.00311473703626 0.00443884201648 -0.000318902622872 -0.3754981738 0.0290593160666 0.000314461186727 -0.00208499821809 -0.505757423783 0.00799285411666 -0.000305572586159 -0.453025169542 0.00106816298355 0.00113153973838
-0.190090209882 0.000737451181642 -0.0135534833594 -0.00380820469364 -0.00227981640548 -0.00236233778259 -0.000210913075992 -0.212907669351 -0.0197703039909 0.0640048311443 0.0466205170944 0.00822248537756 0.00316861453909 -0.538725734354 0.011104943708 -0.00918350826262 0.00770921251984 -0.000538163028446 -0.402274570038 0.0694354563823 0.000651910137094 0.00218201371445 -0.523351284614 -0.00229431613238 0.000492833385928 -0.424859082407 0.00150674272062 -0.00584702450954
-0.387079337246 0.00590394301151 0.0673356641997 -0.00605066219138 0.0526352077509 0.0143678334576 0.00744938104026 -0.346666014488 -0.0391604490889 0.0360777506128 0.00238086693501 -9.43926114858e-05 -0.00428166112909 -0.337035771855 0.231593890503 0.125311360209 0.000681719345794 0.00949246261594 -0.204959066149 0.0928536501214 0.0165352821062 0.0169086154681 -0.690559986411 0.018462831978 0.00898818577456 -0.0792773681791 0.0292548760648 -0.0291197677476
-0.6928391458 -0.0177106519856 -0.0893775584651 -0.0367900135328 -0.0191851367132 0.0317483191697 0.00711888724734 -0.50182542256 -0.00786450874586 -0.00708217239481 -0.0135823368833 -0.0130200260284 -0.00454681684275 0.000254023407064 0.120571040411 0.156267161779 -0.0368011367699 -0.0159701407125 0.0956941964452 0.127032782851 0.00939860030497 -0.0169486206716 -0.41771240174 -0.029122393685 0.00425157686631 0.11773496149 0.0071162699852 -0.0328286850986
-0.298722290346 0.00385158451964 0.0172180372381 0.0123582549863 -0.00129321779219 -0.0204966745923 0.000534751186372 -0.297878039795 -0.0181172011136 0.00974652110233 0.00471794450577 0.019980168406 -0.00359908605571 -0.46922607672 0.0741077252723 0.0678883442105 0.0398347412223 -0.00017437173674 -0.492337395272 0.0859635639623 -0.0171612616375 -8.36500530307e-05 -0.567822313404 -0.0381486607602 -0.00266555239818 -0.119963136747 0.0025630993494 0.00815508278887
-0.203488504169 0.00192747920147 -0.0126035221308 -0.0130579519602 -0.0177409569897 -0.00953535656165 -3.31449388625e-05 -0.208433563673 -0.0278646711367 0.0343248431578 0.0257011601169 0.0117764928622 -0.0021026267502 -0.552168687758 0.0177039177676 0.00664510849669 -0.00295368634609 -0.00021651385467 -0.459063068288 -0.0249193602527 0.00193393188979 -0.000852854820586 -0.4515915514 -0.0103361555347 -0.00021527455329 -0.437019924178 0.000895821869199 -0.000926928922893
-0.349970840751 0.00241628979531 0.0490643512708 0.023189515433 -0.00742798465097 0.012735071509 0.007345156098 -0.319812481914 -0.0253757987443 0.0082997618573 0.0590325358884 -0.00134316187257 0.00144492065774 -0.309029752176 0.252070662189 0.0886039370259 0.00175335379862 0.00777855466564 -0.274642775438 0.109886839197 0.0189440276608 0.0128225650289 -0.711018269929 0.00938270646961 0.00602989095697 -0.0692473138741 0.0282826990169 -0.0396212068436
-0.656226886047 0.0239769698288 -0.059346809499 -0.0533323913534 0.00473129178458 0.03960765522 0.00635326236409 -0.561119094484 0.0300563550358 0.00733542152791 0.0294383253309 0.0138278161062 0.0158542549681 0.0563080194069 0.152916847526 -0.019092385759 -0.0612240415374 0.000129349406964 -0.158484728295 0.154483009091 -0.0241385293602 -0.00215105588166 -0.375076582549 0.0151270528161 0.0288060209004 0.139012930249 0.000249960912492 -0.04868233612
-0.55046350976 -0.00221304340818 -0.0399685236761 -0.0446190566602 0.0139929428137 -0.0034250987257 -0.00733306865494 -0.61450476211 -0.0386017258686 0.0360348205686 0.08358821509 0.0394396768339 0.0177459287948 0.10809945016 -0.080694043125 -0.0334749887612 0.0197680211545 -0.00823329855034 -0.0431925347247 0.0585581532483 0.0172631683716 0.0514987047449 -0.504378418406 0.00763745682816 0.0376317646832 0.14059033348 0.00725786651236 0.012725793399
-0.530211469948 -0.00597405490852 0.0110551144767 0.0315163595831 -0.00736985115416 -0.00268754895616 0.00814668384103 -0.690556059087 -0.089488659711 0.0406345855794 0.0320228569457 0.0576434925564 0.0145120644617 0.078415489938 -0.0821219192754 -0.0194434312903 0.014407687083 -0.00492208246225 -0.0573766671595 0.0759846616205 0.0261997307589 0.0369457320309 -0.447750757601 0.0172444594513 0.0188045001355 0.00120641158514 0.0157404911085 0.022579887071
-0.550658153731 0.0310347076052 0.0715770190039 0.013766174405 -0.00669297760898 -0.0155578208033 0.00762783597371 -0.620807329807 -0.0425555096916 0.0617016627454 0.111885251264 0.0273447733346 -0.0176942740297 0.0408893234524 0.0123545487073 0.016326974503 -0.0154342068611 0.0103183133497 -0.0117257663119 0.111505095703 0.0491159469113 0.0223713651763 -0.514391466793 0.0444951764896 -0.0067169459265 -0.00968719928574 -0.00407639317831 0.0300360584858
-0.678935882689 -0.00494529874413 -0.111443996145 0.00403244822199 0.0479125008065 -0.00291830101026 -0.00302312534134 -0.545245555882 0.0790665203055 -0.0564147429523 0.0864239114691 -0.0120089469591 0.00971837891113 -0.11529568184 0.166030281173 -0.229933354538 -0.0378439094268 -0.00266264649536 -0.218748606068 -0.113778201943 0.00298768784748 -0.0131640686438 -0.225959600694 -0.00756177775545 0.00863608669842 -0.00920984106648 -0.000282583759584 -0.049162097483
-0.462256592881 0.00752590164312 -0.0184279757695 -0.0169970726169 -0.0195060036793 -0.0122267379508 -0.000495849069258 -0.634444318998 0.0201876123062 -0.0676874437385 0.166290952246 -0.0209130141286 0.000952421657957 -0.358330772996 0.0351427051135 -0.0119688672528 -0.00657532092488 0.00359404348049 -0.260035905319 -0.00796471679838 0.0169599525741 0.000529601019673 -0.261436258722 -0.107574638493 -0.00935453417954 -0.265737938248 0.0119809581523 0.0304879185084
-0.529960117712 0.00653705643669 0.0222795722013 0.0319490153622 0.0146406666636 -0.00107707339458 0.00459967757106 -0.749525622357 0.0212723103688 -0.0587031529971 0.160324033414 -0.0290266884119 0.00375336416261 -0.221733151284 0.00767383456764 0.0493106646763 0.0158380369501 0.00238172797734 0.0434612656634 -0.0342337360302 0.086391427209 -0.00165766892835 -0.186291810193 -0.0710849530267 -0.00185778900098 -0.144368300672 -0.0163433013164 0.0422851095479
-0.61331057238 0.0191150041969 0.0860160175208 -0.0279340187787 -0.0431007654901 0.00149176286929 0.0064086181925 -0.705129126823 0.0818826401473 -0.0435035223594 0.158372363269 -0.0177924739065 0.00641053115988 -0.127252061422 0.0846434823238 -0.16271561127 -0.0248264532284 0.0219988686543 0.0265138502263 -0.0207804578864 0.0402827414463 0.00100325830305 -0.15431776608 -0.0528745168167 -0.00102201284182 0.00227510481653 0.0209906937592 0.0375702897285