-0.016429942177 0.0494070644216 0.0660836981721 0.0123971178125 -0.118516197769 0.052844910075 -0.0139695690765 -0.414811971387 -0.368197833121 0.35567466705 0.453620888893 0.211129184344 -0.053582259646 -0.191143772713 0.118011747055 -0.302620484393 -0.00279279553865 0.0581138032345 -0.133672024917 0.165549952484 0.0906248063347 -0.0659942148629 -0.282655404727 0.0131795833664 -0.0265880175226 -0.0475114937776 -0.0435281049895 -0.0132714616717
-0.270542849172 0.0180837131098 -0.0050832192494 -0.0313479692752 -0.0417081694899 -0.0221774110624 -0.0032399722889 -0.525196090282 -0.231329241891 0.119057882464 0.0822777196186 0.0748938858799 -0.0312197312314 -0.149016136584 -0.0285912338931 -0.00518371922028 -0.00962267520525 0.0228062384205 -0.313035007132 0.0292452318595 0.0422609816347 -0.0297513554238 -0.635676986194 -0.0174083080239 -0.0218292785947 -0.189188006674 -0.0061578984496 -0.0219493694515
-0.316851782155 0.00240855647004 0.00755736611475 -0.0605991701696 0.0573263799162 0.0129641913107 -0.00573211891277 -0.565029652778 -0.249885929428 0.0747722610442 0.0921049055856 0.0630756909868 -0.0320880458245 -0.0867858273785 0.0482744069978 -0.00392840929039 -0.058544554324 0.0376071710425 -0.258054498537 0.06333376746 0.0314282454263 -0.0193339155598 -0.619136909888 -0.0112000742276 -0.0247184555992 -0.143442802905 -0.00660935559194 -0.0150982773452
-0.620851221819 0.122101810199 0.0245304292218 0.0627686040413 -0.215804985756 0.0231239263728 -0.0135224864298 -0.581801990374 -0.0881787336521 0.0322228156463 0.165677504745 0.0186013728306 0.0113392096889 -0.199176276733 0.158236380555 -0.305162721511 0.0491294010857 -0.0082706131753 0.0782874071061 0.0229002757464 0.0320693674043 -0.00864915948278 -0.00324555850453 0.00212351649719 -0.0102608790417 -0.0634066956861 -0.0154546666454 0.0109734914308
-0.582090371214 -0.0584284648815 0.105059720239 0.0818300701156 0.113549884423 -0.00467146248551 0.0129390331072 -0.653730629455 -0.0090041146689 0.0369428840688 0.246296659672 0.0582741374251 0.036773108239 -0.132786982808 0.0656584133256 -0.168833367366 0.0306532394767 -0.00285288583456 -0.0412995522498 0.160708140499 0.02792443324 -0.0332722974833 -0.206710445641 -0.00289770468674 -0.0246360542048 0.0856083157959 -0.0349899191538 -0.00274777332459
-0.348719237935 0.0162758945738 0.0196807268956 -0.0350042221213 -0.0308337199381 -0.00279845500031 -0.000697356009101 -0.520663844099 -0.142529902424 -0.0126713373155 -0.0544011507125 0.0401380175777 0.00108355739053 -0.175612184634 0.00737890448749 0.00641797935425 -0.0571604724226 0.00589887260828 -0.447974511093 -0.053362192995 0.00723246969571 -0.00363727350087 -0.534296423526 -0.0164941551911 -0.0041328452683 -0.228835209646 0.0190020620915 -0.0556810144011
-0.321466774423 -0.00501801696901 0.00604372096404 -0.011895866778 -0.0415064566676 0.00134611586625 -0.00437851182143 -0.515575561144 -0.154134050471 0.00589586153721 -0.0682050190085 0.0383201551127 -0.0035942118572 -0.210370492401 -0.0376805428345 0.0326106077272 -0.0381160259132 -0.00947813615934 -0.523200023169 -0.032244414072 0.0150410108588 0.00176269846056 -0.456981902627 -0.0284398736159 -0.00563151726443 -0.253190614066 0.0216985599274 -0.0378195213684
-0.299246973504 0.00169842933024 -0.00224287277076 -0.00590704827096 0.0129095555066 -0.00108691588871 -0.00149366940068 -0.483730963409 -0.141321712836 -0.00435511843252 -0.0579207346215 0.0354765516867 -0.00043356230713 -0.182874839982 -0.015898434867 0.0460840532273 -0.0394928680147 0.00071407548475 -0.541089443659 -0.0456548621201 0.0106854660192 0.000285954119618 -0.514595321235 -0.0229095496598 -0.00109440908281 -0.227352977309 0.0198433423371 -0.043179926959
-0.364165257796 0.0142432285986 0.0133041325286 -0.0349153001361 0.00268847530406 -0.00283052641711 -0.000813576197723 -0.496744530027 -0.098165342764 0.00546922775826 -0.076692142678 0.0369816799234 -0.00184869151229 -0.132889083241 0.0175842415597 0.0574137045664 -0.0727154695911 0.01412572999 -0.448263758747 -0.00856962165096 -0.015569930265 -0.00320755652261 -0.591916541086 -0.0327277534848 -0.00822751586522 -0.145654015882 0.0130336648737 -0.0344523592331
-0.492209924245 -0.00116093653612 0.0273620974987 0.0412910915281 -0.0803489831866 0.00301141762206 -0.000907222212379 -0.507808151744 -0.0109015312727 0.0685793470079 0.08275676814 0.0098025479989 -0.00497098944828 -0.259717013151 0.0124542820001 -0.0146163070208 0.0874449117541 -0.00291605102464 -0.179368281942 -0.0129221682349 0.0185988268994 -0.0160344512849 -0.607510134183 -0.012404486099 -0.0141427227278 -0.0337719678896 -0.0126771090685 0.00212211927005
-0.437138715349 0.00828768339896 -0.0424797347855 -0.0561104625527 0.0461569900208 -0.00675971487785 0.00486084719194 -0.486702470871 -0.0382124679885 0.072421171521 0.101587769755 0.0245405658613 -0.0171759082562 -0.372208452103 -0.00383313152946 -0.00502074994171 0.0489766705128 0.00512533345663 -0.222853939933 0.0415389631178 0.0207051611596 -0.0170100367476 -0.537862422984 0.00199442674356 -0.00556054612285 -0.253752947933 -0.00524970786677 0.00512738512112
-0.555520435423 0.0096541471349 -0.0130374527097 -0.082582202777 0.0537249757093 0.0203099992601 -0.00143777424285 -0.54276929218 -0.0639269258453 0.0386522207215 0.00593038495009 0.042568388133 -0.017925909915 -0.287794225608 0.0799124127626 0.0581523579666 0.0370029643789 0.00654305694934 -0.112651991788 0.0511757193783 0.0269628711938 -0.0119173725944 -0.50078614519 -0.0197378174525 -0.00958609204157 -0.130072318861 -0.0167388644044 0.00380351618589
-0.57323876354 0.0221991786914 0.0794808517538 0.0436160951009 -0.0230792171354 -0.0468252827836 0.00055967894261 -0.551164396958 -0.0450148570633 0.0027376909298 0.106922984089 -0.00483604456966 -0.0122015007229 -0.184076017755 0.084157924459 0.0135820182296 0.0180966421841 0.00700762552831 -0.153112728422 0.0621360313689 0.0252906384968 -0.0152686595686 -0.517446440274 -0.00333166460454 -0.0122879763448 -0.0677564666667 -0.00975743167869 0.0153218294838
-0.696743744036 0.060701620814 -0.0245703175555 -0.00353132578417 -0.13170612379 -0.00320050736537 -0.00120952705627 -0.585353265189 -0.0681715808471 -0.0320204352386 0.0261882307286 -0.0042462069521 0.00898176989925 -0.237097249985 0.0468136910375 -0.21314698195 0.00694387069375 -0.00864232323253 -0.140732836208 0.0373444232061 0.0218178290597 -0.013782985695 0.0155845818244 0.0436834514975 0.0110318882372 -0.122872398209 -0.0227907896302 0.00872218802738
-0.539063004608 0.0254511175971 0.00608481911325 -0.0355716747064 0.0466654362206 0.0296041185788 -0.00858926301612 -0.590224488466 -0.081705004062 0.0346526002657 -0.0499037317989 -0.0291825619411 0.0344879141214 -0.209209854214 -0.0207704385982 -0.019417969158 0.0200316421173 -0.0148332031615 -0.213736334918 0.130371660988 -0.0444981710856 -0.0244676486551 -0.479773086641 -0.00519528356806 -0.0324511815803 -0.0344880682695 -0.0233398296559 -0.0103200312018
-0.612867517731 -0.00328988679665 -0.0783056793234 -0.020927006317 0.00435337842246 -0.0114533168552 -0.000125013812854 -0.589066007719 -0.010943563993 0.023132895095 -0.0157928849407 -0.0309426355931 0.0277557892413 -0.159770564411 0.0718569600532 -0.0706954269359 0.0355229933141 -0.00476161134822 -0.00647839631148 0.0994543798095 0.0237736912146 -0.0125072240534 -0.462293150997 0.0318774653387 -0.0519454951176 -0.0494680835809 -0.00761833901087 -0.0216795974387
-0.663544619727 -0.0273105531207 0.0927224862288 0.0044804901312 0.0979068223951 -0.025880577861 0.0162018406578 -0.619037112957 0.0229745212602 0.0657828457586 -0.00357924055707 0.0234380590812 0.0345963687582 -0.051791845646 0.0646701741958 -0.0494089869893 0.00302184727377 0.0143604919566 -0.0379239061386 0.0676324965585 0.0161751035917 -0.0131712745653 -0.363476823181 -0.0201017321677 -0.000501963128914 0.00548986560751 -0.0384530449258 0.00293849184207
-0.763015369258 0.0306805232069 0.064349033507 0.0816802336773 -0.024649183715 0.00904906008314 -0.0008091713191 -0.524816838329 -0.0103424040368 0.00982154623314 0.0466270761368 0.0171991285222 -0.00116404924072 -0.11905997242 0.143078483697 -0.227656560072 0.0268561071231 0.00419033139073 0.145538227828 -0.0341532858929 0.0340389495135 0.00428531062071 -0.107330794813 -0.0166692170866 -0.00478702780281 -0.0641109028907 0.00598500376443 0.0234880488273
-0.547728471381 0.00655268573508 -0.0347983336204 0.00106384335976 -0.0015065363643 -0.0132085543583 -0.0167019433114 -0.738515048503 0.0358925104086 -0.00282080795303 0.2060626522 0.0168766196512 0.0214817051941 -0.160697807019 -0.000413109623374 -0.0606628985969 0.0444957428605 -0.00988421588339 -0.0781610707911 0.0428454517299 0.0262181633657 -0.0174323344136 -0.254915449314 -0.050287057554 0.00500377260365 0.0131783675206 0.00107185436631 -0.0120757811379
-0.574686583552 -0.00477160023826 0.0116434945787 -0.00885067387423 0.00811468422545 0.00544074832916 0.00632900113312 -0.765174170267 0.0367062203195 0.0297335933366 0.164066177439 -0.00969917424279 0.0227047925087 -0.051430749839 -0.0211801812893 -0.0723807679771 0.0564925400649 -0.0164085134897 -0.0990671076094 0.0939004482676 0.00724667385739 -0.0332918600698 -0.125599688204 -0.0410220485124 -0.0180406350593 0.0642286044505 -0.0210832066672 -0.0131815266027
-0.69815759434 -0.0223891830658 0.106210032926 0.0687614994687 0.0278272424863 0.00133173417249 -0.00372286241829 -0.649873528157 0.0481924455453 -0.0191430580776 0.0480969723711 0.0550200751994 -0.00433813319681 -0.152298824228 0.0203874140736 -0.140471459348 0.00371613120411 -0.0023126020941 -0.0488841516612 0.0634357216695 0.0154026340162 -0.0199455995998 -0.104381483265 -0.0138942927006 -0.0100179566493 0.0545353800632 -0.0163936011753 0.00703757575913