-0.00230139373807 0.00140177021465 -0.0299531692879 -0.0189074650147 -0.00886093467891 -0.00576593142987 -0.00807636380644 -0.000970999261663 0.0204783109798 0.00571425441628 0.0139546605667 -0.0012389094087 0.00154856869789 -0.00817326123616 -0.0131547223969 -0.032036485572 0.0640005776413 -0.00351017623509 -0.490083551504 0.657343460174 0.157557314173 -0.00451411805886 -0.501919979854 0.179049473478 -0.0049969873308 -0.106093666087 -0.0120179342491 -0.000466950283016
-0.380282197587 -0.0258932566614 -0.00639230756473 0.0331269752775 0.042381242015 0.0224056435383 -0.00297593847558 -0.409965618891 0.0358498125562 0.0620984159412 0.0444073957325 0.0423048440307 -0.0120353492921 -0.119014928073 0.0636092803115 -0.0475743080032 0.0513900019237 -0.00471591921471 -0.449111628976 0.548094885901 0.15374009612 -0.00741177910221 -0.325209659221 0.127270331769 -0.00872829173308 -0.0563659243642 -0.000327120582623 -0.000191264870992
-0.255432106865 0.0111070020353 0.0046653975655 -0.0335207847805 -0.0271088929603 -0.0264818225501 0.00241229155625 -0.260966031226 0.0161241016762 0.0145216672771 0.0384584757585 0.0418900694617 -0.00179497274129 -0.284723149753 0.0600184361151 -0.00661744176457 0.0170591616004 -0.00056998970768 -0.570890624749 0.358167256023 0.107282899144 -0.00120630462823 -0.481885193068 0.0862321568544 -0.0031027340088 -0.264142057452 -0.00578196971038 0.00731360394256
-0.363703480685 0.0474304649354 0.00595263991566 0.04444400345 0.0563925959568 0.0139470483663 -0.0100421766904 -0.419528748033 -0.0174844204097 -0.108118511311 -0.0356331208252 -0.0489059264927 0.012252975732 0.0529339233215 0.0802570222874 0.0254559825302 0.0439890940196 -0.00645282290107 -0.382314397102 0.540197002101 0.100163632991 -0.00289848407769 -0.430963741205 0.141462144104 0.00290950663636 0.0454044918806 -0.015308545888 -0.0155178584061
-0.432392306896 -0.0778048480417 -0.00896489470758 -0.0697998617644 -0.090665965647 -0.03391411237 0.00128397693198 -0.474429200257 0.013855895547 -0.0838597805403 -0.104646483147 -0.0570420553174 0.00571784265379 0.0526152226343 -0.169430696438 -0.0892735887316 0.0336806914737 0.000276772239711 -0.331593667602 0.46594907423 0.0917869076694 0.00137936385353 -0.371371675689 0.123547274237 -0.000609903162658 -0.129446194732 -0.00976597517212 0.00345970891721
-0.206981694818 -0.00154825960277 0.0203010526801 0.0329102184565 -0.00135589555917 0.00737635212542 -0.000121767693406 -0.203626309963 0.0211309738395 0.000677655214845 -0.00358622085564 -0.00458995595656 -0.00128185083557 -0.434639777229 0.0567958695208 0.0746002441619 -0.00174516592745 2.74968579225e-05 -0.497019744691 -0.0505271020975 -0.00054488706742 -2.22303976883e-05 -0.561044219116 -0.00122221350344 0.000101850267219 -0.389355125986 -0.000943311983339 -0.000626972708951
-0.414960234148 -0.00719858441959 -0.00911234710652 0.0271008242957 -0.0151819691514 0.0200124575741 -0.000106689450137 -0.423708304004 -0.00402736063561 0.0179827780768 0.0241319266825 0.0261445674238 -0.000483555183526 -0.290023231648 -0.0800560441265 -0.11485217461 -0.0258032085068 -0.00420534835869 -0.472731276412 0.283694201465 0.0723616157882 0.000105605501862 -0.420274601616 0.0700273169 -0.00127838834548 -0.223610234103 0.00670018809391 -0.000427324417122
-0.184168132633 0.00145021498195 -0.0073007234871 -0.0145928671761 0.0213356446912 0.00122732000913 0.0012576776972 -0.183239094228 0.00685382686979 0.0109539353398 -0.0145301231478 0.0040527658579 0.00106728587421 -0.40790609457 0.14414862113 0.0883107264627 -0.00192330744722 -3.06439941095e-05 -0.622588427482 -0.077608900463 0.00039375193513 -0.000171187324112 -0.483790892822 -0.00387104716815 0.000313179872103 -0.329691061168 -0.00185616599516 0.00255115917677
-0.222674631809 6.73623348135e-05 0.0219575068978 0.0303714968062 0.0121992649417 0.00474953485744 0.00157993632842 -0.21748336715 0.0125591652617 -0.00928790286748 -0.00847021084937 -0.00893097654145 -0.000459301556922 -0.406080180554 0.0928838051701 0.0870848843725 0.00330839765965 0.000842548976197 -0.468115700763 -0.046007283546 -0.00156638962646 0.000401288744479 -0.593150641661 -2.03322840915e-05 0.000418926201915 -0.383302459335 -0.0032587716222 0.00283577966533
-0.628831498184 -0.0359540429368 -0.00301997669465 0.0409336481424 0.0316246338269 0.0370951626395 0.00339266910261 -0.5631211568 0.0289674495281 0.0153332289264 0.0170362914151 0.00651830878606 0.000679680921783 -0.09210172581 0.0699220348209 0.01659356354 0.0367227517747 -0.00535361078208 -0.208485712194 0.411022725673 0.124539869901 -0.00765057546163 -0.159927239963 0.105275363574 -0.00388956858332 0.0318591606253 -0.000721372479163 0.00192282299066
-0.614100872054 -0.0153551939586 0.00576504813672 -0.00676790550248 0.0921062629833 -0.00226960541009 0.0017128174599 -0.57198945785 0.0493267812962 0.0280161648687 -0.00297434547974 0.0102548442006 -0.00471387419517 0.0820009698733 0.0428237443254 -0.0599631074531 0.0452374920381 -0.00151007652438 -0.263674647387 0.399259642313 0.0895654008125 -0.00252260025043 -0.129027949359 0.074320082432 -0.00799303729882 0.100707692819 0.00126515600917 -0.00223686570384
-0.54759361383 0.0513538176981 0.00700311241488 -0.0662721317621 -0.0238127266296 -0.00817713270073 -0.00390771671289 -0.554798863664 0.0121380423158 0.0274461341747 0.0429301874804 0.0366273365248 -0.00630216659039 -0.0417238830523 0.0607662004985 -0.00916983305459 0.0146107237102 -0.00044957891849 -0.3712018452 0.383984608656 0.10319526397 -0.00209054428874 -0.265787944834 0.0759271469408 -0.00611123062352 -0.0483741817542 -0.00743928441083 0.00513859959062
-0.29214123807 0.0025639250808 -0.00521392385524 0.0149425546567 -0.00693182062607 -0.0177546964095 -0.000977167270228 -0.293337202926 0.00679584873502 -0.0278399577322 0.0147566928678 0.0162206232629 -0.00133395000166 -0.392573663394 0.0464912959286 0.0390423290245 0.00998182001716 -0.00204967672214 -0.504733175354 0.0940100045032 0.0793887614901 0.00192679217771 -0.570604265266 0.0824668783695 0.000770680386281 -0.257781552966 -0.00157790774269 0.00581187916308
-0.502161880672 0.0279873358755 0.00838275701857 0.0462577138488 0.0227776259488 0.0234136552121 -0.00423915470759 -0.468545473943 0.000581861341025 -0.0112555543925 -0.0220397390885 -0.0184205246942 0.00571270615813 -0.172561430312 0.108095702599 0.0106268296024 0.0622134455618 -0.00164345352388 -0.473682465436 0.31699887303 0.137897772576 -0.00224818155925 -0.340395346895 0.130700757126 -0.00351467849477 0.0290687832676 -0.00652415421471 -0.00717308504916
-0.521837271045 -0.0161540191383 -0.0180891750557 0.0177631108648 -0.00980264692834 -0.0104517859013 -0.0036995753371 -0.623967941661 -0.0328899195167 -0.0423217070431 -0.0293567940055 -0.0279981426789 0.0115548620695 0.275416093012 0.0485156391151 0.00649679959058 0.0184299331375 -0.00659728163174 -0.143945521222 0.392491329889 0.0341558736422 0.00991234075253 -0.180049541639 0.0703613612962 0.0215839247731 0.199225126746 -0.0142899631487 -0.0133396691971
-0.607134306235 -0.0601984487187 -0.0260567091058 -0.0360273903828 -0.0419005443 -0.00233029718037 0.000987400869212 -0.645673902438 -0.0354727658662 -0.0427546825045 -0.0621215684567 -0.00529665210637 -0.00805079919981 0.254475652405 -0.0879146392796 -0.0312683474251 0.0678753914278 -0.0039055762906 -0.103180715555 0.286454492907 0.0298769426461 0.0076124217697 -0.131650992891 0.0555112509127 0.00116894094281 0.0889916287364 -0.00356431004351 0.00226131666326
-0.573474410767 -0.0359723426998 0.0035314100061 -0.0429813381763 -0.0505171218997 -0.0382523377648 0.00431603950259 -0.528248171953 0.00141059697169 -0.0154747964039 -0.0388416373526 -0.019078469041 -0.00149305467359 -0.0328137149911 -0.15702508185 -0.0765921047651 -0.0182342552677 -0.0015552611095 -0.300873695147 0.306324505445 0.0577713090545 0.000993432832747 -0.37614656533 0.0758503782027 0.00228333473115 -0.12569507821 -0.00911834754074 0.00408634879457
-0.180176532769 -0.00267905025389 0.0332016882222 -0.00903535845193 0.0141105655887 0.00467334214602 0.00110868974878 -0.178062491867 0.0134095926729 -0.0235356688036 0.00964133305407 -8.67900263534e-05 0.00181412621125 -0.412621780367 0.0330184097409 0.110386073612 0.00254066561272 0.000322778229956 -0.399214441041 -0.0535895827687 -0.00664207883974 -0.000446006633622 -0.681609178497 0.00205936022232 0.00021274647483 -0.35087009575 -5.00069663008e-05 -0.00739694897217
-0.233887509576 -0.00291289733116 0.00620210047294 -0.0280988348772 -0.0063265282884 0.0098318988543 -0.00104455515823 -0.234798235378 0.0115959397814 -0.0330177175053 -0.0142870841205 -0.00058700286472 -0.000589668865927 -0.480103344866 0.0291520656188 0.045232248516 0.00514250708519 0.000358811592326 -0.454731939565 -0.0336338659305 -0.0073902075237 0.000381323945963 -0.522390942088 -0.0011533625599 -0.000172182060463 -0.416480316149 -0.000668198019238 -0.00489991530696
-0.432147682678 -0.00102788999629 -0.00507099519194 -0.00790051418881 0.00446482391731 -0.00373253946239 0.000232452111416 -0.458589083321 0.0147160688506 -0.0373781973744 -0.0178034358784 -0.0404990759379 -0.00041052508425 -0.289347574244 -0.0877763244388 -0.106445845004 -0.0559693470618 0.00426916701726 -0.458986777298 0.195134415164 0.0624273034411 -0.00227221853308 -0.418987614926 0.0649797298752 0.000426441912326 -0.246719688735 -0.00679469821675 0.00188065145403
-0.219643112658 0.000785304928349 -0.0249333375698 -0.00617426347106 -0.000221941822186 0.00496517805997 -0.00234992541388 -0.220644168258 0.0132967974997 -0.00783591094114 -0.0331580811099 -0.00482369316037 0.00163318637288 -0.433604230017 0.0544305789984 0.0302459507516 -0.00554364161134 0.00101837346967 -0.531225684527 0.034257687886 0.000510715538849 -0.000336350441829 -0.520955273551 -0.0032801635778 5.51775928382e-05 -0.392829535699 -0.00141518929738 0.000140916740068