-0.0386363756999 -0.0505817837688 0.0900204180105 0.198662728322 0.0896406795581 -0.0370883163998 -0.0519375187456 -0.0889755772745 -0.0480664251937 0.326227864045 0.142200190106 -0.0168756417138 -0.0341597127371 -0.0270813799763 0.0117743017652 -0.160008918122 -0.0918239418652 0.00281830644912 -0.387581198866 0.686852655269 0.154829553422 -0.0198392974426 -0.321953193659 0.0967177292385 0.0272170501142 -0.0310753198221 -0.0441369370914 -0.00409067375014
-0.299322708943 0.0106653777584 0.0553318005944 -0.0714229069825 -0.0487039228013 0.00551820152158 -0.00927071183075 -0.305414837211 -0.0155997273206 0.0696247659629 -0.00876391319869 0.0516143275289 -0.0061321666429 -0.350749389264 0.207200307303 0.156520614852 0.00821073894451 -0.00915252302869 -0.414002189855 0.186406994915 0.0533544601948 0.00319873027014 -0.627456217744 0.066116109048 0.00383482007863 -0.0198537847098 -0.0166506987452 -0.0111873331724
-0.520069728363 -0.0426665737649 0.0191378356844 0.055133415128 0.11811904096 -0.0240761129546 -0.00674640023919 -0.585411786577 -0.0344073700477 0.139792251775 0.102379259438 0.082363249623 -0.0265805429714 -0.0551478068152 -0.0931578419714 0.228702562484 -0.0947638177652 -0.00655518738071 -0.0992355830632 0.250895952608 0.0480958479497 -0.0176050193144 -0.421282997192 0.0257089368669 -0.0114136450623 -0.0351711201195 -0.0185111237152 -0.00134440496154
-0.572067442307 0.0647476339331 -0.0529326674751 0.0468418415922 0.0972159673358 0.0389296472523 -0.00594134774831 -0.610799600231 0.0207188439666 -0.00110577906981 -0.142355612726 -0.0924710771346 -0.056549360786 0.0155886496623 0.0136039361961 -0.231466038082 0.0185573244346 0.013830704345 -0.190797389524 0.370392630132 0.0877772103027 -0.0260869211345 -0.0188020184988 0.0539631681093 0.0368826611893 0.0730715795225 -0.0159921440527 -0.0169486123079
-0.587386995282 -0.0472281198338 0.122891149214 0.0294967615205 -0.0151198602328 -0.0875120896324 -0.000686308230692 -0.600762394952 0.0522734441498 0.0196463989478 -0.104404603461 -0.127078313691 0.0239161145928 -0.0135311493923 -0.00168351630455 -0.146361887018 -0.10151026229 0.0102107213745 -0.288948757466 0.216862176264 0.0310500086673 0.00814155126852 -0.211877451687 0.0258169037648 0.0152206715442 -0.165805461947 -0.0121797449792 0.015290641779
-0.429784083319 0.00230656285143 -0.026288522162 -0.0577099415666 0.0234193026838 -0.0167267989717 0.00670401158447 -0.402702474017 -0.0222081843921 0.0289745984142 -0.0121013615059 -0.000815739066408 -0.000159011071919 -0.307201684092 0.204085568944 0.12628468351 0.00494751978688 -0.000674082496905 -0.379571687966 0.216395543315 0.0432686176246 0.000985736324088 -0.544268153519 0.0268783282584 0.00319482419734 -0.0704166302134 -0.00667244765054 -0.00125276964657
-0.269514316704 -0.000906034839359 0.0106586738998 -0.0191420200501 -0.0256678283601 0.0124638216096 -0.000986570589031 -0.291121864456 -0.0252346322424 0.0510395654764 -0.0580531322015 0.00588458662449 -0.00284990465022 -0.588445137883 -0.0218650345125 0.0244719285225 -0.00425567526282 0.000570242477541 -0.330520521823 -0.00126788574955 0.0144307849651 -0.00164567019517 -0.377080596849 0.00199436158312 0.00177132177428 -0.485337279596 -0.00260308960924 -0.00916282971234
-0.296132909701 0.00131479008406 -0.0070688182639 0.0217962408906 0.00780685605829 0.0175662985526 -0.00173147423394 -0.312561078831 -0.0235530955567 -0.0151158694049 -0.0688153433767 0.0174409659078 -0.00589564966621 -0.629422876734 0.00732782931661 0.0297880308541 -0.0372408419825 0.000864813703446 -0.367905922138 0.0191156750116 0.00292118138274 -0.000684152932054 -0.427202668638 0.0110034961446 0.00190501506498 -0.301553966215 0.0043558155221 -0.00650093346587
-0.320959908227 -0.0017570816771 -0.0380090623023 0.0171771848785 0.00672751108794 -0.00585768547401 -0.00295397493861 -0.340542036363 -0.026278537686 0.0168687723214 -0.0663039311665 0.0317523353715 -0.00773818249205 -0.63766340984 0.0184714926464 0.0192892477439 -0.0309400111718 -0.000389367422566 -0.337184108297 0.00754750002445 0.0344251418764 -0.00365381058644 -0.374822738247 0.0244797014926 0.00208472196401 -0.329185553387 -0.00188733582838 -0.00700523560503
-0.516938717974 -0.007756347369 -0.00842662304163 -0.0325571488885 -0.0237463005072 0.0199963509875 -0.00283991563309 -0.512859437879 0.00808408532579 -0.0105579010857 -0.00410592612054 0.030315440557 -0.00662373580531 -0.203923250301 0.20129474494 0.14488555225 0.00897124183684 -0.00856190572948 -0.313089874909 0.163109477412 0.0179146781289 0.00142998577681 -0.468535243729 0.0657080611121 0.00576721407662 0.115481621591 -0.0248669111547 -0.0199186359029
-0.407215062 0.0112789073632 0.0234063983893 -0.0219837877621 -0.00971232788424 -0.00496721184672 -0.0123048403682 -0.540810281112 0.0173033415157 0.0621715311384 0.110667720474 0.0423489081485 -0.00746983247616 -0.250481233753 0.136138719175 0.108664602315 0.000259887428591 -0.0127868782186 -0.311701056764 0.128065510496 0.0723256022884 0.0051441383883 -0.554176345434 0.0519761039205 -0.00168362770755 -0.0041684419914 -0.0102706505229 -0.00308287169226
-0.694673247846 -0.0229956746809 -0.0682953518348 0.0267754381416 0.0128635895179 0.0352461395902 -0.000596400736895 -0.608622892534 -0.00701837480491 0.0109279221625 0.0458702776673 0.0180851206857 -0.00947977188464 0.203009076825 -0.0930527400384 0.100304287765 -0.0304435859723 -0.00168533811097 0.10681579946 0.0670895078049 0.0160285731914 0.00235883200851 -0.133348349333 0.0242544026776 -0.00170753196487 0.203329360008 -0.015683610014 -0.00157587794971
-0.536426089412 -0.0461206786685 0.00548275950524 0.0280769741948 0.0421769146905 -0.0263228731058 0.000246721298856 -0.577744521784 0.009194860915 0.0292142374629 0.0741158060176 -0.044772914523 0.0164687476084 -0.373764578725 0.130336272625 0.0982573299542 -0.0652687469309 -0.0046658135497 -0.165509521225 0.249795439798 0.0267752521601 -0.0106212549986 -0.292330583319 0.0164149962749 -0.000437758833653 -0.131261033622 -0.00632955945494 0.00964174261213
-0.694670817617 0.0111843473309 -0.0581625395659 -0.0219323322712 0.0699228976065 0.0256999818923 0.00436278387395 -0.637582301706 -0.0274949185448 0.0276214420875 -0.0418381465638 -0.015826548987 -0.0167394316681 0.052921630903 0.0791027253806 -0.0587953435127 0.00512858720306 0.0180590115425 -0.173038987408 0.197989620888 0.0520790222119 0.0172540451918 -0.0549047196138 0.0453603284941 0.040473100265 0.073530953723 -0.0156309362208 -0.0135144546939
-0.665381314842 0.00263426372248 0.0363084800818 0.0658388898089 0.0361644606152 0.0294925875206 -0.00690720356157 -0.658100654473 -0.0520839301825 0.0533087725831 -0.0625389243475 -0.0287830264914 -0.0324921688231 0.0153931686425 -0.0556816012284 -0.216288977932 0.0439868567949 0.00221211450879 -0.0118385797335 0.159534024677 0.0310034196115 -0.0480462618838 0.0460424896167 -0.0345570422284 0.0156893971733 0.139683844918 -0.0139966786152 -0.0273725306927
-0.673352673117 -0.0542785777737 0.0319502021991 0.00214870137647 -0.0434600977951 -0.0418390815557 -0.00231196290533 -0.65808089302 0.0241017063622 0.0111185688522 -0.0283752599788 -0.0495023473895 -0.00618644654659 0.200273419294 -0.0547815507726 -0.114486398309 -0.0158651664929 0.00242638742767 -0.0574616453654 0.0639637430527 0.0092240661496 -0.00123435198311 0.103637438179 -0.000378616602014 0.0116890857294 0.164188168497 -0.00457092654323 0.00999604309067
-0.413588773232 -0.00299346706978 -0.0205862606496 0.00791253745834 -0.0260517344724 0.0239783779001 0.00660329921839 -0.432080414484 -0.0696193021248 0.0464879862808 -0.00334976328442 -0.0356167287779 -0.00141496965609 -0.486563856471 0.0938419438066 0.116502262562 0.00571857169137 0.00198430017478 -0.167267415301 0.119312504855 0.00719042181949 0.00165698511112 -0.316060084973 0.0186328349907 0.0104979391319 -0.479940525353 0.0041115903725 0.00537236753633
-0.51538608631 -0.00630206588137 -0.0148953788514 -0.0150310966396 -0.0938960771318 -0.0116247150003 -0.00267136108723 -0.474559751711 0.00909915213794 -0.000758564997456 -0.0193210238081 0.00305344388838 -0.0385826226968 -0.276660601554 0.195882528354 0.146220668531 0.0111974674089 0.0166098158339 -0.296530404677 0.189848852025 0.040535380179 -0.0094483151954 -0.480415236656 0.0395615004331 0.00239513358055 -0.0496025155775 -0.00833017863643 -0.0217217033509
-0.598212893837 -0.0175143294025 0.0626654375733 0.0377126695297 0.0853128922207 0.0332338524786 0.0115494011602 -0.558653416477 0.0425610170568 -0.00265850207468 0.0370358120957 -0.0326881045517 -0.0310585336478 -0.18225750628 -0.0736345103605 -0.0311202573566 -0.0664701758927 -0.01012486968 -0.197605113845 0.202730356558 0.0262048175535 -0.0162600171652 -0.359935645038 0.0179354104377 -0.0106018696133 -0.234680764954 -0.0141062834707 0.012763473427
-0.543183951362 -0.0466302567244 0.0350950393248 0.071673828268 0.0815866365993 -0.0345770203651 0.00359982911376 -0.484656539708 0.0007815733352 0.0265788719958 0.0581256655374 -0.0391889865309 0.00649442942069 -0.354472282216 0.00421957215072 0.0261312866434 -0.0831823637617 0.00275291835521 -0.220396079435 0.14375021357 0.0315144723278 -0.00232002601142 -0.374118577997 0.00340217600199 0.00753744694558 -0.322428116042 -0.0140629478422 0.0167798460547
-0.417283493385 -0.021455231264 -0.0406938138012 -0.0559390130768 -0.042318779267 0.0232312956523 -0.00530100765283 -0.375284782395 -0.0731374623866 0.0110766566723 -0.0219098394603 -0.0196479313091 0.00267068519079 -0.533185421301 0.0934580401018 0.102495743157 0.00736187945404 0.00453988050834 -0.181122971964 0.1033507288 0.00754938319992 0.0138325718157 -0.254831428993 0.0164376855019 0.00365632953934 -0.508364313831 0.000238777514472 -0.00965328614863