-0.012064728919 0.00253722898627 -0.139027089531 -0.015145768736 -0.052481235355 0.0113089706344 -0.0286088984972 -0.0730680179948 0.067966443313 -0.0953392369382 -0.291888590195 -0.071349277684 0.00964456021029 -0.291391449203 -0.130972247406 -0.657294847148 -0.0810959969121 0.0127477848896 -0.095145641522 0.312703155465 -0.0311247407999 -0.0118680089537 -0.416412552037 -0.203759313568 -0.0376346085749 -0.0272415051889 -0.0359415325852 -0.0027266893206
-0.441250403371 -0.0236281616425 -0.0424624398561 0.00750007127859 0.0592867097733 0.0158809892872 -0.00410612666597 -0.473254775548 -0.00844432100242 0.0394872792926 0.123506386916 -0.0422750287607 -0.00692447456821 -0.370368308115 0.0568680400218 -0.420893709635 -0.0402978023582 0.0200703375262 -0.244615526297 0.194721490668 -0.0527598694985 0.00265770952962 -0.319545284511 -0.0637118592568 -0.0160847526197 -0.172082704877 -0.00775371150732 -0.0133581835048
-0.540029418479 -0.0166235406219 -0.0383861142572 0.020372147619 -0.011709968498 0.00600661163415 -0.00925723993457 -0.662857029321 -0.139266665818 0.10609875666 0.117459247032 -0.0483120110223 0.00127208158667 -0.22220123077 -0.161442023193 -0.143721495213 -0.00100652267686 -0.00167413792069 0.233842946616 0.0654799562895 -0.00809458586369 0.00718219022981 -0.197058593559 -0.130608286633 -0.00441629036138 -0.0928163387872 -0.00377246994667 0.00758014386912
-0.480671543988 0.0144264030773 -0.0261347637767 -0.0607573492844 -0.107821423084 0.0554611731561 -0.00268687080255 -0.483922412741 -0.0426416088369 -0.0866482341278 0.0510671871411 -0.07576429818 0.00665795012111 -0.183743322971 0.0428242091299 -0.406691192852 -0.0524109641499 -0.000204061442207 -0.302359802541 0.125465008208 0.0333000215785 -0.0215737601669 -0.413287803147 -0.0799978802144 -0.0108251074967 0.0863519299228 -0.0210008193977 -0.00808247349625
-0.496681987428 -0.0205352868327 -0.000714060277834 -0.0380735522032 0.121494210575 -0.0634780231472 -0.0141454733791 -0.482357888773 0.0254533381887 -0.0283691354603 0.0435069006535 -0.0776075767261 -0.00523817861787 -0.0527520481962 0.0171187215098 -0.20682449568 -0.0571802053928 0.00231456496751 -0.320129440002 0.204224146551 -0.0342140108133 -0.0236406369482 -0.540391642582 -0.036279782274 -0.0223538478601 0.0267143279832 -0.0270071495858 0.00712082379883
-0.585203338263 -0.0142380807808 -0.0513025913929 -0.0340704316127 0.0235541459233 -0.00130087449356 0.00146622217526 -0.605520931834 0.029487643108 -0.0993252729401 0.0310516247889 0.0046798414306 -0.0086908521981 -0.184738503694 0.0867627170324 -0.325293684735 -0.0411466397277 0.00733883354741 -0.149257646513 0.170123786759 -0.0353123121781 4.63570674162e-05 -0.264953680201 -0.00961110445038 -0.0286286326061 -0.0295898330757 -0.00195413673321 -0.0292060674034
-0.557023890611 -0.00905805855045 0.0210634626824 -0.0101225072381 0.0257262968666 0.0076562707108 -0.00216443995984 -0.646687490614 0.0143294464267 -0.116465801504 0.082158896922 -0.0119436940787 -0.024752314092 -0.269733332674 0.0437500038855 -0.254578855429 -0.024653238818 0.00768227009011 -0.129101134217 0.178266848969 -0.0243353964121 0.00223991327321 -0.22330989504 -0.0197945510332 -0.028883216516 -0.0911765651619 0.00871905911433 -0.014765754818
-0.525312566837 0.000663943265457 -0.00256250422772 -0.00245975747496 -0.00224262530859 0.00636952850575 0.00191169935026 -0.687426583545 0.0142391217417 -0.135908118248 0.116052451935 -0.0301422967182 -0.00263353996198 -0.291819469602 0.0235044391718 -0.249669210289 -0.0162197189314 0.0016828652771 -0.128893010002 0.120946375355 -0.0178608127453 0.0135027729333 -0.179768401923 -0.0409184001627 -0.00765092007853 -0.0634643689533 0.00893209267148 -0.0126553961426
-0.649460655353 9.25256748077e-05 0.021191685103 0.0289107261721 0.00825574040074 -0.00802601344022 -0.00661684523951 -0.687008815599 -0.0288414506252 -0.0167692323037 0.069987694593 -0.00827545162777 0.0021902165421 -0.127475915079 -0.0137710138279 -0.173950542506 -0.0254867240505 -0.00647537951932 -0.111995288962 0.147563480261 -0.0310664620198 0.00610804609143 -0.107181876259 -0.0552085883002 -0.0170180706772 -0.0287400843899 0.0140422917716 -0.010711124438
-0.55799451711 0.00238162356447 -0.0267805485825 -0.00777451462396 0.0800842306676 -0.0134328516755 -0.000946414728832 -0.549224999407 -0.0204467838067 0.111784818165 -0.0114839390962 0.00146685377289 -0.0116451470244 -0.250103371327 -0.0295936083648 -0.351836216572 -0.0153260901631 0.0167654716399 -0.271978531336 -0.0462939466067 -0.0130894419661 -0.000802899875825 -0.300742914692 -0.0355983011871 -0.013810872282 -0.102309729498 -0.00597743395318 -0.00233135971752
-0.421564568608 0.00438587080576 0.0217595870979 0.0666196814268 0.00120316765004 0.00976712710595 -0.00119064609897 -0.421461464527 -0.0791776923787 0.000835480074533 -0.0273492824166 0.0125165827763 -0.0123889649571 -0.44324882416 -0.00473227758192 -0.0408861310846 0.0294665540829 0.00268968687706 -0.239398974349 0.000483580820287 -0.00887078756498 -0.00324462605541 -0.442366697489 -0.000455536837415 0.00648182134576 -0.424388733308 -0.00212353306787 0.00389906779604
-0.532769600276 -0.0163610891153 -0.0361772977343 -0.0148318193384 -0.0410911937106 0.0265697769942 -0.000157835834843 -0.535150869168 -0.042414300347 0.0299802264878 -0.0428759797207 0.0230117098025 -0.0056371602742 -0.327535773402 0.0248891874603 0.0265483275179 0.0367459284225 -0.00786576548671 -0.347802302916 0.0767799268196 -0.0233425901539 0.00498023449299 -0.405064866464 -0.0941296407209 0.00518699690252 -0.0997451500792 -0.00588791745832 0.00925934268908
-0.679272872227 0.0163204810015 0.0316129864071 -0.0352073340806 0.0858667839803 -0.0470805764711 0.00310646848889 -0.589006418963 -0.00499002770191 0.0335530910744 0.0180738597814 -0.0114436993988 0.00329833748145 -0.091557586445 -0.0723321557571 0.0945065897455 0.0170351418747 0.00173737573541 0.295902963176 -0.025145275894 0.029854458884 0.00127471762417 -0.24012684914 -0.0779234058018 0.00396822755781 -0.0393118791753 -0.0162796052534 0.0212978648415
-0.603525628872 -0.0503689064867 -0.0111296138093 -0.108278355516 -0.0217040954793 0.0200733253024 0.00344911049748 -0.595462550434 -0.0498494555296 -0.0678634901806 -0.072778074774 -0.00735868995542 -0.0028258667496 -0.0919726959947 -0.00411818687659 -0.31901542439 -0.0236941309215 0.00397595177117 -0.284628550029 0.122010545847 0.00460273391251 -0.0183617535863 -0.199242872653 -0.0461448184691 -0.00292238542092 0.0602018019183 -0.0263497675086 -0.0149821764302
-0.578509355655 0.00814291087081 -0.0215439204903 -0.00364244274964 -0.0312140120217 0.0174761788334 -0.00597558601482 -0.687901864742 -0.0583982800795 -0.07081971632 0.0311992046077 -0.0504808492687 0.0227477719244 -0.120188688141 0.042176893644 -0.159744508986 -0.0414699144173 -0.00692715346812 -0.0415320560919 0.0709931217029 0.0630960680291 -0.0195837219594 -0.318001760492 -0.040286383259 -0.0298232799081 0.138376328834 -0.0191874644623 -0.000547704580981
-0.588018299123 -0.0171195541096 0.00785826460101 -0.0226543401057 0.0186056935754 -0.0291566072158 -0.00578429047722 -0.662426718251 -0.0618946518568 -0.0684648078141 0.0256232582082 -0.0300350856616 0.0140301750923 -0.00791825051775 0.076552689934 -0.163986018855 -0.0361983921579 -0.0008751581541 -0.178123278772 0.0914850086768 0.027894423578 -0.0351889116487 -0.32922076109 -0.0104703694349 -0.0394540786275 0.125717168809 -0.0277737395877 -0.0136242110178
-0.575288785351 0.0108798258264 0.0206467371946 0.00313529241841 0.0747969982569 -0.0249082287481 -0.000688347019076 -0.710998241494 0.0973090676533 -0.0488690744954 -0.0501610160084 -0.059162139857 -0.0114284309738 -0.115272502815 -0.119651782492 -0.115720063363 -0.03406088374 0.00309516515327 -0.140008316095 0.0933253071634 -0.0272179039243 0.0059242801682 -0.231614700877 -0.0487703926412 0.00169214189567 -0.10271805954 -0.0303217045267 -7.76080381946e-05
-0.52144257288 -0.0336853787378 -0.0511214639324 -0.0114994444117 0.0250163099371 0.00533427595955 -0.00199502392187 -0.538700223794 -0.0218029970428 0.0217646357365 0.0803127172444 0.0161350995737 0.00902235047795 -0.206583098614 0.101237671631 -0.272122855722 -0.0508394311246 0.00552097570452 -0.367546271555 -0.0449347431177 0.0218056040211 0.00690807642992 -0.382483404731 0.0143191477296 0.00807815284235 -0.107831481233 0.00738331998578 -0.0122457552154
-0.465688834767 0.00500139888318 -0.019981362965 0.0297213255139 -0.00966563817933 -0.00251846479545 -0.00553423184022 -0.492776831447 0.044147026517 0.00457686522938 0.0572591912986 -0.0369644926363 -0.00117018486897 -0.139409721488 -0.0170456389603 -0.148273306376 -0.0661971674358 0.0037226478259 -0.393941048913 0.0137121566957 -0.00935473310983 -0.0111867995676 -0.573493735727 0.0096353630558 -0.004786909323 -0.0386910191272 -0.00650217380717 0.00194281336832
-0.546176032707 -0.00546377430096 0.0384076204047 -0.0648799960305 5.45121054576e-05 0.0204684314108 0.000370284223487 -0.605675007735 0.0783481361878 0.0381952943801 0.0447556709832 -0.0314041178276 0.00301558150231 0.0190026811549 0.0381653617247 -0.0163205813908 -0.0406350764647 -0.00114855363194 -0.251791973717 0.0332205189413 -0.0392547549724 -0.00939920190673 -0.49765909779 0.0209314276108 0.000727163603312 -0.00216208230802 -0.00963868176447 0.00713063026692
-0.48638913594 -0.0232661927585 0.029649342999 -0.126728362933 -0.0426292201213 -0.00415748842895 -0.00136276643774 -0.476565565541 0.0447275184239 -0.0200503584653 -0.0556975734454 -0.0495778805264 -0.00461990154432 -0.173140040551 0.123331865295 -0.0721871624891 -0.06600276337 -0.00169094044317 -0.378519444633 0.0740205481159 -0.014240071291 -0.00402667920453 -0.549666126455 0.0177119780839 0.00223622626252 -0.0526652052326 -0.00217569154832 0.00682218223166