-0.0580706101249 -0.00260635365701 -0.0865946323641 -0.1460837549 -0.0515211558321 0.023986396815 -0.0324764966812 -0.00229375305262 -0.0115262043557 -0.0280495705339 0.028783054769 0.0109102655308 0.0216719301749 -0.0790385334855 0.228832212888 -0.0179904658563 0.013209373054 -0.00708130904868 -0.559204112239 0.617706526636 0.122839501238 0.00333823881115 -0.42265879226 0.105770105938 0.00992604285428 -0.049326738936 -0.0160109925737 -0.00295614130522
-0.497430390492 0.02210086579 -0.0899926524923 -0.146016955128 -0.0477259934327 0.0332206529551 -0.0408862038181 -0.394607102424 -0.0133386456661 0.0153531551411 0.0606282545325 0.0654402513395 0.0145173388536 -0.0330672695164 0.189775029434 0.06777965378 -0.0122151568217 -0.0133686922151 -0.404329679268 0.44339075541 0.0620431000663 -0.00699605586725 -0.375702785197 0.0544770656163 0.00200491900959 0.0193310886094 -0.00582173020718 0.0525965579574
-0.246433025467 0.0155670814891 -0.0557388046697 -0.05357561954 0.0534952080863 -0.00161860950241 0.0134680897287 -0.274171225057 0.0190358809737 0.0652286050614 0.0464152018795 0.0346363316402 0.000315010757189 -0.339919965821 0.218578371376 0.17362004438 0.0327173427564 -0.000666111349956 -0.506590251358 0.274842210896 0.108859666069 0.000862418491668 -0.534143972586 0.0813150340436 0.00194241558602 -0.113653063791 -0.0184707209718 -0.055861725445
-0.397704231901 0.00643237566479 -0.102188539939 -0.0161790691693 -0.0042022717432 0.0429581689127 -0.0298281224788 -0.439615570422 0.028441202785 -0.102445039349 -0.0676699539086 -0.0614629783813 0.0178854510739 0.0395063651918 0.213665286776 -0.0443283881896 -0.0106932732043 -0.00392954090167 -0.440756346746 0.525319309887 0.0668534096409 -0.0117956228282 -0.290310353293 0.0726831270076 -0.00439240802106 0.0125084135789 -0.0106913673045 0.0330746548231
-0.397573819884 -0.0808671034349 -0.0186375067954 -0.0994557377853 -0.0523317894997 -0.0444446288265 0.00986181543243 -0.434404913238 -0.0232026987381 -0.0904470660734 -0.0725966139039 -0.0814879537648 0.00296443604254 -0.179293802497 0.06431954547 -0.107541560358 0.0817279490353 0.00938934181593 -0.469983080267 0.450525933748 0.143685345048 0.0271459340743 -0.283590644714 0.0993755387606 0.0197432223769 -0.136691318479 -0.0183300974054 -0.0378673934475
-0.51330741715 -0.0172392414098 -0.00141736855736 -0.0534037129933 -0.136594020126 0.00935105053736 -0.0121657604128 -0.38956265642 0.0298426337259 -0.0371289584263 -0.0284660568481 0.0150979919203 0.0201051218176 -0.109054240621 0.173664342369 0.183263001546 -3.9596459797e-05 -0.000990930933024 -0.475249526687 0.174564975715 -0.00201609460546 -0.0119288058197 -0.470594415378 0.018209098949 -0.00318835670972 -0.0584277560045 -0.00711079056062 0.0401898431421
-0.290034918656 0.00546270859319 -0.0156588421026 -0.0513018970218 -0.0457580742873 -0.0428934108474 0.00351166896504 -0.245977120657 0.0202957094692 0.0139748793698 -0.0108683681441 -0.00235451608123 0.00551960415348 -0.59069887598 0.108528570411 0.07604322294 -0.00353901267674 0.000566714250362 -0.267813554621 0.117035434344 0.0192047620444 0.00104971967328 -0.387982023646 0.0277007581097 -0.000968538942824 -0.493178209779 -0.00579518142549 -0.0302283865565
-0.16866275186 0.00110145389757 -0.0127848065097 -0.0166615337506 -0.00814902791919 -0.00239085641451 -0.00568975178383 -0.168392614377 0.00890047130228 0.0111410770197 0.00909351234668 0.0034317946599 0.0006403250114 -0.516880812147 0.0235675542985 0.0273226021771 -0.0132083253123 0.000525858420397 -0.446659737167 -0.0168553720966 -0.0109085255825 0.001003829823 -0.507989420992 0.00508492836728 0.000311032724006 -0.461165633651 0.00161782012009 -0.0551793299004
-0.266120795192 0.0109223639582 -0.129855902073 -0.0416471159716 0.0325128689497 0.0127765850701 0.000627708505585 -0.21582976867 0.0155205646314 0.0526631677172 0.0195288445432 0.00478438493647 0.0059919445425 -0.466547384483 0.0416739705469 -0.0190879465181 -0.00677855907972 0.00106309501912 -0.491311800134 -0.0288936331946 -0.00291599142771 0.000708427888073 -0.376716443124 -0.00119982432616 0.000944519803475 -0.502845109476 -0.000121478450447 -0.0488788069361
-0.547172759349 -0.00707430688481 -0.0289976688211 0.041656321382 -0.0845662195762 0.0432218366382 -0.00980741397876 -0.483690020492 -0.00608597315067 -0.0149835296689 0.00701810722643 0.00701231985488 -0.00652401003523 -0.075652651926 0.214850270762 0.209365539693 -0.0201984066694 -0.0179582418673 -0.319207642012 0.228591971485 0.0283012342288 -0.0315599804261 -0.423476310889 0.0296477363641 -0.0146352923284 0.13049079468 -0.0106500482563 0.0673919887112
-0.574188194748 0.102226661254 -0.0484312662837 -0.103870851391 0.012638559604 0.00819272384669 -0.000267468470704 -0.649694553399 0.0140921509884 0.113828907461 0.0368737853191 0.0146884189804 -0.00390979796173 0.00110907396035 0.0645140462548 -0.0788707991073 0.0159420364856 -0.01470858567 -0.277404209522 0.294985848203 0.0765173097034 0.0118387289333 -0.153811898968 0.0551930116943 0.00813030153099 0.0349223757285 0.00708954142654 0.0280559288225
-0.395035732543 -0.0174711963149 0.00332212018066 0.00708969243147 -0.00732383194719 0.015876607779 0.00946732803605 -0.537151849879 0.0140130457425 0.0921992080163 0.0153210146785 0.0250553218007 -0.0028335133107 -0.206036798378 0.176070620272 0.198753910884 0.0271029277557 0.0064051161302 -0.363963537013 0.298487445459 0.0779642628592 0.002836899039 -0.444958907415 0.0676372224799 0.0081537523186 0.0234760453023 -0.0227502752549 0.00231555867634
-0.481944725335 0.0318463257206 -0.0592548086164 -0.088104395732 0.0847966315176 -0.0228312970935 0.00588438807858 -0.444383779119 0.00318040007773 0.0430985669027 0.0259380320034 0.0193403961788 0.00829389347389 -0.233067601134 0.17080641689 0.125760270187 0.0173487002148 -0.000689569825105 -0.42118694995 0.243183828007 0.10395018812 0.00663233044961 -0.438386585381 0.0727411759318 -0.000123844361652 -0.0464600212507 -0.0107252518223 -0.0221021118406
-0.604106752391 0.00581108581027 -0.0726676183082 -0.0333637721897 0.00432889772943 0.0308317181347 0.00857873554908 -0.527465083998 0.0173283502181 -0.0119410168778 -0.0393191256748 -0.0197007424206 0.00833500720496 0.0482458432981 0.185100101643 0.0228040571785 -0.0339722416022 0.00396954499642 -0.32377398121 0.366896051067 0.0428721420097 -0.0100894782228 -0.2477533429 0.0401322003869 -0.00792401477895 0.0350986010198 -0.000246012873423 0.054497245363
-0.535446236216 0.0222264959221 -0.0522701898385 0.00872987949636 0.0339200407768 0.0150922263139 -0.00790758036859 -0.689745682526 -0.0431111610983 -0.0991983001086 -0.0580965383449 -0.0154974107062 0.0063957836585 0.111129191717 0.076952784074 -0.0970016566053 0.0315563790315 0.00750855192628 -0.264068254852 0.303008607848 0.0396514450547 0.0157359873973 -0.121691016614 0.0268901858339 0.0111674084295 0.0855593946907 -0.00739237330124 0.048157898589
-0.599430818101 -0.0470187422909 -0.00424827816771 -0.0325566894458 -0.0598366010861 -0.0144194866261 0.0017207422745 -0.640357682508 -0.0642715051139 -0.0433123519162 -0.0264041015211 -0.0333497934859 -0.0103368622456 0.0738514778067 0.04644526915 -0.0995146325381 0.07887942875 0.00931055187606 -0.274535105257 0.305975224941 0.054251089241 0.0334608355957 -0.101708660358 0.0156013369648 0.0207871822828 0.0607219659045 -0.0122235392414 0.0623597770034
-0.533689181974 -0.0502190592948 -0.00907604046729 -0.0964009055119 0.013029315544 -0.0462807279876 0.0106175443308 -0.491031884639 -0.0134765293935 -0.0316689539526 -0.0338256547606 -0.0253740007085 0.00184798032128 -0.268778936782 0.0711576094551 -0.0374644019499 0.0433726156317 0.00803951345023 -0.384266765907 0.302032271433 0.119029073702 0.0224216557818 -0.286610299914 0.0942234108215 0.0225734243669 -0.173625644198 -0.0221922118148 -0.0196027037794
-0.56815971889 -0.00472389163307 0.0584721872963 -0.0510792677356 -0.174741469361 0.00101579464468 -0.00142199393545 -0.368053819529 0.0114983688206 -0.0232008022741 0.00857120944648 0.00083673533657 0.00688122439546 -0.233097189969 0.292308441421 0.208770668253 -0.0178833215429 -0.0205581994268 -0.335115859097 0.197971657218 0.0110497324181 -0.0172431204819 -0.406839169543 0.0355952282648 -0.0106485821782 -0.0308482274844 -0.00777070726042 0.0204779800203
-0.217634975526 0.000815552035655 -0.00483399658112 -0.0226704338566 -0.00921975386415 0.0166761749696 -0.00150310601618 -0.219655542286 -0.00281198796702 -0.00659438229668 0.00102571668112 -0.0289611498373 -0.00704048132516 -0.628907984865 0.00697935669632 0.0275864466479 0.000343265870606 0.00199966382627 -0.403821734404 -0.00818168177518 0.0196597882278 0.00348539553369 -0.40473450172 -0.015671828958 0.0014278041852 -0.418987214503 0.00408804115676 -0.0551454229846
-0.389247642875 -0.0175465306273 0.0104863700825 -0.0187570991159 -0.00940358878305 -0.0370051069428 -0.00232599286788 -0.403492755033 0.00887584110843 -0.0279592628877 -0.00956313573864 -0.054808094594 -0.00569615042991 -0.311320896131 -0.0245509145267 -0.108297511357 -0.0429325557367 -0.00515181138785 -0.479293277573 0.134397191859 0.0679590343096 -0.00429015360704 -0.473801417784 0.0853120509605 -0.00983538455343 -0.279652546186 -0.0145461280044 -0.0750721006843
-0.267418463509 -0.000836431137518 -0.130188851195 -0.0253466780207 0.0392884317723 0.00268601244701 0.00497403931842 -0.213594655112 0.00280933073277 0.0269818749335 0.0212548432447 -0.00758974988483 0.00169377248145 -0.491742356513 0.0164076044764 -0.0517397783107 -0.012153708662 -0.00241552259858 -0.465926770436 -0.0197239810963 0.0140464643561 -3.32055837426e-05 -0.372777946457 0.000217384847893 -0.00270847565547 -0.508740244158 0.00230033898794 -0.0455147898095