-0.0804933736593 0.0563506633375 0.0725552347587 -0.262633670068 -0.246041805201 -0.038112953634 -0.023813740997 -0.0866829939619 0.127014070764 0.312067613353 0.112733725206 -0.164772025166 -2.16270371688e-05 -0.275508600193 -0.555537706644 0.360954972917 -0.159360913329 0.0166962948529 -0.26747497547 0.0368018609627 -0.0439923227752 -0.0613124688586 -0.149111674604 -0.205040187684 -0.0501105511133 -0.0670807072004 -0.0475556405075 -0.00517250590815
-0.623782265259 0.010613677079 -0.1528755763 -0.211096543794 -0.00979656154154 0.0403515067399 -0.006226854757 -0.580189397507 0.0837038426194 -0.053240525524 0.0613840071636 -0.112459095943 -0.038875551628 -0.21567162353 -0.201028271117 0.0820297098731 -0.0333574026365 -0.00335773636383 -0.182215409355 -0.0590057592728 0.00288212434862 -0.0351706079672 -0.178093922713 -0.0503223051551 -0.0409409130365 -0.0794286128537 -0.0417963979876 -0.00311474035387
-0.657918527533 0.0430548792651 0.235161718957 0.0900827650941 -0.089889158811 -0.0367909842318 -0.0150335551102 -0.560931613106 -0.0847824881899 -0.114234281731 -0.022038978559 -0.0324793476324 -0.0165604063726 -0.0235902050781 -0.169049549668 0.165350359326 -0.0479170091562 0.0117450464864 -0.259386822586 -0.111682137841 0.077432890443 -0.027544431118 0.0874178295426 -0.0334122747991 -0.00777932899178 0.0240854901571 -0.0264628552242 -0.000318461680605
-0.424383799083 0.0658908473345 -0.075722946408 -0.0420687881565 -0.0737197937903 0.01402827902 -0.0187670528585 -0.532034990319 0.0474730555878 0.132097164322 0.14811761652 -0.0538412091937 0.00907062657991 -0.352080090353 -0.375744944832 0.243328877925 -0.0971540622576 0.00282342545541 -0.228073086476 0.177977184948 -0.0708031733197 -0.0309068898859 -0.16952023411 -0.134925863477 -0.0188054672018 -0.0541717072572 -0.0205882477217 0.0163909614746
-0.444010477261 -0.0108035096981 0.108414424665 -0.0493120463993 0.00279335229357 -0.0547923530623 0.00473374638757 -0.460984445069 0.0454802602525 0.108380718314 0.129382157197 -0.0537508733585 -0.00560101585083 -0.282521298461 -0.458943497728 0.232910099562 -0.0856680728482 0.00621347649051 -0.299649115277 0.0940219981296 -0.051448995477 -0.019398621428 -0.275313803904 -0.0768942848155 -0.0234433047479 -0.0530514552497 0.00320802241892 -0.0269905050646
-0.637784083142 0.026037730252 -0.103517270957 -0.0618845341006 0.00895720995391 0.00271820652255 -0.000862092688032 -0.668366526047 0.0196669561869 -0.00936577857667 0.0717900120473 -0.0450465765356 -0.000180105048534 -0.151739386445 -0.25746864758 0.154446645597 -0.0567676048537 -0.0116590338839 -0.0587292121562 0.00930571596567 -0.0109060375909 -0.0224765073748 0.0170738573718 -0.00420436529892 -0.0288844801405 0.0254220830233 -0.02849324588 -0.016110592519
-0.580411173441 -0.0407353794114 -0.0279164106238 -0.0544556752399 0.0519456863081 0.00323716119782 -0.00375957184894 -0.6715897403 -0.0416363623121 -0.0218115495814 0.134244166686 -0.0269750722889 -0.0200428580961 -0.155528631217 -0.138447502199 0.114966995132 -0.0356415284076 0.00272874584968 -0.303526968819 0.0126016119968 -0.0165828704734 -0.029379164 -0.165831287626 -0.0236092384049 -0.0346834014468 -0.0403656873053 -0.0189482051454 0.00874328599101
-0.537107121275 0.0334194218577 0.0494262088811 0.0636767937961 0.00928675264629 0.0384016574264 0.0086656635792 -0.585486277543 -0.0964218794141 -0.0438483957708 0.0845521182986 -0.0227156285194 -0.009629164786 -0.212804152787 -0.0663179244044 0.0713479242378 0.00865119938627 0.00802958736099 -0.441111484235 -0.0478008378086 0.014940177344 -0.00162375112971 -0.278582942969 -0.00344716053006 -0.0221367827678 -0.0991334304721 0.00295786236614 0.0233101434523
-0.626633673845 0.0110733644801 0.0780890251354 -0.0642602954834 0.0329042893132 -0.0286526064532 -0.00266390442545 -0.493937718701 -0.0105326904057 -0.0112304091865 -0.00919480175028 0.010413251897 -0.00228619296585 -0.194088310698 -0.243794355929 0.0932913877073 -0.0938621445186 0.00697136148217 -0.331838542132 0.0414411516682 0.0503806293458 -0.0143942501975 -0.345716336538 -0.0345950907695 -0.0133120022293 -0.0177124743408 -0.00861300581499 -0.0114269666036
-0.559291430316 0.072206933876 -0.0807720126752 0.0298585944035 -0.121645673824 -0.000125264860546 0.00575857636878 -0.501114224691 0.0400064717991 -0.0278425967711 0.0861052310842 0.0143314156104 -0.00162879001184 -0.334779903103 -0.226545515587 0.0473721342185 0.00502494124074 0.00181820883638 -0.337174578307 0.0997895247031 -0.0316525913625 -0.00850821755398 -0.301346534864 -0.00475809160819 0.00141646178396 -0.130759224763 -0.0170877823511 0.00173455926258
-0.599933449204 0.0495539509145 -0.0210548110362 -0.108356167282 0.0355379422187 0.0107807146678 -0.0116359928509 -0.609668892268 0.0517851307268 2.68023165197e-05 -0.102554225666 0.00480232202496 -0.0328514911602 -0.238903152453 0.00691137616352 -0.186650762001 0.0520944116332 0.0111201335206 -0.162940749912 -0.10015906251 0.0163356727346 -0.027506874705 -0.298619162924 -0.00351159203796 -0.00730196846648 -0.121829840889 -0.0367766585518 -0.00950007857257
-0.564535234983 0.00428571619399 -0.00935419363721 0.0457928705135 -0.0406576655018 0.004726960836 -0.00226283105408 -0.621694047865 0.066195374357 -0.0679226668066 -0.047383354624 0.0233106485017 -0.0173927882371 -0.217032994159 -0.0311616961613 -0.213037266946 0.0348794448393 0.00497547906232 -0.201133509261 -0.119545260644 0.0286586664453 -0.0120350850166 -0.351590205712 -0.0375187089883 -0.00490957285033 -0.0149142926568 -0.0560559524489 -0.00144335002319
-0.745306116512 0.0121622192146 0.0985795033263 -0.00365266667953 0.0198890353314 -0.041972405976 0.00422679871246 -0.554611936005 -0.0195623296693 0.00665020469578 0.00536285592531 -0.0244806535661 -0.0101144424739 0.0189495275371 -0.168852294828 0.20146750623 -0.0474718772482 0.0220847834348 -0.059700881698 0.00900439707214 0.00193677784431 -0.00889157540416 0.197769923422 0.00174582617218 -0.0089000564009 0.0912467666093 0.00265015437689 -0.0159961968325
-0.649873612682 -0.0116689767649 -0.091728132021 -0.0398030244612 -0.0560580048362 0.033680443182 0.00968742823389 -0.579945660295 -0.0350982256398 0.0205072487324 0.0194263365129 0.00856859133688 0.00584242240416 -0.25888131447 -0.308141405463 0.108159756318 -0.0630154320283 -0.0139506468732 -0.13064680939 0.0916952201874 -0.0307143255806 -0.0207727672494 -0.120237085907 -0.0685027877916 -0.00601802145094 -0.0222759276389 -0.0151184512497 -0.00937580709483
-0.552124756591 0.0260490712041 -0.0315847248873 -0.0408581526939 -0.0108498784467 -0.0177145474162 -0.0047740504224 -0.712304141789 -0.0634470460447 0.0620412472728 0.109428830856 0.00227005090652 0.00577261851117 -0.101758957908 -0.281292417273 0.192462678964 -0.0500331653827 0.00934296452821 -0.0674438780702 0.0825048820214 -0.0317425410714 -0.0368858632654 -0.109257992164 -0.0370937307089 -0.0078702201241 0.0818944995152 -0.0326359859741 -0.0104747088677
-0.563415349453 0.0183481137494 0.0298525106371 0.00325333430966 0.00589493614373 0.00126017189585 0.0120468308448 -0.69657321879 -0.0344533950998 0.0881823131099 0.0656402321907 0.0111500327912 -0.00384112513087 -0.0959955618988 -0.322780092965 0.160027304229 -0.0236704076462 0.0119528865131 -0.0998160453926 0.0574978787571 -0.026970362623 -0.016319025649 -0.139450839707 -0.0394629252207 -0.02029724737 0.0842512269785 0.00269834021868 -0.00444571567208
-0.665678546826 -0.0254889027379 0.085017637065 -0.0492713314714 0.0150604876864 -0.0312395055979 -0.00777513468365 -0.539752744416 0.0106181975131 0.0133591134089 0.0394046390128 -0.0268873242042 0.0145564185485 -0.172441590983 -0.309544194115 0.128871244023 -0.0685064241538 -0.00426544053142 -0.238124947832 -0.0219089756446 -0.022019641219 -0.00113663414616 -0.205875645486 -0.022887382639 -0.00294640926273 -0.0397150259994 -0.00961075315974 -0.0454129934132
-0.445183990092 -0.00836596645006 -0.0306317514753 0.0386646035773 0.011954568916 -0.00724892824365 -0.00760463930389 -0.439837943575 0.0364731591177 0.0561693182237 -0.0290188313255 -0.00782963861031 0.0128409030495 -0.481792725223 -0.241856014202 -0.0676728132951 -0.0321189125505 0.0180300295575 -0.22962792364 0.137302776175 -0.0526370086837 -0.00644455795605 -0.458052769326 -0.0139425618723 0.000698629532554 -0.136219721192 -0.0130064585363 0.0190628486092
-0.388888988434 0.0436930107526 -0.0171215260751 -0.104888613186 -0.0574709324745 0.00746501383329 0.00395399703537 -0.414139833467 0.0313552836548 0.0385088678286 0.119796052156 -0.0390889373706 0.0210301551372 -0.466200707489 -0.0584654702931 0.042812444758 -0.0882064871906 0.0114059049248 -0.334152897514 0.0224917608186 0.0197310825088 -0.000328153469422 -0.444314110321 -0.0388091504703 0.0194643594832 -0.315131000994 -0.0142003224832 0.00454424965482
-0.472980535658 0.0545562809886 -0.028262118911 -0.0228145521998 -0.0950562971524 -0.0147360164094 0.00465524288299 -0.52158882681 0.0924112819403 0.0116008031416 0.0662160587627 -0.042848540054 0.0107505446064 -0.346201701863 -0.178325422412 0.122742314699 -0.0707523946062 0.0145885239756 -0.387887717606 0.0189207163115 0.0130926007049 -0.000786212704932 -0.272893342055 -0.00801559391212 0.00964450548747 -0.277917510001 -0.0292915709285 0.0016492082266
-0.465830598182 0.00242466339159 0.0365748540302 -0.0745279775799 0.0662231479937 -0.00624024546462 -0.00378375739298 -0.325190968051 0.000976889023155 -0.00351569607866 -0.0344863982407 -0.00485883310515 0.00186635169769 -0.251388112619 -0.315164331551 0.0303236363106 -0.0395885875928 0.0035278453587 -0.26160519272 -0.0382838156905 -0.0305886082943 -0.00440698605546 -0.650255104221 0.00375733445476 -0.000104028913661 -0.0712257019354 0.0110352804514 -0.0276352398878