-0.0106737691785 -0.00386537034013 -0.088854896901 -0.0382265422955 -0.0064202533571 0.0166069462481 0.0139416253955 -0.354550366283 -0.15735844911 0.256486362671 0.462252520719 0.0818375410246 -0.025156293838 -0.113247870735 0.163103895999 -0.260593050654 0.018036471501 -0.000257290628613 -0.266361888825 0.385107528724 0.123619034772 -0.0170229660573 -0.456975529224 -0.0147246328179 0.00381702144794 -0.0260239290381 -0.0226634218431 -0.0019723894819
-0.285225216776 0.013013418571 -0.0639273352336 -0.0632685189936 -0.043804093416 -0.0049439263592 -0.0029690893257 -0.243789283215 -0.00323609719997 0.016167997217 0.0331494605032 0.0338302017211 -0.0138389594851 -0.396737233194 0.22550899385 0.123427197843 -0.0165187967692 -0.0104438991473 -0.234885326451 0.210954395836 0.0510305880914 -0.0117267179329 -0.700333734206 0.0326461384894 -0.00480050903917 -0.168347420783 -0.00931606077967 -0.0051300916653
-0.258123856068 -0.00931168968348 0.0172415173826 0.0359194073228 0.0295337453944 0.0210671112899 0.0100393525008 -0.273486765378 -0.0574158074774 0.045955787187 0.0525686480268 0.0423895291576 -0.0174737119478 -0.369560164076 0.215251179202 -0.0473083178117 -0.0312130581856 0.018216136783 -0.414134911548 0.259371271033 0.0506639120415 0.00933574792013 -0.607595090127 0.0552945355398 0.00366751527204 -0.211453791844 0.00572569975664 -0.0183444938175
-0.418455212287 -0.0465417500384 -0.0722057225035 -0.0359927608349 0.027151982317 0.0233697848434 0.00314439666359 -0.595241506065 -0.0954409700739 -0.0112906051498 0.222983474687 -0.080368231555 0.020444231177 0.0355330098079 0.0618871223316 -0.229769466611 -0.0114874775077 -0.0139693683809 -0.467935375369 0.0299020961609 -0.0023285199513 0.000851096888573 -0.327160938655 -0.0715593670506 0.0117891437057 0.0644479915697 -0.00893112355294 -0.0132022232266
-0.466056427155 0.0154184699772 0.0257641573238 0.0153382190126 -0.015592596389 -0.00999970940048 0.0190864675367 -0.725882133636 -0.111324866217 0.0253293605744 0.275651442542 -0.0813102422032 0.0275526970278 0.0666713274582 0.0254020631888 -0.179769640476 0.0473409273419 0.0107551586532 -0.117437928443 0.109056304301 0.00366416059417 0.00184133565396 -0.264094791589 -0.102592263986 0.0120874745928 0.10056136652 -0.0124612490918 0.0387562571505
-0.442414307685 0.000216927388204 -0.0595644933765 -0.0317256610416 -0.0431074363221 0.00437351367224 -0.00165407167184 -0.37237534567 0.0307520309209 -0.0224409965874 -0.0117339303532 0.0193341648087 -0.0144045870829 -0.348381840644 0.228588796322 0.15479113358 -0.0165258454107 -0.016192455975 -0.225292486853 0.175267574914 0.01556153018 -0.0189121735467 -0.605539045097 0.0194684859729 -0.00557134468679 -0.0962701020139 -0.012700475994 -0.0171134958299
-0.214090536877 -0.00513475655039 0.00272136184408 -0.0290623042962 -0.0135571088554 0.000656219592478 1.16872972715e-05 -0.219708655785 -0.0343728454361 -0.0275145203593 -0.0187028451303 -0.00612000289026 -0.004660400419 -0.557123922724 0.0404078084866 0.0267405514833 0.00191888896072 0.000839628125539 -0.31982223106 0.06530594697 0.0151020393223 0.00193576205347 -0.510999019291 0.00976813134196 0.000802854629071 -0.4708675211 -0.000951582187657 -0.00527162328335
-0.183668466155 0.000464847037444 0.00211980663583 0.0116922150519 0.0258417294124 -0.00432631513392 0.00197050161511 -0.183992147578 -0.0203381297015 -0.00234592451256 0.000268722236774 -0.00357156471847 -0.00451220291761 -0.498602946317 0.0230496147313 0.0289789917377 0.00443962156093 0.000440047741765 -0.42610889102 -0.00209035826707 0.00523168611824 0.00113254877337 -0.551564907087 -0.00160909316807 0.000150089411047 -0.441886195012 0.000664035937917 -0.00637600345981
-0.310520796608 0.000205417082601 0.00826729264302 0.0289679129262 0.0379772273588 0.0132529267816 0.00345945000506 -0.288022439514 -0.0073506042929 0.00246532659652 0.00820863143277 0.00185956124814 -0.0113089867273 -0.401409222949 0.203779705112 0.153176483661 -0.000436102909325 0.0108048134811 -0.292350066588 0.186451024904 0.0205048023447 0.0210680912554 -0.675345967664 0.0177643354453 0.00672823390945 -0.11038130946 0.0218777298622 -0.0370892787769
-0.489650449026 0.00274516838507 -0.0422885382222 0.0262851804594 -0.0714734053234 0.0483947368092 0.00229055767531 -0.447983838919 0.00208581473971 0.00827808977863 0.00448084725895 -0.00120531735574 -0.00371265124037 -0.280796455206 0.191664786322 0.127685801058 -0.0184428425873 -0.00945578728644 -0.109678631782 0.183007689544 0.030757451947 -0.0130285646281 -0.606285668494 0.0298067862 -0.00245239539809 -0.0444380213815 -0.00819451681593 -0.00559648955741
-0.351148721855 -0.00158683499359 -0.0139962361997 0.0283634275958 0.00349133265856 -0.0213040097209 0.00202454774012 -0.387667432601 -0.0212082689987 0.0323321619043 0.0612401137871 0.0472738101527 -0.00111070235893 -0.423824686331 0.0910479509916 0.0027295416876 -0.00304634462039 -0.00175947797453 -0.352991098693 0.138142865332 0.0884254882756 -0.0091449785331 -0.553773253125 0.0396236463962 -0.00482618202355 -0.263647471001 -0.00799299348952 0.00980459807735
-0.402076323839 0.0130453755646 -0.0264832484637 -0.0273680455603 -0.0174726082554 -0.000225456644284 0.0022830214923 -0.459515634061 -0.0417029753442 0.0580868533852 0.0402520309508 0.0629906689822 -0.00367740099242 -0.394800228037 0.108089844739 -0.0592480030543 -0.0312767726495 -0.00491614287189 -0.356501249431 0.187452943943 0.0651295039473 -0.0108023343526 -0.41942377007 0.0604723595802 0.00392314744053 -0.310229598693 -0.00165323170751 -0.00683518509748
-0.512739748126 -0.0415084667504 0.00225092362679 0.0464759703957 0.0853490221384 0.014880023615 0.00935797659784 -0.511657445475 -0.0568060595954 0.0409180466008 0.0624139537993 0.0263122873869 -0.00905596328191 -0.197823939206 0.182658840728 -0.0640284879891 -0.0253604251598 0.019702007828 -0.296108306859 0.207723855483 0.0394230092167 0.00135938737307 -0.487307292856 0.0512494191601 -0.00443262360055 -0.0641486942944 -0.000966248068553 -0.00257854201405
-0.530374481243 -0.0293539921498 -0.0506487481766 -0.00870814538877 0.0247937069767 0.0330018383452 0.00338231838175 -0.53160576 -0.0212655781344 -0.0361996542602 0.115069083949 -0.00813266410721 -0.00123255736877 -0.00140814029302 0.0962795205564 -0.107739644221 -0.040951002025 0.00636567787905 -0.25089205116 0.102311895579 0.00117168668488 0.0159964723608 -0.557508772069 0.0114658798352 0.00392624153716 0.0908530249955 0.0041718008353 -0.0174785087575
-0.50857693786 0.0104185424313 -0.00946931049054 -0.0270180875301 -0.0289351630499 -0.00303120802545 -0.00604849145785 -0.594724060917 -0.0609261038495 0.0484429110463 0.0632029862415 -0.000899562460727 0.0222300007083 0.0846112951085 -0.031842845187 -0.0601558398217 -0.0198343607068 -0.0179760884338 -0.375756231084 0.128293472873 -0.0239039600334 -0.0119863063195 -0.436092725971 -0.00757883973871 -0.0260145579472 0.114989362487 -0.0107499041321 0.0129909834709
-0.544576689512 0.00789797318492 -0.00211574796264 -0.0528615307061 -0.0153534094057 0.00360014055812 0.0015987419701 -0.650862357739 -0.0938095266444 0.0342978799485 -0.0259848269245 -0.00581253456724 0.0220547523015 0.119175484892 -0.0103423253485 -0.0465642451235 0.00558425048183 -0.0132202787288 -0.251345387994 0.194631481171 -0.0218231053552 0.00807061024552 -0.360375383627 -0.00993152551043 -0.00351920794061 0.130453448265 0.000561702464865 0.015776448882
-0.564655581538 0.0104581650578 0.00490510686797 -0.0361887603023 0.0548866760516 -0.0309315457492 0.0139601908929 -0.603260743387 -0.0288229944351 0.0629846950205 0.0405625323078 -0.00741982925853 0.00111073584819 0.0606842454336 0.0401909370317 -0.08010852451 0.0192515552009 0.0239403784167 0.0684967819041 0.139234510272 0.00989242555155 -0.00287255791006 -0.500678122031 -0.00852494566824 -0.000355342415773 0.125327670377 -0.0131611997678 0.040731173071
-0.60093546639 -0.0458913287864 -0.0739266573133 -0.0565534661682 0.0450517881264 0.00762070858107 -0.00216898759981 -0.504975270871 -0.0218354943959 0.00608055267825 0.0407933354168 -0.0278269608096 0.0116468637765 -0.0573417376047 0.123523890307 -0.237363801145 -0.0237615193877 -0.0170018754719 -0.449399763771 0.0512713557924 0.00653118238059 0.00580472398582 -0.285433450423 -0.0183211918853 0.0140280363655 -0.0611303386932 -0.0020186205766 -0.042123232535
-0.528152425613 -0.0113987850439 -0.0299234926339 0.0635970721594 0.041038391586 0.0222498283217 -0.000161299482663 -0.614197929627 -0.109329504835 -0.0305029188289 0.0407357346359 -0.0562316594012 0.00430635837889 -0.260450464126 -0.00528810813232 -0.087639859451 0.0788584868872 0.00643672491356 -0.299814212777 -0.0126856829339 0.0582938712932 -0.0119433524338 -0.295849940914 -0.0504811686763 0.00606999155045 -0.230882591942 -0.00524324867593 -0.00180072825224
-0.529560875698 0.00564545325491 0.0224206662892 -0.0171981340591 -0.00517267418222 -0.00519407061263 0.000925827874331 -0.616594047766 -0.0411575972603 -0.0100407995586 0.0981261311103 -0.0687480221452 0.00619729440968 -0.249331659293 -0.0565701922067 -0.0256341719443 0.0604380382289 0.00242693764682 -0.31987739074 -0.0209364149727 0.00638409121171 -0.00376260512788 -0.281989585808 -0.0581957222267 0.0207599670606 -0.257719711115 -0.0046572045525 0.00547149742262
-0.634981973119 0.0480583013927 0.0773302419749 0.0130966123946 -0.0107620220733 -0.0028797109926 0.00591868730576 -0.655493175607 -0.0744808550286 -0.0418503388443 -0.00216292968057 -0.0355193956639 0.0111712361454 -0.097907647959 0.0360273619632 -0.197376859108 0.0251088566399 0.0231587159579 -0.0973180646668 0.0101538975337 0.0230990869333 0.00550256698994 -0.291942613838 -0.0444679437184 0.0116231695461 -0.0297332435119 0.00264969780766 0.0208877344135