-0.0102692368233 3.2899795662e-05 -0.0670261746111 -0.0730608507112 0.06767525677 -0.0184006715195 -0.00269060214906 -0.00771547346085 -0.0584240938241 -0.0112360722389 -0.037023944039 0.0133656677798 0.0604093437063 -0.466494914667 -0.694995131493 -0.171743630116 -0.112753088295 0.0233363611304 -0.436844221277 0.150002864867 0.0331771752373 -0.000123730932684 -0.0868040381173 0.095433254148 0.00205710598315 -0.0305370206655 -0.030141547213 -0.00537535017949
-0.45215173308 -0.00980027974079 0.0805184343355 0.00592621668455 0.149706094124 0.0116163963778 -0.00819532579561 -0.449487556006 -0.123730787106 0.0191291364736 0.0141213796045 0.0728486186456 0.0132890890083 -0.561834316951 -0.247814551979 -0.261069882911 -0.102913375142 0.0190079872495 -0.20978438277 0.135435130173 0.0482011428095 0.00517173912643 -0.0715442177501 0.0611155256405 0.0130194913688 -0.10919399218 0.00762240386427 -0.0323496416092
-0.379776281606 0.0486450060161 0.00113136377154 -0.0639297078238 -0.0614139944244 -0.0268899143931 0.00241658596574 -0.456705662363 0.0881631910106 0.158941068089 0.0872549703768 0.0910175409545 -0.0178458356116 -0.467082624212 -0.280945094841 -0.135759200549 -0.0529349675136 -0.0204004942073 -0.44147443471 0.140317075075 0.0397064413129 0.0206730631999 -0.112630467805 0.060743216693 -0.00758847151571 -0.182253281762 0.0306924816351 0.0324754123272
-0.439060750153 0.0707347083346 -0.0649668269838 0.0424864010456 0.0803291344275 0.0397066088601 0.0207615420264 -0.466596350302 0.0566366061172 -0.100146027726 -0.0283736432558 -0.0596243294468 0.0485720664868 -0.271273270606 -0.57158910249 -0.099004750461 -0.0772964921514 0.00783631620097 -0.339627776836 0.0560366299701 -0.0265784599928 -0.0127294445551 -0.0302034061941 0.0535079872925 0.0125746400036 0.0867751611298 -0.043990668727 -0.0342351335949
-0.413399960766 -0.0490464740971 0.0139602909898 -0.0951258321144 -0.0387824576275 -0.0199801094945 0.0347975010183 -0.441922801312 0.0254131301602 -0.127632618403 -0.00440599073386 -0.0598463753543 -0.0118802729777 -0.351663098607 -0.550186974587 -0.122389490411 -0.0626409218768 0.0330045257854 -0.346409104397 0.00115931746696 -0.0122126763932 -0.0175273481707 -0.166889082392 0.016866000572 -0.012103982992 0.00788313172494 -0.0468057331028 -0.0317064420578
-0.322594544981 -0.000189450638959 0.00940872582149 0.0229544554513 0.0660234689578 -0.0109772120574 0.00285662224194 -0.251634959945 -0.0100976122506 0.00802650162062 -0.0018110095333 0.0119429961739 0.00371041423374 -0.698687112326 -0.0471522888204 -0.0376152377603 -0.0192985236585 -0.000504379096444 -0.52914929024 0.0889443003624 -0.00473567892024 0.000793686024288 -0.055296685731 0.00818363055487 0.0110133424042 -0.208404826815 0.00254230045039 -0.0197625784186
-0.247851554972 0.00139508373619 -0.0362592612282 0.0208276357189 -0.0126211932338 0.0383543170166 -0.0169523179538 -0.23172076975 0.00558389534078 0.00755024163542 -0.019008235331 -0.00345044565042 0.00440489197521 -0.467667162851 -0.0542739561839 0.00719606005194 -0.0403055950412 0.00356764536339 -0.51336617411 0.0133588101877 0.0271173441334 -0.000352342009128 -0.435637688873 0.0155836097994 -0.00233550440682 -0.450302494292 -0.00333383563198 -0.0103962854223
-0.276770152264 0.00974186150049 -0.0665557983134 -0.0131042081673 -0.000249089737136 0.0104597177041 0.000322676199949 -0.317937662186 0.0477796846503 -0.0154587874369 0.00317473815169 0.0526349179262 -0.0481959238698 -0.50524002273 0.0932918506531 0.0614764376095 0.0450987803494 -0.0139614477572 -0.462626724772 0.0062284150849 0.03230205711 -0.00106651174973 -0.349060042857 0.0264676606025 -0.0132854063181 -0.447875343798 -0.0209500601092 -0.032338475013
-0.350731077779 -0.00667714669206 0.0755785934773 0.0134427935491 -0.0186300541559 0.015335912997 -0.00474044890765 -0.34228379851 -0.00522458599909 -0.000511743107302 -0.0228417513319 -0.00451738631305 -0.032967404672 -0.515396408256 0.0174175957783 -0.134931127249 0.0121961476628 0.00942609682226 -0.626134101918 0.0734285800095 0.0026346172074 -0.00629510508295 -0.161174605243 -0.0257916082232 -0.00998995318642 -0.203433084131 -0.0173702894222 0.0365884102899
-0.743951429712 -0.00510965950139 -0.0306693971141 0.0269169944709 0.0885238287091 0.0409277333092 0.00790475927517 -0.537015894871 -0.031787884068 0.00165384415766 -0.0073481291194 -0.0157108092932 -0.0232113911949 -0.242235398895 -0.157224024587 -0.184087509009 -0.0493955431903 0.0169516087129 0.101723485776 0.0847864524895 0.0366371831864 0.00928818533968 0.0565192375219 0.0452457187324 0.00140962137791 0.00772748435106 0.00449536879135 -0.0270329528417
-0.456389167117 0.0241799650104 0.0492150303466 -0.0041804368887 0.00856053110642 0.00738368604074 -0.0116282768209 -0.55190813198 -0.0799119780385 0.00622813804856 0.0277914593337 0.0371307779964 -0.00512007253217 -0.39224726758 -0.17915227397 -0.241526640579 -0.0557860299475 0.0109579875876 -0.43097947969 0.165620940176 0.0133811688987 -0.00496839927494 -0.102697642815 0.0292516020241 -0.00190584100974 0.0536116745593 0.000676102750618 -0.00618258220522
-0.5205035265 -0.00977179785215 0.00342790819203 0.00353904501036 0.010677388562 -0.0010337760384 0.00716816073013 -0.728420535018 -0.106896492286 0.0225914615244 0.0305067545441 0.0496967563796 0.0260002356981 -0.2206187288 -0.288712727002 -0.114227572373 -0.0534355351987 -0.0102577056652 -0.163771628628 0.0587305374742 -0.00339181603334 0.018615103074 0.0166756630823 0.0305274823903 0.0127539132258 0.0272538582803 0.0343884400311 0.0147334492314
-0.437956589482 0.0136902561225 -0.0175664996967 -0.0379568581692 -0.0634239171363 -0.0162752183886 0.0096205884697 -0.410383161364 0.0244579777744 0.0212958513822 0.0189657211864 0.0269983920527 0.033136490742 -0.449202655534 -0.118057630277 -0.0994286396262 -0.0550172236338 -0.0038239968789 -0.59463720018 0.134415875217 0.00672297662747 0.00906819819065 -0.106309975199 0.0203048214047 -0.025866382136 -0.126204857168 0.0371234956829 0.00994664737981
-0.631238717764 0.0508875805201 -0.0495510109665 0.0291775580049 0.0647688846867 0.0176688680736 -0.0207924149123 -0.525889239656 0.0222863694515 -0.0247484889137 -0.00952458822804 -0.0242679237221 -0.0244080914884 -0.221513303651 -0.396440988498 -0.0773736217983 -0.0519939972433 0.00201706628314 -0.29797936662 0.0521313595281 -0.0148678492479 -0.00857480581891 0.00575777492023 0.0640565463192 -0.00028287313908 -0.00678178402794 -0.0157003150542 -0.0244389773151
-0.56952536153 0.0165222612289 -0.020600632459 0.000687655889998 -0.0120264764375 0.0166697628784 0.00160811070308 -0.642725854675 0.0375077109313 -0.0463656162876 -0.0224812495709 -0.0110665409085 -0.0149298982456 -0.0639718286392 -0.408374648826 -0.0542749310619 -0.0161221527564 -0.00207900275201 -0.0949642271886 -0.00305370790281 -0.0665587031623 0.00738934319306 0.0928804807821 0.0124020334847 0.0103587596143 0.241093304932 -0.0250293983931 0.0422990457357
-0.549654280651 -0.0407955344807 0.0116965787703 -0.0173260187818 0.00619009634116 0.000384784482203 0.0162774136174 -0.706040636257 0.0723962741647 -0.0479529480965 0.01941287693 -0.014265735782 -0.005765405221 -0.057343150503 -0.378202912807 -0.0676179371014 -0.0234608006127 0.018609035257 -0.0433489490134 -0.00715271638922 -0.0375975046676 -0.00184678640756 0.0206216401046 0.0246506129634 -0.00161933664232 0.174968712205 -0.0442198817001 0.00899761939849
-0.51322757265 -0.0253493648985 -0.0164535222131 -0.0542979450693 -0.0597152309214 -0.0147220429357 0.0179796307111 -0.496527077443 -0.0243541110401 -0.0767301116822 -0.0035478358439 -0.0342498475463 0.000590483507854 -0.358383747702 -0.301077756687 -0.13970391701 -0.0630399614858 0.0124429076333 -0.438329104687 0.0647765752748 0.00645708953592 -0.0107158989846 -0.152379996658 -0.0157648937449 -6.38984638505e-05 -0.0133083838535 -0.045486692909 -0.0974276717517
-0.344588281323 -5.02572529719e-05 -0.0698049915329 0.0483891544646 0.0500130506151 -0.0172195803359 0.00897678678253 -0.305863787381 -0.073442037414 -0.0399112149163 -0.0201654422106 0.00579559876624 0.0298451150704 -0.529555144851 0.0172645405502 -0.063015280973 -0.00165565323356 -0.0111556293325 -0.612557480654 0.100408560223 -0.0158049476435 0.000883095658342 -0.0829176981669 0.0103046304103 0.0184246434301 -0.29832995513 -0.00425317630909 -0.0507168944688
-0.379543011834 0.00369263082624 -0.0273491511765 -0.00812314384149 0.0168739402466 0.0133516415274 0.00888509132116 -0.456970578937 -0.0990454760616 -0.0990737692394 -0.0963554260828 -0.0269003651472 0.0147892444798 -0.410369450379 -0.211254880918 -0.0758138828619 -0.0610462857057 0.00250883237929 -0.519738120001 0.0657732240507 0.0251438212573 -0.0108427001082 -0.324492468718 0.00503784987515 -0.00637285953372 -0.0866447758103 -0.0314852837147 -0.0657808162555
-0.341489861221 -0.00576561387518 -0.032374828072 -0.0366677405803 0.025980202973 -0.00499937152783 -0.00978444880163 -0.361826726145 -0.0724421825265 -0.0628810055225 -0.0467792657552 -0.0252995211126 -0.0149895254887 -0.505129353344 -0.184297515174 -0.100804532669 -0.0576173080688 0.00416936022157 -0.537137800253 0.0519288682308 0.0200604940549 -0.000379696496965 -0.337835232311 0.0137398789636 0.000985496338338 -0.167037798935 -0.0173313247385 -0.0151339482124
-0.302977846107 -0.00320270522859 0.0110218505315 -0.0346807989778 -0.0340118772836 0.016174335831 0.00414205463118 -0.2866217768 -0.0439189463507 -0.0192118221698 -0.0181119559857 -0.00177574394676 -0.00148617039934 -0.528288855385 -0.055314087204 -0.127181406119 0.000492530476671 0.00646107070278 -0.679914198785 0.0655201758994 -0.00203089499353 -0.00280263131117 -0.148937968899 -0.0243107340918 -0.0125697680453 -0.180061395267 0.0171538075751 -0.00699992619675