-0.0036041758122 -0.0275840066557 -0.0149310101736 0.0547189452004 0.0114662334628 0.0169343515242 0.00383444100889 -0.355334432487 -0.0908148900048 0.301022932472 0.495670094424 0.0558078870932 -0.0256958438774 -0.0989985990684 0.192938152496 -0.289412100176 0.00128274043945 0.00429131719561 -0.256606930508 0.335120517403 0.144684212461 -0.00969783075391 -0.431056014475 -0.0576535437249 -0.0337997565204 -0.0241408879302 -0.0116644215633 -0.00274372315232
-0.313955822443 0.0106652999884 -0.0568089320275 -0.0260200068522 -0.0663927190593 0.00730409681401 -0.00855775264048 -0.304988475308 0.00817173926088 0.0286321309373 0.0355696516904 0.0410400320987 -0.0193254939785 -0.253552899552 0.230214179334 0.0717633519748 0.00388176823134 -0.00986561180626 -0.235122864759 0.159149443928 0.0561013664853 -0.0144238863971 -0.76530028732 0.0353359583909 -0.00572802921697 -0.0435229657196 -0.0164789713074 0.00176114581931
-0.369932810952 -0.0115537782044 0.0774832897726 0.0272227374172 0.0191227931594 -0.004992724146 0.0182418588727 -0.395201925144 -0.0156975103428 0.0858348532485 0.0556297154328 0.0612681774047 -0.0174035842124 -0.276440601756 0.200830104547 -0.0310871769339 -0.00928860382645 -0.00813681671245 -0.221198955895 0.29910686608 0.074450983055 -0.0143129054809 -0.600891539304 0.0506175167189 -0.00187317608182 -0.242591488402 -0.00864730134234 -0.00487338233255
-0.432918052651 -0.0519971010078 -0.0575183397124 0.053733661894 0.0559276672144 0.0505132445935 0.00209943544718 -0.633551406489 -0.0364130896755 0.0466157896593 0.297350134381 -0.0470272560172 -0.0212596411604 -0.0215401731362 0.0495576926149 -0.243840994242 -0.00755748166778 -0.0037523011364 -0.381010928711 -0.0264626338452 0.0145995947534 7.43919420121e-05 -0.276582045642 -0.0702607418401 -0.0316104953863 -0.103021591561 0.00763515623558 -0.0198554607976
-0.445121479601 -0.00418839879002 0.0635730801798 0.018284002126 0.00540399483054 -0.0446026641023 0.000912603998295 -0.659025462493 -0.0063507246745 -0.0215476215192 0.293702227266 -0.0799375236094 -0.00744743996161 0.0548780676746 0.000595079450347 -0.241715325585 -0.00654423681218 0.0281367272167 -0.319696977327 0.0365490791132 0.0147976091154 0.0127105122727 -0.259349172973 -0.114317176716 -0.0215049362473 0.144267399143 -0.00388738774041 0.0105851429529
-0.403886107121 0.00280507206179 -0.059115411641 -0.00460753157155 -0.0551216250776 0.00628092328987 -0.00554670143799 -0.355212176993 -0.0164729626619 0.027075619886 -0.00277733028188 0.0128300786608 -0.00492736995187 -0.264925825327 0.269483960648 0.120475927251 -0.00685989506798 -0.00606413198572 -0.233143429764 0.116047130815 0.0229439192807 -0.0141192031936 -0.686685148518 0.0191382625094 -0.000768410939799 -0.069533330766 -0.0122915298223 -0.00484348759976
-0.283483401463 0.00471355892693 0.00558758702397 0.0439116013226 -0.0492338135369 -0.0237320332793 0.00695670927508 -0.276205492292 0.00161906366509 -0.0221419966084 -0.00784590500309 0.0207224632938 -0.00677556976564 -0.500916203032 0.0767131685141 0.0440231285152 0.0404951669755 -0.00100944369982 -0.420517662447 0.0168736491746 0.0562658565373 0.00351283063746 -0.555487071828 0.0209853232407 -0.00102024752114 -0.295942120153 -0.00274063347356 0.00502307274169
-0.296104665152 -0.0139959079899 -0.00799164417768 0.00730030402425 0.0233981724514 0.024888670169 -0.00831114845632 -0.318738033912 -0.0111686929343 0.0142236070562 0.0571463044395 0.0300876615391 -0.00404054770533 -0.625173894655 0.0221743044326 0.0398589258862 0.0176678996195 -0.000571302702867 -0.22941030988 0.123698879961 0.0557235217376 -0.0103986191197 -0.338317765134 0.0468936119932 -0.008570944293 -0.47274504474 -0.00460855177029 -0.00671937922293
-0.506091308075 0.00266750224462 0.0867491034264 0.0315440630593 -0.0228172051153 0.00931324938171 0.00534167538941 -0.437871003651 -0.0350365398912 0.0276203169087 0.0338128413474 0.00091908375859 0.00676220722412 -0.287050265022 0.293393051602 0.0455352139 -0.0208414364497 0.00776556599503 -0.251876420861 0.163760173154 0.0335402587241 0.00894430797438 -0.507638807714 0.0154849058031 -0.000698004720731 -0.131948080496 0.0358962978883 -0.0255146741517
-0.527233630381 0.017200619119 -0.0890731148253 0.00367048258213 0.0200500975859 0.0339272928929 -0.00827659289168 -0.467161373303 0.0256108885222 -0.0242705365746 -0.0207466241694 -0.0119761132864 0.000550854745426 -0.12149682553 0.2006690432 -0.0152599861114 -0.0204000723526 0.00124005323158 -0.182208874622 0.22387721645 0.0526163195911 -0.0157513328544 -0.590277024136 0.0266280991096 -0.00670969572447 -0.0276021823482 0.00145121902248 -0.0117513856522
-0.497003770032 0.0307848710421 -0.0109918000209 -0.00982147732607 -0.0552399308011 -0.0477920784085 -0.00483834180508 -0.492989957829 0.0315698922805 0.0242656341034 0.0421661417954 0.0173870437367 -0.0222368199746 -0.201034986372 0.103344986678 0.101469957152 0.0350461817285 -0.0159264946471 -0.113995162059 0.0314691879861 0.0501563013589 -0.00861208333015 -0.643443309978 0.0287606116069 -0.000110232639759 0.0674971118821 -0.0178197576053 0.00978625455267
-0.576826074273 -0.0188526294637 -0.00797376911541 0.0586287520149 0.0650187417921 0.0185478756757 -0.00537016044197 -0.56987920798 0.061448318439 0.0506218745328 -0.0602669809314 0.0341921950901 -0.0216662292329 -0.291053560114 0.05087802184 -0.0270459801365 0.0506395557318 -0.030502708711 -0.10221870658 0.212406179445 0.0817899597624 -0.0136372638887 -0.362865509753 0.0201921747956 0.0130897797024 -0.185552650124 -0.0421894144398 0.00397666908567
-0.600097169228 0.0205699146204 0.0924811157885 0.0171609649377 -0.061617276307 -0.0221796188001 0.0183036162053 -0.562566012542 -0.0482984710458 0.071707085391 -0.00300215429196 0.0171273010342 0.00344571035859 -0.111538635143 0.160374661792 -0.0133875404792 -0.0192523946772 -0.00466132994159 -0.142288232176 0.221831367238 0.0330596153301 -0.016040478214 -0.42519763848 0.0460996821485 -0.000958076063925 -0.0961964345846 -0.0028290279088 0.00111320395532
-0.593408956397 -0.0639570096879 -0.0950074542484 0.0393947823961 0.0381460470293 0.0139376240602 0.000292018969548 -0.60891244849 -0.0498221622144 0.0583932470897 0.115592363648 -0.0153988067612 0.0221110174026 -0.0327115636172 0.122718420637 -0.0512098264965 -0.0206001962669 -0.0295854571708 -0.229948033492 0.0304053308745 0.0123886119241 0.00768123851455 -0.397263758801 -0.00169078530609 0.0350118534728 -0.0790772495987 -0.010232394638 -0.0363778834977
-0.521787819242 0.0228440046025 0.000384895624166 0.0422293724685 -0.0353298551067 0.0260757917769 -0.00661014736056 -0.69071393517 -0.0989895476396 -0.0126524882271 0.0934285857415 -0.00680236120803 0.0175198994996 0.0315144096228 -0.0071426135519 -0.112870046199 -0.0162623748742 -0.00623422774408 -0.294741733943 0.056386562306 -0.00379357370765 -0.00295080036782 -0.348151688342 -0.0232150720613 0.000869028805059 0.0369305829368 0.003827264675 0.00657613519847
-0.484852729005 0.00219862093016 0.0101638999131 -0.0137046870612 0.00304638493061 -0.0149350960733 0.00192937051095 -0.685147144764 -0.0415763357801 0.0767106757691 0.138555580057 -0.0158659013587 0.0145047980775 0.0832403883784 -0.0129737921645 -0.035895158057 -0.00473406763852 0.00858119238443 -0.367970734473 0.115032824833 -0.0182509389243 0.0115619132771 -0.265134628722 -0.0487507691306 0.014768350347 0.191960213553 -0.0175808425088 0.00733608040649
-0.556421473304 -0.00325217697575 0.0171601989604 -0.028258144166 0.0256328337813 -0.0290693637712 -0.0139264874441 -0.597162281854 0.0157146334417 0.0259429506828 0.116796278486 0.00140493234753 0.0145812126899 0.0952513532699 0.0275553946758 -0.151241105871 -0.0303318104349 0.00482826859197 -0.33073445747 0.0353825490308 -0.00254165512042 0.00573752488064 -0.408597431359 -0.0039037521336 0.0076558959877 0.069243706313 -0.00797881722673 -0.00261683902598
-0.577284897488 -0.00951050500966 -0.0573281684001 0.0347210186131 0.0804881122647 -0.006228440585 -0.00403632717521 -0.512225333705 0.0566392201738 -0.00666535607188 0.0949945097548 0.00115763299668 0.0036055666467 -0.0432209615014 -0.0136244334339 -0.261567041013 -0.0209295056896 0.00194566677987 -0.365341276726 -0.191694793763 0.0143030262502 0.00300419574544 -0.366269659966 -0.0140165686231 0.00314996070055 -0.0624614812392 -0.00128320196842 -0.0367449150253
-0.445813404588 -0.00385310836512 0.00438768897883 0.0273367351738 0.0260634596847 0.00165286175252 0.00151327498969 -0.502197183863 0.0785382290385 -0.00508982628068 0.087069453363 -0.0455981305515 -0.00700596224961 -0.398883891206 -0.0621308130933 -0.0951840002482 0.00575192270722 0.00518326976064 -0.220870523658 -0.11244328862 0.02375554197 0.0106674736603 -0.361227565022 -0.0394795300822 -0.00392142355124 -0.406725468537 0.00020265906052 0.000443997916778
-0.483352293821 0.00120657367274 0.0181286458452 -0.0563817018064 -0.0373757875049 0.00827343270628 0.00338950661747 -0.523830143914 0.0807840825175 -0.00952497582135 0.0839692022142 -0.050908598457 0.00153847427792 -0.38699089271 -0.069315946667 -0.0863569583202 0.00212891019208 0.00871587259468 -0.227718942711 -0.0413844446259 0.034031584575 0.00657561086061 -0.287855903993 -0.0301740190959 -0.00636041010266 -0.412324294895 0.000189365069641 0.00519821598744
-0.648257301748 0.00352069609003 0.0843669614607 0.0122653674943 -0.0302905479374 0.00864595622252 0.00101148331907 -0.613594183018 0.0521963238036 -0.0414778297719 0.0934855429507 -0.0297166329924 0.0107003193812 -0.036989453188 -0.00231493560299 -0.28683511953 -0.0284514113691 0.0295780882184 -0.0744288625287 0.0361049391459 0.0370813425879 0.00185432825078 -0.294398013051 -0.0186674826034 -0.00737527100209 0.0059054526965 0.0121003712139 0.00063168122815