-0.00887459585039 0.00335831588917 0.0484330356957 0.0817509068436 -0.0113788125486 -0.00644556775439 0.0149917858126 -0.00616502593027 -0.0266571633136 -0.0589438631203 0.0739733374009 -0.000575451355951 0.0149615358182 -0.033780816911 -0.167092851102 0.0881343436002 -0.0404874935876 0.0585024151855 -0.485057952164 0.698617234519 0.0914200600455 0.0128570976574 -0.44658658351 0.0682752237581 0.0399352097868 -0.0239080808473 -0.0217704069598 -0.00798472769936
-0.344176612392 0.00192985380626 -0.0599905661005 -0.0477234583464 -0.0585353449768 0.0232177541726 -0.00632013425829 -0.356086941639 -0.0616722572404 0.0388951770677 0.0476442396554 0.0697236065703 0.00163556909884 -0.359626409963 -0.0241158367068 0.248449329891 -0.0422575735423 0.022406741245 -0.413699188873 0.322866249804 0.105238171697 0.00621456240013 -0.495317073761 0.0764075311085 0.0074820144274 -0.0242447587662 -0.00844732675869 -0.00924938108718
-0.472365935046 0.0057227973791 0.146388763015 0.0796016197922 0.036173140266 -0.000279482544533 0.0069318065674 -0.439919278516 -0.0612811734099 0.0758495944391 0.0309708827744 0.0753449396722 -0.026047305037 -0.0631608238426 -0.0617199571372 0.136090428294 -0.0535906814788 0.0552576269776 -0.428098029445 0.461778275136 0.0410035269269 0.0161138867214 -0.321140329915 0.0328791652178 0.0421587880395 -0.021479565185 -0.00223415892202 0.0146421427457
-0.450882384107 0.0543776432506 -0.143171342946 -0.00673404444116 0.0443479372397 0.00899903048338 -0.0198134598639 -0.478485982317 0.0403276544162 -0.0501417929401 -0.116588766503 -0.0597385163175 -0.0154718225427 -0.0253310749759 -0.200622915199 -0.0267075699177 0.00385171468681 0.0316156915705 -0.271759518882 0.528223449531 0.0354454427899 0.0105389276194 -0.333528878908 0.0776489160188 0.0313270954981 -0.0567838257825 -0.0273599339347 -0.034486076997
-0.458917926398 -0.0245351536404 0.167031572499 0.107591729468 -0.0496350916628 -0.0287031659705 0.0326699695229 -0.442756173872 0.0589363827648 -0.117263387416 -0.0149883044268 -0.0725851870825 0.0198851458973 0.000477091977578 -0.117688566794 0.090451605735 -0.029350227585 0.038325500103 -0.351028143707 0.517947778554 0.0488262562056 0.000337599010139 -0.324699968146 0.040399908283 0.0160547364645 -0.00834730940927 -0.0137467654905 0.00029357865485
-0.448574919465 -0.0116005038291 0.0339604598207 -0.0869675549118 -0.0654714278514 -0.00848104488171 -0.000846649510133 -0.370795058113 0.0106213800153 -0.0535259083915 0.0266509993736 -8.02275514408e-05 0.0140748775896 -0.413470195767 0.126276436916 0.280055615701 -0.0121291667931 0.0113583528028 -0.407125079334 0.229500736667 0.0233841750941 0.0162684451125 -0.392129705923 0.044095495827 0.00944721099832 -0.0580825327626 -0.00715649067125 -0.0112813767216
-0.198670478507 0.000688254097663 -0.00456473155733 0.0108161782248 -0.00367343893342 0.00297853020262 0.00466722904009 -0.207462375247 0.00227074159719 -0.0379291617896 0.00434938400187 -0.00215000476355 0.0098559070818 -0.577683092937 -0.0139603544373 0.037460885867 -0.00121179513743 0.000386997254617 -0.370598560376 -0.0472030141435 0.00282865855985 0.00120083632804 -0.495490549214 -0.0109682411427 -0.000918451302607 -0.44182013704 -0.000147267051956 -0.00263986910046
-0.225997387818 0.000131727938429 -0.0063266220286 0.0513973734931 0.0113325552199 0.0030076879649 -0.00281293039667 -0.219957758424 -0.00742922128918 -0.00237360165251 -0.00190724258484 0.017686620701 0.000396437423833 -0.612330307077 -0.0302841612908 0.0308136369858 -0.00136187623689 0.000755089752739 -0.39589457773 -0.0203782005 0.00157553617778 -0.00253767308672 -0.446031820421 0.00452556290332 -0.000425442966667 -0.405455477252 0.00119269560596 -0.00210810689742
-0.450360024604 0.00155357197577 0.0234062578439 0.0146232947208 0.0699604711525 -0.00394962863477 0.00279067911282 -0.363698029908 -0.000732655376737 0.0151730865936 -0.00819901735218 0.0101052152827 -0.010988057442 -0.328547705418 0.182683302527 0.255747658694 -0.0321713027052 0.0269655719153 -0.507458793291 0.277682043146 0.00263380803345 0.019812242858 -0.335452966368 0.0353096846574 0.0328008884596 -0.00529081019705 0.0140453197633 -0.0106383858274
-0.576853330989 -0.0190562408973 -0.0908243682695 -0.00648752801892 -0.035606195426 0.0113167044191 -0.00260214849562 -0.542495023234 -0.0410058484443 0.0625343148841 0.000877744309654 0.0208299999359 -0.0152084157485 -0.18792013591 -0.0249993787825 0.210659840422 -0.0506111926541 0.0261157547419 -0.262817089552 0.283160819762 0.0631020967746 0.00398470625745 -0.339855574749 0.0618223068839 0.0124839372784 -0.0123357282064 -0.011838725781 -0.00646728541935
-0.479172398367 0.0491067259637 0.00394714436055 -0.0330767091838 -0.0234338101515 -0.00914324646576 0.00186366300356 -0.637116320857 -0.0499799458903 0.0991897004863 0.0249457208251 0.0497485779503 -0.0102965621415 -0.261890536086 -0.0915030024883 0.102720769529 0.00577545914849 0.000294498814317 -0.278396819161 0.144743692243 0.119814708027 -0.0085583617535 -0.362506196823 0.0839763722812 -0.0127245492464 0.0751505748568 0.00553432408293 -0.006909293173
-0.621850234963 -0.016346617749 0.0391177983448 0.0622366517652 -0.0567427126805 0.0509405540836 -0.0187244466636 -0.63283519971 -0.0309579080011 0.0589475032738 -0.00406381185316 0.0324283129174 0.00121587361827 -0.109176299079 -0.19962434898 -0.101046820707 0.00349826530421 0.00186886155421 -0.185124515439 0.244777807982 0.0473177384242 -0.00120090954393 -0.188337281047 0.0242969990498 0.00254715442399 -0.0238470392804 0.000858338765796 0.0205577788064
-0.633829386882 0.00396972242235 0.0655760828825 -0.0374007729869 0.0938932030645 -0.0372922171167 0.00881145672853 -0.500212358573 -0.0329658845694 0.0127769311023 0.033633638727 0.0102596340981 -0.00321796316809 -0.0768606460623 0.0638328361647 0.159264014212 -0.0484042444755 0.0418717664222 -0.369508015395 0.304138281357 0.0225629038529 0.0169298820247 -0.229890967439 0.0233486860493 0.0425125175243 0.067311054733 -0.00329461613775 0.0230784396678
-0.60761820933 0.0327915976119 -0.107713559187 -0.035021462079 0.0407750041308 0.0151699879772 0.000519179460415 -0.552689405147 0.0328671185236 -0.0341303591383 -0.0348203093697 -0.00260494136501 -0.0110233603187 -0.0455628288596 -0.0108548696886 0.0294125702004 -0.023893683268 -0.000685600176757 -0.302060326072 0.376452099557 0.0370060725297 0.0287529236869 -0.246784059715 0.0489119650436 0.0242003013019 0.0533010337998 -0.0186107335099 -0.0100399711978
-0.60381115473 0.0185786383384 -0.00695915389588 0.0697091374972 0.0307708191271 0.0269851159013 -0.0111832147263 -0.659687687419 -0.100363063146 -0.0317181790546 -0.076845181357 -0.0351719051182 -0.0238674625039 -0.0114874734549 -0.202161604509 -0.0680661543593 0.0503221655066 0.0352065505829 -0.150185119623 0.239735887676 -0.0265999649316 -0.00789969470462 -0.191291751516 0.00743045920704 0.0304790868726 -0.0782387896412 -0.0192228531118 -0.0103931459543
-0.586793689385 -0.0259407590663 0.0348688588353 -0.0178778675599 -0.0418624550038 0.014864131114 0.0144929319435 -0.648189105867 -0.0179018734027 -0.137426362937 0.0477769742721 -0.0374103396579 -0.00359775497958 -0.0240201941332 -0.196589388995 -0.025347500221 0.0668441821558 0.0272764702092 -0.223470232174 0.293810142934 0.0182944151064 0.0118701774768 -0.136460617096 -0.00638588983855 0.0323525721606 0.0720058351862 -0.038745947873 -0.0041983892053
-0.6615362423 -0.0251884363955 0.11313101838 0.0548243572164 0.00133087891065 -0.0130608243394 0.010408422135 -0.49815597619 0.0281501721126 -0.0209163399821 -0.0178946945618 -0.017030482928 0.00578256532465 0.0333903446451 -0.0681954707303 0.125652702006 -0.0375850628529 0.0414621462353 -0.261373491215 0.368702081311 -0.000477540132213 0.00854001592468 -0.252849808868 0.0326514744855 0.0112739128426 0.0121353408026 0.0057020343975 0.0359849790128
-0.448311565555 0.0103189487478 0.0271687068394 -0.136158518971 -0.00157243666938 -0.013031116172 -0.00284633688372 -0.350822122994 -5.78948080572e-05 0.0320190560949 -0.0281393558699 0.000704652706201 0.00497958285524 -0.429869258969 0.139761682189 0.2655627372 -0.015449371838 0.00901049008062 -0.389160485812 0.250160070189 0.0209178367308 0.0132422950725 -0.398223865687 0.0516100418404 0.0112165335759 -0.0531932521381 -0.00723052914908 -0.0218501800044
-0.43733759868 0.0208685767331 -0.00299330656683 0.0158335399738 0.00984944726491 0.0209785931573 -0.00514892202862 -0.489141981741 0.0157100914359 -0.0364741952449 -0.0205148012217 -0.0590141716289 -0.00619528570755 -0.317130491797 -0.194311276334 -0.0786637168111 -0.0440043848929 0.00947088976279 -0.400900962758 0.238729824204 0.0592596681186 -0.00554789722535 -0.407374001561 0.051762168367 -0.00826644240683 -0.150907443662 -0.0364858063133 -0.0457590601903
-0.189599783013 0.00422385554669 -0.0229703234068 0.030229195823 -0.0134635537843 -0.00164110135051 0.00833593893713 -0.190629322363 0.0189939314922 -0.0264940446447 0.00898818983119 -0.0201191136223 -0.00413626581989 -0.58731648487 0.00555317812874 0.0259201851422 0.00244031118319 -0.000875097678948 -0.463810218526 -0.0169825343957 0.0101127299796 0.00171365107529 -0.44643724139 0.0115676664603 -0.00192942214528 -0.403892196741 0.00134699186543 -0.026385852438
-0.522638750828 0.0191311840402 -0.0259253209445 0.168633727205 0.00925646653869 0.00264759034478 -0.00371221663245 -0.331185742123 0.00508788999519 -0.0411677143544 0.025456505953 -0.000834214701245 0.00388487969171 -0.351914976831 0.132113004699 0.277820217318 -0.0278422918266 0.00508389056067 -0.398044633206 0.273276541659 0.0133113348379 -0.000541234561842 -0.358795956151 0.0343368005784 0.00721793042779 -0.0476998195718 0.0194088858399 0.000705695746188