-0.0306172215214 0.049786533862 -0.0243341129505 -0.190061006268 0.0166492170984 -0.00299017287162 0.00207593781031 -0.428654601421 -0.200790195844 0.331516974969 0.567113042727 0.101399531367 -0.023395174483 -0.0645252531539 0.10624934669 -0.146344986191 0.0160833215966 -0.0031457640375 -0.218396346727 0.2303606267 0.152251446176 -0.0219453431842 -0.352038195919 -0.0743869103095 -0.0280146718548 -0.0317041889011 -0.0185093727102 -0.00262863632049
-0.420437764657 0.0513364942879 -0.00871498592753 -0.113874813853 -0.0651692506056 0.0222146492981 -0.0153135320561 -0.489634948699 -0.09686527649 0.151555935769 0.0430348877648 0.0567983674684 -0.0184057593671 0.0148339847358 0.061112814727 0.0374391599903 -0.025786915011 -0.0211306378786 -0.0992637958679 0.200356491457 0.0718837046099 -0.0223509287026 -0.679983696267 0.0123153798029 -0.00327464458305 0.0179173197303 -0.00822033054876 -0.00269140680197
-0.230213902695 0.0251630386162 0.00196252842918 -0.0640870525009 -0.021960668662 -0.0153234810874 0.00366979632173 -0.284528249386 -0.0661339926927 0.109196131121 0.0483425183652 0.0666308370173 -0.0154561808372 -0.35012015125 0.0454081534666 0.0116518689777 0.00630711917288 -0.00436275027095 -0.358836211176 0.0535010479332 0.0452306372523 -0.0118860087004 -0.739397336498 0.0453389941234 -0.00587143330123 -0.171707472116 -0.0157555561699 -0.0085881393365
-0.454885897638 -0.0347518459071 -0.0329372983413 -0.0170773499765 0.0621230081799 0.0866181675073 0.00471419712883 -0.677067879995 0.0221287585715 0.0661141910309 0.315906204077 -0.0192310528103 -0.0147985309033 0.13066082371 0.109013872491 -0.0519612663104 0.0299678527539 -0.00180959845967 -0.390385843238 -0.056083777091 0.0232894743732 -0.00610240859314 -0.101576095814 -0.0563967186414 -0.0142325132004 0.113821192618 -0.0100635773213 -0.00143495623034
-0.435849710386 0.0207880814209 -0.0576518314859 -0.125298981477 0.000631971824344 -0.0425264125646 -0.00229962224452 -0.744936921126 -0.106382694542 0.0873210698048 0.304207762621 -0.037992269964 -0.0111850793214 -0.145927099571 0.0787004358518 -0.123995567804 0.0510624995518 0.0237103554387 0.0170255550771 0.136654744707 0.0757491610907 -0.00630210250911 -0.170320372931 -0.0972719524606 -0.0257838107546 -0.103922465597 -0.00513435356439 0.00664101988492
-0.441728047035 0.000421679058661 -0.028648864062 -0.0499143786194 -0.0752835256508 0.00302333092215 -0.000952145751655 -0.347577958258 -0.0299240059439 0.021017659165 -0.00258153071178 0.0147286490566 -0.00717319488833 -0.310047400938 0.200988490775 0.135887027202 -0.0370073187334 -0.00939213878006 -0.104323656594 0.130891595675 0.018280376041 -0.00861359529865 -0.692520665121 0.00686575822828 -0.00197635214751 -0.0929923683594 0.0018504998574 -0.0174210673494
-0.216673545151 -0.0011712267723 0.0170822504469 0.00387414616439 0.0173058703049 -0.0124566756172 0.00188330611907 -0.222364441944 -0.00721400616779 0.0200996745527 0.0333975333098 0.00278038726484 -0.00386067742749 -0.593201781959 0.00153568868308 0.0179080325849 -0.0159780831817 0.000776707318308 -0.33319142763 -0.000140915539193 0.00480061500496 -0.00160038502962 -0.534370032156 0.00326167758337 0.00057602807016 -0.390082131911 0.000223786948907 0.00320613128009
-0.200057692186 -0.0018155196197 -0.00447979600669 0.00656947512191 0.0228580096369 0.000866817748213 -0.00066350664404 -0.206448395025 -0.0126734790987 0.02020739603 0.0175703504144 0.0012343585294 -0.00894995212819 -0.61324842417 -0.00659190809395 0.0290849080811 -0.00489245638041 0.000560941270365 -0.22671979755 -0.0312917347254 0.00148275829307 -0.000362316241358 -0.503114268381 -0.00135254159205 0.00161272294226 -0.482993934912 0.000461558624184 -0.00490840074217
-0.189313788748 0.00247493547202 -0.0352608007866 -0.0339909151969 -0.00404334029543 0.000860273316042 0.00190502366136 -0.183181114068 -0.00958463648021 0.0128364272428 -0.00379058126658 -0.00118055161577 -0.00590150010515 -0.540594509546 0.00480586743972 0.0473232158229 -0.00364030938567 0.000219365671523 -0.206350623206 -0.0507026130944 0.00425865018795 0.000673433013848 -0.633543735246 -0.00416299883155 0.000145249497921 -0.431907344834 0.000851544476909 -0.0156289290197
-0.649692754602 -0.0232056731837 -0.0911867782135 0.00374188929724 0.0163989347411 0.0457321175341 -0.00409073721935 -0.558380298498 -0.0271618054165 0.0361388895323 0.0811170432891 -0.0213702133925 0.0100299757319 0.143990747004 0.0613622299295 0.00304639977954 -0.00740408691709 -0.0154693312191 -0.0575699025504 0.106751573029 0.00487242721685 -0.0230604961283 -0.444864106136 0.00215034587839 -0.00280716404171 0.0817463095497 -0.0112142523297 -0.0298752230937
-0.546257073632 0.0396127318916 0.018139762364 -0.0363917153296 0.0743492983176 -0.0304672377828 -0.0139182488609 -0.607542064829 -0.0251793824768 0.105849463047 -0.00682889629731 0.0245989943504 -0.00932187510393 -0.0509854480954 0.0167473638987 0.13905460553 0.00364372714909 -0.0184231737599 -0.151886082089 0.0932451048171 0.0906095650223 -0.0145694028971 -0.485263249014 0.0334043477797 -0.0169387482946 0.0986221636431 0.00426687475324 0.0257632807542
-0.349030155425 -0.00767528743975 -0.016285881983 -0.000854501482531 0.0144694689977 0.00420356818812 0.00491146076464 -0.441894396656 -0.0427365628615 0.0222410342595 0.120009364699 0.0578938542329 -0.0112937097484 -0.232578917966 0.116931916083 0.0422622679403 0.0236328389092 -0.0121986588146 -0.398567326265 0.0426439045736 0.0310323388645 -0.00564952821539 -0.654883585571 0.0219803033517 -0.00984116223147 -0.005906621376 -0.0261520339282 -0.00534793320603
-0.454327873933 0.0322765742328 0.0612468531882 -0.108551191451 -0.0505431235019 -0.0340604055129 -0.000940803140013 -0.404330821594 -0.0387470587743 0.00293442526381 0.0375030827108 0.0467557889842 -0.00651731334089 -0.309017131712 0.0226456295339 -0.0281678857129 -0.0299767023997 0.00169120061933 -0.348292981518 0.0254025380881 0.0231518163032 -0.0108246970905 -0.583897154979 0.0378621000567 -0.00239038517561 -0.204806991806 0.00192874790067 0.0059418188281
-0.534986823567 0.00215394807522 -0.0686263254312 -0.0489377594401 -0.040116724551 0.00651818206257 -0.00792483861379 -0.421112321249 -0.00784123140424 0.0267411619349 -0.00099739855996 -0.00453382029986 -0.000901227942842 0.0897070680859 0.136820054802 0.0164746112284 0.000819638120393 -0.0217194650617 -0.376650755989 0.000177689845255 0.0020481709999 -0.00571328288065 -0.597390971802 0.004820129422 -0.002434161874 0.0133053924275 -0.00682068184363 -0.016987173388
-0.65048718643 -0.0278428440557 0.0565360313593 0.0643592927413 0.0443697649655 0.00666188843555 -0.00203678756966 -0.622743221903 -0.0108592552461 0.0276150579633 0.0820523390223 0.013555941959 0.00310660837624 0.177105960398 -0.00391660660992 0.0287526225463 0.0165885053808 0.0121009762274 -0.208707599199 0.058457953233 0.0228098360293 0.0425052319928 -0.23187837848 0.0174125029249 0.00826892267173 0.183792970507 -0.0242711285277 0.0260471285663
-0.493889953295 0.0246237099869 0.0100466348992 -0.0366288453663 -0.0302674567509 -0.0258130769976 0.0110281470083 -0.630828282076 -0.112780208622 0.0435595464584 0.0303378912887 -0.00386313350008 -0.00232933994099 0.00480755245345 -0.0040410083578 -0.0606335522252 -0.0038984774701 0.00624021758375 -0.302582240039 0.00190865359468 0.00765152366739 -0.0073312876521 -0.490558741062 -0.0161893507395 0.00887239803737 0.046403228069 -0.0147675560961 -0.00398338697993
-0.619194902608 -0.0104170963506 -0.048042308937 -0.0875949483358 0.0529068693245 -0.0146242850327 -0.00717115829082 -0.662101074346 -0.103776993948 0.0820924826491 0.0745463265433 -0.0234456278208 -0.0120100204888 -0.0933981987333 0.129644231469 -0.0750035179761 0.0217890625809 0.0247616822583 -0.00200546363597 0.106338432224 0.058286783908 -0.00930622068569 -0.295251883234 -0.0328200784096 -0.0218085362949 -0.0731429730088 -0.0107306435054 -0.00862634610553
-0.645315427848 -0.0260897462656 -0.0851459559743 0.0270522591422 0.0747403811749 0.00787739533136 -0.000533860777274 -0.595759987708 0.0563385779452 0.0346744991942 0.127013372909 0.00610339606206 0.00090329440153 -0.00371609410842 0.0905701348219 -0.144305701084 -0.0242172626605 0.016704230517 -0.319317106899 -0.149685864389 0.029567931881 -0.017836583486 -0.189957321323 -0.00409597668398 0.0209822599706 -0.0220766931473 -0.00771224013647 -0.0349951895998
-0.483394352224 -0.0248191570273 0.000797440455728 0.0180447586993 0.0255595609407 0.00586717492359 -0.000204566025379 -0.659295110985 0.0358827454134 0.103812734033 0.162293737453 -0.0149677881012 -0.000768801706395 -0.312879455545 0.00914211245064 -0.0617860473352 0.0873055644863 0.0166012674094 -0.22759680318 -0.0362048918345 0.0322512053932 -0.0269494013501 -0.302924156052 -0.141869104335 -0.0148138812281 -0.118704945384 0.0246192154473 0.00499935029191
-0.541237683714 -0.00246555149874 0.0190332766117 -0.0413559468927 -0.0121077282867 0.00440255133034 0.00270244492275 -0.57210994596 0.0196141809721 -0.0114307363295 0.0943805416446 -0.0294345608459 0.00217677295777 -0.387148924933 0.010182810912 -0.0939509837223 0.0575093039148 0.0118306275182 0.0836195155799 -0.00121604371149 0.0901215278629 -0.00451380028553 -0.385140913894 -0.0790004701457 -0.00557871753153 -0.18733942208 0.00203404811939 0.0100949547133
-0.425180323842 0.0162478396359 -0.0188552321421 -0.0176648918205 -0.00253257301805 -0.00101341680021 0.00577164181586 -0.63674674832 0.0118675207038 0.155689892786 0.11605645451 -0.0126515099152 0.0130062033925 -0.392107968679 0.042076669968 -0.0669644897528 0.0416446594955 0.000233100113262 -0.240254145686 0.0334463094299 0.0392747839504 0.00470892058 -0.301329265453 -0.0611112440358 0.00704332756726 -0.240477739539 0.00479107310869 0.00673533516409