-0.0271490005018 0.0112970475493 0.099463618252 0.134257436191 -0.125260661184 -0.0218031017341 0.0549156965922 -0.017332304769 -0.139115415661 -0.102242735713 -0.078143669957 -0.00292247170783 -0.052105616665 -0.37068766495 -0.27892118002 -0.685078992923 -0.287109618878 0.085966401243 -0.0786395079862 0.160944703596 -0.0560556842039 0.0168130562428 -0.29336664583 0.102814433708 -0.0306457223739 -0.0593061612406 -0.0449244179803 -0.0107434055071
-0.413367805739 -0.0163108637548 -0.0161975790769 0.0236141393475 0.0381615489741 0.0267175831103 0.0219984888147 -0.480197256416 -0.13776705768 -0.0853630258678 0.0136151898529 0.0677901381565 -0.0228510668421 -0.259653347223 -0.0573119143869 -0.314187724915 -0.0808935867605 0.0289028230625 -0.592053064311 0.143319710461 -0.0122767130964 0.000613757567569 -0.07565236253 0.0520500262503 -0.0323665418322 0.0747888276001 0.00719793873908 -0.00930515634571
-0.347345417425 0.00291704237668 0.0292687498988 0.0412738185148 -0.0476580687017 -0.0053819184936 0.00453762858153 -0.376120946034 -0.0925283194383 0.0233807953044 -0.000875060696886 0.0575638055659 -0.00221531050691 -0.499066827049 -0.246004773238 -0.143623162911 -0.0860109045181 -0.00265884862349 0.0193300913829 0.255591972664 -0.00898127115886 -0.005803402705 -0.540970103655 0.0277803566864 -0.00529110230514 -0.144731835198 0.0211012970229 -0.0478791488842
-0.483107680112 0.0740455015401 -0.06469805518 -0.035537192839 0.0861267204113 0.0499790821125 -0.000388756633794 -0.539676022397 0.109172282246 0.0111255465816 -0.11563898072 -0.0647578476713 0.0146080956514 -0.0433490834104 -0.118157513218 -0.200565886183 -0.0913356153086 0.0218781315604 -0.594602519982 -0.0556530443441 -0.0231598178021 0.00386833099379 0.00865748164895 0.00521670700152 0.00669202288297 -0.0242519785488 -0.0418827908424 -0.0104790093863
-0.575479579442 -0.0644768314418 0.12920784504 0.0858830631899 -0.0263822552098 -0.0279648527378 0.0292921499278 -0.635316594113 0.183530208276 -0.0219859460887 -0.0445804612123 -0.0976973096965 -0.00171048700761 -0.0814989146085 -0.109512204081 -0.245429837676 -0.113965136177 0.0384693297088 0.155958577267 0.0160300531184 -0.0445978283022 0.00776716836571 -0.243636974859 0.0185597731365 -0.00360700652498 -0.0625791168234 -0.0532181490056 0.0499748869389
-0.379942704695 -0.00522142442315 -0.00255093124318 0.0561506809667 0.0113338533535 0.0235900630327 0.00289571527085 -0.375251437843 -0.0288712370135 -0.0420483699293 0.0244566383588 0.0186898846672 -0.00767675339397 -0.474958824285 -0.098389411855 -0.253512775609 -0.0513404653786 0.00854320446298 -0.548011077874 0.108567252378 0.0220293105321 0.00209613083445 -0.285627450344 0.0121219491277 -0.0127771341682 -0.100901873648 -0.00284940734374 -0.0205615080628
-0.39552536819 0.0236089254789 0.0314656373321 0.0142766530265 -0.0248575852102 -0.0144330968266 0.00311220808959 -0.403277078071 -0.00132880968878 -0.0023891870062 0.0496334036874 0.0173382793506 -0.00209953586292 -0.517359989725 -0.127104066814 -0.316202402074 -0.0342944936708 0.00804273702851 -0.483834493212 0.0973325082382 -0.00790205246865 -0.000164818306453 -0.202766973401 0.0290423863458 -0.0149667038091 -0.0613328796779 0.0148406872802 -0.0269588416926
-0.201812126061 0.00568554832324 0.0361734585931 0.00376602289649 -0.0405182034042 -0.001482476217 -0.00172227869922 -0.196653478166 -0.0268549839938 -0.0220493527357 0.0211017042595 -0.000478219930198 -0.00353858673371 -0.640700794432 -0.00144153857173 -0.000781807404541 0.00631519487361 0.000284513675787 -0.469007608797 -0.0212316249945 0.00439208703574 -5.28190304809e-05 -0.327152519394 -0.00208431296772 0.000242670515166 -0.421602545972 0.00517373129364 -0.0120391909679
-0.23481188172 -0.00125481815259 0.024742793158 -0.0101537324743 -0.0580322955801 0.0192570507321 0.00811994167532 -0.222580602587 -0.0138073951523 -0.0398026006419 -0.0167808034199 -0.002586705394 -0.000892847339615 -0.594672928904 0.0323929565955 -0.062875860612 -0.00502412964876 0.000536676776941 -0.471454725561 -0.0864295410787 0.0016014534152 0.000705208150199 -0.40143548414 0.000980493192178 -0.00027817302918 -0.371966266154 0.0129304257056 -0.0255248123989
-0.555199514627 -0.0344675487868 -0.0457783332452 -0.0265655228024 -0.0194884346241 0.0459125982394 -0.00513654366023 -0.543239482932 -0.0497303066359 -0.0287150211142 -0.0490900954862 0.0263972481787 -0.00113559072846 -0.14329199481 -0.0169965674372 -0.0284429099193 -0.0664948324277 0.00267705320601 -0.456755040655 -0.0305933463559 -0.00119881721303 -0.000180460772332 -0.377195211885 0.0421841639578 0.00845315963078 0.0622275441114 0.00750222143532 -0.00759510788602
-0.644126275769 0.0473517105475 0.0650275652243 -0.0144033279475 -0.0408291453364 -0.0330562619747 0.0168948471638 -0.649474488233 -0.114702031777 -0.0792454818656 -0.0483509992312 0.0221350964744 -0.00535412399475 -0.0698748896226 -0.0272322091757 -0.195669521168 -0.00783430238139 0.0243327721788 -0.218459965194 0.0803428330638 -0.0136233818295 -0.00156652492455 0.0757391894594 0.00749324163552 -0.0320467107423 0.156178546263 0.00401215954061 0.0332969902029
-0.551922202748 -0.00113887375083 0.00315288326593 0.0351348446066 0.0315650829151 0.00184558012996 0.0033287267347 -0.594390041463 -0.0705642837267 0.000401612172965 -0.0160423833973 0.0553971885302 -0.0138470728396 -0.240346423766 -0.0479824741978 -0.0703545056269 -0.0657784243915 -0.0130025932031 -0.206481933526 0.2091414421 -0.00988152687432 -0.00819373807222 -0.41490089096 0.0239015745203 -0.00802054091418 0.0171562698256 0.0142401509994 -0.0447085477516
-0.577719388161 0.0514252411276 0.05015791513 -0.000963701924939 -0.0585920943523 -0.0254096247728 0.0158066893202 -0.543621197949 -0.0487069368253 0.0265169264281 -0.0171047481008 0.0165526529203 0.00338334511462 -0.360341039311 -0.247504067187 -0.153787246717 -0.057145115134 0.00577152341501 0.203191193653 0.183028446065 -0.00689975566535 -0.00605907948504 -0.252192945569 0.0185228643544 -0.00547275822654 0.0106249714373 0.0214073275962 -0.0101852381717
-0.61826353356 0.0336089922753 -0.0723360250466 -0.0265245434851 0.0223821883063 0.0394260723778 -0.000778618979408 -0.554612961863 0.0354268401623 0.0025169337189 -0.0094593408989 -0.0116856499649 0.00571667186388 0.010766981945 -0.0872823575805 -0.0734764053779 -0.0544048541204 0.00736162464087 -0.500753875557 -0.0752684438418 -0.00765173171705 -0.00249637557187 -0.148818188539 -0.0089947091469 0.0218028159981 0.0541585003599 -0.0242431067102 -0.0256397818321
-0.655553398632 0.00604150890173 0.0486030196192 -0.0374569385132 0.0334079306089 0.0167399987075 -0.00693795687082 -0.690352065799 0.0487167598628 0.0347124178432 -0.0582366351532 -0.000460583795498 -0.00625304424381 -0.00153143434413 -0.054053777367 -0.101638322211 0.0122139524564 0.000715484014226 -0.199295746429 -0.0253639543792 -0.0278569935041 0.00813552280357 0.14751403843 -0.0396762489224 0.0209468969822 0.0381379258667 -0.0206023981411 0.0338761836948
-0.609443956873 -0.0344727550161 0.0164922089395 0.0512135875689 0.032351494298 -0.0163338501534 0.00240691753013 -0.745667512028 0.104169701523 0.0332398845694 -0.0135218693065 -0.0382690334376 0.00281567776978 0.110902846652 0.0273839909388 -0.0934851502249 -0.0252727116638 0.0187435996668 -0.0447572675206 -0.0135946265788 -0.0347110120343 -0.000370708362827 0.104589307288 -0.00015340588144 0.0136077994915 0.117958225266 -0.0451669344007 0.0171451256129
-0.642658089451 -0.0605907271647 0.0827464890715 0.00875688487094 -0.043085292808 -0.0256757861157 0.0153541585701 -0.593315740565 0.0455662510051 -0.0265056428951 -0.00806335782046 -0.0120140702914 0.00423481166159 -0.11378033411 -0.169331727322 -0.182475802101 -0.0620719723878 0.0227213093031 0.259454778455 0.0432253429299 -0.0212951883942 0.00128880635841 -0.250886146435 0.000858427304716 -0.013519903664 0.0589049436591 -0.0339638055508 0.0440201405418
-0.305959122619 -0.00234696919693 -0.0119246108461 -0.018345267676 -0.0602129338694 0.00735019940195 -0.00240265758685 -0.294145450628 0.00677036761898 -0.00354084098586 -0.0206144073207 -0.0154679676814 -0.00365834438493 -0.342402604798 0.0336363150809 0.0307308502143 -0.0380903237439 0.0025804966531 -0.671094318408 -0.0228591260323 0.0142150146729 -0.000362089810664 -0.451086441649 -0.0321800435578 0.00276578605373 -0.194651342513 -0.00587131894917 -0.0255120617269
-0.512512989365 -0.024446335712 0.043905980812 -0.0120416546292 0.0175120053173 -0.0215904980883 0.00369347358141 -0.516412003548 0.0368096402406 -0.0301714457429 -0.00900546911078 -0.0313455856028 0.0140583661124 -0.11687223944 -0.154797926843 0.022576257632 -0.0544811323391 0.0149623716128 -0.473390387071 0.0307066737754 -0.0131111832865 0.00232193446744 -0.437547969699 -0.026674163918 0.00703472618629 -0.0639668157038 -0.0286432395129 -0.00153982954846
-0.193817777997 -0.000767060756612 0.026285773714 -0.0143343945303 -0.0105262394325 0.00602403475132 0.000731993549427 -0.194744848183 -0.0194811770859 -0.0234583743193 -0.0229813651449 0.00537863784497 -0.000699501602003 -0.606575642187 0.00244547673826 0.00679512278545 0.00484646395929 -0.000178632667326 -0.391728755805 -0.0128600144549 0.000148109446194 -0.000919675074681 -0.474630306625 -0.00166883270612 -2.37123217884e-05 -0.418398488755 0.00213127704935 -0.00334762871352
-0.267466150183 -0.0030283496867 0.0731843512379 0.0512004971022 -0.025269898989 0.019188250251 0.00461657642753 -0.232707966198 0.00335634574441 0.014449424358 0.00433124951547 0.00183350237805 -0.00293140670528 -0.595294526451 0.0551763110488 -0.101891263326 0.00276456490802 0.00250972588827 -0.442169599753 -0.101524793649 -0.00137335191969 0.00158986133119 -0.430671631367 -0.000519453264597 -0.00140227277824 -0.324927544828 0.00719390408679 0.0170892047492