-0.0111177014574 0.0382605420134 0.100877755307 -0.0391623469159 -0.0532812485656 0.00138579444678 -0.0102201949505 -0.184814909868 -0.23305599533 0.188959328798 0.31458912059 0.143531450871 -0.115335333025 -0.129957038812 0.113903514947 -0.287066583456 -0.163886227092 0.0258608998471 -0.25767667747 0.595449512888 0.00239562988332 -0.0181032302993 -0.38597261499 0.110467348646 0.00254509360658 -0.0521301695548 -0.0396654598664 -0.0121022280639
-0.398115538531 -0.0215553142694 -0.0359191128236 -0.050708493364 0.0540103792125 -0.0195229382965 0.00848289670612 -0.548896854825 -0.185129342686 -0.0593093690769 -0.0167403343904 0.114044687236 -0.0663305634563 -0.183801206313 0.0509108128134 -0.173473750718 -0.0974940645564 0.0233476613628 -0.0693570946209 0.141424910181 -0.0104594192229 -0.0132340654052 -0.594160025968 0.0327718027101 0.00348134652302 -0.144157186579 -0.0218120284677 -0.0077344113906
-0.377952785605 0.0470415847972 0.0697339033917 0.0368677122123 -0.0992730666361 0.0123655163992 -0.0281538836413 -0.447328447689 -0.137405982707 -0.057438336051 0.0227225591373 0.0942725205362 -0.0342580442355 -0.261850467642 0.194168725366 -0.250563369725 -0.0864775965775 0.0136313596813 -0.422210118291 0.108042348565 0.00340348885146 -0.0164958748164 -0.467015622386 0.0369927705732 0.0019968858366 -0.130111214955 -0.00509166264931 -0.0411585141766
-0.526460650031 -0.0246046854249 -0.0114243402754 -0.0320615736738 0.0877265425903 0.0430930920109 0.00476469328165 -0.602798187377 0.0143731359505 0.0286920234577 0.180272968203 -0.0581213081382 0.0192531610192 0.0142520229057 0.0359490374176 -0.0848214535564 -0.0080906318287 -0.00834858321437 -0.272360404668 0.440654148332 0.000199081628473 0.0146634881321 -0.173789382532 0.0346224811555 0.00863998658753 0.0432672885997 0.00797639484518 0.00697644250512
-0.604306560749 0.052138364085 0.127050680272 -0.0107488799521 -0.0988781314489 -0.0447268550708 -0.00646744166445 -0.644245542012 -0.00758932200927 0.0688201191843 0.167446447175 -0.0701729334876 0.0308135110893 0.00673812582307 -0.0112895520689 -0.0981098708066 -0.0740014347069 -0.0161621963193 -0.0494071614367 0.351338703961 -0.012577377283 0.00245831025666 0.00574687433696 0.0630773135082 -0.00897237109092 0.0643996671696 -0.0199882623204 0.00642334749735
-0.36858473357 0.000906057697647 -0.0296519586189 0.0364608425717 0.0680737472273 -0.00480018313271 0.00942364023321 -0.350182430234 -0.0305857109735 -0.0362415360345 -0.0115249200899 0.0176485965905 -0.0165959694807 -0.276650015776 0.0506666446966 -0.136760549951 -0.0381618890571 -0.0164908238216 -0.674492897851 0.00528821712878 -0.00867642792445 0.00053751692368 -0.401754576875 -0.00504325092098 0.0282219017903 -0.120079839221 -0.00453757260864 -0.0186250147959
-0.268724884794 -0.000133188918153 0.00633857325709 -0.0257671929681 -0.0103834128759 0.00127914488 -0.00150189666683 -0.291931848131 -0.0696056111262 0.00329500305557 0.00123239686218 0.0559615952085 -0.00364734572467 -0.5959036724 0.0335819140618 -0.0030957764128 -0.0520778093221 0.000397457024749 -0.393520456085 0.0396701710933 -0.0484443040177 -0.00574710319617 -0.417098306091 0.00140543826427 -0.00345534707254 -0.375251913543 0.00615419199103 -0.033838643183
-0.267476316655 -0.00721571604264 -0.0240500498689 -0.0131848102127 -0.00863974408937 -0.00703151710506 0.00212963684564 -0.302636731584 -0.0633598665744 -0.0455490658854 -0.0129070025579 0.0487850253217 -0.00431922315853 -0.532698442004 0.0624780353781 0.0322294925879 -0.022800170466 0.00163852230538 -0.359751695343 0.0270160619912 -0.0568903888872 0.00125326912225 -0.509370685701 -0.0267721184245 0.00177575982031 -0.377902983441 0.00955360722812 -0.0397253572267
-0.420252144892 0.00415665777414 0.0615881828537 0.0229258854903 -0.104644479096 0.0045770102132 -0.0204113287935 -0.358479598737 -0.0151576449865 -0.0777561542493 -0.0431129310211 0.0129785538842 0.00464857095406 -0.332929273166 0.115323538164 -0.175578906786 -0.0185832177527 -0.0176683659129 -0.457378439059 0.0116175485651 -0.016925160047 -0.00312694240758 -0.511132587361 -0.010600150655 0.0166838312118 -0.19799954088 0.0180840606461 -0.0663380449382
-0.682934607278 -0.00820003676359 -0.0801256668205 0.0254097522004 0.0449969745369 0.0175599848337 0.00320722068079 -0.607096511776 -0.0025845996674 -0.0153828452843 0.0207323645386 0.0190673789672 -0.039935075755 -0.000189416103039 -0.00183823331863 -0.124415121881 -0.0279834205863 -0.00052016853073 0.183326617778 0.125505566979 0.00316599100189 -0.0239538807429 -0.289016222205 0.0377087155727 -0.00704009786004 0.0399343844356 -0.00735984912945 -0.00808989351006
-0.500987795445 0.0121016193115 0.00966294581313 -0.0388536387436 0.0101837140759 -0.0270178010346 -0.00507306570763 -0.630149488431 -0.130884345967 0.00328146698801 0.0233805612741 0.0546443638001 -0.0248429470552 -0.226304920232 0.0788062988471 -0.140145413139 -0.0176335056845 0.00986121733246 -0.284957273181 0.083203805502 0.0117809398958 -0.00981872086416 -0.379671770109 0.0261280136959 -0.0122681990533 -0.126510610188 -0.0014961873553 0.0346368613843
-0.506507475961 -0.0437379620138 -0.0555372839872 -0.0134615400745 -0.0182726907316 0.0155885782168 0.00112514443347 -0.698521478884 -0.153204532633 0.0557487184526 0.0335499716142 0.051987822673 -0.0156213483115 -0.224708750785 0.0495295714697 -0.1622860259 -0.0106832235668 0.0140291746362 -0.253885708926 0.0803660724903 0.0441894220849 -0.0259982497823 -0.201700880301 0.00266564541717 -0.00578670438371 -0.156387681268 -0.00430980771472 0.0277406318677
-0.633420773994 0.0357587206357 0.0522971884572 0.0721279753152 -0.0767710887211 -0.032327478791 -0.00505051142905 -0.541340411818 -0.0402311232159 0.0429039702594 0.0164520250009 0.0247992109464 -0.00914662739069 -0.116802831854 0.161200778156 -0.174257557012 -0.0625303371608 0.00678499527839 -0.271509110655 0.112516950367 0.021723050607 -0.0152532510389 -0.34149780752 0.0619799882228 -0.00309048162587 0.0571385485088 0.00216686536917 -0.0186022348908
-0.690732771918 -0.0212322687414 3.45899663445e-05 0.00230793461011 0.12686878037 0.0254331208032 -0.0169982535756 -0.605081530432 -0.0391665289996 0.0334222222955 -0.00648900265729 -0.00574449177818 -0.0385867969548 0.114612975474 -7.37884892549e-06 -0.115175564071 0.0247565214909 0.00178717452554 -0.0756768980876 0.203322630926 0.0014596792875 0.0154346063274 -0.185132408973 0.0595763909176 0.00624627155395 0.150350431375 0.015305470655 -0.00590878211439
-0.604200373347 0.00386083572909 -0.0213971665455 -0.0390347938196 -0.0436098674663 0.00136205488601 0.0201783815183 -0.670574176088 -0.102478209826 0.0127711639483 0.0246091222521 0.00965184586477 0.00793230448461 -0.045682695655 -0.0310133710561 -0.0848622775137 0.00446514504092 -0.00847333749285 -0.1423272549 0.228782582598 0.0278185425657 0.0326195357829 -0.286212734707 0.0395111494571 0.0279669607535 -0.00982186341412 0.00257340691168 0.0198922379381
-0.597419367829 -0.0236204030564 -0.0103168282383 0.0467765450869 -0.0306153399841 0.00923209681762 0.00554982259353 -0.730995488615 -0.130231950299 0.00991106720246 0.0164683961146 0.000415980081665 0.0226658000723 -0.0251157047411 -0.0802961508976 -0.0675980366008 -0.00123286083274 -0.00641700026843 0.0650768664364 0.120676871054 -0.0188387465808 0.017026979908 -0.233145369648 -0.0131663398084 0.00233175556197 0.0127591495591 -0.00142643329022 0.0339511335965
-0.723181330489 -0.0171609836629 0.110720608289 0.0586546316479 -0.00290690058934 -0.0233623768615 -0.00664427496814 -0.597716509292 -0.0219898934644 0.0682624488465 -0.0122028791951 -0.0124632978256 -0.00992058640309 0.0396137073973 0.0392946452281 -0.113904603725 -0.0298429288617 0.00685599238016 -0.0365486268593 0.172370739645 -0.00602189345354 -0.0059367745517 -0.170772925959 0.101702522729 -0.0134458980104 0.0977688765647 -0.00937428253014 -0.0112722559333
-0.632111169995 -0.0390589126435 -0.0602027958409 -0.00559985853008 0.0778412142716 -0.000367292857217 0.011327784211 -0.565894849224 -0.0280078446349 -0.047430419407 0.0440630694203 -0.000899371506684 0.00940910819954 -0.110696210523 0.0907892649453 -0.118283372569 -0.0309001077811 -0.011320952757 -0.363004622136 0.289322481887 0.00753402026308 -0.0130366765359 -0.0974675141238 0.0201652021918 0.00113620140786 -0.0442146985731 0.00149183765998 -0.0249521785369
-0.551715262256 -0.0050419748969 -0.0334745557169 0.0102364988115 0.0190015951126 0.0222983783269 0.000528732732204 -0.625907541249 -0.0318105588057 -0.122043699883 0.109814180808 -0.0176774303041 0.00897221152561 -0.235614937686 0.0892184522604 0.0787319727027 -0.0102879444583 0.00409260912962 -0.272859737695 0.261818983843 -0.00334475147016 -0.0244643583666 -0.193604062768 0.00620867713858 -0.0233688535206 -0.147651714657 -0.00590098271273 0.00848504190306
-0.585859562142 -0.0181030413459 0.0341918780482 -0.0314397058984 -0.0106492467581 -0.00712765556172 -0.00486992491824 -0.670202937111 0.0115576011484 -0.130036717248 0.0863752337505 -0.0451587818378 0.00297016904947 -0.177763288077 0.0393919250161 0.113677584805 -0.0190865290207 0.00183223016806 -0.215912672884 0.255179972679 0.00849595150181 -0.0275179364892 -0.122265261506 0.00480075383776 -0.021096673641 -0.0542086164629 -0.0304845435569 0.00896652747052
-0.715128980438 0.00822204754906 0.0800334989053 -0.00708214209696 -0.0751614122278 -0.0246336797131 0.00274347463517 -0.538403438597 -0.000792044176862 -0.0221535933769 0.0199246752107 -0.0149464698918 -0.0108904119051 -0.0658316629369 0.0474563887992 -0.144519370827 -0.062187548661 -0.0250598909146 -0.290339537422 0.255577607829 0.0230974494859 -0.0170674066733 -0.0116100145395 0.0362629400471 -0.0118756760465 0.00782573961092 0.00140828620128 -0.025146019384