-0.0891782200426 -0.0340613842512 0.135020398339 0.228089204752 0.108970062911 0.016339244111 0.0567176672594 -0.0269745837638 -0.00714813152052 0.0455953955057 0.141189613317 0.0336927994247 0.0221724616517 -0.0893489904407 -0.0423178623858 -0.216699426699 -0.155912859134 0.0245957859228 -0.420517627561 0.647475251465 0.00511888433203 -0.00315091081118 -0.44757116085 0.0311301537836 -0.0064893759053 -0.0299157888225 -0.0292475540943 -0.00558207097243
-0.326463393263 -0.0124455992206 0.000725417380294 0.0876023771651 0.0684824189255 0.0432324524431 0.0283427290489 -0.332089974495 -0.0375568827576 -0.0641876394039 0.0631308116563 0.0844674402781 0.0302194288647 -0.378666781683 0.0245658886962 -0.03369336615 -0.107967632811 0.0102175719483 -0.464957915205 0.173882510759 0.00437107007212 0.00698856173388 -0.560251089728 0.00279940861211 0.00691402382599 -0.181161066939 0.00724027448574 0.0139926623847
-0.57544085987 0.0361535142023 0.191682918826 0.117375530049 0.060321755122 -0.0127859669443 -0.000579276975716 -0.518809338974 -0.110203420083 -0.0205267678264 0.0875352181961 0.0714421421311 -0.0343519923574 -0.15314388407 -0.0764826175127 -0.0437576924855 -0.104180385604 0.041282084786 -0.195309249198 0.401585297352 -0.00028489098458 -0.001388115864 -0.269921768382 0.00882263444331 -0.00997879426952 -0.0350552296196 0.00734330422024 -0.00718032847846
-0.485402590612 0.0733042880614 -0.11238285094 0.0442514937251 0.0470134843576 0.0106829554048 0.018506000437 -0.539964481603 0.183356128378 0.0421701998353 -0.0204265106594 -0.0707681162179 0.0151533018835 -0.0357590560903 -0.0899678347871 -0.212372565431 -0.0723321984921 -0.0120128402554 -0.335984810583 0.413737571227 0.0126906772022 -0.0178130505851 -0.248685008233 0.00623516901999 -0.018355362551 0.020374713483 -0.0442823227618 -0.0122930049235
-0.5083199351 -0.0477500325744 0.171512222218 0.0474060384086 0.06181648641 -0.014705094245 0.00649128482487 -0.486300630665 0.103234740045 -0.0237347710661 -0.0731519213483 -0.0761283957264 0.0184870970165 0.0184315469271 0.0275200462683 -0.111917388161 -0.0797593367157 0.0214272689611 -0.330694310446 0.45000201502 -0.0236374916208 -0.0208597926348 -0.323809525025 0.0140893604134 -0.00300425908748 0.0567615565241 -0.0408007262734 -0.0338438890719
-0.249754739761 0.00719158468991 -0.0576705277562 0.00315805438986 0.0227167740536 0.00876058200891 -0.00785440336857 -0.27753584104 0.063618498628 0.0197387819507 0.0762575010638 -0.00570317288677 0.00415834035189 -0.496024640716 0.0937707430703 0.0627116478385 -0.00870928563419 0.000492652512222 -0.432475784905 0.00343476565305 0.0020115814911 0.000661678851917 -0.411749048673 0.00617270303533 -0.00181506958229 -0.480228054331 -0.00515633978166 -0.0115896719068
-0.272719582174 0.00615137209946 0.0596019303397 0.0416927488966 0.0530640184003 0.00545764329492 0.00502510175807 -0.248529826267 -0.00707448395572 -0.0300806179169 0.0201146794627 0.014722310783 0.0119027446482 -0.553984743839 0.0642673461444 0.0549761892387 -0.0120513263495 0.00277100824762 -0.223103190587 0.00202595394034 -0.00110857778374 0.0052977344461 -0.529130126571 0.00367695614453 0.00118988140475 -0.457688904416 -0.00426117337729 0.0208726020172
-0.22523398668 0.00159738494375 0.0056100184555 0.038017498752 0.0055935255638 -0.0108830215862 -0.00358723781221 -0.229077629052 -0.0612634373565 0.0103973126561 -0.015628975006 0.0135701444662 0.00451495384091 -0.548628889482 0.0435439768479 0.0304432449903 -0.0149982821065 -0.000375830347774 -0.392998891689 0.0247629154012 -0.0210207523011 -0.00125934388609 -0.502147922514 -0.0133989954848 0.00118245091871 -0.422612766851 0.00151486898584 -0.0189026651921
-0.601752465143 0.00520125389869 0.0735058466049 0.0630933655024 0.05882457749 -0.0195483697604 -0.00533592650027 -0.474927575782 -0.0505910812866 -0.00034505468428 0.0270203835391 0.0269846799404 -0.0172924122456 -0.414427956097 -0.0227954501704 0.185649742895 -0.0788843138706 0.00789218802128 -0.189907529835 0.262169860555 0.0189984817913 0.00324887795904 -0.246177786723 0.0144675593221 0.00268115790507 -0.122769970656 0.0228427738867 -0.0115904467446
-0.405055264978 -0.0120946103693 -0.0154746726358 -0.0302152726686 0.00932980646114 0.0388660173438 -0.00273300614034 -0.403265657259 -0.0203189154676 0.023607269578 -0.00267475545623 0.0403472279296 0.00483662961379 -0.43680953366 0.107839987174 0.0691277495862 -0.0784184637867 0.00148349591962 -0.458007132062 0.0179020787447 0.00955587784906 -0.00567626628064 -0.475364900179 -0.0100609560542 0.00222390567424 -0.134466777425 0.00169328147233 -0.00596829642378
-0.534771097461 -0.0186607407933 -0.00565209052643 0.0429949984136 0.0540963181395 0.00107031554022 -0.00213037156606 -0.631440671104 -0.0792545206722 -0.00297559861032 0.024270261227 0.0749810398046 -0.0195764541308 -0.140833848146 -0.0248477097373 -0.041603451909 -0.0821587108783 0.0098601657942 -0.329352628944 0.196012089987 0.00890693218043 -0.00402413271841 -0.34728832273 0.00747248966236 -0.00158238159389 0.0217308689431 0.00276830133908 -0.00951857285351
-0.634825024407 0.0457851426438 0.0557568372699 0.00639996747964 -0.0535955514135 -0.010352094269 -0.00330666031417 -0.59068341042 -0.0258280878544 -0.0161328178024 0.0455765489524 0.019349605326 -0.00599727705664 -0.0921790628396 -0.130896392874 -0.207439500632 -0.0347297093077 0.00841798035993 -0.219765729722 0.271698719323 -0.02763575434 -0.0146531780395 -0.168146937348 0.0071465508 -0.0226500408176 0.119248033635 -0.00253691466272 0.018440418368
-0.737099639665 0.0320014020865 0.133907716838 0.0501915882823 0.0144151115518 -0.0342180638488 0.0110720692185 -0.547158974937 -0.026452777358 -0.0374814181129 0.0210757713958 -0.0100134144588 0.000263925470047 -0.0678661672036 -0.0662500650501 0.114256806176 -0.0737156682275 0.0246575843131 0.0307380702155 0.220501802862 0.0040186260743 0.0045553567009 -0.229899342206 -0.00756201699616 0.0218542756874 0.0129194109872 0.0181623811449 0.00983159849174
-0.654015440764 -0.0221827404583 -0.0631323834385 0.0463777902465 0.050430791278 0.0347783974762 0.0139249332608 -0.660922248941 0.0666127108156 0.0532772335727 0.081682305886 -0.0106346035065 -0.0408232245578 -0.0387046684464 -0.0188139140821 -0.0529701833857 -0.0709343426634 -0.0265188322042 -0.197146577494 0.191362936668 0.0413264639404 -0.0155107267954 -0.119682058232 0.0191279151397 -0.00123994088294 0.0774671877054 -0.0219077758141 -0.0119476055484
-0.631757842225 -0.0369153471491 -0.0217793153609 0.0574272972805 0.0186308147471 0.00275117966564 -0.0265579439012 -0.652816807905 0.0571255290822 0.0551178573512 0.0543079911138 0.0232387878855 -0.0237037407028 -0.0306660087109 -0.0483391517276 -0.141207555068 0.0444021929696 -0.00631366627453 -0.156050688188 0.257623766607 -0.0418983107917 -0.0111559814807 -0.148482419239 -0.0613417238674 -0.0176876316256 0.112052762478 -0.0405655360004 -0.00328772141441
-0.619418897311 0.0104339915638 0.03361238992 -0.0402284498604 -0.0241934089978 -0.000550074388899 0.0185135304541 -0.6427090267 0.0786522196919 0.0632388914527 0.0302124666259 0.000461382147711 -0.00629047060875 0.012253434915 -0.0706278994068 -0.124320673811 0.0107887846147 -0.00554203868108 -0.148884326764 0.293656949995 -0.0359741908851 -0.0199298824202 -0.176342963566 -0.0328417848884 0.00584291262333 0.151969369509 -0.046736699675 0.000133743221462
-0.705781828018 -0.0480249891811 0.0989054331079 0.0576208824574 0.0321472706207 -0.0273001222736 0.0105728696332 -0.54829641551 0.029084882149 0.0120837685854 0.0062934933034 -0.0106592758773 0.00705337485112 0.0262611896084 0.0705984483445 -0.0563470193517 -0.0692458243143 0.0226658328295 -0.24652197795 0.259379555808 -0.0177620883776 -0.00802697339226 -0.163938567838 0.0106985937429 0.00388169141582 0.113330267956 -0.0158154389671 -0.00782442186309
-0.357035508399 -0.00726880277506 -0.0535043855519 -5.45597298837e-05 -0.00148002155083 -0.0259590543416 -0.000817726954208 -0.361895657867 -0.0209253530059 -0.00857600453813 -0.0407105120538 -0.0120660311112 0.011462595617 -0.60748101634 0.0653848658424 0.0765560492804 0.034796414736 -0.00321904335373 -0.298792970585 0.12879445239 0.0306946406589 -0.000476118535238 -0.30366978499 0.0242197463552 -0.0111087458695 -0.394076243598 -0.00754124033575 -0.00654713673107
-0.386892843083 -0.00228110367365 0.0114014067549 -0.0239182878058 0.0173668270926 -0.000639833424788 0.00395870862389 -0.525124220605 -0.02627465717 -0.096382340498 -0.114317830789 -0.0408420533649 0.0125325934059 -0.469572663694 0.0411278268751 0.0561624878459 -0.0667237960702 0.00232604613633 -0.367561394788 0.114448152285 0.0173531163212 -0.0175017296946 -0.377815187647 0.0284387784213 -0.00448831444109 -0.160719516906 -0.0191246218313 -0.0167711193303
-0.323664177774 0.0324916817769 0.00207352736694 0.0108980637457 0.0555667953058 -0.0201332686715 0.00457502812708 -0.376708357624 -0.0591564999073 -0.0577102043508 -0.064035564376 0.0145884899759 -0.0160735074277 -0.622837195623 0.0540966869725 0.0688163209541 0.0318333941076 0.0045671840104 -0.268185969793 0.0928636240034 0.0489409530373 -0.00332313903161 -0.285874390873 0.0306360863745 0.000758375743004 -0.418132978014 -0.00519654187349 -0.0116717328614
-0.447929677466 0.00483021283076 0.0731562380925 0.0686259495113 -0.0145523617962 0.0101817169178 -0.0174814266969 -0.368522632295 0.00419922915593 0.0145041636915 -0.0344916976391 -0.00756538706532 0.00205953613178 -0.586589033766 0.176415589574 0.191431191139 -0.010416120692 -0.00312219380012 -0.254616939696 0.22672556528 -0.00184790870083 -0.00387668213526 -0.313730465455 0.00345680008642 -0.000944475079985 -0.14471842571 0.0196474587151 -0.0580524482009