-0.00846105669813 0.0458289170817 -0.0203881950155 -0.0430505992414 -0.0645868950086 -0.0391315206723 0.00215489765756 -0.351795015212 -0.127811621779 0.286538517818 0.44233321116 0.0682423837789 -0.029997932933 -0.152466170318 -0.0328864117073 -0.339604004519 0.0486296843649 0.00415528998689 -0.270356394787 0.301442331092 0.213567394431 -0.0104159331928 -0.459536184551 -0.00450987534449 -0.0119180325032 -0.0577394857784 -0.00659443999903 -0.00173920930658
-0.247658931955 0.00515908426266 -0.0237505619606 -0.0100291084875 -0.0213727507403 -0.0198774083751 -0.00739487729509 -0.249392393235 0.0126190309697 0.0169521582052 0.021748460301 0.0202050839639 -0.00955796280393 -0.31444981765 0.0543262787703 0.102900331836 -0.000650253926119 0.00542693015136 -0.175089128283 0.195457152751 0.0930768224739 0.00783986289203 -0.824072856712 0.0355561597298 0.00394067095076 -0.0543641911755 -0.00621493757615 0.00697279753024
-0.134368300964 0.000563472391658 -0.00868530163505 0.0301333789203 0.00740432629369 0.0136031050126 0.000232915557406 -0.133124298645 -0.0203686076898 8.43232413087e-05 0.0049406804997 -0.0190329490512 -0.00378244586055 -0.598010692117 0.0674736940005 0.0608005130558 0.016162372821 -0.000714126388202 -0.299151991608 0.0696890361105 0.0311288911553 0.00181307252037 -0.54266608155 0.0237293206473 -0.000264107176719 -0.453460311202 -0.00439534563739 -0.00629568555021
-0.473892498642 -0.017840470709 -0.0106238794385 0.0599266055956 0.00228294300297 0.0092952401143 -0.00363332729104 -0.622563824953 0.0135434770104 0.160866845078 0.220721004555 -0.0674381732507 -0.0313275074713 0.0746526410858 0.0405680563113 -0.25560849273 0.0419300853717 0.0101397068106 -0.252060481915 0.0101173753173 0.0579243482245 -0.019934149484 -0.375820948631 -0.0907808542282 -0.0150799459767 0.108958203166 -0.00286419513421 0.00307337723566
-0.443952260086 0.0482892180754 -0.0282055093967 -0.124339910948 -0.0214128871966 -0.0261980059279 0.0153523421632 -0.735835252256 -0.0730721773542 0.0759378293455 0.31824717028 -0.0162542583418 -0.0185652530162 0.0146198475735 -0.074436218441 -0.159358772874 0.0746343849374 -0.0104488102788 -0.125433415233 0.125394819832 0.116154092932 -0.014110243129 -0.207831644417 -0.0526331601351 -0.012833653953 0.019416475409 -0.000309820532079 -0.00219017715586
-0.365769357333 0.0026681534063 -0.0247690934909 -0.0166796672404 -0.0037850833248 -0.00887088103207 0.00133949768448 -0.367278560952 0.016964067996 -0.021601243208 0.0318703178 0.0101949134193 -0.00997807614633 -0.392269445841 0.200626035149 0.114856968372 0.00895597017926 0.00922877866122 -0.27590086828 0.159585214987 0.0391297473715 0.00836832866465 -0.642407310574 0.0217651479579 0.00559715526532 -0.0659585135624 -0.00876960364103 0.00766930043904
-0.233498912264 -0.00146797141099 -0.000277117707185 -0.0352227002547 -0.0377842971045 -0.00460005843574 0.000271872620174 -0.23171931048 -0.0106687902017 -0.0169011823261 0.015651281201 -0.0194348066397 -0.00615297055474 -0.535102075293 0.0321612702446 0.0383995867708 0.0108662518279 0.000598343322851 -0.348783087136 0.0118804847802 0.00962276378123 -0.00145803185063 -0.53274504674 0.00545029741895 -0.0013367331155 -0.439700045892 -0.000580883439989 0.000598645382737
-0.21154479278 0.000277453964936 -0.000355610712271 -0.00309121865872 -0.00162533004845 0.00921491527622 0.000991596185033 -0.216422462726 -0.0156592233945 5.12652768261e-06 0.0188928593263 -0.00329810201662 -0.0066964068101 -0.556330684148 0.0161548427313 0.0263558751826 0.0104835921455 0.000444264586366 -0.368905364108 -0.00680631453682 0.0108589834369 6.45748763489e-05 -0.52712321491 0.00726925295553 0.00123841172637 -0.427627240809 -0.000400366266837 -0.0071072111013
-0.282682979736 0.000351954414266 -0.0211779230443 0.000805057295056 0.0132650194681 0.00828484706454 -0.00293856848746 -0.294937669298 -0.0267685857395 -0.0064739137977 0.00505265240754 -0.0380769189711 0.0114123346079 -0.563571104344 0.0825946817948 0.0732957930867 0.0103413163011 -0.00213374294803 -0.236646192404 0.0887986475409 0.0237731125899 0.00646853172007 -0.5204691114 0.0230658218083 -0.000414716217486 -0.405002483716 -0.0105960561866 -0.00801565162666
-0.475191732524 0.000972393262702 -0.00187267006776 0.0270135038851 -0.0333311733554 0.0290797706089 -0.0103862029621 -0.457646845073 0.0110392390246 -0.00279291121468 -0.0032041513024 0.000770188959835 0.000544079287905 -0.129803385217 0.0154958653558 0.0901830557037 -0.00778640620929 0.00740256779431 0.0131426304929 0.199619848805 0.0867172806228 0.00849450702214 -0.689746436926 0.0328947418977 0.00433650780473 0.107844370447 -0.00740746635983 0.0180583627677
-0.325434500656 0.0142170783794 -0.00801529032043 -0.0500308813772 0.0141688598502 -0.0227665633525 -0.00146923230208 -0.327958969991 0.0032664825404 0.0459900507993 0.0211876204074 0.0180093088564 -0.000638349522729 -0.41333049284 0.103369248051 0.0883393967069 0.0337845751104 -0.00351633759159 -0.385298671674 0.0307288112203 0.0591798391126 0.00140571256216 -0.621666052951 0.0129180357321 -0.00096492317096 -0.223724708444 -0.00690155430672 -0.00445723670639
-0.217953162155 -0.00136763826323 -0.00866091400781 0.0151805407084 -0.00892152420587 -0.000428395983342 0.00177252120225 -0.227004404392 -0.00115723041996 0.0374406342278 0.0195270516116 0.0195549858387 -7.08306716323e-05 -0.556396634205 0.0206774262153 0.0262597331212 0.0162738981515 3.8593539772e-05 -0.39410229388 0.0127843722908 0.00446442312426 -1.8825142491e-05 -0.473160844189 0.0067808549749 0.00101041148533 -0.456083272856 -0.00184052536934 -0.00237100294411
-0.210625555207 0.00688028428797 -0.0183294215497 -0.0379159660362 -0.0240419935599 0.00161374630506 0.000173986685361 -0.215438716645 -0.012888328654 0.0495869202223 0.00908691010543 0.00602938580364 0.00312634265232 -0.533312250304 0.017217105101 0.0277292193016 0.0079928490486 -0.000666549498808 -0.371627975586 0.00485471364883 0.00703368700298 0.00228365070164 -0.53625074835 0.00841424874054 -0.000779495304897 -0.438916015105 -0.000971757352459 -0.00678730952226
-0.559745694348 -0.0658354602767 -0.0446653509608 0.0139266403412 0.016028343195 -0.000712895184132 0.00184233489168 -0.73292637952 -0.042377858475 0.0441428131061 0.121559031281 -0.0142348760554 -0.00449343538284 0.0290312223123 0.0292667402745 -0.180298583009 0.020248874898 0.0187496298233 -0.125507252537 0.122055725177 0.0259452384039 -0.0203945087772 -0.198275927498 -0.00881871006116 -0.00824665438398 0.132551189375 0.0127290787679 0.00880325584147
-0.515577195087 0.0664316098698 -0.0040925905092 0.0196870506201 -0.0780431842794 0.00355275000162 -0.0113072589116 -0.757509777307 -0.076838274694 0.0118637561521 0.136889632344 0.0104497973405 0.0150490025435 0.144460048937 -0.0264237537479 -0.10000509682 0.029513669404 -0.0065036517195 -0.0868236380279 0.0145408024433 0.0380307449704 0.0274079287461 -0.254063940252 -0.0404387070626 0.00103574865539 0.124343061599 0.00263062398893 -0.0104646601372
-0.502902540482 0.0287343096488 0.00997105109304 -0.0156168856068 -0.0246182562234 0.00273650915594 0.0114166068955 -0.666714351582 -0.049419420394 0.0546414255073 0.0947638143618 0.0283034859494 0.0289623036402 0.0961427431607 -0.041315343699 -0.0247010750421 0.0313035023434 -0.0225095327587 -0.0437388223834 0.166263906146 0.055586647869 0.0318131795923 -0.465184165692 0.00898928478375 0.0125674151364 0.145216713654 -0.000493373198621 -0.0138228734902
-0.588575300777 0.0301832371385 -0.0199998218646 -0.098000410989 0.0181133116347 -0.0239125686855 0.0103356247002 -0.636227292547 -0.043335625871 0.0101056357037 0.0964434113202 0.0505764737332 0.031518270349 -0.156424596364 0.0123395226816 -0.106625339541 0.0217831195377 -0.0267302465395 -0.163147857603 0.115939004143 0.112472743802 0.0126281978412 -0.357149261323 0.0521389810194 0.0266457760231 0.0218514577157 0.00564081621069 -0.0223243677887
-0.495706526605 0.0272698019018 -0.0475282632407 0.0177511259324 0.0105601547981 -0.012681231566 -0.00317301329082 -0.582056124818 0.0624981033064 0.126092560557 0.0323740987517 -0.000470332932006 -0.00188065046636 -0.057894695841 0.067265150108 -0.17712238082 0.0086092801349 0.0174485667761 -0.406864343616 -0.143134408966 0.0327330438829 -0.014319523472 -0.402169857195 -0.038066088616 0.0111730382239 0.0137569726081 -0.0230651531783 -0.00792889137276
-0.434234028665 0.00986850601938 -0.00156208944566 -0.0136519704433 0.00131166987941 0.00144964545998 -0.00282839576183 -0.633541707092 0.132630164844 0.124173041932 0.0910534169419 0.000423716651789 -0.0011982796303 -0.177471474648 0.031953602421 -0.0940557498507 -0.00351163457762 9.75859852229e-05 -0.255202219945 -0.116252296126 0.0775906493076 -0.029998149441 -0.409746952252 -0.0754885158376 0.00814085541481 -0.258252523784 -0.0339602889015 -0.0046553045422
-0.476482802969 0.0286145282875 -0.0163214967472 -0.046707109556 -0.0280018070179 -0.0141756828437 -0.00306919571653 -0.650020642088 0.137713447894 0.0510656541802 0.125918498747 0.00572000547886 -0.0115666468306 -0.164732095918 -0.0728302064046 0.0158347431056 0.0152733919054 -0.0110008614275 -0.184212228218 -0.0643427319187 0.0534895710171 -0.0337786799784 -0.379887877565 -0.0886317904905 -0.0062522395979 -0.283539478321 -0.0290411935965 -0.00342245704935
-0.519702137986 0.00823505285445 -7.993433438e-05 -0.0432208352252 0.00327823775793 0.00628222986216 0.00566865316889 -0.642687330778 0.0937093527031 0.0513117823252 0.108161939586 -0.0252510130646 -0.00405444601117 -0.285642160679 -0.045632249156 0.0599363580773 -0.00786623310857 0.001497889535 -0.204783042758 -0.00603518472516 0.0295430483542 -0.0184929013112 -0.261176728717 -0.10148654098 -0.000776496249415 -0.285590365756 -0.0213538486435 0.00531916119238