-0.00826479744541 -0.00128487424623 0.00905071581668 -0.0623326520556 0.0212341167157 0.0206904790481 -0.0787751737397 -0.00997192601935 -0.0741595191601 -0.0445338568915 0.0880205808593 0.00465425397913 -0.0029486033195 -0.0309950371236 -0.156381516584 -0.0179262901743 0.100040395451 0.0171677181724 -0.417872446667 0.719958564065 0.148354943893 -0.0340379469953 -0.416669061584 0.202280978377 0.00984396874176 -0.0719255411219 -0.0386236827006 -0.00772919170386
-0.548085869097 -0.0174129682064 -0.0365109621543 0.0122242026802 -0.02791915195 0.0625996618261 -0.0799956302132 -0.6099454467 -0.00847116093827 0.060354443742 0.116701260009 0.0818068936973 -0.0106344187392 -0.115706429241 -0.155995371853 -0.111116387917 0.0698351368051 0.00796556882348 -0.0233706614429 0.424143616601 0.101890556148 -0.0204388940803 -0.129245652594 0.104900835119 -0.0104761096148 0.116669980452 -0.0137697165913 0.0517020881664
-0.262491923188 0.000705733588005 -0.0375249129269 -0.033985801346 0.0474762337783 -0.00238548086465 0.0266414984708 -0.264987076421 0.0048048343305 -0.0342617258623 0.0349251210565 0.0396264555619 -0.0286890930582 -0.212839112168 0.136957649941 0.125557784705 0.042956015955 -0.00703638017285 -0.690864710062 0.194665788857 0.0483880795231 -0.00833142815642 -0.477486309581 0.0749448929293 0.00856819788506 -0.124337593728 -0.00387514206411 -0.0454038449742
-0.412172951973 0.115775306805 0.0819182207286 0.143789465079 0.0854186232906 0.0230687053309 -0.0151728839004 -0.409565584552 -0.0969362424942 -0.120466135045 -0.0873344105315 -0.0260551737426 0.0152432504116 -0.0795107807417 0.00582511316148 0.00396131334584 0.0335331302712 -0.0117962977804 -0.555252977841 0.313636092255 0.0601300229081 -0.0213799993024 -0.329785399387 0.0998317167661 -0.0179125165946 -0.202126167235 -0.0309165942151 -0.0428453133621
-0.570464572014 -0.0894175118286 -0.0264602311331 -0.152183066915 -0.0815245008831 -0.00689905257396 0.0252333419725 -0.574374592311 -0.0523507982029 -0.0284925714734 -0.162717177661 -0.0694042621421 -0.0121429972132 0.151090061026 -0.133807858301 -0.0272943033282 0.0542754923346 0.0314881349573 -0.105554797226 0.419310154803 0.0660945519889 0.000775291848617 -0.134932251869 0.106065608647 0.0425164886244 0.047660498652 -0.00362279310215 0.0137295906453
-0.439439749728 -0.00360947030906 -0.0107827465677 0.0489217885891 -0.05711348041 0.0365714200544 -0.0389737153905 -0.432232819057 -0.0326677431207 0.0117451093619 0.0260335488317 0.0275443137915 0.00247383722736 -0.307257805231 -0.104774512842 -0.0985928462789 -0.0263494610261 -6.17696300665e-05 -0.504618070741 0.249392052992 0.04048109613 -0.00207494037161 -0.342632530695 0.0678313058029 0.011501184108 -0.227569255139 -0.00768987495886 -0.0228641523386
-0.35691169727 -0.000213567270107 0.0495299878503 -0.0355947355029 -0.0398966209116 -0.0089074769022 -0.00188193929573 -0.355367859289 -0.0283401635883 0.0170470475667 -0.0310871737072 0.0288355398062 -0.0181161249173 -0.568442804932 0.0510798083359 0.0676468872189 0.0258901823629 -0.000979520735523 -0.369941802414 0.123971264138 0.00854496936398 0.00176425933936 -0.342066671771 0.0424091590248 0.0015502888224 -0.367594512622 -0.00554406085166 0.021454722801
-0.255907006052 -0.000478998701827 -0.0479328867493 0.0370635532343 0.046797315954 -0.00811426116405 0.00404373984073 -0.274312601438 -0.101764436108 -0.0423922945534 -0.0236114387868 -0.00451470261844 0.000936620418635 -0.480621906953 0.0232579983357 0.00245606153441 0.0103657531534 -0.00168335143716 -0.449296375131 0.0573154794636 -0.0148219478671 0.00242935882602 -0.279062023133 -0.0131457453725 0.0124089581589 -0.568896305355 0.00386126082868 -0.0411798181377
-0.333110659887 0.00288442750074 0.00586660071325 -0.0118305108001 0.0479481153106 0.0184508797859 -0.00172165890883 -0.325948008128 -0.00567731246675 -0.0193180152265 -0.012973637387 0.00404001406134 0.00329579329002 -0.226646397981 0.139558166288 0.141885752947 0.0281480002731 0.012926458306 -0.653680384904 0.0769536024666 0.0133613814641 0.00684205766218 -0.489293734511 0.037842351569 0.012568773966 -0.0959886826831 0.0155945586033 -0.0594345902207
-0.624248786111 0.00969784528333 0.0686032364806 0.0463211571352 0.0813156908261 0.0258996123112 -0.0140499497558 -0.543990233595 0.0190738137291 0.00604116924355 -0.0236490584534 -0.0055151046077 0.00213563437356 -0.267769360939 -0.125318512806 -0.112030931356 0.024498585567 0.00586478288359 -0.0157282365276 0.207085049409 0.0762287923682 -0.0229176967795 -0.306748140076 0.0905112699445 -0.010840954987 -0.212944503897 -0.0123397705811 0.0317301525663
-0.620702756954 0.051842452716 -0.0192157432036 -0.0465742415469 0.0191482193593 -0.0435043041513 -0.00227318279936 -0.641384782455 0.00762235120574 0.0351182418773 0.0355946106988 0.0317753373287 -0.0138070185307 0.166831745948 -0.0722447617072 -0.0512600605794 0.0506102035437 0.00233334342931 0.162475739332 0.202816939409 0.0182642018935 0.00588921771189 0.116139443681 0.0192037326266 -0.0094175793202 0.265196543385 0.0207194477953 0.0353868448727
-0.456937610907 0.0224336900292 -0.0174652868116 -0.0105032681283 0.00251971836194 -0.014701787122 -0.00345172689686 -0.563577690437 0.0474652614613 0.060128276852 0.0431897038118 0.0319303635326 -0.0224995790355 -0.0821500194443 0.0932491740993 0.102589324702 0.0288820318022 -0.0182358991367 -0.545778996625 0.191339235266 0.0592916528447 -0.00513041325541 -0.298261351768 0.0818134831349 0.00299664502027 -0.0425984041082 -0.0230918628136 -0.00173379298537
-0.374355247272 -0.00652742385742 0.0116692085001 -0.0476177109413 0.0402346432075 0.0078170531219 0.0200880650205 -0.375672232918 0.0107789537742 -0.0633412720558 0.011505133972 0.0140500786509 -0.0102428447011 -0.213447921212 0.150827459589 0.180879026902 0.0305281720491 0.0140174326104 -0.540231445229 0.0827610457387 0.0279479785664 0.00758042929684 -0.546338819022 0.0511896261072 0.0145170697883 -0.0582212748579 0.0137442024448 -0.055203443886
-0.356610658529 0.0255115755424 0.137914739002 0.0964149410018 0.0505479662361 0.0139250019515 -0.00952526650205 -0.258032181569 -0.0639019443572 -0.0034349773751 0.0233767686619 -0.00684592295214 -0.0035756525847 -0.46686870302 0.0641692068745 0.034895588247 0.00940766421937 -0.00430016468542 -0.431313774242 0.00649763321371 -0.00502010822292 -0.00499570126268 -0.40171523843 0.000497218771885 -0.00191564207083 -0.44584822107 0.00215425121964 -0.00655071635004
-0.572239744719 0.0348576024563 -0.0123083782162 0.0244045276305 0.0687027867961 0.0129490451144 -0.0099047864936 -0.677224437977 -0.0905206444747 -0.06627854126 -0.0593249936673 -0.0259524168507 0.0179180254889 0.133831503586 -0.0574450594282 -0.0750369863256 0.00517363942942 0.00591317406566 -0.280321260577 0.21521940868 0.0298320691766 -0.0126984617341 -0.173003191034 0.036495122105 0.0143778861943 0.0659019387364 -0.030200948485 0.0168018179081
-0.606320499157 0.0719619717285 0.0423537192157 -0.0237368823483 -0.00436702409384 -0.0175060861804 0.0094455517674 -0.696938462175 -0.0904521719257 0.00480218600881 -0.0470947279256 -0.0180628744747 0.00137408729388 0.20838931484 -0.162152667929 -0.117104802743 0.0168988798461 0.0264372887452 -0.0128681878148 0.123663031342 -0.0243253627786 -0.00629964454272 -0.0846949096254 -0.011628646092 0.040780117815 0.133285607457 -0.0209462570045 0.0163861588631
-0.634587780157 -0.013478879013 -0.00145319808918 -0.0748908500421 -0.0444996291407 -0.00832432365861 0.0367470606259 -0.576298997239 -0.0289534211442 -0.0438460624354 0.0331263574492 -0.00889554821778 -0.00817380093977 0.0799821868105 0.047119066241 0.0490399723188 0.023481375644 0.0121823064099 -0.29358199257 0.294299126673 0.073546549406 -0.00419301266622 -0.226527455876 0.0728773232904 0.0203460680707 0.0706378695248 0.000226725054212 -0.000915419830586
-0.275174862793 0.0491219790632 0.0891323762581 0.0236968181948 0.0364426017151 0.0155039523712 0.00799891197972 -0.291219068382 -0.0868420868464 -0.0633035898647 -0.0146518310254 -0.00146647569876 -0.00666637697323 -0.458574638613 0.0905019685581 0.0786332799595 -0.00763610493937 0.00568948901812 -0.333563126276 0.0433648313947 -0.00459530375273 0.00387443154036 -0.379779448196 0.00777415726221 0.00304789192682 -0.575190653824 0.00565174437171 -0.0446544629898
-0.277045817789 0.0312986340849 0.096823583101 0.00667321531865 -0.0276003602963 0.016356030094 -0.0101944050616 -0.319785883628 -0.0962758940749 -0.0528113478286 -0.0608813023405 -0.00269392571476 -0.00139312644337 -0.420020742086 0.0624931223302 0.0691001063381 0.00314495398584 0.00213246177985 -0.436803285573 0.02542748983 0.01245439686 0.00283203805754 -0.350288474513 0.0025648520864 0.00691941418079 -0.54031426256 0.00298718866271 -0.0474641286681
-0.495671657726 -0.0107754011193 -0.015146675971 -0.0393100902619 0.0243299997069 -0.0327976264631 -0.0103767337265 -0.514787690026 0.0173759144146 -0.0221607257559 -0.0104741851427 -0.0408872782172 0.0178222120096 -0.19924425911 -0.229976003479 -0.0458570951321 -0.0565035657216 0.00746860917816 -0.164014133409 0.210845849903 0.00383388389449 0.00227634392042 -0.500588040344 0.0502874076984 -0.00417164551164 -0.243983555769 -0.0212192134206 0.0178076884237
-0.496654199694 0.00238085284192 0.0670681201702 -0.142749304285 -0.0121298109073 0.039328221993 0.0168719031044 -0.441031703088 0.0327995959759 0.0268458084358 -0.0785845241828 0.000230540994218 -0.0089208555019 -0.244190746711 0.158442860866 0.156103305566 0.0198177468293 0.0128928048623 -0.427072369148 0.127718771743 0.0440488875322 0.00412860152061 -0.453628149877 0.0315772118854 0.020151444642 -0.0736422865401 0.0275899848618 -0.0150829573299