-0.0339894947371 0.0270404631628 -0.0829467450178 -0.121306783873 -0.0724495008236 0.0169957236594 0.0124158819988 -0.0282860153668 0.00839768921866 0.113023436621 0.0804835388413 -0.00115566606738 0.00951670477985 -0.0847812239495 0.0253493500706 -0.239714805353 -0.126218395252 0.00855500950082 -0.430533202983 0.647277291798 0.0755759866174 -0.00471231273067 -0.495857978426 0.104434583261 0.00152394539016 -0.0496804079237 0.000869837285359 -0.000399059900667
-0.4757003372 0.0120490608192 -0.0905213139488 -0.0652705056754 -0.0888307961929 0.00412533425027 -0.0133041688679 -0.468508422364 -0.0684610245374 0.0321955492373 0.085885743333 0.0354590858907 0.00395852723023 0.0846286097076 0.0522059056739 -0.13309417973 -0.0942815351 -0.00140891973915 -0.225239161498 0.501170886538 0.0138320120014 -0.00547524167572 -0.411816111027 0.0505085832784 0.00287040350362 -0.0881018033865 0.0177860816121 0.0174028111442
-0.180590217661 0.0180615758317 -0.061648152105 -0.0524751820646 -0.0276538165814 0.0501212197867 0.0141064622898 -0.206617535307 -0.0136044645309 0.050321192342 0.121632578802 -0.0340802285785 -0.00284400415578 -0.681218011733 0.027052719545 0.0433470315039 0.077398998545 -0.000692283365834 -0.425703844615 0.0802837211342 0.0772381888644 -0.00175428454622 -0.413293833476 0.0788025518081 0.00279918260729 -0.224550909627 0.0252826042393 -0.0356241773284
-0.499384904611 0.0574195461599 -0.14853840806 -0.0136025562701 -0.0373436213222 0.0692745840741 -0.0127170339086 -0.467579991825 0.0703158953877 0.0134325641555 -0.0401065749464 -0.0831189099795 0.0206559932007 -0.0357999750709 0.0527602753775 -0.16525245767 -0.142085640739 0.00805451179705 -0.255908425466 0.506065028424 0.0482586976539 -0.0132825334393 -0.324718927759 0.0612643489166 -0.0071815396752 0.0168360808928 -0.0249043090627 -0.011829502141
-0.45938954983 -0.026171987776 0.0039999124556 -0.127898883463 -0.0213398233484 -0.0293921105594 0.0349585475333 -0.475075845057 0.0641512701154 0.0395099208176 -0.0740321293563 -0.0930191589748 0.0101483020903 -0.104202161285 -0.0686065462085 -0.266974073824 -0.039804232896 0.00525373574489 -0.389790102549 0.419068528255 0.0700970587702 0.0166909492907 -0.296434489739 0.0659719070725 0.00596722642309 0.0849660007325 -0.00785208541621 0.0548613416299
-0.516928893024 0.00217676153352 -0.0307651946435 -0.0893068462062 0.0127638759943 0.00093908052839 -0.00355075287668 -0.433619472952 -0.0470544444139 -0.0110924440077 0.0533113202903 0.02167743532 -0.000272515123913 -0.491467460408 0.170996750183 0.116911325524 -0.0559855077737 -0.00320874033313 -0.161867631963 0.315699641786 -0.00503297445212 -0.000491986645384 -0.300947909551 0.0473270958176 -0.00140441552482 -0.153903752244 0.0041164535254 -0.00228914954443
-0.24649505396 0.01554949854 -0.0108666496894 0.00711336215907 -0.0311248911865 -0.0138470779169 -0.00327068688615 -0.343400627751 0.0105216323614 0.0793286219076 0.110148378229 0.0224733129203 -0.00493039665794 -0.611274485729 0.0158811098238 0.0275495985626 -0.0156801073609 -3.35081027923e-05 -0.32225028524 0.0627166249108 0.0192889595254 -0.00256069446294 -0.337026445581 0.0208605972945 -0.00376069713334 -0.45114959156 -3.10294468139e-05 0.00508783458879
-0.215034151978 0.00888436931848 -0.0398183257383 -0.00181378983802 -0.0189522331165 -0.00823136532512 0.00259499156566 -0.256008846969 0.00424484129895 0.0342261688215 0.0917645295661 0.0113321683624 0.00527511422234 -0.644856408159 0.0031600575162 0.00499867406203 -0.00270682027997 0.000222776436566 -0.375670373161 0.0173896853509 0.000341897399629 -0.00350600531497 -0.304763036139 0.00640063598242 5.7540755652e-05 -0.473703887542 0.00880304911851 -0.0404034792272
-0.335037652925 0.00529781537844 -0.0506847298093 -0.0432930650763 -0.0112488775805 0.0562299108498 0.00319879198669 -0.3244284682 -0.00877192254761 0.00984776381409 0.0532387676727 -0.0214758517458 0.0155154432055 -0.603536422338 0.0259279143198 0.0481519205541 0.0750615276668 0.000291763199846 -0.415490079063 0.0805514811587 0.0919675438392 0.00460143679623 -0.412844083325 0.110881362772 0.0135214983532 -0.16024928124 0.0309532278887 -0.0312891869222
-0.678056753943 0.0143894796621 -0.0924879393602 -0.0487591069362 -0.0310394504686 0.035463764548 -0.0084934650381 -0.534546871709 0.0149946809873 0.00656789152691 -0.0249833199602 -0.015334600131 -0.00235388894809 -0.0206256610735 0.0690957602895 -0.0251768019454 -0.0710079233227 -0.00168998919049 -0.113910375392 0.351997224815 0.00842574183172 -0.0112767951023 -0.295593566747 0.0429442122185 -0.00428741813967 0.0183493027588 -0.00580411956741 -0.0486954993149
-0.669158674576 0.0823387719494 0.0586125176804 -0.0220513553408 -0.043825695745 -0.0377505990228 -0.00305810014543 -0.596972977152 -0.0694576472851 -0.0154308553059 -0.0107761563107 0.00564931600575 -0.00722839322819 0.144088757265 -0.068403777645 -0.19252708795 -0.0521627504164 0.0074081758986 -0.134521341556 0.184428807861 -0.00866885162928 -0.00538961843785 -0.227024632217 -0.00475717174732 0.0066860983091 0.0534759474545 0.0258488323964 0.0624336592383
-0.249125984805 0.00738944753907 -0.0514580701065 -0.052534329285 -0.0124166106724 -0.00325700317015 0.00335473047555 -0.240366643121 0.00696216714466 0.0207285164239 0.0240699730835 0.035234783192 0.00321997438681 -0.631999391343 0.0098077138421 0.00850948990051 -0.00132145756137 -0.000227100552507 -0.325078133102 0.023949148535 0.0120199711112 -0.00302251747222 -0.429256428915 0.0145479562616 0.00396432889269 -0.424820260491 0.0036584981689 -0.0352370345907
-0.336166426258 0.00852278910858 -0.0546230464283 -0.0510586829842 0.00332226495609 0.0513756129169 0.0188203910852 -0.316202233789 -0.00788986735636 0.02220688254 0.044720267168 -0.0141700283267 -0.00978735435365 -0.606051760043 0.00791399207917 0.0695376321956 0.0801723181713 -0.000380358125627 -0.393141010852 0.086317370633 0.0907431370913 0.00379043302315 -0.442433485458 0.0833349206703 0.00110324323543 -0.15138970804 0.0288549416727 -0.012641613953
-0.544888717079 0.00259628735175 -0.0506727244221 -0.079267152317 -0.00610022673896 0.00809466490175 -0.0169001543284 -0.434956728429 0.00695161427726 -0.00637600219283 0.00672669746067 -0.0147554549332 0.00358901464003 -0.371977661497 0.157229306469 0.0914822407964 -0.0768350706778 -0.00142926403583 -0.188499222894 0.323466339949 0.0188793867422 -0.00734135640067 -0.381225999825 0.0447379288598 -0.0118415104597 -0.173500068974 -0.00736747077101 -0.0934377687993
-0.615943351563 0.0153491674964 0.00235294662714 0.0122147929728 0.0252783586348 0.030524791096 0.0136735539824 -0.630495665229 0.0434376340653 -0.0127971986282 0.0282018620378 -0.033660258661 0.00103053160948 0.0964992721627 -0.0674486373578 -0.151850024751 -0.0529689086731 0.00260212755537 -0.132449057107 0.333617457525 0.0131130534633 -0.00266212243883 -0.0372126892528 0.0131391231267 0.00409150553059 0.210435642073 -0.0125747173942 0.0468054489834
-0.613954969598 -0.00642341639596 -0.000743113541176 0.0125955889706 0.00265598108444 -0.0199892140482 0.00763167989888 -0.624928784931 -0.00564859741404 -0.0120651187947 0.00744697034172 -0.0324544540241 -0.0102634876951 0.100579674369 -0.0425874440322 -0.169405481141 -0.000984315779505 -0.00535668700102 -0.211459353726 0.318436953076 0.0290811420087 0.029311617303 -0.0807819722496 -0.0274683271123 0.0093595866532 0.178765054047 -0.0122480704583 0.0501173255286
-0.640795910561 0.0197727539723 0.0366953611546 -0.0470891023651 -0.0404427061664 -0.0185127523094 0.02640717807 -0.561718605135 -5.32041034326e-05 0.0186171138609 0.0142495782328 -0.00358711271062 -0.00214933983796 -0.0593116618959 -0.0450785663144 -0.196105495801 -0.0136334636984 0.00553308485152 -0.254604661138 0.311259296418 0.0369782687306 0.0152766387191 -0.215463045107 0.0596082349704 0.0108736547313 0.0882336884694 0.00252380222106 0.0351766313233
-0.419628931632 0.00378409600344 -0.0441987563079 -0.00286561142457 -0.0806248201527 -0.00830333391679 -0.00213166933358 -0.344083210421 -0.0531662266888 0.0170711055917 0.0221106784066 -0.000984072878759 0.00761386389947 -0.561046779529 0.160697713903 0.202890064702 -0.0121182221583 -0.00536362221417 -0.168255850402 0.247996490067 0.0032570572226 -0.0053317913643 -0.419597726847 0.0234169293202 -0.00722395265792 -0.210996604679 -0.00106766454363 -0.0181778362489
-0.357020205501 -0.00810875966599 0.00539974943945 0.0249364533193 0.0472872357478 0.0187723267218 -0.00141911933542 -0.384565313431 -0.00448638474966 0.0799891476455 0.0271225897837 -0.0393001896237 0.0153786071377 -0.521416318245 0.000441652345622 -0.0268729849319 -0.0483890869379 0.00105094701441 -0.323752752757 0.0265736894247 0.0307771973818 -0.00172753463555 -0.52030648998 0.0618650346618 0.00299329673824 -0.236728874126 -0.00866799629483 0.0179132216912
-0.389230474528 -0.00214656832317 0.0021814376705 0.00513306814851 -0.0176769624021 -0.0108046901114 -0.0040294838163 -0.47779453632 0.00287778600117 0.137680287812 0.0213819908666 -0.0360529986906 0.013606279179 -0.409502242323 0.00919145609657 -0.0103931453292 -0.0819470123877 0.0014408237684 -0.352592014412 0.0566505461288 0.00750135971682 0.00905967077247 -0.488587374743 0.0470288478745 0.00139137893331 -0.23340477471 -0.0122600701742 0.0315350985114
-0.412469299893 0.0173027459073 0.0176414799304 -0.0516078108871 -0.00823118035104 0.0274109767861 0.0205916104532 -0.423695494869 -0.01116959443 0.0786192366858 0.035273490843 -0.0312116442847 -0.000761050646032 -0.42520526081 0.0833938964244 -0.00360928290393 0.013140169546 0.00563879808787 -0.421791586208 0.0457162330392 0.066386962956 0.00111044681815 -0.487629240015 0.112558176551 0.000768283267691 -0.118630759979 0.017877937904 0.00928362650479