-0.0496192573666 0.0238905009389 -0.14756373298 0.0131203894142 0.190287977483 0.0481525865894 0.0139462225296 -0.0131243028529 0.0374517189149 -0.00594459895877 -0.126905981124 -0.00387134739195 -0.0155512987969 -0.255269507697 0.133798371693 -0.562481447017 -0.248684127492 -0.00794837726841 -0.170325527043 0.470586008947 -0.182787006353 -0.102928751743 -0.381084780996 -0.0751124142636 -0.0758480175249 -0.0691103697717 -0.0305260887878 -0.0131283040477
-0.533426007855 -0.0177319386216 -0.123518762766 0.106534435244 0.0931865314881 0.00930822587969 0.0229711749132 -0.433988604943 -0.0590607182674 0.0345185331368 -0.0595459515561 0.0228062281511 0.01163006301 -0.181221275418 -0.021106909489 -0.348385640625 -0.0920651788446 -0.0166494782177 -0.189363476046 0.184758790117 -0.054558844971 -0.0168951164535 -0.48633913726 0.0256824353957 -0.0299360542356 -0.0511905935096 -0.0312327766324 -0.060535212614
-0.440905694744 -0.0141583682234 0.0957680817492 -0.0901674923101 0.0550867553028 -0.00110710675262 -0.00246405914906 -0.452960827071 0.136838965404 0.0347228113818 -0.0217542001283 0.0285791570643 0.000301913578907 -0.509470890582 -0.12431637406 -0.325446622054 0.00778012651785 0.0150893628652 -0.36308404536 0.12416920386 -0.0906502775451 -0.0234260260805 -0.036912868841 -0.0210493493841 -0.0180884447363 -0.133113582692 -0.0251484253904 0.0307625161454
-0.616142850727 0.0377038009362 -0.192123993572 0.0295100347815 0.0574435867634 0.0697677719254 0.0150996578331 -0.558347019615 0.0550068904303 0.0985587319725 0.0691224127158 -0.0958499137399 -0.0312313188659 -0.0564339045305 0.119444777226 -0.290839102662 -0.161048738007 -0.0128105352108 0.00399525519877 0.176979270311 -0.0668329857706 -0.0592334366763 -0.239284389716 -0.00880043537939 -0.0491914384587 -0.0145843774062 -0.00549630038995 -0.0767272279106
-0.529498253577 -0.0308972835169 0.157854709703 -0.0798731919414 0.0146119715647 -0.032775383827 0.0059386957505 -0.570950286582 0.115123150803 0.0850932073042 0.0683678857668 -0.0811002228174 -0.011865580812 -0.164326561849 0.164219548951 -0.170997121102 -0.118229130351 0.0157816294496 -0.0304758338485 0.268964012662 -0.09026495495 -0.0754409130121 -0.366042478811 -0.0747923864038 -0.0373729215171 0.00130544767852 0.000750692874907 0.0515509070193
-0.514527135548 -0.0168633178626 -0.0416291077038 -0.00733058511915 0.0992538549941 0.0278143037891 0.00156877836278 -0.442042595446 -0.0245743536596 0.00440540849961 -0.0103614463539 0.0162250049552 0.0510137652138 -0.304836113883 -0.201388774602 -0.229091657566 -0.0606129487007 -0.0131619321271 -0.395026586354 0.0640605599358 0.0250124609856 -0.0125435168744 -0.390393014308 0.0446618511188 -0.0180986158458 -0.112175165926 -0.00114355362931 -0.0742053966994
-0.471400948382 -0.000613545504145 -0.0730709100111 0.00453156133827 -0.0130727499149 -0.0224253553523 -0.00163526966043 -0.554498704691 -0.054308540698 -0.0147979383274 -0.131922397418 -0.0204220322223 0.0409387108582 -0.317104464796 -0.142740256017 -0.254413186406 -0.0213759386574 -0.0150210494682 -0.39229339428 -0.0437393190855 0.0171000847333 -0.0287708507469 -0.242447017882 0.0177467552421 -0.0271033502539 -0.187301503578 -0.0480930745944 -0.033461705613
-0.567789075288 -0.0136789801445 0.0622732735689 0.0188309562276 0.070585680922 -0.0114147462344 -0.00888912735021 -0.571834887656 -0.0437586148774 0.0743837697747 0.00816408374361 -0.0078132919533 0.0327895167113 -0.410462608954 0.00285230312974 -0.171563604082 -0.0213866097837 -0.00879500945829 -0.227005433211 0.101811740308 -0.0406688840386 0.0104466259957 -0.0235934294392 0.00609091410272 -0.0327830969694 -0.260628992008 -0.0182273862229 -0.0177089415628
-0.55040043242 0.0336273595632 0.0521122549082 -0.033959781399 -0.0121562131725 0.0287963493501 0.000551513825643 -0.670798348517 0.0496900531028 0.0134641971304 0.122077299504 0.0330011687244 0.00100029764444 -0.315807528718 -0.0694898851735 -0.218191250415 -0.00546667294858 0.00267644874907 -0.242827809823 0.047847153798 -0.0556919372465 -0.0175570310675 0.0610890351085 -0.0237093393929 -0.0013945991038 -0.0191461475393 0.00607696467146 0.0299474597759
-0.709665963834 -0.00425895207491 -0.0822920747971 0.0184721449301 0.0507118871413 0.0437875240752 0.00172316040371 -0.542852011013 -0.00270663731565 -0.0156353744166 0.016648727917 -0.0111577438394 -0.00893999872022 0.0102160243151 0.0908426511561 -0.229126533981 -0.0768789456453 -0.00325051474727 0.0131077585583 0.140968875225 -0.0315964152534 -0.0111926298525 -0.288134772821 0.015728495738 -0.0187629565978 0.118777701635 0.00809579856061 -0.0599174035762
-0.442380985733 -0.00751600270721 0.00325831391211 -0.0197945386483 -0.00514266676336 -0.00972779859196 0.00649175730408 -0.510703069112 0.0560195962414 -0.0372786303937 -0.0587573087419 0.024410004802 -0.013520409614 -0.342779006989 -0.167965139894 -0.115348978339 0.0270745664495 -0.00569954037128 -0.342208200269 0.135977255517 -0.0542414316586 -0.0179836292348 -0.47097314253 -0.022625929268 -0.0139642488873 -0.106130708865 -0.040720874437 0.00365031205737
-0.500480761693 0.0375275710706 0.0038093974169 -0.00341147460017 0.0745325097826 0.0263841519266 -0.00571380250351 -0.610589618784 0.0884871478513 -0.0160163474664 -0.0787388996621 0.0379299952447 0.00305202439283 -0.344139849289 -0.105569121572 -0.16974179581 0.0277540961699 0.00328017655204 -0.311058904274 0.127158186516 -0.0720555131146 -0.013154205202 -0.267528439955 -0.0255537702587 -0.0101453034818 -0.0544082670119 -0.0220911813964 0.0029548550191
-0.56981776103 -0.0546559790742 0.0396031856139 -0.0770065157942 -0.0175653783773 -0.0161479254785 0.00229323179653 -0.590506497755 0.0672211721793 -0.00729505330302 -0.0654801047024 -0.00397238207162 0.00893967743974 -0.374329946169 -0.115107128428 -0.188299978763 0.0146162704277 0.0283321899229 -0.253676828636 0.12048781673 -0.0629313796131 -0.017742450669 -0.151365506541 -0.0154503708646 -0.00630810007266 -0.0925023009754 -0.0249101355864 0.0351695519347
-0.745588554443 0.0244115563886 -0.124460896911 0.0580406098085 0.0244374044944 0.0390361225655 0.0172865264324 -0.555275900128 0.0182645378199 0.0167922530126 0.0118456588645 -0.0258311629339 -0.00272504395295 -0.0476088345592 0.0648257891718 -0.118933498061 -0.0979872725318 -0.0221603276862 -0.0897193045661 0.180259115788 -0.0614269987416 -0.0241668917827 -0.157505689479 0.0326732958946 -0.0417543478548 -0.00317876483289 -0.0104367285721 -0.0954768443739
-0.626272810846 0.0227349051093 -0.039637951183 -0.038467453419 -0.0159517250671 0.00795729755986 -0.00890875242651 -0.715145260692 -0.0351008512783 0.0596334013432 0.0767484214275 -0.00534793205937 -0.00557426486052 0.0665602680149 0.0942326639956 -0.155174561453 -0.0403025189667 0.0168101857995 0.141986509825 0.0659379334212 -0.0167965078485 -0.0381254567414 -0.00317761911326 -0.0260457999644 -0.0297081534756 0.116594403633 -0.0205813689677 -0.0227562472564
-0.617808621554 -0.0241814391676 -0.00808462713504 -0.00107128189667 0.0357249512071 -0.00134719575561 -0.00158975313324 -0.711284591513 0.00353844457775 0.0445816642135 0.0695120070509 -0.0310302681336 0.00724799103792 -0.0246909562365 0.117480156896 -0.086017339839 -0.0252630140827 0.0179634571101 0.191469599008 0.146249174717 -0.0394536060313 -0.0726648899073 -0.0601716976232 -0.0590148153058 -0.0099609018319 0.0822218213453 -0.0219271594762 -0.0225021385609
-0.675027378775 -0.00307507583707 0.117305689632 -0.0264928696888 0.0117167685471 -0.0384080001424 -0.0032988898461 -0.598369917135 0.00535788496841 0.0361599288897 0.0488543034989 -0.00801036580442 -0.0141016965996 -0.0822387610013 0.101097315108 -0.125285742146 -0.0597898748747 -0.00299577385157 -0.105591635629 0.233409010342 -0.0504826884601 -0.0303068663689 -0.237211759917 -0.0231230124899 -0.0205456651469 0.0357913934271 -0.00811181172955 0.0477133228007
-0.53017836002 0.0114527760084 -0.0554337893572 0.0610813117264 0.066858775571 0.00740046724592 0.00115654504319 -0.37562902445 0.0584686233387 0.0180631235844 0.0308606040937 -0.0102137968082 -0.00828935045088 -0.317790117054 -0.18615097991 -0.181098384586 -0.0324713747484 -0.00454563624271 -0.407379978995 0.230048720207 -0.000282127038621 -0.014563729302 -0.383951951239 0.0102745339793 -0.00491835410679 -0.147216228789 -0.00144459242781 -0.0604255557885
-0.446857513362 0.0179880320227 -0.0380907733238 -0.0184287642415 -0.0336309733799 -0.00334271633022 -0.00265121125026 -0.571895919051 0.104231269071 -0.040271845843 -0.0138427041775 -0.0722096940521 0.0133649764752 -0.248473545229 0.0725620029276 -0.179873804301 -0.125318822423 0.00171172514598 -0.280167857988 -0.113144288521 0.017017628792 -0.0157949354131 -0.429344689508 0.0137640642201 -0.0241159037545 -0.244192937823 -0.0140202824012 -0.00914122071335
-0.494038554022 -0.0517384526351 0.0635295285991 -0.0510845535039 -0.0397299216174 -0.0146469916133 -0.00357612177483 -0.535868126314 0.0779819772041 -0.0107588337022 -0.0391812696642 -0.0331894269595 0.0405946235511 -0.238186263758 0.0578072077881 -0.146432244397 -0.0709199561551 0.0288833213892 -0.312224728125 -0.0207236786925 0.011458099498 -0.0250198988009 -0.392293458727 0.0441385474133 -0.0178425119882 -0.323602658444 -0.013990986828 0.00587775571305
-0.547212285485 -0.0292587808246 0.0325943642492 -0.127268324292 -0.0581516956074 0.0188773074892 0.00198092445237 -0.452524311855 0.0071917873524 -0.0171498080532 0.000839304033229 0.0484781919668 0.00202893234778 -0.298434975414 -0.00844286123336 -0.109488607881 -0.0221594290339 0.00839092716674 -0.313355297059 0.105675171865 -0.0527051448805 -0.0101353525591 -0.499714592352 -0.0391400110147 -0.00774318770567 -0.0648792164899 0.0160590561628 0.0390517291549