-0.0147263059732 0.0459511554431 -0.0140062015635 -0.0774664689004 0.0841231828672 -0.0177405374474 -0.000807731012476 -0.202521889222 0.179979177012 0.377215191245 -0.106831882417 -0.0749976143349 -0.0155508973308 -0.389260426684 0.190356093091 -0.584848820217 -0.0718095916728 0.00149106570054 -0.229188299802 -0.127637872787 0.117494897202 -0.0253249946863 -0.35192422743 -0.0821501451479 -0.0405638445727 -0.0218089202934 -0.0121290856894 -0.00227478161894
-0.521596195301 0.0177429402303 -0.100463831053 0.0208607306091 0.103712516134 0.0406216852089 -0.00879463743898 -0.633757430646 0.0784323601367 0.231076694522 0.0185074015687 0.0602639455438 0.00481947379736 -0.178026287884 0.134243474011 -0.349098901634 -0.0237740345811 -0.000443981258712 -0.0779940609018 -0.0643440655261 0.0912402499633 -0.00154646243959 -0.195716522992 -0.0764765166082 -0.0271206650294 0.060392730665 -0.0129747554284 -0.00336904130984
-0.443212468987 -0.00708101107464 0.144273384534 -0.041122082539 -0.0192329137276 -0.0181666126946 0.00963697458287 -0.606726583531 0.0427356863848 0.268574772879 0.0762816587759 -0.0344719367929 -0.0195243318599 -0.308593937162 0.230565547166 -0.303803836892 -0.0367398851962 0.0177969625058 -0.123383477827 -0.114773484245 0.06800914971 -0.0322098584647 -0.192866084776 -0.0915435826651 -0.0141108510205 -0.0902289319367 -0.0103188544152 0.0176650337015
-0.42888910253 0.0410420926713 -0.122394308425 0.0174245507461 -0.0132244837581 0.0641253201143 -0.00209985972183 -0.436699634301 0.0586279990604 0.0258601872871 -0.0622893983092 -0.0922189716412 -0.0151839621012 -0.318808960487 -0.0385521797478 -0.360145333574 -0.0657176784751 -0.0125001597722 -0.452626694803 0.0773695620076 -0.010762980318 -0.0207269980686 -0.364098725109 0.00504392191851 -0.0283718760321 -0.0623152798903 -0.00225571832168 -0.0370510700355
-0.405283969445 -0.00792631841752 0.0876747169276 -0.0676276395341 0.0611348004912 -0.0500416011208 0.00666806397901 -0.451840433194 0.0313379680342 0.0710509930096 -0.081201375002 -0.116019884997 -0.028533158925 -0.339685866373 -0.0832616448633 -0.349362263551 -0.053318859442 -0.0131393725243 -0.499728465636 -0.124316548636 0.00845458259372 -0.0257077197904 -0.266308200809 -0.0172573630895 -0.0272710069113 -0.0244263279122 -0.0105468912439 0.0101798158096
-0.656696762673 -0.0332161740513 -0.0955499355307 0.0383444029788 0.056306708316 0.0161894103157 -0.00286024886075 -0.607832666303 0.00817719532994 0.0988720575726 0.0873214921321 0.0207969652911 -0.00208739900589 -0.0746874691248 0.185786873953 -0.200946533352 -0.0374730005089 0.00971291991589 -0.196020941492 -0.0878680816693 0.0356353548356 -0.0124942868343 -0.189517636562 -0.0141597929491 0.00455817904069 0.00819637476755 -0.0132598683347 -0.017747082331
-0.535765259301 0.00447556904863 0.00996062330711 -0.00635730603774 0.0147713427646 0.010819986909 0.00253927989343 -0.651355789678 -0.00565165848743 0.0827654563288 -0.0449400697317 0.0477194721106 0.0157789098502 -0.362243446009 0.136658220103 -0.173821303512 0.0248930677948 0.0071445141815 -0.0307622952886 -0.0918576587564 0.0565311772932 -0.00393893202911 -0.241719992312 -0.0592053725466 -0.0089644267074 -0.144359054154 -0.0136069656985 0.0186387380652
-0.538614734013 0.0230708375454 0.000203789519813 0.0232391734083 0.065263968922 -0.00632037510263 0.0039534604191 -0.691857441313 -0.0289974847472 0.109494036972 -0.0557379737987 0.0304200441575 -0.00748503034311 -0.282356388115 0.134930886787 -0.177660763824 0.0294341602883 -0.00140247648202 -0.0600577062294 -0.1085857054 0.0863753631057 -0.0222651299655 -0.191031726168 -0.089525028846 -0.0249619130337 -0.0953625993748 -0.0307654889414 0.00577303200948
-0.593726367992 -0.0209107892474 0.11674229242 -0.0052272574064 0.0200436344206 0.00469494511137 -0.0072009661918 -0.611584197984 -0.0465090289396 0.100977042148 -0.0364456186636 0.00908802237635 -0.0175109054066 -0.138379426838 0.153566928065 -0.239139281309 -0.0260036143622 0.0182623678478 -0.108538772959 -0.219381380789 0.0658390716306 -0.021911375424 -0.278011388605 -0.0261435301735 0.0096950945251 0.00657590717569 -0.0189019913895 0.0262062137291
-0.703916513398 0.0218243738808 -0.0954775184302 0.0057441694607 0.0540201419893 0.0323656410728 0.00739466604499 -0.570916813577 0.0329204636013 0.0667568705741 -0.0140991145634 0.0226549702567 -0.00255143060014 -0.0880623302289 -0.0732050311941 -0.239355941667 -0.0265353713755 -0.00891315219827 -0.228724452665 0.046503999336 0.0420184912603 0.0002772723111 -0.137455260589 -0.0229381052446 -0.0170537529922 0.105177401346 -0.00125043696698 -0.021080977243
-0.548787842527 0.0484167114938 -0.00672778260187 -0.0046179986187 0.0504147322795 0.000266475712705 0.000909103769553 -0.732839407575 0.0377172149361 0.146548590918 -0.040579724581 0.0197766713633 0.000295675075555 -0.214781354014 0.0357125064013 -0.175651570937 0.0343096870433 0.00155985640722 -0.179866182401 -0.0647924781365 0.0489973179878 0.00951545603002 -0.0482490631281 -0.081528877816 -0.0293719475198 0.0587994588986 -0.00930330398267 0.00507608682859
-0.432548886403 -0.00985967141634 0.0137372949216 0.0221717860526 -0.00287783063607 0.0188799909828 -0.000863794617517 -0.506487901612 0.0514268601625 0.100187610913 -0.0223327512584 -0.0569336962463 -0.016430743537 -0.483997126439 0.0799814683084 -0.127156452131 0.0165740105814 0.00364757147927 -0.414300262079 -0.0950185090419 -0.00721893411259 0.0100530312924 -0.162770308294 -0.080805872016 -0.00451073064565 -0.259858329499 0.00566938952493 -3.20755184686e-05
-0.561912724933 -0.00148917495572 0.104196191046 -0.0136361356326 -0.00972824579964 0.00121111062065 0.00967248608685 -0.493509074203 0.00633124642419 0.061307765902 0.00641397074992 -0.0192383837925 -0.0107097924693 -0.238504235209 -0.0198187770177 -0.258262502718 -0.019480492358 0.0219558941917 -0.50453693664 -0.155618031012 0.0227959821453 -0.0123756759053 -0.136083892736 -0.032478911887 -0.014623868404 -0.0243781932732 0.0199248366071 0.00890178020666
-0.665366390861 0.0468230837314 -0.0779782079753 0.0894524175415 0.0505707828016 0.020259306178 0.00737352383425 -0.563797505076 0.087056403195 0.0632089011708 0.0152411580797 -0.0201254059713 -0.00797706492501 -0.163849434457 -0.0481395775395 -0.267505508398 -0.0502250980599 -0.00842834203387 -0.255196653703 0.0169500177402 -0.010353221081 -0.0325232268723 -0.184009310703 -0.00936518535845 -0.0200294656678 -0.00131153899891 -0.00436083738066 -0.0598695572513
-0.608365366363 -0.0135963590134 -0.00743891297646 -0.0813083660343 -0.0186618805305 0.0265626008041 0.0043050038887 -0.612519572122 -0.00798140444662 -0.0756011071665 0.0512996255226 -0.019550102927 -0.0141247955558 -0.17504282647 -0.00982450540624 -0.267765946148 -0.00421571146133 -0.0316843078008 -0.264103512537 0.0627133964515 -0.0118355004462 -0.0145695973242 -0.232821776189 -0.0436383389697 -0.0523541007441 0.0308676384123 -0.0216010721723 -0.00563157655459
-0.553332928124 -0.00614442153416 -0.0110192819984 0.0208162927755 0.0114593322867 -0.0147458651793 -0.0028447651381 -0.624711113871 -0.0846751191925 -0.0816277788701 -0.0177658279365 -0.0478167570137 -0.0095350081571 -0.194654611329 -0.0494716982216 -0.265067972025 -0.0121394071012 -0.0389690820612 -0.305329165804 0.0549837808614 0.0128901244254 -0.0205882965127 -0.265710440614 -0.0270287722282 -0.0671283635215 0.0174859447631 -0.0263200545582 -0.0119198165079
-0.608073827553 0.0222624309495 0.0858031886128 -0.072057020138 0.020431446306 -0.0353853551778 -0.00557320104163 -0.587330030092 -0.0479632711708 0.037970281295 -0.0715588604367 -0.0353367046591 -0.0250527791392 -0.181928319983 -0.0842080427981 -0.257537756728 -0.0184696092876 0.0064099164699 -0.339946293389 -0.161181874303 0.0196088077998 -0.00977485535161 -0.0507008460301 -0.023886398099 -0.0143087703099 0.084067360086 -0.0121989692712 0.0178279520453
-0.523688798783 0.00903103261897 -0.119333705704 0.041438261603 0.018211375139 0.0067369333428 -0.00496066505745 -0.417937479938 0.0124538947616 0.0132600245898 -0.011314757967 -0.012234909008 -0.013284335305 -0.312980100588 -0.147647320704 -0.0840641826916 -0.034930204154 0.0122417670735 -0.498889650644 0.186627791836 0.0197934598743 0.000634707249805 -0.286864198442 0.0417997822354 0.000835848718176 -0.190471639422 0.000549123818172 -0.0350362443689
-0.393990163638 0.00288341100551 -0.0179840949254 -0.0149716114807 -0.00323015517766 -0.00956503373764 -0.0054398179284 -0.420788536146 0.0480790871079 -0.0204217599827 -0.0431868983457 -0.0217565538694 0.00674178431499 -0.370012831644 0.0467607678191 -0.182420863561 -0.0418660468084 0.00264714816626 -0.457700637469 -0.0637872490579 -0.00552279448059 -0.00394132759957 -0.479394531453 0.0494759840875 -0.00846690642632 -0.204346048645 0.00673769903797 -0.00542991272601
-0.384045885519 -0.015138353703 0.0113153980446 0.0268789905791 -0.0213427704111 -0.0162648027528 -6.58808878352e-05 -0.413537239913 0.0366647789896 -0.0205494788212 -0.0529675708977 -0.032699560897 0.000345784237021 -0.381414511756 0.0203991957028 -0.235572261308 -0.0498565258742 -0.00437865050084 -0.471770901653 -0.0771952982649 0.00176912471141 -0.0042529489765 -0.452048372083 0.0433119077599 -0.00560605401109 -0.187851024519 -0.00841901390708 -0.000228409986104
-0.409196652368 0.00353982615164 0.0692541777242 -0.0764173571586 -0.0148934983645 0.00145703054508 0.00406440325254 -0.356994432127 0.00420553289496 0.0399382713273 -0.0332840877178 -0.0114907923163 0.0102802285331 -0.344653439922 -0.13252123154 -0.167334741788 -0.0184847556019 0.0104187502746 -0.49599004665 0.0371921052412 -0.0138682414929 -0.00324131167144 -0.501070247751 0.00975382347998 -0.00642868456685 -0.165962309761 -0.00777503899575 0.00793692475137