-0.00133222447575 0.00105228925475 0.0328475734366 -0.000305697267416 -0.0175954675786 -0.00131209433103 0.00962818525147 -0.244556436418 0.060652610057 0.46200986786 0.228678379169 -0.0668505261591 -0.0125273317101 -0.14003655417 0.408735107998 -0.175894785351 0.0478358023725 0.0161041119567 -0.469667824463 0.404355210747 0.135229895794 -0.00830759221516 -0.199407543465 0.0210831346907 -0.0332523107381 -0.0191546979482 -0.0190196672652 -0.00200468515942
-0.438439307633 0.0755515487886 -0.0932011375102 -0.0948003845764 -0.0180798883406 -0.011823763891 0.00282110875306 -0.705756716167 -0.0103697976923 0.121143175423 0.276070935754 0.0142321554339 -0.00808311547819 -0.166776433724 0.186926626955 -0.037413596762 -0.00668654615743 -0.00100024452882 -0.221278965781 0.223799471654 0.0483781779882 -0.0036792382984 -0.0675131959703 0.0146599951981 -0.0103499711951 -0.15454299548 -0.0131522308625 -0.00365320991975
-0.444261741319 -0.0468678970355 0.123768313957 0.0217742052865 0.0179331227594 0.0153211663757 0.0155282336903 -0.745041468197 -0.00109364830036 0.13473740643 0.25724619727 0.011673427171 -0.00996293238032 -0.133477094932 0.232224771554 -0.0560439632535 0.00895819875919 0.000873170396857 -0.103707488277 0.213539410944 0.09967383699 -0.0112456545185 0.037129683255 0.00227641742291 -0.0191135464471 -0.0190366907779 -0.0243980442056 0.0101282705575
-0.321517560018 0.00816775516674 -0.0470044188462 0.0492161152 -0.0262040776852 0.045172029671 0.00460732049125 -0.3565823397 -0.0761432453909 -0.0441723079414 -0.0575808776481 -0.0827941571996 -0.0083132078823 -0.0679914514828 0.0219337089151 -0.219175200456 0.0210935019983 0.0112028511922 -0.684424742611 -0.0426669253626 0.0311097512185 0.00429238053395 -0.464606681909 -0.00780140045581 -0.0110722467501 0.0548810396541 -0.00541359007262 -0.000301014559114
-0.342778320537 0.00743514450284 0.0323261008825 -0.0347693954231 0.091057873819 -0.0232080495991 -0.00218233203781 -0.375738177761 -0.10252758882 0.00368719460143 -0.0700546988686 -0.0765802470437 0.010097923661 -0.126959714469 0.0284330214244 -0.217471504903 0.0165781042512 0.0174643853778 -0.659600427236 -0.0637401852045 0.00553781201723 0.0151020338945 -0.451997975166 -0.00513932816256 -0.00687124225396 -0.0104623198441 0.00545368795863 -0.00836217421244
-0.601310546429 0.0705305904213 -0.0694232789927 -0.0324517872114 -0.0296507849959 -0.00250626410528 -0.00321033855696 -0.710905427634 -0.0236382049542 0.0427741004566 0.137799463953 -0.000745449103916 -0.00923620885524 -0.0111358442001 0.150146503219 0.00674929438429 -0.00510663487221 -0.0028804916212 -0.134533894647 0.201634601188 0.0156176173004 -0.000826104408318 -0.130567870289 0.0230594872739 -0.0173390150662 -0.00905792149864 -0.0070597050034 -0.00851517687839
-0.403755767373 0.0406639502907 0.0189665681127 -0.0698887208202 -0.010779183718 -0.0228225385651 -0.00463761055154 -0.65243809317 -0.0382806486221 0.0172444617996 0.169865123593 -0.00454136288999 -0.00339923669928 -0.422737914404 0.0730192105146 0.0342548791558 0.0573113187321 0.00211503852845 -0.294518343573 0.0677434693326 0.0467686320087 0.000295295203015 -0.0829957511627 0.0114908405974 -0.00731795482211 -0.289569540687 -0.00470280319123 0.0116041340266
-0.347123022946 0.00632275923722 0.0543848526043 0.0241376340442 -0.00789921892837 0.0241679056714 0.00358030691747 -0.558923489488 -0.0519945697154 0.00763856941035 0.134950031158 0.00413724053429 -0.00380154647575 -0.543477960651 0.0361430968235 0.0234391072207 0.0123158014148 -0.000763615069169 -0.159899474446 0.0609997777185 0.0387246722383 0.00706256551427 -0.0434544577399 0.00532272291999 -0.00725255065635 -0.45996003172 -0.00373763641216 0.010230898246
-0.595433577696 -0.0237824725986 0.0799917946823 -0.0160871569436 0.0343582963497 -0.00813524359425 -0.00833800096325 -0.689744965611 -0.0511384570727 0.0634267107642 0.0965014378195 0.0123362344252 -0.0237307033404 -0.0642374822332 0.207281322597 0.0242712563204 -0.00722596214984 0.0133935971418 -0.180279836668 0.223119848962 0.0495853965527 -0.0129590677914 -0.0888947466735 0.0250921936825 -0.0274876325791 0.0473207672852 -0.0109311721978 -0.00605486790174
-0.621745272436 0.0153375567189 -0.0883240695037 -0.0240038806005 -0.00117694212548 -0.00479066683894 0.00183740749301 -0.650692913444 0.0250157422583 0.0675728672564 0.139781268808 -0.00180852283215 -0.00748499519779 -0.0302961759486 0.114789601096 -0.135784015822 -0.0162370232034 0.00892329430865 -0.202403401365 0.00630552642199 0.0141388975396 0.00539478941326 -0.283204696688 -0.0124579024147 0.0253211750118 -0.0227577443875 -0.000510997897882 -0.0311587517405
-0.436131640704 0.00529710482446 0.0103272606544 -0.0129039280164 0.0120933650749 -0.0135657325749 -0.0036793519934 -0.660005173611 -0.0198698578727 0.116264569859 0.115275939508 0.0369004961406 0.00265495037958 -0.468330815606 0.0690516140588 -0.0306878571644 0.0135081197829 0.00553638114985 -0.16157521119 0.0868434284246 0.0546389679043 0.00681825650257 -0.183626949937 -0.0447080995778 0.00696069334722 -0.216271949677 -0.0219152718276 0.00329969556447
-0.511227413799 -0.0147408362149 0.0345459628251 0.0356516575049 -0.00389689168517 0.00959617938031 -0.00545171788182 -0.676703048763 -0.00645527622614 0.0996229136854 0.142079361763 0.041041015854 0.0103445101032 -0.343026640956 0.076630720496 -0.0440401107629 0.0412019922355 -0.00556288555076 -0.280728332852 0.00449323900424 0.0579869810903 0.0176763816515 -0.134714232615 -0.0629824998114 -0.00173418748713 -0.115465748287 -0.0280028007106 0.003327479959
-0.635673246855 -0.0347918301886 0.0377522618405 -0.0810485426498 0.020154771399 -0.0154787449535 0.0164569461554 -0.647885365197 0.0569203588801 -0.0202392502607 0.113068126365 -0.0135024647141 0.00580070212546 7.47190165527e-05 0.122575622957 -0.179792912732 -0.00799511651125 -0.00143743308488 -0.102792296852 -0.0896626804592 0.0580562834198 -0.0105701222404 -0.253464614734 -0.013590847887 0.0155771017296 0.121791312814 -0.0191913891483 0.0039580204227
-0.493418937449 -0.0174135671048 -0.0395200614826 0.0482675725153 -0.0631277940655 0.020513449335 0.0200502985597 -0.503021126011 -0.0371461140433 -0.0460341628759 -0.0897124035979 -0.0217789686866 0.00843025058443 -0.0302727062468 0.0133131136141 -0.188225429843 -0.00464635814883 0.0150909518899 -0.604742692478 -0.0168365040646 0.00156238614665 -0.00731108634854 -0.273796859637 -0.00857842525687 -0.0187389087664 0.0606265070294 -0.0115139044718 -0.0197371228384
-0.519864933634 -0.0328650033667 -0.0257114892789 -0.0125420357585 0.0389941137225 0.00508990306488 -0.00913071495295 -0.602654876419 -0.0729455796291 -0.0337639880153 0.0222025944507 -0.043185588119 0.0180227791393 -0.0438354020283 0.0105083224029 -0.214581789184 0.00986323332024 -0.00348597215378 -0.383526371331 -0.057412414642 0.0290456217872 0.00601987626922 -0.374060224767 -0.0202470158022 -0.00736499372013 0.115066718216 -0.0225149454564 0.0169587702143
-0.479138693194 -0.0461232141268 -0.020455374019 0.082545226385 0.0459354155507 -0.022498747112 0.000242006189538 -0.604563976808 -0.120775088897 -0.0409954010695 0.0411646728286 -0.0427894824267 0.0237218827532 -0.14907976432 0.0126915411648 -0.181665458793 -0.00525049461166 0.00241009103523 -0.379893604909 0.0558564294336 -0.00575182802305 0.0248478020112 -0.408334936324 -0.00527071688457 0.00520746936275 0.0451343617123 -0.0156046522905 0.00362992625749
-0.529409386894 0.0250281847581 0.0492601783022 -0.0355490743879 0.0282082787909 -0.0102186338748 -0.00398774238132 -0.589792466808 -0.0640836675444 0.0321525095776 -0.109202009675 -0.037822044911 -0.00734031029897 -0.0354984894998 0.0163102227221 -0.189441999381 -0.00353607464708 0.0246712810325 -0.48938103936 -0.111638343535 0.00728072973633 -0.0103034336436 -0.230490190722 -0.00868073294252 -0.0170933327907 0.0641787097358 0.00874845389968 -0.0157298270926
-0.362397056052 0.00354183638347 -0.0605898836903 -0.0185165427758 0.00948359227535 -0.00138641291275 -0.00523338439841 -0.318659033343 0.00874186065947 0.019555263904 0.0202265600757 -0.00715739611416 -0.00249095771209 -0.0616919544375 -0.00225402367298 -0.0932388234189 0.0030531375151 0.00012954859372 -0.738390623336 -0.027151302877 -0.000414679474355 -0.000190984790477 -0.448749429071 0.0118036539492 -0.00161775374917 -0.0453095336007 -0.000402629813591 -0.00325740430936
-0.403674987682 0.022859132377 -0.0307114854716 0.0318177606609 0.0202665095331 0.01921566278 -0.00169769315015 -0.427753192352 0.0314655411964 -0.000642517118234 -0.0293141414202 -0.0542296109005 -0.00473397243881 -0.168955914461 0.0104575260368 -0.112595740972 -0.0325726955326 0.00416031787317 -0.646140053153 0.0186561816201 0.00463019741421 0.00677948385557 -0.411328710989 0.0383879123565 -0.00145927458812 -0.122296687973 0.00664596114375 -0.00282606078221
-0.327977298438 -0.0034915045473 0.0130996809139 -0.0158645363297 0.0250714275997 -0.0251444028642 0.00456119999334 -0.338421521569 0.0272978218789 0.0670389830584 0.011578376863 -0.022657827177 0.00487703557795 -0.345186039276 0.00430124788653 -0.0647373049687 -0.0512965106228 -0.00309376341791 -0.593852457183 -0.02243586021 -0.00713820944161 0.00326369488908 -0.487571256302 0.0249570227652 0.000773760671445 -0.229547947426 0.00177470459648 0.000139914894431
-0.397931561083 -0.00100573198744 0.0664842467548 -0.0109130389799 0.00141300757523 0.00593485700132 0.00816389642268 -0.367283561778 0.0132771896507 0.0393035988134 0.0650016088159 -3.45167556284e-05 0.00232155785521 -0.063959323948 -0.000273526262451 -0.0924371034468 -0.00102741626036 0.00503984222166 -0.719333359414 0.0144157947655 -0.00489124275694 -0.000764054802843 -0.401960149592 0.00283244741646 0.00317973044206 -0.0586524622354 0.0197255911558 -0.0200852602578