-0.0201107957402 0.0409591988405 -0.100680949869 -0.0959418474255 -0.0147328029981 0.000193719855397 -0.0101572979086 -0.193337101076 0.0302712809803 0.29794874832 0.299305205184 0.0517295928107 0.00663348565576 -0.113854482336 0.305819679753 -0.159332347669 0.161956361081 0.00920541316578 -0.428571690908 0.542298804097 0.0477141770718 0.0013071775415 -0.34285240671 -0.0278970726737 0.012874023219 -0.0324254461 -0.0332944461428 -0.00137679281362
-0.439852995038 0.0788618846661 0.11849914089 -0.0557395918212 -0.132203192774 0.0136569125369 -0.00883837019439 -0.524890489072 0.0124303923284 0.127053146372 0.152862829723 0.0619887139369 -0.00195660617276 -0.398604645606 0.154012484181 0.0270960967318 0.10694750966 -0.00394144999323 -0.228316144145 0.293168494434 0.067441400245 -0.00267357609813 -0.269507079113 0.0327795649213 0.00666324614806 -0.185771238377 -0.0239391516629 0.0116978014079
-0.490766335945 -0.00978864739213 -0.113660840619 0.0251695895884 0.0530187381695 0.0514200744964 -0.00354331802099 -0.493701054904 -0.0630168509347 -0.117467185938 0.0286021699593 0.0436400050233 -0.00416280114674 -0.385893629479 0.0966770179793 -0.0214001158369 0.147521848055 -0.0045844059365 -0.335638906246 0.297131020525 0.0403072770223 0.00372923542597 -0.23755069899 -0.0429146479684 0.0124507957832 -0.184488809623 -0.0143026222486 -0.00581708208177
-0.488626861668 0.0829320971514 0.109404064625 0.0102961497417 -0.0984553885981 0.0304764815506 -0.00369628896869 -0.535368513423 -0.123444790893 0.10842275871 0.0994038874237 -0.056720702051 0.0171323360656 -0.00499271039132 0.153577327443 -0.169593333209 0.047335162923 0.00713419239816 -0.447674447214 0.217640130506 -0.0493640994364 -0.00584107016588 -0.270305299872 -0.057719961371 -0.00128072541065 0.150927006014 -0.0234573910012 -0.00266578143596
-0.551404594146 -0.0957066261507 -0.161040764392 -0.00625463697103 0.084084470737 -0.0480948510839 -0.00251370337219 -0.564473673411 -0.0866685588655 0.0689233330372 0.175149401324 -0.0394954116916 -0.00570325279151 0.0422347491945 0.143004322305 -0.144797789229 0.0617823370898 0.00856817353081 -0.333147798676 0.253859267214 -0.00768240605394 0.000808778798102 -0.239353870245 -0.0587629590193 0.00686029965371 -0.0668999132216 -0.0163920198693 -0.0122864350686
-0.489068767083 0.0188062406817 0.103289130818 0.0387223467309 -0.0594125367468 0.0279447966289 -0.00332401262081 -0.459463481039 -0.0541371527972 0.0341001427108 0.041836054673 0.0332207057479 -0.00566095932975 -0.426068769569 0.0694480869406 0.00715432655536 0.0437211748747 -0.00234705880487 -0.308648371831 0.0972057014495 0.0338395383535 -0.00641671429767 -0.250078057693 0.025977201729 -0.00716585978795 -0.410152918619 -0.00489620834798 0.0119340679877
-0.445454328362 -0.000738369650679 0.0261303133306 -0.010395335844 0.015904039986 0.0221294891385 -0.00500655920036 -0.458949161351 -0.043736378825 -0.0190501539359 0.0490519972728 0.0126273861156 0.00693563486129 -0.472186309277 0.09335214371 0.0617258351802 0.0603020840016 0.00379696830942 -0.331881506559 0.0411082773689 0.0492266598585 0.000853938692391 -0.348188964304 0.0226046048194 0.000593065964412 -0.330524885787 -0.00114482538682 0.0099036941611
-0.550534324682 0.0118301449132 -0.0463570960722 0.0800943720853 0.0441927349445 0.0245837084987 0.000623159020486 -0.513140537955 -0.0452039372159 -0.0250248734565 -0.00629343485682 0.00210383563575 4.2616758048e-05 -0.342038227505 0.113895604039 0.0624577299923 0.0310967362862 -0.00463985243501 -0.302510344077 0.156311744928 0.0761580874157 0.00293195050806 -0.223512831578 0.0189658843554 -0.00209290775315 -0.335679864684 0.00369969767185 0.000415303308578
-0.541590046783 -0.00518972132874 -0.0689530576843 0.0273636379152 0.0263235130856 -0.00335344852504 0.00145527648005 -0.617710324475 -0.0353414478167 -0.0836833484799 -0.0486152277457 -0.00502027049183 -0.00172120647355 -0.248152591157 0.181474029741 0.112491363122 0.0646874926225 -0.00802451985063 -0.321070979592 0.139597678768 0.0463237731331 0.00418243619702 -0.237991796649 0.0146906796163 0.00990372380433 -0.122890276305 0.00435325361376 -0.00244801508598
-0.544625808116 -0.00491505051439 0.0595644330507 0.00976655125168 -0.0331612810335 0.00994659965785 -0.00827652206583 -0.714444887741 0.02502466711 0.0535323101877 0.1113316775 0.0207163993721 0.010771068658 -0.195471733803 0.106668779155 0.0441823273595 0.0747577617987 0.00927561195519 -0.124099259041 0.23171788319 0.0241463064761 -0.00265950914311 -0.200060741167 0.0362491676553 0.00620488211459 -0.0551911194794 -0.0119522540733 0.0109948159174
-0.551666056759 0.0494716331226 0.026311433689 -0.0491893353664 -0.0337220315558 0.000756111847524 -0.00439448778815 -0.668596537355 0.0079648248411 0.095970193111 0.0697378400802 0.043215512926 0.00226264000374 -0.262722500425 0.119250622781 0.0271570765802 0.0553772933377 -0.0144962576907 -0.193626493679 0.148355895015 0.0531252953014 0.00485806110548 -0.267248311478 0.00907377668127 0.0164303087485 -0.0596529982225 -0.0308354479394 -0.00539516087822
-0.615658724629 -0.0046516212399 -0.0539729820483 -0.0508940805588 -0.0181307031969 0.051689084913 -0.00918215767088 -0.592537313644 0.0297191737058 -0.00875289837514 0.0206432023296 0.0375266740607 -0.000765901527454 -0.365027084969 0.00425115248237 -0.0317529925562 0.0781337990012 0.00559533294111 -0.190317249265 0.166716274441 0.00646408789304 -0.00120205268437 -0.191171451219 -0.0323459570928 0.014652732939 -0.124774367335 -0.0232502823489 -0.00878170664025
-0.712916947217 -0.0182355142905 -0.0424422075082 0.0562386302355 0.0843037709809 -0.0354521343458 -0.00165457043803 -0.572139933695 0.00661742100258 0.00498905128255 0.0180484571094 -0.00217310351406 -0.00300857227999 -0.241893922574 0.00302304673573 -0.111779627199 0.121336374571 -0.0012243841616 -0.165278325872 0.173030147725 0.0313979109879 -0.000255705430861 -0.0609716464802 -0.0474646255542 0.00481279804067 -0.0107585029005 -0.0147159596017 -0.00500852500339
-0.673868796905 0.00132084761347 0.103314718519 -0.0163400520444 -0.0179570009289 0.0392362466046 0.00535104198727 -0.635313116324 0.0181094016215 0.0620945995285 0.0718534614009 -0.0212429816482 0.0019760675643 0.0214987405168 0.167346619514 -0.0815984800853 0.044201703064 0.0223273685107 -0.198529655635 0.159019670086 0.00412417004568 -0.0125344584685 -0.123723332136 -0.0238644555227 -0.0019401421844 0.0284470094627 -0.0199198084895 0.0101584530974
-0.539322557171 0.0265189888211 -0.00922646270132 0.0120399106278 -0.0702079059698 -0.010404839363 0.0011506160092 -0.635335274903 -0.0532769525327 0.0532613169405 0.0744219142302 -0.0300771540661 0.0269188545475 -0.0106013400292 0.0457512077085 -0.133696533531 -0.0295870936748 -0.00513457392875 -0.383741927867 0.0790982470909 -0.0493098738408 -0.00567450258392 -0.204518319007 -0.010939909596 -0.0152260360784 0.259144987937 -0.0191727058379 -0.00140871716115
-0.56744657758 0.003684768204 0.0249055893895 -0.067325382862 0.0255132641207 -0.0221217427988 0.0107117411428 -0.716391127638 -0.049348733562 0.0158757663398 0.115881463212 -0.0169249914666 0.0407927673127 0.033359034123 0.124376561482 -0.120784244482 -0.0128833296512 -4.5938005576e-05 -0.145333054165 0.189930175099 0.0101836287418 0.0116719307384 -0.171922233191 -0.025920336624 0.0427831972804 0.135895808304 -0.0175399397866 -0.0263257710827
-0.641377162995 -0.0564146354085 -0.0875560906539 0.0465227187048 0.041195972865 -0.0226283955464 -0.00651838799121 -0.648928749184 0.00796473432491 0.0661363172166 0.0734151339266 -0.0294283331441 -0.00541379565882 -0.0700204966621 0.0413987779582 -0.0074013294691 0.081244995109 0.0014997378776 -0.195226705799 0.200721430085 -0.00544277564377 -0.00418018614965 -0.163078148071 -0.0326397431446 0.00233358221173 -0.148206951866 -0.0121393835778 -0.00611970743762
-0.574498633674 0.00420934897436 0.0337529602423 0.0129136971621 -0.0540305697082 0.00353810922783 -0.00447591016846 -0.578789297068 -0.0462819468297 -0.000808117833359 -0.0224731623319 -0.0233075108759 -0.00556601754016 -0.200012436479 0.0984547407263 0.00202498799255 0.0163558580537 0.00750411459488 -0.361818025454 0.145100181685 -0.0388444762373 -0.00794540480453 -0.314544625194 -0.0332123492719 0.0160802810998 -0.152216642081 -0.0164864135974 -0.0122663880268
-0.557198991636 0.00502518617159 0.0067164839271 0.0072010178642 -0.0238687509865 -0.00541132773586 -0.0120256526726 -0.590306325484 -0.0748888718907 -0.00382607326637 0.0300986134797 -0.0147554801468 0.000373618200065 -0.215747211267 0.0771551354858 0.0133417715094 -0.012456892419 -0.00459115425116 -0.365907484147 0.11885162907 -0.0538804286083 -0.0017174127923 -0.301290106005 -0.0432718194661 -0.00386746477412 -0.191922660836 -0.00865148109609 -0.0104283770365
-0.561468189684 -0.0010839345887 -0.0296157241028 -0.0152907588914 0.00943575228929 -0.0156342806342 -0.00765539020651 -0.649003175239 -0.0383724765275 0.0458625148402 0.115295676555 -0.00270345731696 -0.00338229054826 -0.238180462119 0.135360987717 0.0845917017485 0.0271807997532 0.00584925023953 -0.226658633279 0.139317873655 -0.0160554074588 -0.00578779804183 -0.234680211993 -0.0386862564258 -0.00763335403887 -0.185567645892 -0.00570571078254 -0.00166451419359
-0.570022299735 -0.000630109830046 -0.0751153774752 0.0428412504699 0.0205824619359 0.00511706385533 0.00214235944106 -0.559758643475 0.0130348843624 0.00786609407337 0.0466506974345 -0.0240979203784 -0.00456556478611 -0.25231641831 0.0856377529178 0.0626958077796 0.055829019531 0.000468736169953 -0.323174180882 0.0861035719548 0.00336315767488 0.00673674461534 -0.294582221151 -0.00184839315973 -0.00480452887977 -0.27184219179 -0.00964357584895 -0.00700122541935