-0.0461828636783 0.0549580930434 -0.139387868907 -0.153469275481 -0.0796147688171 -0.00738932905901 -0.010142234754 -0.0820679277423 0.0772940066396 0.208452062161 0.151634490899 -0.0164766849397 0.0237492300449 -0.170279436543 -0.141433402013 -0.318441254488 -0.0999810157949 -0.00507652006824 -0.411423519838 0.538132525223 0.0702462155521 0.00559292708601 -0.473590846778 0.119487892886 0.0227532984823 -0.0433968320402 -0.0127196702404 -0.00179039943819
-0.422071468727 0.0359950355839 -0.0680949822281 -0.0844547987455 -0.0131548286171 -0.00382971112839 -0.0081096735169 -0.521301680575 -0.0293904300762 0.172458567632 0.0869901736222 0.0468178265593 0.0037557601922 -0.251291880166 0.000955105893728 -0.0998053943338 -0.100492689473 -0.0117708336766 -0.359041558692 0.360989530305 0.0313259812604 -0.00134060725914 -0.357589492848 0.084870529813 0.0109376713961 -0.130995441265 0.0221785104268 0.00188781331524
-0.294875823948 0.0484469947445 -0.0611512746276 -0.0425080653144 -0.0576318847806 0.00341564159883 0.000355170217603 -0.428351022436 0.015480801893 0.196210405786 0.0828364740143 0.00621684918942 0.000841263274015 -0.486718499999 0.0143253251237 -0.0895083208084 -0.0884534673582 -0.00737621217902 -0.338193564789 0.252928167924 0.0651718586656 0.00636831999537 -0.36769156739 0.102845477019 0.0122664734146 -0.301524897091 0.0150662405094 -0.00165207753013
-0.496258824838 0.0387974220759 -0.172087688447 -0.071489821584 -0.0236104545444 0.0311902356542 -0.00676244572895 -0.504253741485 0.0606966671395 -0.0853478841487 -0.0905957203403 -0.0668438010915 -0.00435896083045 -0.0225729587793 -0.0981946403927 -0.232518883889 -0.0613775285878 0.00526697456292 -0.345478604408 0.296947873666 0.0426349153447 -0.00979713711742 -0.379463272771 0.0804807666627 -0.00355055198375 0.0966133613121 -0.0225473055879 -0.0142306774402
-0.510280654703 -0.0723394318029 0.0276331984711 -0.0618170418681 -0.0944833651459 -0.0524267771572 -0.0114180766312 -0.5531360261 0.124247521711 -0.0397612028778 -0.0530135003557 -0.0671913066993 -0.00544534702307 -0.0361180713234 -0.19828357315 -0.313194787687 -0.0592504209806 -0.00344352329402 -0.259258542401 0.295318299304 0.0230446192219 0.00100475219719 -0.282926090802 0.0431300342436 0.020056959375 0.0818049284899 -0.0382174156026 0.000703593281054
-0.428450091653 0.0175821941545 -0.0295078656601 -0.038838452061 -0.0422473002 -0.007413797629 -0.00661070103229 -0.436418243477 -0.0490663740504 0.0944671384501 -0.0381327378571 0.000368284856253 0.00574399137661 -0.583554757674 0.0966949589719 0.137440111203 -0.0244736213478 0.00259868831465 -0.228257751409 0.179327013856 0.0198669209408 0.00491386378179 -0.3198235817 0.0444338649426 0.00972386506212 -0.223956444946 -0.0012812772717 0.00217183681619
-0.281147048756 0.0288897877405 -0.0203062093494 -0.04412235439 -0.00471389896092 -0.0083771843749 -0.00232273565958 -0.35119301088 0.0226232796041 0.101042711283 0.0682146083829 0.00677444024087 -0.00318806653268 -0.6116840453 0.0189496298823 0.0185442545814 -0.0329728799793 -0.000592472482201 -0.255353526275 0.0319452287007 0.00531798389902 -0.00400226431621 -0.445862401161 0.0379746332768 0.000725418428083 -0.369377506054 0.00158972083995 -0.00112110867594
-0.245981389747 0.0195950711631 -0.0427163317546 -0.0309286604117 -0.0288763289055 0.00373900123436 -0.00319339223704 -0.276906365353 0.0417463812606 0.0720023195159 0.0582353849755 0.00957406504804 -0.00668192173844 -0.605569525963 0.0231533988498 0.0291987671183 0.00263141613687 6.29050824961e-05 -0.34049265036 0.00837359119902 0.00195847645084 -0.000812332898096 -0.416766799887 0.0105197152899 -0.000722420859836 -0.436351713985 -0.00254425625105 -0.00175317199105
-0.264532266971 0.0236570012555 -0.0475378703044 -0.0117876057356 -0.0555451451915 0.0166245636686 -0.000192998638417 -0.320110637843 0.0238166798969 0.108764431253 0.0585049538878 -0.0086469816637 -0.00333203099441 -0.582181466112 0.0299543528174 0.0375429689012 -0.00431329754275 -0.000461825203642 -0.320637628435 0.0317172432879 0.00591540087608 0.000286208469224 -0.43579852504 -0.00465394542464 -0.0010773368598 -0.412618662551 -0.00220884668633 0.0036768139195
-0.567928775149 0.00363235709639 -0.0749490145914 0.00212839181967 -0.0176834695558 0.0220788681337 -0.00630798522708 -0.557155222595 -0.00411965773223 0.0630371933394 0.00995425997586 0.00490384236382 -0.0033174245551 -0.253562623134 0.0853543061344 0.0220181987281 -0.0857146983484 -0.00343208236386 -0.35071792794 0.23468419799 0.00606301786793 -0.00871981810192 -0.311538259018 0.040178994261 0.0121201568149 0.000519717537784 0.00105292596639 -0.00095598025279
-0.660386574488 0.079940797386 0.0399915998731 -0.0336894767485 -0.0474516369051 -0.042303124659 -0.00238211918804 -0.645574137699 -0.0509003210704 0.0250056727073 0.031378413327 0.0312129805502 0.005846716874 -0.0319559606609 -0.0662185128526 -0.123022339864 -0.0681016180269 -0.0225516387335 -0.188455572366 0.208608272593 0.00931411191372 -0.00826199129832 -0.136858328433 0.0544754871292 -0.00771389422712 0.0199261632036 0.0413909758694 -0.000507918581749
-0.451014001245 -0.02951426583 -0.0180480050116 -0.0140244316884 0.034230609125 0.0150366125723 -0.00640990926861 -0.630335928751 0.0481112575455 0.10213570737 0.0857348601511 0.0134295018442 0.00407817988485 -0.400535506339 -0.0474709190986 -0.0831263638428 -0.0671475462972 -0.00251293078052 -0.280522265418 0.208553151993 0.0801043648858 0.0147006454687 -0.223285722046 0.0921027023854 0.0156316333548 -0.119185903629 0.0190078561803 -0.00768827073874
-0.522084648284 0.0478429984384 -0.00371798123656 -0.0349830526783 -0.122944917669 -0.0280683307506 -0.00197757836073 -0.493580358614 -0.0340123581968 0.0374129414297 0.0615145452627 0.0245705107034 0.00955747351305 -0.287078900855 0.013372479339 -0.078843320108 -0.0842559514192 -0.00524718564567 -0.400370963017 0.068671178953 0.00566451827804 0.00172882307005 -0.38847512207 0.0371067108341 0.0144837054167 -0.208565198463 0.018537156868 -0.00319795727929
-0.557364439201 0.0112595034803 -0.0650403986102 -0.00367143341196 -0.0386633308365 0.0251568924284 0.0134905990595 -0.558068966024 0.00782126546629 0.0503026766727 -0.0400656050142 -0.0313832202057 0.0205473117997 -0.182751584184 0.00938379511359 -0.0687853150277 -0.0718917051218 0.0112576920505 -0.405036054979 0.107914127085 0.0167136708134 0.0100288932254 -0.358780377946 0.0735411346272 -0.000895179133965 0.108249109024 -0.00488083301851 -0.0123809981974
-0.639770606493 0.0163428467052 -0.0756652655017 -0.022995451683 -0.0317971126354 0.00813893438156 0.000753012231494 -0.656442423611 0.0248252785763 -0.00970889237428 -0.0716912816129 -0.0159653709851 -0.00723233768448 0.149800727424 -0.0576736695197 -0.136981215967 0.0127980475761 -0.00161366613335 -0.0625400222275 0.188398741614 0.00705716858781 -0.0195301310556 -0.082060797432 0.01161733963 -0.00594203012681 0.231378521454 -0.0303490307028 -0.0112198623787
-0.622124175008 0.0137805075459 0.00247354949128 0.0184105256199 0.0114549876217 -0.00748434123565 -0.00554005705322 -0.693860353144 -0.0130833006152 -0.0192051258843 -0.081926094613 -0.00716918222213 -0.0309746053515 0.122866958477 -0.0887353786633 -0.144669976978 0.0428545359994 0.0028910086918 0.0349669839778 0.154236489062 -0.0193006600788 -0.00165655725212 -0.0263139493885 -0.0165182329905 0.0197640333981 0.218632155641 -0.0446715094615 -0.0148620961238
-0.657391129643 -0.0347629400137 0.0202725856739 -0.0335667264552 -0.0741541493896 -0.0405200776293 -0.0018231335547 -0.597943762065 0.0621782340979 -0.00358692416582 0.00797847932673 -0.00330189367239 -0.00466239824423 -0.075280306772 -0.114927339578 -0.201363598163 -0.0621281691397 -0.00457846767554 -0.235070864895 0.160940077041 0.0089953441496 -0.00868281483336 -0.216013458421 0.0266762149603 0.0107385715947 0.060294101964 -0.0258506158321 0.00472873800752
-0.406954676302 -0.0200204554605 -0.00891940947092 -0.0851150699002 -0.0579983906121 -0.0170642968495 -0.007086781768 -0.356335711927 -0.00220321537499 -0.0488578887121 0.0115774900009 0.00613258916092 -0.00315720656343 -0.501583023535 0.0945135891136 0.170681619563 -0.00278872408932 0.00269155841413 -0.324484166286 0.0920674136174 0.0101969727246 -0.00512959019741 -0.48365698394 0.0342099439123 0.00343286210126 -0.233626147881 -0.00359971921844 -0.0121011355943
-0.290268497683 0.0172519700091 -0.0381859355858 -0.0571438863366 -0.0655767695225 0.0153604523012 0.00310080535103 -0.260433844205 -0.022166714015 0.0262521162179 0.0356331956449 -0.00196973237289 -0.00989056185163 -0.61089658009 0.0399228497273 0.0496964827205 0.00127130257547 -0.000812671330907 -0.272086169588 0.0428900888357 0.00949816771064 -0.00754866824049 -0.411218884408 0.00710318739841 -0.00546074196037 -0.461873287173 -0.00209545766733 -0.00294325034339
-0.46846205385 -0.000993047574826 0.0287276128738 0.0393978084518 0.0114626514594 -0.0133611228499 0.00107195230263 -0.475383886147 0.011824492232 -0.0279162172566 -0.0145326647358 -0.0247661229135 0.00711045380723 -0.260510986531 -0.0325936160237 -0.121933585733 -0.073662685913 0.0028122796638 -0.46233843704 0.100281552438 0.0271123836877 0.00391717277878 -0.47413804484 0.0167478798401 0.00339290215735 -0.105180711942 -0.00887405363272 0.0059346526597
-0.233177761908 0.0128101198979 -0.0551855217609 -0.0246548501712 -0.0233576378701 0.00205468742629 -0.00199934375494 -0.257894315367 0.00403502474183 0.0811864059968 0.0569533290339 0.000570650025403 0.001506879211 -0.558250866594 0.0137950810329 0.0211594566649 -0.000105085238876 0.000159554075658 -0.419268141602 0.040628150162 0.0031236372859 0.000120532169473 -0.464325321775 -0.00813433130247 0.000816131291106 -0.399371378085 -0.00134299556181 -0.00111138517994