-0.00613031752118 0.033295680618 0.0221743185383 -0.00379708150309 -0.0783138203502 -0.00367965030836 -0.0131454781484 -0.254347527596 0.0073932321435 0.305704596796 0.391530698073 0.0520800488657 -0.0181668044161 -0.174844891433 -0.369426593636 -0.0915455664155 -0.187991525267 0.00268206381342 -0.411614208847 0.400730707327 0.0861776773468 0.00991621584299 -0.345040942608 0.0759970508166 -0.0208010785288 -0.0615220806296 -0.0113045260718 -0.00107439733927
-0.394441243166 -0.00914122863694 -0.120401761325 -0.124326979399 0.0131341346289 0.0309378113625 -0.00119806127044 -0.402413781444 -0.0863265486569 0.0855563513957 0.0568887929934 0.0531803617869 -0.0121366597964 -0.301136784418 -0.0132724441981 -0.0674215298488 -0.0985403536709 0.00107741375601 -0.496841915715 0.286888049592 0.0812722945323 0.00859761089794 -0.328732463237 0.109501293903 0.00240820416523 -0.260946894785 0.009145901805 -0.0337088659222
-0.283851421507 -0.0124523808093 0.0882142656585 0.0866304551735 0.0624895374535 -0.0152625410568 0.00519823101312 -0.267439053098 -0.0420584442916 0.0686906739063 0.068040043955 0.0360852012848 -0.0122693694767 -0.325295357477 0.0517708270786 -0.0668313635535 -0.0606308291682 0.00384889249117 -0.383397441214 0.15992624108 0.0247772700443 0.0105649329835 -0.687079661408 0.0264255858866 -0.000526890581353 -0.229567290674 0.00873074320437 0.0149710602476
-0.538675657256 0.00753883985527 -0.165292908359 -0.0112045887395 0.109678123079 0.0495713512299 0.00555227451715 -0.53483756979 0.118096910798 0.103836571419 0.148501625966 -0.0547260784364 5.72269364807e-05 -0.0587080815288 -0.291439550268 -0.00298028989016 -0.110673743768 0.00242297816802 -0.403089663223 0.231025326535 -0.00377106319507 -0.0161893183304 -0.112129891457 -0.00200186573301 -0.0204868775613 0.0422203041514 -0.0145766995338 -0.0144884926733
-0.604012573146 0.0511034038513 0.120972305752 -0.048086629843 -0.188966249218 -0.0533697642403 -0.0162932322237 -0.58865773261 0.111264006468 0.0311557501353 0.230225015299 -0.0527787979869 -0.0137576507787 0.00864605451203 -0.266137305892 -0.0257022292618 -0.0761580917634 -0.00864323684825 -0.108945057586 0.127632578218 0.0221546629944 0.00436140733175 -0.182581621969 0.0105283242382 -0.0261795590066 0.140924254886 -0.0235146141861 0.0169966288012
-0.410258308319 -0.0295760570408 -0.104573893917 -0.0652684154396 -0.0170405763367 0.0115697985183 0.00986842879762 -0.327413107089 0.013731645577 -0.0581604698854 -0.0285197025225 -0.0109574064936 -0.00546735874889 -0.424507999146 0.187711933629 0.0357398405742 -0.0271920743514 -0.00675953845979 -0.367049843159 0.119404071201 0.0157089720178 0.00703155931318 -0.523036952529 0.0154356144879 0.00372951801233 -0.244769400849 0.00603323446699 -0.0530051939488
-0.298077646767 -0.0010773731293 0.0251296124988 0.0313921763762 -0.0100309385216 0.028408520667 -0.00472678817195 -0.30884232237 -0.0361084300048 0.0177498946548 0.0763381021369 -0.0110016282657 0.00478548675809 -0.560717230907 0.0838437955046 0.0565532392059 0.018319146252 0.000183803700013 -0.347303713037 0.129106820553 0.0611547628764 0.00406580235058 -0.477644667112 0.0377622818674 0.00167170190954 -0.331519190848 -0.0113485414969 0.00288834487916
-0.28981905947 0.00620622047247 0.0346060842927 -0.0216723070616 0.00439851763104 -0.0244229731877 -0.00228511134114 -0.301304893325 -0.026518517438 0.0509698192765 0.0329599856957 0.00150452412791 -0.00828255166934 -0.596074880204 0.0574963805325 0.0527625964444 0.01169580648 -0.000903154736854 -0.358815098027 0.0708669973213 0.062932947604 0.00348750860668 -0.428579112431 0.0424635989028 -0.00570709303055 -0.365395275854 -0.0052674792403 0.01010442857
-0.366535085153 -0.00581305906516 0.0747116637505 0.0871037073503 0.0200440422693 -0.00143443775183 0.0010965594097 -0.253395463419 0.000532075328289 0.00345519891688 0.0140752026837 0.00235998866274 -0.00882120851767 -0.508246012405 0.16381644348 0.119436031383 -0.0103827168563 0.00691734939355 -0.268656551812 0.0990659298015 -0.00188963670761 0.0133301960874 -0.590164598768 -0.00153435136516 0.00220609917078 -0.239442975465 0.0112768489261 0.00613607280812
-0.674631292089 -0.0326897412121 -0.101798949121 -0.0927938424528 0.0884572101278 0.0526927044258 -0.00417640586641 -0.518554779985 -0.0230966921967 0.0559359496241 0.000698008307434 0.0140074949515 0.00594418023126 -0.120110553414 -0.0611990296275 -0.0367308417344 -0.0968892703568 0.00656872730811 -0.35855761741 0.229789783452 0.0308875032264 0.00953480906391 -0.119822231131 0.0781167848661 0.0101429859484 -0.0854125125021 0.00168634154853 -0.0468409826226
-0.522530629153 0.0774471262737 0.0239365329521 -0.034002423292 -0.0522305258825 -0.0284122595127 0.000525316003999 -0.614885866945 -0.106446154004 0.0814199679616 0.0226429373707 0.025123533431 0.00431779973058 -0.207842578259 -0.0803445452419 -0.0163707600873 -0.0177796366258 -0.00517530119051 -0.400086726736 0.221338533494 0.0746675209663 0.0130947290428 -0.179647480812 0.0605976605843 -0.000645168772563 -0.128376530644 0.0312690029609 0.00403916885227
-0.358262203972 0.0110092050335 0.0448265546469 -0.00231940461425 -0.0128598641892 0.00363690995606 -0.0106365338101 -0.458090292478 -0.00601403817282 0.135704778013 0.0904018635311 0.0336881010674 0.00372544916095 -0.317064315725 -0.00956557324857 -0.0748933502527 -0.0373376166388 -0.00180380052565 -0.464282088461 0.0650725563344 0.047511856928 0.000127731501768 -0.536001856858 0.0223724943861 -0.00421599540536 -0.116857420619 0.0140591452578 0.0159239603534
-0.531962444632 0.0228675690188 0.113001810574 0.0503601306308 0.0344505187884 -0.0330665073959 -0.00515947797588 -0.446243142982 -0.0422056852494 0.0522572997797 0.0302725238095 0.0077297252803 -0.0106547638498 -0.15062444454 0.0138106607397 -0.104295195751 -0.0611809945751 0.00381190979976 -0.265500689939 0.102813885619 -0.00479123192975 -0.0034106061211 -0.603090487165 0.00480255686807 -0.00177137649565 -0.108570614488 -8.66702921585e-05 -0.00210416633563
-0.665111034879 -0.0336154775108 -0.0904991627183 -0.0152901659949 0.0889213134023 0.0272091420144 0.00459757869044 -0.55986218029 0.0407488261007 0.045989412576 0.0717933112124 -0.015795686724 -0.00620140517221 -0.0725890735744 -0.0974527577723 -0.0676733673819 -0.0970901942615 0.00212262725018 -0.338183975367 0.227948700785 -0.021375743734 -0.0155778582743 -0.130079704027 -0.00377143898801 -0.0205289653458 0.0316971577089 -0.00335789397768 -0.0506326356166
-0.614867090567 0.043018638371 -0.0203744914157 -0.0345189417641 -0.0429818102866 -0.0136296145359 0.00742333256621 -0.677806938864 0.0332556882648 0.0971348947142 0.0582405513739 0.0145360165283 -0.00668355164574 -0.0218028887683 -0.213669387649 0.0535156732848 0.00667968437062 -0.0105495843006 -0.164527127839 0.118726791216 0.0275628329758 -0.00728505589586 -0.197333237394 0.0255556252419 -0.0172466945032 0.102903895071 -0.0144041163507 0.031082368312
-0.616369080905 0.0263476731559 -0.000491108930858 -0.01077480845 -0.0502865995438 0.00828234127517 -0.0110321591397 -0.661564786267 -0.0221989778747 0.0249298472869 0.088537600116 0.00869136964413 -0.00740095348982 0.0911959639246 -0.171812812962 -0.0230586002192 0.0350729225612 0.00265781498249 0.124005793188 0.0693095309326 -0.0130925444708 0.00833829021731 -0.244588194857 -0.0195871909127 -0.0143852221128 0.217367665413 -0.0386194164725 0.0250308538028
-0.69478887255 0.0306365572993 0.11970136771 0.0116828572386 -0.0316437530817 -0.0391257023983 0.000888172167579 -0.538334293429 0.00208940360048 0.0163268185603 0.0699715275785 0.0126461440903 -0.0012664247416 0.00267386618202 -0.105311164686 -0.0624003840422 -0.0558322918304 -0.000799828747379 -0.0970030402575 0.0695656891621 0.0287644695536 -0.00997633656829 -0.408047609918 0.0608315516911 -0.0117263791244 0.00110790035192 -0.0171924344577 -0.0166394120255
-0.469032326424 -0.0120041452196 -0.036892185586 -0.00997397524441 0.0932287732138 0.00354019581521 0.00150809313964 -0.327240372243 -0.0180265121861 -0.0395554770208 0.0169818077229 0.00773884120509 0.00692598556159 -0.484310589227 -0.110020574977 -0.22031195027 -0.0210755778121 0.00101056358708 -0.494768154831 0.25096817183 -0.0121143832831 -0.00401377221927 -0.195265295118 0.0261747432302 -0.00559705448141 -0.131418558982 -5.03712069184e-05 -0.0249497526024
-0.4974053369 0.00746116051882 0.0121385943036 0.0166099242774 -0.0217981341078 -0.000925639586474 0.00377290141558 -0.618994826951 0.054252318835 -0.026800012169 0.0989092454401 -0.0451333791315 -0.00096226974282 -0.106721025466 -0.270187939943 0.0648903609456 -0.0477182153489 0.0158261801337 -0.398919032463 0.0113057015408 -0.0159149536455 -0.00283319800378 -0.31672143377 -0.038841796437 -0.00127237612616 -0.010670616253 -0.0136091281111 0.0143219049447
-0.44337090477 -0.00521843195113 0.020133607257 -0.0164269934428 -0.01352062557 -0.000895041894456 -0.000107610707797 -0.505739542168 0.0361736641118 -0.0276986436023 0.0767746700121 -0.0486167077959 -0.00553985587086 -0.280203903073 -0.231565542897 -0.0543379949175 -0.0764697156659 0.00258960774454 -0.521072993423 0.00348221321038 -0.00760296349031 -0.00557053656296 -0.349267942056 -0.0333980467976 0.00160031310095 -0.00980978875041 -0.00639950330432 0.024377368983
-0.584578875499 0.00696736158265 -0.00671148524884 -0.0278011380473 -0.131147567276 -0.0147331944607 -0.00491431718478 -0.40770294669 0.0382990848756 0.0327497126435 0.0120543275092 -0.0243207718655 -0.00492772981915 -0.303453939094 -0.183862526559 -0.0952385892703 -0.0801718964997 0.00493744947513 -0.498164933423 0.219523413642 0.0204354365582 -0.00781058119914 -0.173358440312 0.0322661058142 -0.0166413843311 -0.0282294214728 0.00225514674383 -0.00391956121921