-0.00184320179249 0.00335255099802 -0.0261476142825 0.0172395667651 -0.0146190375377 -0.0289370432333 -0.0135397565656 -0.37837813185 0.104889128996 0.403715382994 0.436819289711 0.0053304429647 -0.0290112062215 -0.13860827136 0.366618590137 -0.143999978078 0.00956162010524 0.0240266709337 -0.393051193565 0.269018450479 0.101457494199 -0.01362060959 -0.271836075392 -0.0300042091354 -0.0403318206228 -0.010688056666 -0.00354569244316 -0.00412817119818
-0.377268246594 0.00819315336991 -0.00436798937231 0.0211808605598 -0.0206573827152 -0.0329684737206 -0.00839664022875 -0.68008574899 -0.117709985971 0.121052330748 0.285946153007 0.025049834736 -0.0288602895975 -0.287665817476 0.192831345731 0.0067378296605 0.0468170249248 0.019003830434 -0.268360478056 0.206145715808 0.0890610265115 -0.0159723726542 -0.183231874353 -0.0306863935705 -0.0189444283214 -0.0327937681433 0.0102465316343 0.00298901148655
-0.311319380811 0.00873026712372 -0.0123916384254 0.00297768268413 -0.0173197908475 -0.0164988012896 0.00647183038909 -0.631512111072 -0.15987579456 0.117229293566 0.299286220074 0.00670520922108 -0.0254911759461 -0.253014839017 0.156437790161 0.00871107626226 0.0224705147337 0.0252773443712 -0.359775041516 0.0939138256435 0.0209878687575 0.00936177782141 -0.246522662351 -0.0545958572262 -0.0178982876479 -0.28386963786 0.0254098707726 -0.00726886780925
-0.52008932999 0.0262489705 -0.0237038780016 -0.00924921614813 -0.0690856509208 0.0460820556979 0.00686980960014 -0.594189331843 0.0677783706341 0.129661532417 0.0857224498168 -0.100494206053 -0.0246227613602 -0.043651326027 0.182582714444 -0.262203895551 -0.0470484361846 0.00614523018291 -0.222753425802 0.00436053267518 0.0277430340519 -0.0162322568902 -0.401795236853 -0.045905565218 -0.0289270812898 0.0795600515397 -0.0321707051252 -0.0065403417086
-0.448867383555 -0.0501088927194 0.00164710832265 0.0939834461664 0.047157081584 -0.0611746119181 -0.0126594024101 -0.57487650269 -0.0468420278433 0.0864913370614 0.226950184811 -0.042126033874 -0.00692926094567 -0.00986417501698 0.160426266003 -0.164044951916 -0.0145734439965 0.00245660279707 -0.518963414368 0.0798253181086 0.0124309288374 -0.0170981672383 -0.217005542669 -0.0592299169968 -0.0349010260346 0.0804270894705 -0.0114533900446 -0.00598809086768
-0.479933824008 0.0241853199346 -0.0196902996536 0.0178211999195 -0.0558206544388 -0.0134016070257 0.00281384028946 -0.651107670188 -0.104442853318 0.0664763208786 0.170092644485 -0.00368231828793 -0.0187790082601 -0.172767939617 0.176634785962 0.042062896429 0.0349152956748 0.0234927987285 -0.260913747392 0.115123092651 0.0384323782558 -0.0211276968214 -0.38331205391 0.0211184075734 -0.0178150887903 -0.0302065299714 0.00317492015389 -0.00691851504107
-0.45155576208 -0.01277847392 0.00211064480691 0.0224165552457 0.0445437911466 0.0279795167053 -0.00187633431787 -0.538518614534 -0.103394236446 0.0364346706554 0.114226570675 -0.0174136743589 -0.0138893333859 -0.226442369076 0.155804907788 0.0269342122093 0.0246916601827 0.0182371640519 -0.324757620402 0.139520854813 0.0144057587413 -0.0105617887433 -0.491732865818 -0.00435704484261 -0.0114807209321 -0.180102042776 0.00928942441766 0.0120778410385
-0.436849507189 -0.0124850149768 -0.0163883761517 0.011368774653 0.00229625051935 -0.0165787969014 0.00697817087626 -0.558115227429 -0.12949033962 0.0503077491051 0.0550387440386 0.00516475243725 -0.0171768931141 -0.134196825475 0.135654297865 0.0558054358081 0.0176274488168 0.0219579224236 -0.359573038596 0.109272200291 0.00356232921909 -0.00622642581683 -0.529001887999 -0.00833454903911 -0.0165381469232 -0.110381159045 0.0102547715389 0.00774570683646
-0.436762131278 0.0386284864529 0.0302260541281 -0.0449713482432 -0.0171411040229 0.00790945331856 0.00665486790133 -0.651485297868 -0.155349432681 0.00658951411696 0.064383966507 -0.000691923874519 -0.00341227124659 -0.0972914313996 0.0978756924422 -0.0248611387014 -0.0100778056766 0.0275681579921 -0.34999404522 0.100462755268 -0.0359033551403 0.00836758723876 -0.38749632173 -0.0248993381243 -0.00799166838689 -0.213431942986 0.0257813010659 -0.0107195390931
-0.663214711987 -0.000349501342444 -0.0412759210545 0.0465485855181 -0.0377034829673 0.0400956035594 0.00960643042506 -0.675952136943 -0.0346011928135 0.0377553480605 0.0679472865957 0.00649814250232 -0.0174192315658 -0.124355065359 0.137584406127 0.0226050665984 0.0373534570078 0.00904035416432 -0.076109236351 0.116413173373 0.0749727988062 -0.0110218640031 -0.0906747741422 -0.0631925585681 -0.000298660929171 0.121818924914 0.0104460260478 0.00497002253238
-0.404442746775 0.0220946811047 0.00868767660277 -0.0273523338346 4.87399848235e-05 -0.017171248788 -0.00179555185776 -0.734474751858 0.0154193658786 0.099205213062 0.185284574634 -0.00570058535291 -0.00207918467479 -0.348357594467 0.101176921732 -4.8904071108e-05 0.05672276463 -0.00347057506003 -0.21650966242 0.0712539190554 0.0495801417491 0.00966047897472 -0.200717743568 -0.0291277889181 -0.00316852476211 -0.142258742004 0.0125385444982 -0.00715418903549
-0.412272824043 0.0138763033314 -0.000860947624846 -0.000333588679803 -0.0125918036651 0.00190950175699 -0.000807864999169 -0.684947430771 -0.0144584722751 0.118070173456 0.163269270093 -0.00582936160273 -0.00675195741478 -0.388621477395 0.12023613331 0.00165001333111 0.0460883121924 -0.00272820253426 -0.195540933204 0.0223744956024 0.0433419569884 0.0148459764963 -0.187036750135 -0.0381682889858 0.00497553589575 -0.271971284087 0.023545178889 -0.0139744166139
-0.406004542694 0.0254092596019 -0.0303675306206 0.00712288074289 -0.0190105390951 0.0166619823503 -0.0034344705875 -0.707485507201 0.00975023490018 0.120266409021 0.174483398474 -0.00170525735723 0.00745783141682 -0.316892556981 0.127925253876 0.0273943328504 0.030748556815 -0.00230825757454 -0.224856781025 0.0337669447831 0.050258621963 0.0142294941704 -0.220140828845 -0.0259342148991 0.00746394717765 -0.254372382698 0.0153960609146 -0.0156304540213
-0.613531891203 -0.0274211207081 -0.0251821409866 0.0388218596834 0.0630003980557 0.0160548299031 0.00698385566434 -0.726144737596 -0.0394998912764 -0.053415421621 0.0951454929184 -0.0299593408753 -0.00788543571493 -0.0993980463669 0.0833124286467 -0.142708679539 0.0332744092358 0.000571571694304 0.0415142727353 -0.00251945131763 0.0603978007753 -0.00194843893059 -0.15708815806 -0.0638287671228 0.00891394053654 0.0466888877282 -0.00320812011725 -0.00131020729943
-0.599603325398 0.00931121850434 -0.00790607205395 -0.0417948541959 -0.0627630802789 0.00911248339909 -0.0142640024302 -0.693453818545 -0.0855968630644 -0.0403775323603 0.0365122258354 -0.0191082006882 0.0300352961418 0.0826200872939 0.0486842085723 -0.134358959557 -0.0231010814981 0.0111016441564 -0.23875812585 0.0781038922736 0.0325418265969 4.08393574044e-05 -0.19928685887 -0.000662446956485 -0.0481480338042 0.0831282612627 -0.0292129473264 -0.00711717567118
-0.535053161164 -0.00920231010568 -0.011922999112 0.0174156840988 0.0288857680871 0.0064659355487 0.00887763035161 -0.621092150274 -0.0854069456936 0.00464310173084 -0.0243388169236 -0.00011883807581 0.017761518777 0.0949713984419 0.117931174956 -0.0718098907917 -0.0150221834169 0.00444057329047 -0.452004873108 0.15905562435 0.0212613376468 -0.0087523272761 -0.217880783963 -0.00278511193416 -0.0543218002259 0.0947344680818 -0.0156120966008 -0.0118155098702
-0.565031539097 -0.0158079453097 0.000674205365212 0.0469975235506 0.0295092539149 -0.0612146877721 -0.00603602253853 -0.530335362928 -0.0112920372088 0.026532776275 -0.0214193425482 -0.0220375102143 0.00582782102605 -0.0798303414261 0.0782746208438 -0.10036946791 -0.0205312950688 0.00898194947953 -0.340652796164 -0.0195941176434 -0.00245455999888 0.00858459463644 -0.497123631774 -0.0323987452601 -0.0283129035284 0.0437288406246 -0.00896516695036 0.000688213542254
-0.441093715271 -0.0104934622652 -0.0204540464349 0.0573949397082 0.0546306104189 0.00729225591163 0.00222148903171 -0.485766692654 0.0302530951534 0.0868352543838 0.0174781995656 -0.0456370822359 -0.00368735470555 -0.25105401293 0.0200047671758 -0.062114745338 -0.0557086557868 0.0124599201618 -0.489839098336 0.00639423552519 -0.0607820514456 0.00379662718657 -0.485682368702 0.00158021114351 -0.00667218413365 -0.0325765301722 -0.0219624521258 -0.0053877997179
-0.523969604103 0.0584119281771 -0.0509781723242 -0.070669175585 -0.0041986251842 0.0135311723805 0.00328282366651 -0.55838598337 0.0689657730405 0.0423275335614 0.0574306634352 -0.0472434996716 0.00799694944664 -0.0748565674261 0.117998093627 -0.103186644971 -0.0311703090938 0.00420623354326 -0.431488822436 -0.136659252644 -0.0167043471597 0.000269915723496 -0.390145916467 -0.00641822155428 0.00102639803199 0.0369634386568 -0.0136167182652 -0.013908051229
-0.565908075241 -0.0303629294367 0.031957151234 0.0177788083602 0.0420981229092 -0.00425439663578 -0.00796888653236 -0.626972033187 0.057031484261 0.0103929285212 0.0805965182261 -0.0399462555252 -0.0193524093056 -0.0194147138725 0.120878454618 -0.0789763841626 0.0102721409524 -0.00940677026258 -0.430923019507 -0.0894061098167 0.0392411714033 -0.00163991511629 -0.221537109232 -0.0520748364747 0.0127952473777 0.0441359991865 -0.00818892957065 -0.00973051009917
-0.446304050151 0.0092884277997 -0.0192441148655 0.00199481464045 -0.0329697924685 -0.0232890916424 0.00208673194084 -0.530841101379 -0.023135271573 -0.0740512665734 0.0747873935185 0.0143983834482 -0.0213997538117 -0.159059873335 0.0879528014758 -0.222884929246 0.00461269923004 -0.00437600269423 -0.51622368796 -0.122419875653 0.0182744229992 0.00162127421764 -0.371442422622 -0.0413707966872 0.013745576327 -0.0123775683439 0.00484444217031 -0.00618439769963