-0.00751266765168 -0.00569565437595 0.0661837309628 -0.0277825043145 0.0292146276754 0.0241312806288 -0.007691768811 -0.165467706483 0.0259707234509 0.193834588487 0.219281800584 0.0939341689613 -0.00273235515978 -0.0314164608464 0.0935454315145 -0.14384088299 -0.0578034079098 0.013146152506 -0.466188615674 0.600094958024 0.0595924120273 -0.00977466137768 -0.500438531562 0.0566147271081 -0.007952640525 -0.0377973489331 -0.0234381327993 -0.00165452541172
-0.255299505615 -0.0154870801978 0.0165138178463 0.0651671556166 0.0434430036523 0.0372919996268 -0.0128043478399 -0.241794602406 -0.000540160044268 0.048637773558 0.0217318748806 0.00754367440167 -0.00366827183565 -0.399717362718 -0.0854493843379 -0.177770838764 -0.0713972236863 0.00300605372001 -0.492967073747 0.277651695345 0.0371254991957 -0.00755051537711 -0.419645028345 0.0479574243515 -0.0124987078609 -0.40150564681 0.000853954172031 0.0124567389955
-0.411857612785 0.0141495849754 0.0933309156922 0.01868096309 0.0736848611986 -0.00943956961558 0.00858680192006 -0.385177989177 -0.0043543762772 -0.0404038417442 -0.0161720542793 0.0587307402894 -0.00388045749999 -0.0577809473351 0.171989552235 0.0230893322846 -0.0492738864354 0.035973714542 -0.42166631451 0.400262237065 0.00542934688736 -0.0053600322469 -0.533477101664 0.0104958607853 -0.000510084830685 -0.0354737304686 -0.000242181081953 -0.0238816920384
-0.340198176944 -0.0459697520368 0.0523809160179 0.0427944705925 0.0391732191689 0.0314448491032 -0.0101177447947 -0.597342558945 -0.0360895794933 0.142799755886 0.216464520429 0.000714019146297 0.0148259896279 -0.0205807197332 0.0137870865484 -0.145127807907 -0.031964042679 -0.00926602717555 -0.349306937927 0.381168706941 0.0462079226215 -0.0110218061752 -0.393413292851 0.0376140877374 -0.00926274960671 -0.00131944497495 -0.0270125263201 -0.00326817911295
-0.421798682338 0.0632224932365 0.0545236511818 -0.0426661066087 -0.0593061652392 -0.0457273893286 0.0135967709574 -0.559917901222 0.00396344163101 0.157527376995 0.157104013327 -0.00968515008447 -0.00200932450446 0.065250700897 0.047897984599 -0.155704549524 -0.0737174203365 0.00911562720536 -0.324305106316 0.417896181227 0.0215105552598 -0.00565161750045 -0.349379700315 0.0171416625828 -0.0017302517245 0.068614775116 -0.0257570286019 -0.0055778619368
-0.242415676875 0.000960699516569 0.0941562036362 -0.0176524143257 -0.0538496279538 -0.0155505484143 -0.00669176248381 -0.205720578638 0.00728567971379 0.020377204705 0.00845294865142 0.00976268009004 -0.00213107756873 -0.430461362842 0.00386336416103 -0.0389809933299 -0.0182067960402 -0.00393408761269 -0.507854767055 0.077573229245 -0.00356503995218 0.00331679295374 -0.521115829011 0.000790266295548 0.00240756084184 -0.403893616984 0.00229972165084 -0.00837378864382
-0.435875145098 -0.00325585273183 0.00576770785814 0.0212083278774 -0.0114417753369 -0.00276031351478 0.00229826493323 -0.491803864036 -0.00406917831685 0.062998437466 0.0440264115485 -0.0128639411234 0.0123949378177 -0.34041866682 -0.0755632591233 -0.169666496629 -0.0723866784304 0.00313358039525 -0.369693649753 0.245397915218 0.046189164166 -0.00493234628735 -0.332679973634 0.0417628290983 -0.00305260040619 -0.306631311664 0.00800319040891 -0.00793513632953
-0.471204759082 -0.0301953327333 -0.0454514813589 0.0308488673111 0.0449312455154 0.0192161451862 -0.0029356316094 -0.460301898713 -0.0198941671919 0.0163707175061 0.0578382030505 -0.00810314406585 0.00868292634399 -0.324169901836 -0.0641554736626 -0.114993869991 -0.0698348402865 0.00810742362283 -0.432837256722 0.193955725063 0.030698595005 -0.0073745171421 -0.359390261677 0.0400061170087 -0.00682598135281 -0.265155482435 0.0071646434946 -0.0333619793136
-0.564122166994 0.0137929437554 0.097414168233 0.0285416371081 0.0202780322465 -0.00891505088142 0.0080073593234 -0.464098741931 0.000194233686983 -0.033271652453 0.0203913386716 0.0331586182199 -0.0109065694182 -0.0895128220941 0.142599575279 0.0872480307422 -0.0264188064578 0.0226329294326 -0.391160836955 0.181605041818 0.00148513115291 0.0133966220378 -0.459838713867 -0.00240507654784 0.0126432605031 -0.126264436738 0.0296873685917 -0.0284299014976
-0.29921422291 -0.000262381420454 0.0798109297065 0.0196564453827 -0.0508164133709 -0.0110502183432 -0.00949385965761 -0.274757229024 -0.00664249205618 0.0360376771358 -0.0020751765622 -0.00642480448001 0.0107468906198 -0.425783816428 0.0410009450399 -0.0096721283724 -0.0419464937496 -0.000890998104934 -0.510047112552 -0.025906548528 0.0112507657765 -0.000324904533826 -0.523963639314 0.0328407946661 -0.00167769341736 -0.320080290057 -0.000839791365461 0.00897855017369
-0.442239162665 0.00134560944095 0.0139607093349 -0.0176183088267 0.0270453008121 -0.00360170685591 -0.000423604831432 -0.448021247213 0.00191330226351 0.0200384317029 -0.0184407693367 -0.00821949719444 -0.00749504906957 -0.251743610672 -0.0855385318908 -0.158066987442 -0.0658174678197 0.0043354880461 -0.453070042433 0.291908082243 0.00791563341261 -0.00759343161291 -0.333063297931 0.0250142612412 -0.0186897625285 -0.311361465869 0.0013824483491 0.0457822347055
-0.590984596378 -0.0253686305209 -0.0216035491826 -0.00964636257019 0.00196622182936 0.0629489591464 -0.014952359019 -0.608394221507 0.0349492750551 -0.0331446632152 -0.0553474356801 0.0386608099622 0.00850307337952 -0.0958523368217 0.131503718366 0.0339344216139 0.0193197508733 0.00934975126322 -0.150499097431 0.328765422804 0.0168381595935 -0.0121459824406 -0.315428735014 0.00794912252131 -0.0112091661466 0.096364521203 -0.00358921978425 0.00245896225815
-0.590288453584 -0.0241035718377 0.0846266003807 0.0218562208833 0.0273985824148 -0.0327590870353 0.0208599656271 -0.448426992063 0.00677502253712 0.00239108390732 -0.00409311222658 -0.0215752315026 0.00977963040602 0.0160198406995 0.173776919536 0.040070527891 -0.0490861973575 0.0331760233483 -0.470728717664 0.138741327358 -0.0079047541894 -0.00254477448111 -0.402628356655 0.0164824654409 0.0036559727135 -0.0205897825051 -0.00493246062129 -0.00682705186092
-0.471040839408 -0.0384782480091 0.0798497140991 0.0756417503456 0.00304591354672 0.0229635767945 -0.00577602660685 -0.449626833384 -0.0137834596754 0.0851442389287 0.116917324309 0.0195048410903 0.00438006164351 -0.145331305058 0.112570692744 0.0263165212259 0.00930070374908 -0.00581458494974 -0.450695275273 0.0454796383609 0.0279664130631 0.000638157096 -0.53385253297 0.0253679664406 0.0101563281341 -0.115253162103 -0.0226974814389 0.0131217432064
-0.452967741515 -0.00381906800821 -0.00835409068582 -0.00370335105015 0.0537935855335 0.0167834963744 -0.00948674176478 -0.485080226497 -0.0166067492312 0.046977495974 0.0395599761996 -0.0187731040901 0.041425840137 -0.0184279027173 0.00608371509759 -0.101766932573 -0.0107415096415 0.00706493343377 -0.544846685483 0.132270256058 -0.00107689008596 0.013077706122 -0.473435574524 0.00614545601096 0.000470611376433 0.0114459559758 -0.0163131656612 -0.00611592195613
-0.514932529237 -0.0148011967393 -0.0333863986915 -0.022565702763 0.0107117600246 0.0170582676109 0.00518576864778 -0.683441733118 -0.0562574151017 0.0477730425563 0.111830057101 -0.00963967199233 0.0209226613896 0.0566241196592 0.0897882277271 -0.0555328349564 -0.0162242889368 -0.000190834287256 -0.268493966616 0.287272357825 -0.00905795223166 0.0116116710532 -0.259953887729 -0.0187263432566 0.014622280305 0.0941010677125 -0.0153034773999 -0.0177802849768
-0.619380855169 0.0307363998777 0.103503484279 -0.0106030080775 0.00661963558811 -0.0258865231035 0.00230212722945 -0.543073960983 -0.0134932338853 0.0109882034792 0.0512326642773 0.0418772221618 -0.0116587643915 0.0126370641746 0.0917803029068 -0.00786810404991 -0.0635193989291 0.0183928176862 -0.35162288894 0.200433623218 0.0103288721071 -0.000630062937509 -0.350867363923 0.0488162965433 -0.00536551301806 -0.0400429311458 -0.00490764241427 0.00682597640508
-0.520409116643 -0.00775821343072 0.0238337689146 -0.0030082751501 0.00947456853339 0.0196664979181 0.00306144391861 -0.614521143005 0.0434259930577 0.0705438171143 0.0740625582154 -0.0130572267094 0.00329545437906 -0.088464757681 0.0284625425015 -0.0628812771069 -0.0506636894886 -0.00390747722513 -0.275608664522 0.286799958992 0.0266737329449 -0.00776993125187 -0.403543352719 0.015830703164 0.00117940601559 0.00361232429935 -0.0224553514506 -0.0105380286993
-0.520801973696 0.00625426767742 -0.0104014103683 -0.0302269652549 0.0320166714425 -0.00396967745583 -0.00550177993974 -0.602280630419 0.0545449297229 0.0780790869054 0.0812967524481 0.0142718460683 0.0138953719395 -0.0855449352374 -0.00544994932376 -0.0775313649019 -0.0652866246043 -0.000799054190901 -0.318701819385 0.169571317403 0.00789560073281 0.0047201175717 -0.446011282549 0.00236578707253 0.00441796589116 0.0218483071554 -0.00885499427742 -0.016591621104
-0.531652481049 -0.00839433883378 0.0192133565762 -0.0082766923128 0.00411049374118 0.0101257862106 0.00577340691092 -0.624834834475 0.0651194103772 0.0905300982287 0.0296700574328 0.00785369081383 0.0211606559116 -0.0240756912699 0.057307797092 -0.149904236265 -0.0481489460422 -0.00386050543153 -0.262237873893 0.12782740915 0.0272993564033 0.00629510565593 -0.44328502906 0.00354086545422 0.0108302446962 0.0323043882407 -0.0140704078688 -0.00232957490095
-0.606318913721 0.00137661292836 0.0336571541355 -0.0968911555703 -0.0291423472149 -0.0196276207633 0.00631203365359 -0.509847910595 0.0252719640611 0.0288456067613 0.0135525743515 -0.0162566914154 0.00227834286341 -0.0635636598397 -0.0936379158328 -0.173905083422 -0.0960246777241 0.00914390746481 -0.36092962933 0.234756334465 0.00373217021075 -0.0136849804435 -0.345595066096 0.0210145579941 -0.0021816128038 0.0185556799135 -0.0231132498153 -0.00362185238634