-0.0307822702136 -0.00238933762457 0.0948373478407 0.0682645684549 0.0708223194786 -0.0089933575789 -0.0395997739669 -0.00318309819577 -0.0222577876037 0.00639132623291 0.0389491775084 0.00434566602011 0.000436598310955 -0.0307732003609 0.0494459068809 -0.109021757633 -0.0630974627884 0.0255918018681 -0.47614238631 0.686660506363 0.0804810507807 0.00792703091799 -0.49396568554 0.0782332304915 0.0106200226008 -0.0305437585734 -0.0281342686787 -0.00416409499114
-0.266332796336 0.00609218759398 0.0369346565578 0.000376403424647 -0.0390233559004 0.0050402128011 -0.0306215075141 -0.303895513382 -0.021439679573 0.0565253155696 0.0607731952311 0.0493125296386 -0.0099011199955 -0.365746179806 0.110857325456 0.131640373163 -0.0249395991224 -0.0111509231625 -0.44936740022 0.38582743157 0.0839250785308 0.00978565666594 -0.530020567206 0.10215714227 0.00784844787808 -0.0952714553656 -0.0115685514428 0.0158424368119
-0.480951214851 -0.0302094085283 0.11478897054 0.0718573041087 0.10143215422 -0.0168050413876 0.0103993408745 -0.444840197369 -0.0402721883039 0.0365166568635 0.0917834700134 0.0809302579353 -0.0256027719064 -0.150791195926 0.0588679212848 0.069167975114 -0.119193939745 0.0316652162995 -0.234849760663 0.475354316316 0.0711489353793 -0.00546469048724 -0.42443222414 0.0749190032334 0.0159318674014 -0.0414311499996 0.00544079339113 -0.0461037839255
-0.402401205633 0.0653975838401 -0.0886696702036 0.0352272165147 0.0243998701599 0.024525192933 -0.0399724211747 -0.450826599373 0.0834707589912 -0.0718680345696 -0.062790816979 -0.0523479495276 0.00312701494809 -0.0506710489344 -0.0560024339879 -0.188730960738 -0.0183918804418 0.0118000689986 -0.415257241125 0.504414961858 0.0336638059171 0.00540227572795 -0.351916846057 0.0509611183998 -0.00663905243301 -0.0002136746391 -0.0426983507937 0.0410219601307
-0.425829460537 -0.0251315589421 0.149993969268 0.0329819562721 0.04170164905 -0.0141711567254 0.0102425412133 -0.412085617666 0.0659557350467 -0.0741879912398 -0.0548723842242 -0.0626713718527 0.0157895121282 0.0385232071146 0.0613621565212 -0.0992568912052 -0.0533620620242 0.0270873555 -0.386951641984 0.544643644248 0.0285423941329 0.0138933318986 -0.367719590371 0.031299943368 0.0214343626373 -0.000102490473219 -0.0136735994783 -0.0514594923668
-0.376237042734 0.00195038832954 0.0597572127108 -0.0328356481987 -0.0814510263027 -0.0128450224918 -0.00471928452705 -0.326399753542 -0.000242063108441 -0.014042476685 0.017057044136 -0.00107353223846 -0.00569391270421 -0.4047453618 0.172206767693 0.163891553252 -0.0122197124057 -0.00299311078366 -0.438941512036 0.315287034267 0.0101262435736 0.000870388365674 -0.463003783889 0.0601505902372 -6.03503987723e-05 -0.090811780166 -0.00807215673392 0.0306361740741
-0.172744554075 -0.00302319344831 0.0444508627616 0.0165313980902 0.0154920034284 -0.0011148367152 -0.00278708059309 -0.171971718801 0.00266255867324 0.0382583195751 0.0233424716145 0.00250366407657 7.25410111582e-05 -0.503945170808 8.75923283927e-05 0.0178875579235 0.00394313432162 -0.000330560520577 -0.480525571175 0.0276790269644 -0.00804204603215 -0.000392702827061 -0.529971018487 0.00905334372 -0.000180805217246 -0.410685710573 0.00286450903227 -0.0200353158097
-0.186209650174 0.000249454074774 -0.00724225698771 -0.0151247481588 0.00601419369544 0.00719246013171 -0.00209485586644 -0.187213347201 -0.00518008132645 0.013158911702 0.0181388746289 0.00528833246506 0.00425026163322 -0.557964763108 0.026432994157 0.0305490990327 0.000881969965768 0.000772440976239 -0.452900917902 -0.00478230161924 -0.010338390339 0.000568002090206 -0.489991792135 0.0102590457895 0.0016145696059 -0.411308600905 0.00467229245258 -0.0415307376531
-0.507381496237 -0.0106536478699 0.0328792229501 0.0442925253506 0.0580936228666 -0.000823446526727 -0.00173279910661 -0.373602051963 -0.0273053018503 0.00401313560997 0.0257802331311 0.00821820775774 -0.00232640092524 -0.390087736241 0.171646674291 0.203080716487 -0.0351903013362 0.0130391284256 -0.295105108143 0.337270873781 0.0016903510852 0.00665417906486 -0.39572904786 0.0273139679664 0.016402850567 -0.100525391733 0.0270032154711 -0.0365137535388
-0.46743997781 -0.0147479348272 -0.0371650191698 0.0444159248537 -0.0434878534616 0.0142536933617 -0.020735585013 -0.483462479807 -0.0439448994997 0.0566969981871 0.00889616349677 0.0217994348058 -0.00543498976881 -0.213306296647 0.105961132712 0.0722865353207 -0.0396128518583 -0.0111503637131 -0.379175957255 0.376877167059 0.0510052051796 0.0123852038489 -0.417338264441 0.0793308282212 0.0191183241684 -0.025123323875 -0.0129550490397 0.045797442106
-0.441176989811 0.0471586769862 0.0289154045606 -0.0325946519911 -0.0137732038153 -0.00850747378694 -0.000750727020057 -0.60999369671 -0.0072814335369 0.0884318441903 0.0634573126547 0.0379087159494 0.00596469548837 -0.273396309493 0.0500440542845 0.109328149914 -0.00124457078835 -0.00423519828882 -0.289798444108 0.27562712482 0.0949644797807 0.0175814358156 -0.384426091455 0.0923125968571 0.00361890270681 -0.0177705058651 -0.00774258207784 -0.0177766835626
-0.531111703499 -0.0422225196404 0.00486674779088 0.00854341779447 0.0328067688743 0.0206165491987 -0.0192487902083 -0.636691241092 0.0201910222709 0.0855493054731 0.0678165102426 0.0273953856455 -0.00662660614575 -0.0736299711386 -0.0508753373384 -0.124555410978 -0.0232996320478 -0.0146142949381 -0.299595982931 0.265925293785 0.0521276592287 0.0015694287933 -0.31077402379 0.0839502608948 -0.00945356327979 0.0645938996343 0.00502429199727 -0.0168651875112
-0.65067729355 0.00422656768529 0.0990487530251 -0.00903163141133 0.0216044073226 -0.0385558968517 0.0208096538989 -0.524426975142 -0.00192555718924 -0.0156629395045 0.0301886337518 0.0151552725084 0.000665549474156 -0.0821765658003 -0.0204047818123 0.129638703083 -0.116966391282 0.0391597903546 -0.0603498328606 0.341099410702 0.0519578672221 -0.012813562741 -0.351357299429 0.030282635077 0.0194407379434 0.0252905752937 0.00941121927621 0.0197093316108
-0.599692563376 0.052730757662 -0.0966626709658 0.0258677253642 -0.0155651887395 0.0107602258128 -0.0263485705001 -0.553970742277 0.0489998793703 -0.0497695932971 -0.00977130193186 -0.00213919141895 -0.00346258608582 -0.0160708317471 0.0231606883239 -0.094187546241 -0.015697468465 0.00811497455166 -0.30119578579 0.380811731857 0.00215456864267 -0.00272466472442 -0.250075057552 0.0421104670197 0.00207459047168 0.0194783702089 -0.0464267596169 0.0455278309734
-0.600430007306 0.0172741584222 -0.0114375962947 0.0282558796261 0.0676979423983 0.0250465782058 0.00228194287907 -0.57961523401 -0.0234228002934 -0.0847895675271 0.0215679869773 -0.0145915559254 -0.0192299726786 -0.0628353174342 -0.0820618031162 -0.18708804226 0.0399737042066 0.00220302492999 -0.304854341701 0.273413745399 -0.00864345885768 0.0398132012312 -0.261300400977 -0.0278857237783 0.0104540381052 0.0498365577158 -0.00356709328171 0.00129999784698
-0.54386355133 -0.0428696777888 0.0440018657027 -0.0179406269686 -0.0192475307901 0.004695286315 0.00945363251047 -0.663793561933 -0.0328000480523 -0.0900218221284 -0.0788238068491 -0.0208074709702 -0.0165060333269 0.0457643301209 -0.0625913077665 -0.156607654964 0.0101425911863 0.0196736402333 -0.267177286464 0.29224733118 0.00764844584109 0.0295834950802 -0.205749740082 -0.00958947858973 0.0270309109218 0.101382471075 -0.0265712839787 0.00454090640147
-0.625515067731 -0.016584467314 0.0889158012657 0.0442722380205 0.0167592013878 -0.0299051660287 0.00468731274735 -0.498701575209 0.0256137186316 -0.0197253361766 -0.0301496218147 -0.0264003521126 0.00450496553889 0.0164750374231 0.0912107894751 -0.0187132401735 -0.0588906719578 0.0331630584144 -0.286377630077 0.410272414508 0.00978733101296 0.012794390983 -0.279921828216 0.0302632246946 0.0146243877988 0.0467393873708 -0.000790627276772 -0.0155816619919
-0.418146112061 0.0200717241596 0.0767791301848 -0.0451055249226 -0.101200667901 -0.0118487461021 -0.0153971678023 -0.356324484727 -0.0422948834882 0.0474165282111 0.000324483962216 -0.00315585964494 0.0100917761172 -0.402722893254 0.164706320906 0.178617327312 -0.00810660252408 -0.0057491643282 -0.398977630073 0.263156139501 0.0119893209115 0.00132393881744 -0.458756402535 0.0580862260872 0.00354398518951 -0.0983894632793 -0.00795185815077 0.0400224249655
-0.435885103014 0.0178097282323 -0.00272014035122 -0.00434546319923 0.0272310581002 0.0210973655467 -0.01399925155 -0.461985664776 0.0205336086521 -0.0142045945487 -0.00840888931635 -0.0509128110193 0.00460138278172 -0.233732656484 -0.0410707592054 -0.0962294150459 -0.0686439815442 0.00519486131806 -0.529159309329 0.165286038801 0.0552479924313 -0.00759049496727 -0.449145914383 0.0622214618426 -0.00851776072388 -0.0570356643354 -0.0410787886673 -0.0129402448066
-0.245343852081 -0.0059902795267 -0.00516769177797 -0.0341725931434 0.0257247127898 -0.0103489592297 0.00985848342202 -0.252144887116 -0.00561069341793 0.00381607843985 0.0587338507203 -0.0192975825513 0.0141946313058 -0.486764473316 0.0192985757532 0.0111898448549 -0.0633106148859 0.00194105500129 -0.549306115701 0.0298864491037 0.0538594147358 -0.00432085884518 -0.503576085534 0.0530736407903 0.000145256383838 -0.248678517094 -0.00652991568684 -0.0690998151101
-0.475080188424 -0.00840729734941 -0.0139816474197 0.0610011387449 0.073327061943 0.000311668136877 -0.00188231307922 -0.332018841758 -0.0241258446104 -0.00327278205193 0.0273655584171 -0.00205590569737 0.00196249964156 -0.44531169157 0.206900541082 0.212621528991 -0.0294389015906 0.000288707215336 -0.30581567026 0.299892772963 0.00311122460636 0.00658488666021 -0.411604395352 0.0287995401746 0.0132502814554 -0.104245264543 0.0220660033082 -0.0295077755941