-0.0165987756681 -0.0449591542525 -0.0415180173603 0.116140489504 0.0509727254805 0.0211386821385 0.0220910801581 -0.271680546288 -0.0425223660868 0.105546218225 0.568188874599 0.133941023 0.113288683174 -0.210532917314 -0.412901456601 -0.160180970351 -0.227352124931 -0.0479353147228 -0.214901697997 0.205379385194 0.114389387001 0.0546736591755 -0.322797007136 0.153334293688 0.0011517122902 -0.103985562482 0.0297521523766 -0.0168307237647
-0.229689580122 0.0239198753341 -0.0675786023484 -0.0757263502071 -0.0486876182832 0.0120117638167 -0.0131042235386 -0.236254860126 0.0157380431159 0.090675456222 0.0614429656356 0.0320854173922 0.0219750830283 -0.334473956825 0.0250562519689 -0.166636365521 -0.0552694750185 -0.00444879942849 -0.522347380986 0.176376118648 0.0181958032868 0.0306214670261 -0.602987572234 0.013652536785 0.0163140338105 -0.219726764512 0.0233740851371 -0.0516656508414
-0.408340659727 -0.0451666591045 0.0556272781499 0.0646172287016 0.0769108426932 0.0141228902878 0.0610933119046 -0.418961715077 0.0346978095257 0.0757384491839 0.109842441657 0.0319040973846 0.00354976528036 -0.321504242742 -0.294738629606 -0.0386902621548 -0.0787549782073 0.00234193569937 0.158074929337 0.147679402794 0.0579523336928 0.0383217758512 -0.594257144054 0.0917420229145 0.016749278166 -0.0765734609726 0.0228415014819 -0.0273408539954
-0.5468112847 -0.0243882324934 -0.135677989903 0.0642618325729 0.136656348408 0.0437702401479 0.0150627422512 -0.568730560307 0.103776840126 0.0110041194479 0.222764252147 -0.0449119269904 -0.0158327146459 0.0254011175041 -0.196571692462 -0.00777572723642 -0.0487786539025 -0.021987545568 -0.45010152001 0.077465542131 0.0154584853255 -0.038760871993 -0.117311169073 0.0153645500934 -0.0340061721433 0.0509366404446 -0.0227649140258 0.000504867269264
-0.428789838278 -0.0200695678229 0.11271296184 0.0322791761968 -0.0438735827907 -0.0497563876015 -0.00497714239031 -0.481135318149 0.0927774819026 -0.0284685643848 0.154861062453 -0.056882170815 -0.0156061527892 -0.039752204091 -0.136895279116 -0.0316633598781 -0.0795129605758 -0.00162932508317 -0.692347775515 0.132420540936 0.0220436441402 -0.00665651858366 0.0204554281813 0.0398173839754 -0.0255529731567 -0.0064834533143 -0.0158149642732 0.0344479053337
-0.311719724051 0.014490478622 -0.0348520740682 -0.0775874127053 -0.0480367868864 -0.00476812992754 -0.0188520263164 -0.241943819656 0.0377613898712 0.0113402543558 -0.00802296104632 -0.00200913485682 0.00328444340381 -0.567230629489 0.121331024131 0.0573604988634 -0.00775736900116 0.01381584694 -0.323419996751 0.123014986763 -0.0151217910073 0.0313278970492 -0.523891988521 0.00710338174381 0.0175355064069 -0.30370792924 0.00128030580552 -0.0671780133382
-0.190165113588 0.00938400498826 -0.0382366462366 -0.00488998452497 -0.00809082363088 -0.00343078115262 0.00328214961587 -0.221561075902 0.0728765073956 0.0745620353294 0.0376002848975 -0.00764722431632 -0.00420576250964 -0.545064114108 0.0253777752677 0.0133011541873 -0.00369902951765 -0.00132702958889 -0.446727329378 0.0326384914723 -0.000651148396571 -0.00233879962764 -0.452256306381 0.00222125357347 -0.003688313594 -0.443132809337 -0.00450514465917 -0.0348773039304
-0.188336254839 0.00522246851238 -0.0196897627928 -0.00556896380149 0.00338086453077 0.00147856753286 0.0020354870706 -0.229478686729 0.0850271397892 0.0716168343925 0.0453655994203 -0.00562805826305 -0.00960081717731 -0.546286394365 0.0126568528477 0.0297106012046 -0.0136397424443 -0.00247652720291 -0.468890187441 0.0310765051749 0.00829611222997 -0.00604816801268 -0.435247766951 -0.00716823141467 -0.00707310141749 -0.43110803039 -0.00253607911339 -0.0294805729502
-0.5271227634 -0.0207873864881 0.100537344866 0.0331699525288 0.0923785300972 -0.0160473021116 0.0220119589547 -0.465504998976 0.00197039478172 0.0308591091693 0.056841849843 0.0287030888416 -0.000813334621507 -0.26256144521 -0.167119785494 0.0618843856664 -0.053227896067 0.0143809168573 -0.00709327766508 0.144818364297 0.0273083367339 0.0242171433885 -0.582509965335 -0.00165647269649 0.0177974773815 -0.114320091695 0.0268408680885 -0.000229103470048
-0.299835974762 0.0153286325716 -0.0332925921662 -0.0694503338361 -0.0438403900374 0.0257053633653 -0.0100543422655 -0.272480154843 0.00554287985317 0.0449627621949 0.0157120690754 0.0207987914677 0.00583657430037 -0.529678330076 0.0490719667658 0.0430120584821 -0.0466501199865 0.0025505589525 -0.390021324168 0.100599186996 0.0200506722129 0.0107429287622 -0.564056522309 0.00821754885383 0.00501686210521 -0.234891245827 -0.00122914974614 -0.0324716017739
-0.373953606068 0.0192439629352 -0.00237104761408 -0.00273334954711 -0.0234511628845 -0.0137345261498 -0.00758559462159 -0.472184026802 0.00651818911461 0.13890896305 0.0612218547533 0.0316562690722 0.0177539850354 -0.18631878888 -0.0765651173025 -0.202394463194 -0.0418495579377 -0.0188119440169 -0.568142242776 0.0845942709867 0.0194265262196 0.0160176087791 -0.439666147208 0.0109469431564 0.00793300586419 -0.0474284526948 0.0394802812316 -0.00995323886886
-0.301722014286 -0.00696426529935 -0.0179094854793 -0.00963055121586 0.0253299707314 0.0246269402591 0.000236358206126 -0.362170327972 0.0690062565712 0.103702447026 0.0744228591658 0.0144658141204 0.0057662598853 -0.471848908125 -0.0376661494863 -0.0353670798716 -0.0440721813395 7.12714737971e-05 -0.472425395427 0.0876148046066 0.0599616484701 0.0029849596421 -0.50971002636 0.0479717255252 0.003350763577 -0.174259360925 0.0100883520146 -0.022007584208
-0.692811819621 0.0275485965155 0.022607494437 -0.0456070963263 -0.0372169730478 -0.0584531415395 0.00454918277419 -0.547457847198 -0.0152040736018 0.00825200235324 0.0312228967897 -0.0117483528591 -0.00641239909471 -0.0414630286097 -0.214390332208 -0.0512427604341 -0.0478111759066 -0.00529697351031 0.275367785665 0.0556296073747 0.00501658595595 0.000163575766544 -0.241609853408 0.0537193413898 -0.00706108791108 0.133088103899 -0.00698195322428 -0.0058507269575
-0.633481035246 -0.060406560263 -0.0727788649316 0.036641011254 0.0181524311818 0.0487598653508 0.0268033627179 -0.60293097009 -0.0663172111332 -0.013661347794 0.0780109535885 0.00251532734505 0.0142676355433 -0.0748246923326 0.00522877964243 -0.0483984882704 -0.0600427264965 -0.032847277498 -0.324824680795 0.0969706039688 0.0367932018776 -0.00804850407687 -0.26609190317 0.020626378755 -0.00177977743663 0.08191006424 -0.00479932550692 -0.0602563165096
-0.629161600214 0.00265306700753 -0.0452243921709 -0.000519912260988 -0.0480803664145 -0.0233629058172 -0.000931574379267 -0.617499016535 -0.0218095461243 -0.0198633328679 0.0516710085937 0.00678730509114 0.0204096974818 0.000344811943699 -0.199025760809 -0.111070705846 0.0669082060971 0.0271994503555 -0.178766512824 -0.0333602671612 0.00693765224644 -0.0500776104379 -0.341819084841 -0.01583574969 -0.00979698964474 0.05059727049 -0.0369041519617 0.00608673859563
-0.629477980395 -0.0320811315371 0.026171067581 0.00920755394345 0.0761482515523 0.0149893241502 -0.0046586944004 -0.647668128117 -0.0344094031293 -0.0783390555831 0.0835804583017 -0.0197861204658 -0.0305128546224 0.0108667935311 -0.111913699834 0.0286891513736 0.0167685199473 0.0175415034671 -0.363835287818 0.0876047055592 0.0120111688737 -0.00843594505341 -0.0584002365556 0.00934456776819 -0.0234232371389 0.0315190248824 -0.0307493194999 0.0224502587633
-0.619772501667 -0.0130465349744 0.0556721878317 -0.0717761304189 -0.0389820094064 -0.0455580984698 -0.0038431265996 -0.469798694641 0.0274220041745 -0.0316113369729 0.0370211213123 0.00437754854894 -0.00858494639304 -0.0669758491792 -0.160904017868 -0.122251901742 -0.0647908078402 -0.00165423879917 -0.551938645237 0.0856449571004 0.0263882170083 0.00219638049414 -0.117050408 0.0372884706569 -0.00445505160553 0.0494485701889 -0.0131560568285 -0.00120422908213
-0.529940882863 0.00760770752356 -0.0230508139795 0.051401661355 0.099375358964 0.0217233036022 -0.00286544797057 -0.379974819685 0.0282454130341 0.00664278421303 0.0106694358051 -0.0161193864318 0.00335803558838 -0.242489914729 -0.140381914895 -0.0725331421734 -0.0582317846636 0.0099295192414 -0.670198539051 0.0584257156248 0.00868600234844 -0.00464939133877 -0.0747935194623 0.0556718743732 0.000931208843316 -0.102478676486 -0.0174623354632 -0.023046602693
-0.469925470785 0.0114555784091 -0.00757966689431 0.0423655080807 0.0421146321053 0.00127437840554 -0.00371139866873 -0.510600535705 0.0364817680066 -0.0434931260413 -0.0030477026644 -0.0547550662906 0.0045566315123 -0.270293602498 -0.192546193367 -0.0205324464586 -0.0801708676467 0.00763454790801 -0.560114517357 -0.0294643025073 -0.00421120720715 -0.00563277159216 -0.271844481581 -0.0329148830908 -0.0026237367774 0.00282359346712 -0.0193749512898 0.0370810613936
-0.47527304023 0.0278950142202 -0.0470029515486 0.00921292895298 -0.0230801762651 0.00310784643697 0.00491038986011 -0.509413509847 0.0684930819654 0.0300692958393 0.0104063895942 -0.042863385049 -0.00577547052094 -0.0852272420954 -0.0476991812253 -0.017002453799 -0.0338065455388 -0.00461260551327 -0.652356540323 -0.00820989394262 -0.0197201538073 0.00312141179325 -0.245923774904 0.00758614002438 -0.00453993216889 -0.0668790952188 -0.0029182536848 0.0365384925809
-0.541823544307 0.00117898287533 0.0298931203502 -0.0209964207766 -0.0856985665796 -0.0221921173399 -0.00168009357274 -0.376792277203 0.0111622929837 -0.0264455733784 0.0132302588257 -0.00688552564862 -0.00248075613275 -0.34461791239 -0.0481512230795 -0.167395072986 -0.0494111362923 0.00343408447392 -0.610646691976 0.108191271344 0.0213512903588 -0.00512641220864 -0.0311934989965 0.0563909315058 -0.0123570552722 -0.1130729287 0.000643644004228 0.0224497434942