-0.0528472192963 -0.0210144506227 0.148112282559 0.175686729064 0.0159860996749 -0.0186214052751 -0.0103586249517 -0.225059824453 -0.122869825624 0.112295366995 0.41146872836 0.0498962315749 0.00411267880006 -0.0735056777229 0.00188913611748 -0.163811248042 0.00474015417631 0.00554634801952 -0.347874717964 0.517516788332 0.180112658055 0.00687501889842 -0.484179531213 0.0523725743755 -0.00792545089934 -0.0465528880433 -0.00745644733943 -0.000259097384544
-0.235401475703 -0.00148355040236 0.080102216014 0.0710704423382 -0.0300239573909 -0.0361210921941 -0.00376844933334 -0.218417509619 -0.0328595675779 0.0357868340352 0.0610994982346 -0.0133127937036 0.00989949722232 -0.412500405806 0.0981288498617 0.0848140185834 0.035591273811 -0.00308519052862 -0.453273082283 0.187928386068 0.0285235740445 0.0107075494608 -0.619278449289 0.0342282334685 0.0063081014013 -0.248548684165 -0.00479583559618 0.018633575151
-0.351781095617 -0.000418123454833 0.0883087452189 0.00281888462921 0.0663303961776 -0.0139957024767 0.00127008358721 -0.335105900842 -0.0312573680692 0.0189410177065 0.0453185818139 0.0196433870462 -0.0145935801942 -0.200990845155 -0.0253152376598 0.0545132030253 -0.0365024868228 0.00916325275861 -0.224089585367 0.451663766708 0.0668062158512 -0.00235479747402 -0.608916111276 0.0745407731011 -0.000602139889432 -0.258163155048 -0.00829361882414 -0.0199557047328
-0.471105193828 -0.0225524124355 0.0330436440004 0.138453559413 0.055630932382 0.0479807536151 -0.0202272469625 -0.663409129319 -0.109940342878 -0.0341381832658 0.283254271463 -0.0642853680543 -0.000531529495931 0.00545991428829 -0.00889693030758 -0.146703659697 0.0467091162204 -0.00564720304203 -0.233607969251 0.226672653363 0.108455222893 0.0148346896871 -0.26360127823 -0.0270679685293 -0.0163597666041 0.038005536267 -0.00522108386517 0.00401333715362
-0.530247717137 0.0451930449195 0.117798725921 -0.0272548174254 -0.0931822504932 -0.0561084535453 0.00388589020055 -0.545391966548 -0.0986070670029 -0.0508559720157 0.123425425949 -0.101726616526 0.0122999153535 0.138929254529 -0.0315061133532 -0.137503444202 -0.0220398454194 0.00644463804536 -0.268156874884 0.243975255361 0.0556207193465 -0.00303969626656 -0.400583318343 -0.0164215171375 -0.00900801681191 0.1386363432 0.0032969889371 -0.0228423794739
-0.394887723974 -0.00664972249493 0.023976423215 0.00676006298871 -0.0730092832589 -0.0263504637358 -0.00181261783087 -0.394086911475 0.0221225579921 -0.0574186814523 -0.0168843264909 0.00736495582245 -0.00170995521381 -0.324618972982 0.0880532347447 0.0769945225564 0.0291700370302 -0.00139998220456 -0.413880862326 0.186537649712 0.0363623682564 0.00336891008991 -0.574886240984 0.0443014692337 0.0042863377504 -0.133398751156 -0.00248441744189 0.0179494931552
-0.329338785946 -0.0437688542782 0.0854737831506 0.0477341600114 -0.000773383763789 0.0133307950417 0.00228086036271 -0.372223502703 0.00512748264006 0.0773935878684 0.0831151378809 -0.0262611413209 0.00619605698 -0.441885207418 0.0851895497411 0.0769223069442 0.0182097570241 -0.0018101138306 -0.327104811225 0.150665469085 0.00671588987026 0.0109909907659 -0.448741644062 0.00630402530541 0.00685418602978 -0.432799829645 -0.00972485112699 0.0121885133498
-0.330023618646 -0.0242029349113 -0.0612558031537 0.0279621725967 0.0385981076228 -0.00455348518025 0.00888621553719 -0.344613123854 -0.0772747219578 0.0389285062229 0.0405208999531 -0.0186469411073 0.00639466126677 -0.368333026621 0.0441639283574 0.0793022545367 -0.0030855423432 0.00159415335656 -0.398304158045 0.109372739276 0.0253422102307 0.00662090396878 -0.503464715853 0.0129210879727 0.00986366172388 -0.432444366001 -0.00901703663996 -0.0073316950475
-0.527282912865 0.00556878626274 0.102728135917 -0.0289528764282 0.053633580241 -0.00405867992456 -0.0109367611455 -0.441067007132 -0.0249174285833 -0.018340267031 0.0695068382888 0.00757329341743 -0.0172590562483 -0.0811609192231 0.0464249541126 0.0818772918477 -0.0321427826477 -0.00137073973622 -0.268202165768 0.298966029937 0.0227568315565 0.00162401495667 -0.5493900271 0.0314916492516 -0.00607912203704 -0.153139309317 0.00364512994722 -0.0470748173242
-0.365751170283 0.021500860687 0.0228376742979 -0.0113356426117 -0.062970133587 -0.025735055454 0.000737311790392 -0.401607814262 -0.0534427738321 0.0508099496622 0.112776506497 -0.0135057006174 0.00958506648832 -0.32030736709 0.0898017357634 0.109690335915 0.0333115297149 0.00112922322613 -0.438161117784 0.108806894123 0.0368654828213 0.00468750868816 -0.573746792882 0.0420185494984 0.00178640000322 -0.143414888525 -0.00427793941788 0.0147227487386
-0.297056863528 0.0054371422132 0.0653050524883 0.0652543047998 0.0229005675047 -0.0179110407618 0.0033527158439 -0.267594549574 0.00445061809082 -0.0224298802497 0.00665894160735 0.0107263704436 -0.00567126099233 -0.479104944733 0.0416963601036 0.0407646879425 -0.00540527532728 0.00171296645801 -0.374234347154 0.0422818874254 0.0420514095974 0.0114738550566 -0.507597110126 0.00725067368198 0.00291978647509 -0.442143762087 0.000522306040935 0.0103231542396
-0.534300985019 -0.0328315754843 -0.0180040593691 0.0305185936551 0.0432040329574 0.0511244219225 -0.00594797561023 -0.475306089473 0.0132857352942 0.0293675095593 0.00817466426026 0.00222434710131 -0.0200447542486 -0.462094339007 -0.0786495470583 0.00408260573335 0.0918882943464 0.00647930636463 -0.0803268320848 0.324208620582 0.0756053491306 0.00578181681554 -0.315500996336 0.0801845289329 0.000914036328398 -0.169451079793 -0.00474297702021 -0.0022877496192
-0.60236724077 -0.0065651301139 0.126036993668 -0.0293419834459 0.0235043398874 -0.0270998670359 0.00449081580674 -0.449064850662 0.00607552504149 0.0160143740428 -0.0269043278165 -0.0056665589689 0.0183063324822 -0.0667153346506 -0.0335668998081 0.0621639795181 -0.0355570160788 0.020583658947 -0.123963141139 0.34854314934 0.0414100571267 -0.00604847255251 -0.499734816279 0.028621799068 -0.01000121607 -0.124183631316 -0.0121089847877 -0.00779190804786
-0.480285315578 -0.030329030248 0.044177741194 0.0714471724852 -0.00297582457305 0.00712284640664 -0.0126149025545 -0.504449745912 -0.0211728745189 0.0674098754525 0.0875424753656 -0.00473424099752 0.018152403173 -0.0480158110441 0.1002288764 0.0203446654489 0.00764395447212 -0.0087670288751 -0.418085781666 0.257486743597 0.0542923696273 0.0164846747472 -0.48404512058 0.0402585132785 0.0071964052974 0.0118357362254 -0.0171300256792 0.00571865309629
-0.577345353691 -0.00886940415721 0.00295753361599 0.0393014790678 0.0332884314183 0.0149634861257 -0.0195176183457 -0.603382673318 -0.0440420711047 -0.0110016882744 0.0664750226736 -0.0203909392917 0.0341868538276 -0.0371154577891 -0.0504225066339 -0.0659288660405 -0.0247014230315 -0.0204161160038 -0.128558681908 0.300979592568 0.040150843154 1.40300604503e-05 -0.403449788954 0.0217801776369 0.0168459045402 0.0981798490634 0.000952214434875 -0.000840182687903
-0.567924038068 -0.00167362978999 0.00545188704493 0.00440191753225 0.0453727184889 -0.00651333526098 -0.000855394025831 -0.645377906163 -0.071123728493 -0.0550640531759 0.0554056500635 0.0114776631756 0.015825547389 0.11660554653 -0.0201773519524 -0.0647366647696 0.014056114353 -0.00472698836469 -0.0760094639788 0.298278077006 0.021747423893 -0.0137002025585 -0.342080465107 0.0016584447838 -0.000740198936958 0.128002262244 0.00278103345636 -0.00400179185577
-0.603457876368 0.00515014658068 0.0834228540806 -0.0238472064022 0.00602803437688 -0.036550505027 0.00511851377731 -0.554660375649 0.0278522036772 0.0135256917501 0.0564496458233 0.0355389986315 0.00308872239946 -0.00658164593647 0.0452024949179 -0.00924108518923 -0.0878980757943 0.0121360938078 -0.249542184747 0.303007838004 0.0224445569494 -0.0020791139664 -0.375449900587 0.0267870813919 0.00432441387318 0.0843172830995 -0.0063417198729 -0.0182377768301
-0.468768603034 -0.00949792232516 -0.0121933862244 0.0154054218564 0.0186453244784 -0.000223790032182 -0.00040854420086 -0.565778805476 0.0369441873614 -0.00692237427057 0.149231878209 -0.0133480916029 -0.00341942105203 -0.187939903632 -0.0243266882898 -0.104022533855 0.0277621684366 -0.005613668915 -0.501971841309 -0.0616512370911 0.00692422432198 0.00860816341568 -0.354549675401 -0.0690779131251 -0.00588560506321 -0.0386782966257 0.00202312357034 -0.00258665806183
-0.582715539292 0.0166749985775 0.0147954498755 0.0637936707699 -0.00776876151267 0.0191638809911 -0.00177245337821 -0.622449077912 0.0408953008972 -0.0179705664326 0.0653846990034 -0.057311200043 -0.00765515251761 -0.108846450255 -0.0842711157179 -0.0108155796664 -0.0243696394516 -0.00010544585966 -0.209727917878 0.014960673098 0.0598059037996 0.03081938254 -0.398446190692 -0.0762566389183 -0.00295643336593 -0.159341103613 -0.00324496409321 -0.00302702828511
-0.533656524913 -0.0140435538117 0.0336190864346 -0.000295348859024 -0.0418842766744 -0.00503117148973 0.00627389782302 -0.62497534083 -0.0198757675247 -0.0511310870099 -0.0865852067029 -0.101675515856 0.00182403966663 -0.171366389246 -0.0961967705778 -0.0110554267513 -0.00971596796104 0.0144450435938 -0.341791777178 -0.0810480996877 0.0492644452603 0.00679169654364 -0.334686967325 -0.0116447563483 -0.00112291308922 -0.15349487669 0.000114891526996 0.00060374899651
-0.548661867957 0.00986546963745 0.061902502941 -0.0679262260609 -0.0558058594044 -0.0155163805828 -0.00191950323007 -0.44277983598 -0.0161814525305 0.00471082969364 -0.00397272524139 -0.0418505574798 -0.00144349081723 0.0660291148866 -0.0972348385731 -0.139127059133 -0.0258701727328 0.0003947709243 -0.540457949622 -0.0200785211135 -0.0231253413507 0.00486018611425 -0.398771693036 0.00296271284599 -0.0115271370534 0.0436799602185 0.0125359840175 -0.0289599716833