-0.0317042669378 -0.0507437081049 -0.170814123883 0.0517016718334 0.149951999806 -0.0263819768805 -0.0168046102358 -0.301440695608 0.102578283146 -0.035129364019 0.743202721777 -0.00817487111162 -0.0324399946022 -0.0404839153458 0.161006185981 -0.056220048217 -0.0532527771135 0.0243164975441 -0.031849592836 -0.086136450517 0.120789926857 -0.0135584805276 -0.369590184679 -0.290976681458 -0.049150172309 -0.0603387343097 -0.0180080901375 -0.00319542869073
-0.500774882466 0.00224898515955 -0.0474831011134 -0.0774343345825 -0.0477567320307 0.0139380477724 -0.000850186799647 -0.538347977092 -0.0817398161034 0.0925993954777 0.0819961617262 0.0711292953378 -0.0446758848804 0.0642107181616 0.224678592653 -0.106808328359 -0.0498476317176 0.0256919292172 -0.474740335172 -0.017575847207 0.0679280637846 -0.0143511693274 -0.335267869229 -0.0268605675216 -0.0379027501122 0.0717764455564 -0.0149580614672 -0.00613785094783
-0.503841382482 -0.0135464588689 -0.0779345066914 0.0210951746841 0.0609569529002 -0.0228801440539 -0.00217725310275 -0.599630149536 0.0663146268068 0.0693093046693 0.233141842134 0.0448196111106 -0.0237801828006 0.0748393471593 0.0501206196863 -0.049348257685 0.0374000817875 -0.00600363895781 0.383931851722 0.00114743771948 0.0401469950997 -0.00756745521763 -0.36561991202 -0.0614635498385 -0.00657234693726 -0.10395053809 -0.00588293161676 0.0106830659299
-0.509920630973 0.0328373031336 -0.112657936195 -0.0275018396073 -0.0551516847117 0.0272652443057 -0.00677988936232 -0.542843089408 0.0550111623599 -0.0638324484168 0.124974565773 -0.074630525664 -0.0124371970092 -0.273468297454 0.0264239403007 0.0574280919516 -0.0339926395221 0.00399502277834 -0.483954949266 -0.0545314234222 0.0910080676358 0.00789214890267 -0.191875708452 -0.156674609972 -0.0159378939968 -0.106373672544 -0.00177322031116 -0.00904529870185
-0.416331423755 -0.0496457312744 0.0200714635174 0.0271019707953 0.0919265510939 -0.0373773678267 0.0061336631883 -0.484289590469 -0.0204799273015 -0.0345996784903 0.165294292581 -0.0672457237396 -0.00351839456113 -0.235872104123 0.0945930994625 0.0419066868946 -0.0156342555773 -0.00261778996553 -0.629793215419 -0.11098707041 0.0313385136766 0.00265152041696 -0.195808685482 -0.166962202469 -0.0135781488607 -0.0468634140245 1.3670703661e-05 -0.00597207082051
-0.429090992007 -0.0221111793828 -0.028418656465 -0.0524326243354 -0.0134916469037 0.00404796866555 0.00367083460546 -0.520061820062 -0.0629489453864 0.0214698994979 0.0659322356523 0.0443269011099 -0.0377119137495 -0.106712714358 0.152113379778 -0.114542098774 -0.0544380530809 0.00921761282448 -0.478850449742 0.00839954635067 0.0218029490861 -0.00376386907557 -0.496878347398 0.0335203937986 -0.00681588447112 -0.011933643303 0.00354032784174 -0.0153620089254
-0.420211020767 -0.0410751107237 -0.0161912636945 -0.0289120199061 -0.00387256968124 -0.00147619840369 -0.00730213226499 -0.634816382871 -0.122538203239 -0.00162947610177 0.0123388663707 0.0141515475903 -0.0123607331502 -0.0365971570512 0.132567022554 -0.194432595286 -0.00447657557572 0.0207885428274 -0.366027691421 -0.0832621222928 -0.00266427255201 0.00243796745845 -0.447851321224 0.0251195663141 -0.00653893174255 -0.0454324619166 0.0177501235305 -0.0183394641496
-0.426671901568 0.0275715382878 -0.00537376233794 0.0882843793787 0.0224197958914 0.00609692235197 -0.00514743973933 -0.595022055511 -0.109493841188 -0.0230745527483 0.0210807217646 -0.00260948144423 -0.00385734803486 -0.0442815994664 0.184018529652 -0.119835855979 0.00887032403917 -0.000232133041788 -0.51525555573 -0.0968290377072 0.00713031186189 0.00230444180577 -0.337108689421 0.0103617853526 0.00242387487865 -0.0454554870667 0.0271996380014 0.00424542139033
-0.59314872531 -0.0530041117971 -0.107577421777 -0.0185765133896 -0.0920162342975 -0.00964291860504 -0.00173671885502 -0.482734461682 -0.0638485598166 0.061857947467 0.0475417992899 0.00761528638055 0.000273092592466 0.008721091951 0.119093178475 -0.0434220136484 0.0502665203843 -0.00891226895256 -0.477995791176 -0.0909145046852 0.0211437764639 -0.00435310592829 -0.340476968655 0.00557279190693 0.00987531992902 -0.0966729240876 0.0124771128649 0.0106539500023
-0.693473630624 0.0242205246941 -0.0294630193698 -0.0183922454429 -0.0647039955028 0.0107371722908 0.00606239413204 -0.67213660593 0.0209882491057 -0.0167328230529 0.0443833280655 -0.0171459836494 0.00989711418327 -0.0111545283128 0.103938447212 0.0708946919561 -0.0138125377353 -0.00811438297145 -0.159645909866 0.0225892411935 0.053153741103 0.00177774691791 -0.0862307497962 -0.0535275505398 -0.0342178153705 0.0385387471869 -0.0108017030453 0.0017824314969
-0.525948543832 0.00906872417771 0.0256677778612 -0.0265005569464 0.0375268881805 -0.00778744645184 -0.00682120714876 -0.698110742231 0.0809713362607 0.0239546147668 -0.14820794285 0.00143610335249 0.0090580348068 0.0589774685702 0.127271820698 -0.0139275100584 -0.00202363796351 0.0115580981031 -0.249759636122 -0.0172673320202 0.0425690423975 -0.0118897961411 -0.325793330241 -0.0329604571829 -0.014061779903 0.10611774329 -0.0215313855115 0.00954974158285
-0.558492177448 -0.00382659466379 -0.0129252285183 0.0520142964002 0.0392398566428 -0.00734145987116 -0.00915235062717 -0.765817220795 0.157321305513 0.024726605863 -0.0071266525054 0.0179023424475 -0.000118394829164 -0.0327689641126 0.0862322610486 -0.0325903307557 0.00924057740309 -0.00366331143068 -0.0090226637303 -0.0102204705277 0.0392674495273 0.00739506115871 -0.219586884199 -0.0604910031927 -0.00912508797978 -0.0786747254356 -0.0406934068742 -0.00730962889256
-0.60145224 0.0127118177799 -0.00271689754913 -0.0392768089375 0.0737243755945 -0.0241822806047 0.00171061200648 -0.609354910978 0.121845434262 0.00839914007346 -0.0279781742535 -0.00761384409567 0.00888920116375 -0.0843922408808 -0.0220991150442 0.0366880405772 -0.000568526943429 0.0111639644042 0.402093771971 -0.0234074004257 0.013455207766 -0.000824151598064 -0.245761367423 -0.101565602035 -0.00287120852862 -0.029864810137 -0.015143289883 -0.00603569101784
-0.475240479164 -0.00052342569252 -0.0609391120972 -0.00873029581756 0.0177988032617 -0.00649518574338 0.00235525138907 -0.504010657012 0.0326136269514 -0.135037876432 0.0166711897348 -0.0151844399982 0.0014659934193 -0.169500915605 0.0729403021978 0.028360273522 -0.00940075975682 0.00117237743657 -0.628953952056 -0.116238676812 0.0231267456601 -0.000838596105589 -0.193033701207 -0.0478437971818 -0.00296475376517 -0.10701536247 -0.0164530089987 -0.017258340282
-0.633378605347 0.00888881954741 0.0164007674222 -0.0416077236028 -0.032096575275 -0.0095000303311 0.0125397655225 -0.742932708739 -0.00704970443334 -0.062407581553 0.104510498838 -0.00953503800052 -0.0038499572299 -0.00227753769237 0.000573940749507 0.0361849760835 0.00656419415443 0.00305901501065 -0.0372583950485 0.000371316807424 0.0619492999936 0.00286688463546 0.070378092902 -0.074539143016 -0.00255852325563 0.106682669076 0.00129576346496 -0.00727368062264
-0.464694103589 -0.0179873990275 0.0251898960071 0.0335456555984 0.0192700759811 -0.00810331786872 0.00346018293449 -0.671397681301 -0.0407275561209 -0.0208023451373 0.120299745775 -0.027633589849 0.000334933510261 0.0483278206668 0.097812136374 0.0424165077672 -0.00418329808193 -0.00289168977326 -0.520035727646 -0.0754823867819 -0.00132014257968 0.00612634746683 0.0150200596264 -0.0701520443496 -0.0125861538852 0.134717951572 -0.00495386522789 -0.00665786300254
-0.619249133824 -0.0387006638185 0.0348421122665 -0.00772896402682 0.0982336514513 -0.0452330613509 -0.000865543724776 -0.574484369057 -0.0409134498454 -0.0236914003822 0.0539765400764 -0.014145394043 -0.00831713257875 -0.290806903183 0.0261301488562 -0.0855524078536 -0.0250165358292 0.00204476934084 -0.245600561529 -0.109993929416 0.0545988847007 0.00162408385132 -0.282234208316 -0.12015026389 -0.00124890302786 -0.0623375561709 0.00382996239901 -0.00389115339558
-0.379393575844 -0.00211538790417 -0.0200476794483 -0.0142471107958 0.0419303828565 -0.0178497197761 -0.00227944387586 -0.36399547362 -0.0120130645177 0.0457542968228 0.0200314711289 0.00265271066817 0.00620359482608 -0.409803667811 0.0749803602717 -0.191309273097 0.0178138858436 -0.00297081966229 -0.580496382184 -0.120809055924 0.0165560396205 0.00133174397704 -0.37313566556 -0.0445630852529 -0.00332064971618 -0.120836652387 -0.00182783487984 -0.00516903777087
-0.333739690283 -0.00231852153799 0.00895107434445 -0.0182847833908 0.00380445704092 -0.00921390594489 0.00141601534859 -0.369545381513 0.0834052278451 0.0213707131458 -0.00743398090229 -0.0115662545268 0.018058215671 -0.366380190203 0.0502844445089 -0.0251352496492 -0.058149983179 0.0119779507195 -0.490734234044 -0.0800503053837 0.0056000975967 0.0031606700991 -0.4731500676 -0.0571659634799 -0.00474999666385 -0.358064903265 -0.00649638586275 0.00111210681748
-0.293985554665 0.00640103277637 -0.00208753768295 0.0293149029199 -0.0269436939686 0.00962192297232 0.00203054621794 -0.294584703484 0.0135456739137 -0.0148768492173 0.0426279664879 0.00587433887242 0.00507443449067 -0.52471588817 -0.000691377442425 -0.0397272847393 1.64050652854e-05 -0.000188736483782 -0.378788391664 -0.102591500011 -0.000514627485776 -0.00143306140515 -0.464135780468 0.00395589844193 0.00175956661171 -0.420031119959 7.83883479687e-05 -0.00153199726288
-0.285944873359 -0.00215922210897 -0.0058165230185 -0.0127693828606 0.0459128064861 -0.00308310367834 0.00112728796993 -0.280914289971 -0.0270451192553 -0.0182052516801 0.00134185640313 0.00359860028488 0.00181376174366 -0.517374379599 0.0112614342309 -0.0319293972557 -0.000732502678724 -0.00126415960057 -0.421866505841 -0.0660433190241 -0.00986599478761 -4.21972486332e-05 -0.460267229351 -0.000907959332966 0.0016751281947 -0.415703408684 -0.0019335345741 -0.00193761510868