-0.0144155298529 -0.0153410852923 -0.00638954508668 0.0446096815631 0.108294002772 0.0411569452443 0.0154315529616 -0.179365006165 0.228045517322 0.37149955751 0.0710168577349 0.0443216462323 0.0072175836562 -0.41083954785 0.223283782391 -0.628600116805 -0.0676664450095 0.0136007782831 -0.181753741007 0.0501433237629 0.0523864036325 -0.0336053825477 -0.308348765839 -0.00400713140583 -0.0308795649886 -0.0097477232516 -0.0223045568956 -0.00280499573472
-0.477401665901 0.0325329171317 -0.169572204769 -0.0286589153924 0.0134443217599 0.00760075892974 -0.0129909168738 -0.458988608983 0.080062970279 0.155917545786 0.104761312816 0.0279912782898 -0.00453443831285 -0.21573893146 0.113569025545 -0.345364829472 -0.0236105902019 0.00255823272779 -0.424543149617 -0.126828219031 0.0519845100573 -0.020963596567 -0.321352930179 0.000784077904634 -0.00762934993553 -0.0733742018451 -0.0191168588078 -0.00734972234969
-0.489818659076 -0.0388133724847 0.194374671926 0.0187835415548 0.0224947140809 0.0258319900991 0.00531992611166 -0.469801296373 0.0999569989744 0.139700998865 0.106299032139 0.0172587701579 -0.000232495623614 -0.316466903852 0.0913124547963 -0.391566435341 -0.0263512242757 0.00988889462181 -0.35311879007 -0.149724289017 0.0455440878312 -0.0154952656993 -0.207974821104 0.00332054503437 -0.014143819777 -0.0325012946122 -0.0169795560741 0.0240263553375
-0.543429841846 0.0159865759118 -0.194517962508 -0.0363905854641 -0.0143150748307 0.0564369046832 0.00637485527611 -0.480074451601 -0.00164786976353 0.0581719495126 0.0164384978333 -0.0628021602088 -0.0390469751496 -0.399937360385 0.0761563613796 -0.421503807703 -0.0910955915433 0.00348690109319 -0.0475580829597 0.0522552570397 0.0224307144732 -0.0390261420344 -0.246062823817 0.01133277285 -0.0390135221385 -0.00674351867038 -0.0074801441034 -0.0345828185063
-0.485955671333 0.00105743533038 0.119730517835 -0.0113224176704 0.0173214768666 -0.00525394206517 -0.00417493782857 -0.485244633561 -0.00110253963565 0.102181922415 -0.020167363821 0.00539258397146 -0.0229912212414 -0.442963300314 0.0337330229004 -0.426847543354 -0.0737385183179 -0.0158265015624 -0.185455810357 0.201417718996 -0.0283371651701 -0.0444287519562 -0.186626203779 -0.0108386457569 -0.0245342009226 0.0567654520616 -0.0200472869111 -0.00378145536758
-0.592034493769 0.0123004407463 -0.0930839784187 -0.0105632782083 0.0357709609213 0.00773249350318 -0.00227398741413 -0.483184202361 0.00700721518603 0.0879353416313 0.0346912360732 -0.00335885051955 -0.000872292526759 -0.125273187102 0.0713385576741 -0.319662942548 -0.027662774075 0.00272136694128 -0.291275327017 -0.100934825556 0.0130449298019 0.00408793347637 -0.420706044364 -0.00906516439829 -0.00599610468469 -0.000520100073177 -0.00370264057528 -0.0260304463474
-0.475453616038 0.00517918691245 -0.00233957669444 -0.037319522404 0.00904885707226 0.00574279555268 -0.000316075419385 -0.51362081523 0.00846632624047 0.0660323944566 0.0763301051547 0.00927346325321 0.00577033013869 -0.470587763918 0.0762376625782 -0.109641997213 0.0445820833211 6.3595140379e-05 -0.325148166794 -0.0639607096401 0.0425243960096 -0.000507462417042 -0.243204148581 -0.0213535951136 -0.0038236289451 -0.292256697246 0.000624123782225 0.0170854654388
-0.4741718485 -0.015025145006 0.0251070744265 0.0317922407954 0.0231492445742 0.00418421644422 0.00217035635537 -0.509074410145 0.0323482293778 0.0561289332517 0.0754892783317 0.0123186336234 0.00494849430316 -0.503286393787 0.0653147455845 -0.138376199513 0.0412591504074 0.00220777144824 -0.304868734999 -0.0877765511461 0.0323765217036 -0.00445634214444 -0.194140532935 -0.0190809736382 -0.00185626402401 -0.291314879047 -0.0021305382583 0.0210827696627
-0.627331249367 -0.00844823799039 0.104125541164 -0.034533069151 -0.0111416117645 -0.00809206843063 -0.00125885602014 -0.550661502036 0.0112643300407 0.0495212118824 -0.00504632393781 0.0198521860226 0.00309449861323 -0.139894908759 0.0541732189958 -0.289466031783 -0.0278214612525 0.00238658859027 -0.358946292569 -0.055686601044 0.0220660944507 -0.0157890865032 -0.214405453102 0.00184454375713 -0.0190696585922 0.0352193672475 -0.0142679970971 0.0196412138328
-0.64205113957 0.00847435046113 -0.0819635033461 -0.0236785770037 0.0342555382237 0.02141657315 -0.00698790303354 -0.573945539864 0.0674424160819 0.0243759720261 0.0830853796708 0.010487145477 -0.000824698238967 -0.0870086963174 0.0667812106252 -0.265466847097 -0.0299731058346 -0.000990937714691 -0.344595675922 -0.0477742206609 0.0354526092595 -0.0275003078718 -0.158553524721 0.0125069651336 -0.00674558230857 0.0545947192705 -0.0202470815203 -0.044645837637
-0.525237792705 0.00918804753897 -0.0338321487337 -0.0050101671039 -0.0471224765944 -0.0280869631235 -0.0089605635965 -0.646750493395 0.0873952875479 0.108516393628 0.00422212438808 0.0177459875459 -0.00651798452439 -0.341473415338 0.0836762210681 -0.172379660584 0.043137984869 -0.00668865654395 -0.218971127312 -0.123552384366 0.0354960313194 -0.0253402737328 -0.196670201133 -0.0122447267547 -7.97723800008e-05 -0.14714082535 -0.019929467637 0.0220843872012
-0.581054893363 -0.0470222543436 0.118383423084 0.0310651009758 0.0661571578469 0.0262490338577 0.00336787778285 -0.595318653576 0.0479099058523 0.109780622593 0.00993752516637 0.00175195264053 0.0029655509645 -0.308832142367 0.0830889274789 -0.210041137037 0.0220161297954 0.00849686636584 -0.266606152568 -0.103833249319 0.0369498285845 0.000736522880207 -0.169814505917 -0.0109353735106 8.34105090669e-05 -0.104966412484 -0.0298493846962 0.0140891337881
-0.660236868553 -0.00490993312905 0.0930498900195 -0.118474437828 0.00647695551676 0.00778212187693 -0.0031001915733 -0.565632486075 0.0360218189056 0.00946290519705 0.0443950258844 0.00735193254096 -0.00397623284125 -0.210387594489 0.0280611724585 -0.324130203443 -0.0409111267545 0.0101401032633 -0.182679237099 -0.133618262034 0.0199059098476 -0.0187144338589 -0.0777653639747 0.0129632087601 -0.0107143538747 0.0877293124381 -0.000987362001541 0.00124291904206
-0.619613040495 -0.0289296976743 -0.120189641511 0.0359744864932 -0.0409152758473 0.0368241735671 0.0108956515461 -0.577393340646 -0.012246926734 0.095977469641 -0.0583292740661 0.00165332767054 -0.00934687346995 -0.296551388765 -0.116618145753 -0.162101241815 -0.0470657285454 0.00477983838608 -0.25555032604 0.205509531885 -0.00875114688553 -0.0181042546159 -0.0946790251505 0.0171207849426 -0.0169717600974 0.0203276709036 -0.0215855466379 -0.0411197914207
-0.557509285964 0.0107066768001 -0.0409512402542 -0.0718448922859 -0.0484846345278 -0.0308057213788 0.0131641246599 -0.652067887852 -0.101873804659 0.0257048029404 0.0685153598192 -0.00120706249743 0.0138105750065 -0.226777900491 -0.00653971048262 -0.230933811706 -0.0199748958602 -0.00351938145814 -0.26001675841 0.0149338111663 0.00780051417785 -0.0289456931162 -0.250357738915 0.00469696789432 -0.00892186927825 0.0215644619112 -0.0167807934916 -0.0129782540791
-0.581596865213 -0.0631611629709 0.0411414704496 0.0986295152365 0.0496153334555 0.00424745574258 -0.0102004153196 -0.631474776333 -0.0446087285611 0.0797241704241 0.0551530768074 -0.0232702296533 0.0315129402534 -0.250650033132 -0.00566414984713 -0.236355273757 -0.005611358972 -0.00556576698086 -0.292992466696 0.10982484169 -0.00969775543375 -0.0264993844025 -0.0909769544505 -0.0147194265559 -0.036442948134 -0.0112631920206 -0.0526774549513 -0.0431207356724
-0.606326906757 0.0276305019006 0.0709807289749 -0.0306069023229 -0.0340375473394 -0.0097642723844 -0.00214529492235 -0.674179951719 0.0689274577926 0.105727644637 0.0349831591158 -0.0106360858238 0.000262398011123 -0.210528026559 0.0556213154941 -0.245220892191 -0.047829096885 -0.00345669084375 -0.0587642635535 0.169065727788 -0.0138841481136 -0.00433165301022 -0.016943204263 -0.0265831127408 -0.0213582309668 0.0940006602177 -0.0118971502217 0.00784448802684
-0.53639255291 0.039706686817 -0.049690136729 0.0878805925568 0.0611263263711 0.00963078142275 -0.000388130797219 -0.401837114105 0.0278969650674 -0.0132297236327 -0.00913272123059 -0.0293791136108 -0.0071062366033 -0.428297614633 -0.0842092915056 -0.207354104416 -0.0487081555126 -0.00376668423882 -0.233574257118 0.182481209919 -0.0143475158085 -0.0204313991433 -0.418242421992 0.0406927997438 -0.00845934195573 -0.175877916362 -0.00281712523626 -0.0356982727066
-0.564854650163 0.022343525367 0.00157348611859 -0.0474521490728 0.00841261619114 -0.019782137941 -0.0118136791917 -0.683099544887 0.0578572472532 0.0045695444176 -0.0867876005625 -0.0514443134945 -0.00626733401967 -0.228353007095 0.134187066673 -0.241235028602 -0.0413644154895 0.00407292363581 0.0643391865471 -0.120059103903 0.0368952031305 -0.0199089741853 -0.216336887872 -0.00132281736686 -0.0122286179275 -0.000231321618224 0.00314694019895 -0.0050479176678
-0.50307622928 0.020656984276 0.00146129349436 0.0271664573429 0.0216450693723 0.0137352048281 0.0125930123106 -0.577686040593 0.0189905229898 -0.0883168399132 -0.0849598843108 -0.0127209738882 -0.00233193814893 -0.3654955592 0.0579458771537 -0.295039279168 -0.0494434614656 -0.0180228198163 -0.187877854662 -0.0316782386004 -0.0543632039077 -0.0309180559036 -0.35813748346 -0.00271084781751 0.00427853808271 -0.0138755754258 0.0128916931193 -0.00651784955035
-0.60180056982 -0.0380772950638 0.0220868918921 -0.0729700220309 -0.07158065328 -0.0154241804702 0.00474826130226 -0.505965003464 -0.0148934709977 -0.0287407264682 -0.043242061165 0.0262432792497 -0.016484516368 -0.320653538404 -0.096899744172 -0.246949425705 -0.0434410066328 0.00116259366562 -0.233279490167 0.186342342215 -0.00195460727063 -0.0161661146564 -0.315600291224 0.0337070736826 -0.00199345963544 -0.0062753881517 0.00371436669874 0.00501848851174