-0.00587178529842 0.0204353026173 -0.0393275087233 -0.0779079087738 0.000975281518315 0.0341096051209 0.00298995750576 -0.133019433837 0.154416574488 0.155310758914 0.292749728154 -0.152002898315 0.0203028002966 -0.0949446449233 -0.344592195474 0.0274636125694 0.0301100398163 0.0191883326143 -0.400012978464 0.626967662838 -0.0113450647891 -0.0369456958488 -0.358075020832 -0.0423545048693 -0.0252772077191 -0.0234798477084 -0.017004324101 -0.00279951514724
-0.488009359534 0.01586031566 -0.0895185990415 -0.0472746136647 0.0261457246886 0.0155965344234 -0.0176645338117 -0.647541970832 0.0518016595234 0.14850262183 0.175843239808 -0.0183960489093 -0.0191845802665 0.0434722514058 -0.177236965202 0.0659691153466 0.0346962291082 -0.00600972927726 -0.209309808595 0.387098732864 -0.0345143029281 -0.0205186696212 -0.197287138932 -0.020961085097 -0.00365877645373 0.0230349671034 -0.0119948781937 -0.0148736819275
-0.532731707792 0.0275739885483 0.0660565082945 -0.0480527972409 -0.00595476959124 0.0280349912966 0.0162855200535 -0.68587771353 -0.0128908218209 0.0710656556848 0.227073821887 0.0172005283494 -0.0455640566848 0.0188353112572 -0.161549585778 0.0547861390693 0.0501538210155 -0.00431925859722 0.0370774429503 0.337060385875 0.0156292976478 -0.0285251919088 -0.111353586533 -0.006358819619 -0.0364685133361 0.124822271277 -0.0200800842594 0.0177028339123
-0.391265304396 -0.00472080734548 -0.0540984394407 0.0400292285747 0.0352861840558 0.0155022338133 0.00595868226691 -0.395189170414 -0.0203268044169 0.0189566409792 0.00593004225487 -0.0807276465308 0.0174735402928 -0.338514793812 -0.324508274775 -0.109778374891 -0.0204515718396 0.0292954447159 -0.516390272152 0.26262270012 -0.0191934178154 -0.00815601061909 -0.290857259633 -0.0400617288276 0.00461482282769 -0.145500007474 0.00114627365732 -0.0186782598621
-0.398445829668 0.0193398277061 0.00595134688283 -0.0831687670426 0.0270687656095 -0.00359160640126 0.00125074125216 -0.496230802841 -0.0255165936976 0.117647258117 0.131142730298 -0.0302509268459 0.013438394428 -0.17234624601 -0.253140747071 -0.0116834592337 0.00210874612873 0.0242940586587 -0.503877234422 0.342797650247 -0.00676541270366 -0.0100252842744 -0.272462344128 -0.0155232956659 -0.00792792083709 -0.115330371411 0.014612282473 0.00431057051579
-0.636168527415 -0.0217243019321 -0.0507973096032 0.0202622108209 0.0379822719728 0.00662735239154 0.0030536679017 -0.665326672522 0.0206716330665 0.0381516434202 0.0860956561375 -0.011107411712 0.00155689108197 0.0971305289651 -0.107501342642 0.0169486526688 0.0031471199117 0.00485622125644 -0.141573076838 0.19414598329 -0.0133085980386 -0.0133174044923 -0.229839904055 0.0133038226085 -0.017212378743 0.073923051728 -0.00381695926891 0.00834329863453
-0.601976811523 0.0656885974053 -0.02140934636 -0.0634514041193 -0.0444469866957 -0.0153569692789 -0.00318969608321 -0.660253402858 -0.0371315111309 0.0752012102506 0.0525175615022 0.0319215415259 -0.00392251455956 0.0603689037191 -0.0826416872722 0.0457299121307 0.0686247106792 0.00593805798909 -0.132584692357 0.210131451396 0.0238835664684 -0.0208011778551 -0.306271046755 0.032992952946 -0.0127185827845 0.068730066274 0.00422338971398 0.00105221498221
-0.584691663786 0.00282734052527 0.054649695339 0.0108382906222 -0.00795679448953 0.0313851883228 -0.000961369208793 -0.717538845283 -0.040836457825 0.041150816818 0.0962958188462 0.0291431585272 -0.0063553734728 -0.00315565854631 -0.0652676485772 0.0478619723483 0.0373299711753 0.00493385843178 0.167064901448 0.20429502954 -0.0044181218591 -0.00852492011456 -0.209323879124 0.0567482784954 -0.0249218349126 0.0105218200476 -0.00579398789983 0.00828945915883
-0.577519487109 0.00156350435064 0.0349453025483 0.00802921303203 -0.00908671683606 0.0108090798946 0.00896609887348 -0.727506073682 -0.00420938852113 0.0680531618116 0.0735467330639 0.0213154338201 -0.0044458942082 0.00740061942468 -0.112885271174 0.0700001108847 0.00751475826253 -0.00572810994719 -0.0418727970013 0.263274949581 0.0163831120961 -0.0242113710979 -0.135952162556 0.0507420254109 -0.0197301919838 0.116142655652 -0.0192692180142 0.00947957930028
-0.667181899516 -0.0143236840859 -0.0626425117373 0.0288498425149 0.0631399442984 -0.0048532615417 0.00381280216819 -0.59720961549 0.0190723961531 0.0377683522849 0.0117574029389 0.00430804287388 0.00495604501018 -0.0537475243343 -0.179188807523 -0.0167515068348 -0.0314567249454 -0.00349998080894 -0.244649532986 0.230759872509 -0.0314328270694 -0.0370094755401 -0.169472392948 -0.00171506537191 0.0126811336351 -0.0756732356721 -0.00369802377975 -0.0297541050299
-0.574824475378 0.00412053053785 -0.0197387178225 -0.0191778416607 0.0128674547376 0.00676010037079 -0.00343184149076 -0.643644808721 0.0298475816618 0.0832199743407 -0.0370054945931 0.0725768958883 -0.0341439088109 -0.17135909298 -0.173299906139 0.0886704552351 0.0571151203548 -0.0244826231225 -0.268880973273 0.117387474203 -0.077823183292 0.0221751964964 -0.202727792762 -0.0412011525546 0.0215109225387 -0.172884737767 -0.0293803072166 -0.0304101099052
-0.630587642884 0.00150510620746 0.0320755074242 -0.0456537897172 -0.0159465491884 -0.00867349073426 -0.00374610164811 -0.625138380441 0.0162020375057 0.0166630646528 0.0149555102648 0.00988320962364 -0.024117839705 -0.14584367652 -0.173849133368 0.0439298174962 0.0332838363276 -0.0152719151189 -0.307253574555 0.13984493843 -0.0321364517766 0.000373841334476 -0.168667223072 -0.0444231031576 0.014606943588 -0.0748423865219 -0.0193499488746 -0.0169965579448
-0.672048361346 -0.0024290892207 0.0183378036576 -0.00727103423884 0.0445489714509 -0.0185264053595 0.0147336812611 -0.665571200648 0.00546889050786 0.0149213939252 0.0151204144803 0.00593607335357 -0.00966168622124 0.0476763857303 -0.105336874833 0.0331089231001 0.0488570917361 0.00510188440011 -0.181918601073 0.117695541014 0.009121228913 -0.0103353162317 -0.118902806211 -0.0679205852199 -0.00293093483547 0.135799223633 -0.00301671629989 0.0243159946703
-0.583483746929 -0.0146378123475 -0.01969841948 0.0581362242134 0.0178491290813 0.0305521338693 0.000899513269837 -0.595836489722 0.0316644493978 -0.00063427613528 0.0805993401385 -0.0034483254251 -0.00311302409109 -0.166555802096 -0.238124991595 -0.0598788077306 -0.00230585171706 0.0295346511695 -0.37312141817 0.217108537946 -0.0264413451924 0.00356328758498 -0.117413191658 -0.0368062422274 0.0129927495967 -0.00243368245738 -0.0132301348896 -0.0174488273832
-0.520649995393 -0.00885577019315 -0.037098171939 -0.0263722866199 -0.0284317683443 -0.0227940017681 -0.00345434760329 -0.718464055166 -0.138508025908 0.00995867683826 0.0380481030038 -0.00284331199776 0.00425692911579 -0.157235815302 -0.233530678458 -0.0814450460305 -0.0136764899553 -0.00657847617862 -0.225606725612 0.130251446525 -0.0135904691309 -0.0150455769505 -0.151972698971 -0.0288205942142 -0.0119159386625 -0.0902282992193 0.0397974364807 -0.0171437735079
-0.53314173954 0.0542153582904 0.0267204769545 -0.0274093630405 0.000509445076909 0.0018295722671 -0.00397553265466 -0.710942600729 -0.111615453634 0.0258690822858 0.0355979699013 0.00240615778507 0.0293332838146 -0.0147113690699 -0.207929536368 0.00194085687064 -0.0308573752531 -0.010423856612 -0.286648574327 0.169788475461 0.000190762995053 -0.00719479586495 -0.175422916619 0.00272706282252 -0.0269388986566 -0.051922452265 0.0259798226847 -0.0139850195472
-0.529575549661 0.00683278758888 -0.0390111191186 -0.0666326314696 -0.00382991948678 0.00484324395702 0.0132357498418 -0.537134957627 -0.0167475607368 0.038666233229 0.00743477564464 -0.0247346119632 -0.00962943291194 -0.138792398312 -0.146057364849 -0.0416500754273 0.0483863249806 0.0233755516651 -0.467776349722 0.123774135503 -0.00876286393197 -0.0230151846388 -0.376240742467 -0.00665772573931 0.000953761978258 0.0220609844188 0.00958091265465 0.0117527399746
-0.469097638746 -0.0111053994865 -0.0153266612047 0.0576716670798 0.0938672028672 -0.00918701490692 -0.00254683549852 -0.391754153431 0.0341768178694 0.0765006183532 -0.0165097936519 0.00104979178835 0.0114677181077 -0.300563173517 -0.208447114096 -0.124865982988 -0.0102916314476 0.0141320328007 -0.504436685873 0.187617724932 -0.0216515179072 -0.0123229904921 -0.394504480177 -0.0210351008474 -0.00640657309679 -0.101482552637 -0.00608349288347 -0.00694944672859
-0.436639055548 0.00986018926742 -0.0470399768267 0.0137915876598 0.0350700249135 0.022740558273 0.000337488539972 -0.437252628447 0.0228280377502 0.00128818197789 0.00758996556228 -0.0541534450919 0.0144428765473 -0.453885892276 -0.179044326703 -0.0017886464442 -0.0756192224949 0.0139191045333 -0.395070874182 0.180569051858 0.0125660879176 0.00641074324962 -0.259248367026 -0.0253706138984 0.0200117192125 -0.329079149397 -0.0243010990054 -0.013431477543
-0.538043431965 -0.00999689488934 0.0231799490566 -0.0188298350098 0.0412998377614 -0.00348715720723 -0.00486422492897 -0.558463135809 0.0517598032495 -0.0174025197916 0.00592240549807 -0.03453609423 0.0148287811065 -0.25708413699 -0.112407708294 0.0793610865338 -0.0393226821446 0.0106055475786 -0.340263863961 0.19907893718 0.0287992732742 0.0076605089755 -0.216214133916 0.0134324802793 0.0147424028128 -0.316678822975 -0.0310867310178 -0.00907656254647
-0.5149319623 0.0133576031894 0.0315549815875 -0.0802533546607 0.0272639284881 0.0269325707243 0.00825617174184 -0.49156663261 -0.0372833415598 0.0205261077795 -0.011617446669 0.0123978672368 -0.00679343285055 -0.385025345405 -0.158242121654 -0.116536532432 0.0150217463907 0.0316849985706 -0.400077324157 0.21780254429 -0.00867021948173 -0.00813699132877 -0.280486390285 -0.00811450478153 0.0012285829489 -0.0857339842612 0.0058376133991 0.00696662905999