-0.010046370095 0.0244002972593 -0.0873086827007 -0.049598359268 0.00210311020373 0.00264893289528 0.00623610634311 -0.0684219368447 0.217674581328 0.0882233857035 0.0865031382781 0.0495443702184 -0.00669759607151 -0.0878308084918 0.0211294779052 -0.142347512392 0.111991764876 0.00308604327262 -0.411914664494 0.696152177165 -0.0319622111717 -0.0133947628618 -0.450059241774 -0.13538391803 -0.00329241580815 -0.04080333337 -0.0174672378863 -0.000623423077075
-0.33469401334 -0.024358554839 0.0864644920425 0.0353012061345 0.00283951455369 0.0213119585164 -0.00266804274364 -0.336525887026 0.0701377298442 0.0740273750746 0.0430655922706 0.0183583025242 -0.00954429531491 -0.0960895990504 0.0281432838954 -0.181813261061 0.0550427508907 -0.00184422129713 -0.654632220525 0.226981090048 -0.042347452588 0.00320724023618 -0.465279009637 -0.0631290015847 0.00356161205221 -0.0589013315061 0.000873792756278 0.0181301719815
-0.431845787306 0.0277166592282 -0.115092891523 -0.0238100576622 0.059444383639 0.0115892838486 0.0036304669132 -0.427360389364 0.0655140841064 -0.0564201766053 -0.025815248951 0.0364362557026 -0.0116155215984 -0.155215359075 -0.036886457449 -0.1154321458 0.168420506911 0.000183294369736 -0.344456009025 0.437982616868 -0.0111463745224 -0.00269048288731 -0.456051498066 -0.0470746476446 -0.00483029162177 -0.119378196218 -0.025944817799 0.0103003211341
-0.515708157872 0.0867813981385 0.00268941425356 -0.0633286938567 -0.104554695546 0.0660554611518 -0.00220528075984 -0.547085397197 0.045204882952 0.126627116589 0.0821498120874 -0.044693352881 -0.012445620551 -0.141440886484 -0.0131985587268 -0.0816953923203 0.0149789188579 0.00374999776836 -0.168140786882 0.500529360828 -0.0306405623933 -0.0125766190158 -0.248226686298 -0.109580304271 -0.00511424276654 0.00550530784884 0.000394938364011 -0.0156176400726
-0.524479845365 -0.0835307844447 0.00360874105212 0.0468160450344 0.110870827222 -0.0669927185834 -0.00424536090941 -0.576513380284 0.0444879921945 0.117013612934 0.116359562911 -0.0140150422001 -0.0169620127407 -0.0486778092609 0.00266894666859 -0.0347595543606 0.0236033796463 0.00895706210099 -0.189464275042 0.507349470185 0.00233310372403 -0.0154637048171 -0.168708794134 -0.095067256768 0.000327906072675 0.0150116838513 -0.0219202126482 -0.0300705047605
-0.452594745604 -0.00675282264172 0.0744593722264 -0.0335157111296 0.00400086930926 0.00558536972172 0.0029049195226 -0.434577479455 0.0233076218635 0.0823295132497 0.0263443428696 0.014434737811 -0.00999886133243 -0.128226907121 0.022560885044 -0.0946414845779 0.0486483080363 -0.00304207777988 -0.612276426901 0.0800149182215 0.00287389489582 -0.00445869120786 -0.412817109756 -0.0222094249764 0.000603692336027 -0.102504997112 -0.00355141594574 0.0133950927421
-0.453952451297 0.0280426115226 0.0434442233549 0.0030386499693 -0.0227542890635 0.0161248738333 -0.00408421013278 -0.502811400881 -0.0504629264907 0.0439226877889 0.0913581525064 -0.00596468935241 -0.00542807209742 -0.211154746266 0.042792868274 -0.0905695806807 0.028565188096 0.00169289541575 -0.555781140152 0.0804021824455 -0.0242274763189 -0.00180413643545 -0.378492027453 -0.0360840174614 -0.0102436163684 -0.0926982732733 0.000466372417162 0.0100144130219
-0.521402775954 -0.0202498146129 -0.0948520491904 -0.0410111035782 -0.0138331317906 -0.0110900510884 0.00180598371444 -0.497761585772 -0.0439374741912 0.0966216047649 0.0439350292904 -0.0303015284742 0.00360239045695 -0.107861041556 0.0748781724455 -0.0417046802567 0.0654966543089 0.00124336966758 -0.526290745649 0.122408561431 -0.00280445218407 0.00275947309846 -0.361753128845 0.00261408070708 -0.000867665841944 -0.0930746601063 -0.000697198712482 0.00703025555752
-0.418379894058 -0.0017498925137 -0.00964121662603 0.0105746725876 0.0597634557581 0.0307027793559 -0.00288275929326 -0.43900154274 -0.0117054207942 0.0234483221031 0.0649698850518 -0.0545296707368 0.00566393851075 -0.198176377444 0.0464683563321 -0.0196885640407 0.0924758164991 0.00784926962575 -0.558672537535 0.0202390721183 0.0169851378172 0.00448220448157 -0.47751885471 0.00264619143295 0.00351493474729 -0.167798734809 -0.0060489185113 0.0093753737514
-0.581158377836 0.00573261693559 0.0560560871733 -0.0337476226082 -0.0653823114783 0.0166764383683 0.00138421006082 -0.50339770405 0.0539435121027 0.00527316241088 0.0931569002573 0.0201273165195 0.00130831431908 0.0312865484837 0.018810857032 -0.162897686339 0.0358133597064 0.00331928624832 -0.452943102893 0.231132328597 -0.0480633925945 0.00856733192604 -0.301056393088 -0.0579729559434 0.0104961617886 0.0579749900902 0.0126017443658 0.0142508216281
-0.484083562254 0.0129138550287 0.00588411890692 0.0014885154716 0.0602536789897 0.0201765065513 0.00174744429624 -0.511432094789 0.0536785258538 0.0278955244099 -0.057705845593 0.0104493867247 0.00204264186445 -0.16409986872 0.00830154940465 -0.134917027413 0.0265846033782 -0.00781442425144 -0.495245072932 0.18105254797 -0.024717083601 0.00820121350508 -0.391960340817 -0.0447732966177 0.00978231718047 -0.109579586673 -0.014981645626 0.0096854613578
-0.562290137608 -0.00150217300012 -0.0772491636261 -0.0136785677894 -0.0751702248224 0.0106462885428 -0.00200514025674 -0.666578969003 0.0795359925234 -0.0405787783301 -0.0224973770246 0.0460956500764 -0.00865351517663 -0.0984232697117 -0.086790175235 -0.0843485221323 0.109962911076 -0.00751340699951 -0.0945826606917 0.324766446018 -0.0135062072504 -0.00883876818868 -0.248138448693 -0.0371964005324 -0.00931768970731 -0.046981682219 -0.0220191476004 0.00127075263542
-0.56431272962 0.0322312319913 -0.00755714644356 -0.00379466759017 0.0799006471 -0.0183193892857 -0.00451999799669 -0.587233315619 0.0850489167335 -0.0224556324889 -0.0143681434462 0.013729440444 -0.00855334487286 -0.10321282705 0.036671559042 -0.0664926654121 0.109182010632 0.00409249383479 -0.313907522182 0.343080760065 0.00923911734088 -0.010350495598 -0.270715816343 -0.0353495252912 -0.00604048685117 -0.0225873628578 -0.0276073827711 0.00390507491036
-0.576780926222 0.00278586176954 0.0425790514281 -0.026808736574 -0.061550760236 0.0248123835465 0.000259698347169 -0.541243761413 0.0533201395444 0.0285855991747 0.0383385501816 0.0123845778896 -0.00220088189854 -0.116207879675 0.0257031010098 -0.110917360884 0.00730040527952 0.00425084552177 -0.408746492914 0.258144677569 -0.0599029211382 -0.0104930927246 -0.300670708075 -0.0761987517162 -0.00285052443608 -0.0444471921264 -0.000990778237099 -0.00186665942012
-0.549102721849 0.0316946490367 -0.0200967105595 -0.0140523485797 -0.0179051178263 0.0121525987359 0.00606370261343 -0.755980038152 -0.0434005804696 0.0776829402771 0.0516145573744 -0.0131157391859 0.00529883961183 0.00164589872466 -0.0465281209228 -0.0619309296355 0.0341253258948 -0.00152621780368 0.0448758125406 0.28385060996 0.033271001663 -0.000304641052827 -0.110082249225 -0.0321229752765 0.000128364282778 0.0996310771046 -0.00868954626603 -0.00855690239164
-0.463364310455 -0.0364759347631 0.000934112127822 0.0237822664799 -0.00823106156319 -0.0150556682111 0.00454562287174 -0.823025076965 -0.0372121795683 0.0534856970312 0.104803070504 -0.00549949169858 0.00248495031077 0.0343485497569 -0.0361662870338 -0.0567568494662 0.0452929363083 0.00320373248688 0.0395879577459 0.249086408879 0.0376469408199 0.00723188818969 -0.0896973432767 -0.0226242747231 -0.001055675799 0.0844650052729 -0.0364040061281 -0.0239943997807
-0.61106554584 -0.0720088895011 -0.00124990861041 0.02729408133 0.0816337947675 -0.0236777308396 -0.000638023094464 -0.581786464472 0.00102478590281 0.0784935354293 0.0263376507574 -0.00312007554076 -0.0011914321745 -0.166050416429 0.0400858264519 0.0327594031573 0.0296413075934 0.00439012732325 -0.306703312706 0.326600160473 -0.0122943185381 -0.0213589048686 -0.155051377619 -0.0732937544211 -0.00771296772369 -0.069882921617 -0.0292145755042 -0.0199310799158
-0.487504736933 -0.0178628453969 0.0550182588168 0.0275731596238 -0.022217999973 0.0102546400771 -0.000817552273277 -0.524766989328 0.0844269234916 0.00565689402869 0.061415323027 -0.0160990282163 0.0011236302101 -0.228863292607 0.0187267741512 -0.0467826421188 -0.00433293484142 0.00968315063905 -0.523660516961 0.243237385322 -0.0163726873934 -0.0054356919737 -0.249176953164 -0.00957534761048 0.00771056096319 -0.141632847576 0.00102579258773 -0.00684678397767
-0.476034876156 0.0263921093541 -0.0315591147143 -0.0176333094289 0.00190989939405 0.0207327211462 0.00236158796267 -0.541848514352 0.0518341717883 0.0847398198195 0.0339573583494 -0.0194126913113 -0.005632717585 -0.118329954975 0.0761907578452 -0.024404228746 -0.00662761145831 0.00880694483503 -0.558323154973 0.257402475628 -0.0350394911074 -0.0181845241628 -0.247781459963 -0.0460381563721 -0.00561906204772 -0.043022339087 0.00517220067094 -0.0207716354564
-0.517047774814 -0.0108204398494 0.0266684140692 -0.0376928218138 0.0214841736586 -0.0128694207811 0.00164868150583 -0.551711513142 0.038894451347 0.0462851007359 0.0423803937168 -0.00868805960229 -0.00953433250464 0.00900842528249 0.0844958633678 -0.0128639301118 -0.00497898459222 0.0136174158233 -0.575243720066 0.205180474256 -0.0381040118985 0.000346381013739 -0.189435868516 -0.0348452405077 0.0141970988434 0.0157426812968 0.00462838203298 -0.012479139302
-0.501187236409 -0.00624204003377 -0.00988778081577 -0.0139348033679 0.0166672518707 -0.0276678692021 0.0030224741706 -0.507322867287 -0.00598836978522 -0.014759670267 0.047579646576 -0.0118636393785 -0.010344328357 -0.184853289682 0.100368067718 -0.0509183555417 -0.0303204611681 0.0208591928209 -0.540136518931 0.236395386849 -0.0328707885754 -0.00095557526284 -0.266867098771 -0.0299974924591 0.0337480930707 -0.127063418228 0.0196172121412 -0.0244173021854