-0.00684049638849 -0.00394575321351 0.0735758326305 -0.0198983965295 0.0292182788428 0.00133642042636 -0.00567728378166 -0.27498001004 0.0142904512354 0.226706200315 0.370256560472 0.122405883405 -0.0286029908932 -0.0366141010624 0.0898452292073 -0.18287885363 -0.026265058865 0.0145635605327 -0.383027141145 0.505766457096 0.13121973827 -0.00903028767911 -0.491081961023 0.0657438511845 0.00128023636081 -0.0611708522076 -0.0183046780973 -0.00200470995417
-0.234375530574 0.0112937064714 0.0363509349875 -0.00213516519403 -0.0579768966747 -0.00969440653013 -0.0167404434619 -0.260185916735 0.00445638433509 0.0343910903997 0.122955361814 0.0206581575126 -0.00605054428587 -0.339593693481 0.094156734359 0.0420076405189 0.0271296038081 -0.00343644287986 -0.455738470499 0.143547829774 0.0859081529114 -0.00520341840606 -0.6626375061 0.046675873221 0.00198453103801 -0.227248886248 -0.00437343632595 -0.00731337896532
-0.275448611752 -0.000974253554273 0.0763433736667 -0.0204015550033 0.0440515389664 0.00655396643111 0.00819371108426 -0.29482420506 -0.0359639381256 0.0379539613398 0.109357349224 0.021932589497 -0.00521997377253 -0.191380941762 0.0789900397817 -0.00433129640521 -0.0387391520235 0.0189309899522 -0.548085626362 0.28152987601 0.044845479566 0.00101287275111 -0.530796328048 0.0620010211427 -0.000414135922214 -0.318596465379 0.0123306789923 -0.00718305148506
-0.471148837061 0.0116308498322 0.0245089991836 0.0361128740801 -0.0739005193927 0.067150124207 -0.00266465866513 -0.55682264494 0.0465048059779 0.149648570725 0.108838694472 -0.0395492543027 -0.0187445482135 0.119717023942 0.0853995635839 -0.166150808083 0.00471115241451 0.00724752297377 -0.261016736156 0.391524635207 0.034349498415 -0.00234423240241 -0.380321583379 -0.0124488193069 0.00625196026184 0.0255688277245 -0.0122360622482 0.0087263996914
-0.515853661905 -0.0225496821682 0.041339087836 -0.0727349289953 0.0731062898162 -0.0746712134088 0.0160682713151 -0.605318047405 0.0439687298686 0.0448396260821 0.228391409895 -0.0336670291172 -0.0131351875161 0.140973520117 0.0618495173974 -0.178244653195 -0.036680388095 0.0125057619338 -0.135139075847 0.327951055962 0.0599152466881 0.00314749628488 -0.30058775891 -0.0190947885743 0.0108068369421 0.116665555303 -0.0222319119071 0.00778968134525
-0.356450047378 0.0179531767527 0.0800863516508 0.00919160507271 -0.119863287518 -0.00033231570135 -0.00382239133054 -0.314130878298 0.00472876426461 0.0262393430956 0.0696171240202 0.014622312008 -0.00386366173095 -0.377193139416 0.115882199292 0.0159684580907 0.0534806303355 -0.00381886326535 -0.509779519541 0.0504681394597 0.0394148672201 -0.00223895437995 -0.490696696102 0.029916200937 0.00542145037226 -0.287543078489 -0.00555614681767 0.00656525598982
-0.198230325954 0.00180170855425 0.0173489706496 -0.0219411340381 0.0121325898708 0.0128908931564 -0.00270346194816 -0.203987024776 -0.00632698236864 0.0435307412191 0.0248029950684 0.00845897606531 0.00540323491292 -0.54531558495 0.00646615577413 0.00146479104398 -0.00248070003749 7.85709825158e-05 -0.468460795765 0.0361144800864 0.00578026138012 -0.000267605644675 -0.416908334107 0.0109330444759 0.00189006556288 -0.471041749617 0.00287747625249 -0.0360565569346
-0.213302769805 -0.00297692475691 -0.0144095351961 -0.00774788679501 0.015321093865 0.004018132731 0.00264656477565 -0.239315306668 -0.00585900315311 0.0574907866442 0.0713027302081 0.0065464138754 0.00200140818275 -0.540910943088 0.0103919414089 0.0101023237962 0.00238097231242 0.00058874010927 -0.472349409331 0.0029494131137 0.00086343900196 0.00102324368399 -0.376858563993 0.00398617101571 0.00331804000174 -0.47964494372 0.00101348518915 -0.0138020432992
-0.409031886247 -0.0128922990383 0.0167588445334 0.0331421172024 0.093229071694 0.0125896316218 0.00131910659278 -0.360010814145 -0.0225085783633 0.0252092241728 0.0411682443766 -0.00308184220891 -0.00337275657951 -0.19717833181 0.189769859718 0.140975253968 -0.00881057648912 0.0111513671358 -0.51319563064 0.106461815747 0.0262333197062 0.00720920496315 -0.532932534113 0.0270640971119 0.00509497846642 -0.185434470995 0.0134591112831 -0.00868288775288
-0.508399498006 -0.00944762988948 0.0673304496351 0.0546119076209 -0.0103787629765 0.0418189299181 -0.00994501998686 -0.422902401658 -0.00820980919546 0.0125324460542 0.0276585422558 0.00537943839949 -0.00361913863499 -0.146214642342 0.0732231294362 0.0504589630388 0.0112805968358 -0.00303170134591 -0.266122912721 0.186481719148 0.0717495999335 -0.0110916095707 -0.638493209104 0.0398673996142 -0.00198176597945 -0.0393076689176 -0.00433620455928 0.0311430212187
-0.318448432635 0.00713833985826 -0.0124016485966 -0.0249649434416 0.0104903045792 -0.0242863919194 -0.00120851862099 -0.330463651115 0.000681272599395 0.0423733870465 0.0486437516093 0.0289869596061 -0.00479448931244 -0.345685533829 0.0725148557104 0.0485678739045 0.0364159613051 0.00100092869231 -0.51855941595 0.0428657966628 0.031182690596 0.00223273971532 -0.550898733755 0.0217722310053 0.000541311065776 -0.280237114388 -0.00673020574767 -0.01123377882
-0.435404374459 0.0182119499404 0.0073080553858 -0.0190966585757 -0.0292146822901 -0.00120535183583 -0.00125051064047 -0.464381581773 -0.00856004366365 0.0441139430489 0.0501838535604 0.0222192571823 -0.00301514422642 -0.320296249333 -0.06524433519 -0.13521397764 -0.0714367340821 0.0048426756221 -0.396222598574 0.201373937632 0.0340622617513 -0.00378383560277 -0.408789095854 0.0634488464571 -0.00618127396274 -0.296485653967 0.00774662088894 0.0039218834863
-0.489561056635 0.0103409483224 0.0887406280378 -0.0345825269934 0.0218736947568 0.00816327094889 0.00638318688735 -0.439616417284 -0.0218380037262 0.0175230283563 0.0445687141613 -0.00218680539036 0.00601100388978 -0.0979365344741 0.0942238641467 0.0109058014144 -0.0248710844773 0.0272439720749 -0.461188598409 0.232848497402 0.0315592994349 0.00558418965216 -0.480208078904 0.0371551137524 0.00581155339547 -0.185260775238 0.0139740097318 0.00846434627776
-0.538071164032 -0.00770960930691 0.0297843283611 0.0310075005602 -0.01748362609 0.0180778043646 0.00174570423853 -0.720104076973 -0.00561815507614 0.0626707995954 0.120526788396 0.0366370176223 -0.022119717803 -0.0458690083211 0.0773233628496 -0.161277010282 0.0395149150706 0.000689230030183 -0.183977870452 0.191734073057 0.0893256750649 -0.0187344453376 -0.212097484633 0.0330872655146 -0.0149473014041 -0.0879713565317 -0.0207464068771 0.000853867035734
-0.521761117219 0.0104609398606 -0.0179781071868 -0.0359432097032 0.0131735857822 0.00482413233548 -0.00294346746391 -0.757784672214 -0.0147888921866 0.00996630134056 0.163559914466 0.000849172176155 -0.00826386309091 0.0180314971239 -0.0147051636044 -0.0716532070315 0.0464260981406 -0.000352077493461 -0.0705874811761 0.267712023464 0.0177984301739 0.0146092077599 -0.185052562179 -0.0309894613663 0.0174845187055 0.0592764806443 0.00671865949998 -0.0193867761223
-0.590489386148 -0.0595289634296 -0.0213182289777 0.0127294293945 0.0482010394663 -0.00563552099165 -0.00386148581476 -0.73396948959 0.0173168821394 -0.000826283491675 0.15858458066 -0.010880353867 0.0212686387312 0.00867272236379 -0.00894514995941 -0.0709639664996 0.0372884426059 -0.00153722963043 0.00688515446532 0.189715538752 0.0462789970777 0.00673114444657 -0.15894185306 -0.0281848869421 0.0244372153109 0.0888253553664 -0.0204776105822 -0.0169348769416
-0.60224053307 0.0110718243489 0.0302037998755 -0.0552025255365 0.0456606833141 -0.0357770791848 0.0124830259359 -0.705397719312 0.00441775163064 0.0352772575606 0.136520625466 0.0169598634371 -0.0126528793588 0.0726375739092 0.0479924817792 -0.106972505437 3.2979559587e-06 0.0170582849817 -0.0899908771353 0.174360447826 0.0558572589425 0.00223006419247 -0.219472195612 0.00855021812288 -0.00412347851929 0.0471410466798 -0.0169274757706 0.00789851708229
-0.484019591404 -0.0215388523459 0.0229786285465 0.0371130547419 -0.0168012563541 0.00788361022615 -0.00254878095957 -0.528146299015 0.0402593043962 0.00990231969293 -0.071424608235 -0.0231557493197 -0.0121759767852 0.111733608344 0.0462440898798 -0.107213487755 -0.0195041831194 0.0152389723124 -0.446331272697 0.0862160616838 0.00130584782794 0.0182481405904 -0.491760382696 0.0100391224877 0.0163231401055 -0.0213161647375 0.0015107946196 0.0141252822059
-0.575297175607 -0.0180187809597 -0.0393636359883 -0.0661785816312 -0.00777622829236 0.0151205747599 -0.000261903649444 -0.582192200305 0.00682261724031 -0.0439304989767 -0.0723191107642 -0.0211877836446 0.00882083190752 0.0768325030896 0.0645018917978 -0.0677848968755 -0.0444501443698 0.00148292504225 -0.347152508447 0.248094767853 0.000348208054388 -0.00740090578989 -0.341244296483 0.0159911411012 0.00794029620583 0.00481096709666 -0.0103293987811 0.012476024682
-0.559986724792 0.0184383553573 0.0134712339421 0.00907396081675 0.0447462761009 -0.00882066845213 0.00327753579002 -0.616360052417 0.0190039488358 -0.0624112995724 -0.0647849443315 -0.0239605336633 -0.00563383038532 0.142349820318 0.0601002295946 -0.0868768000674 -0.0330050665397 0.00721219711064 -0.302202399006 0.238496269085 0.00240243863629 0.00906224876549 -0.328901413705 0.00670653998222 0.0108899556971 0.0718685336368 -0.00908061006488 0.0177479976544
-0.611409714944 -0.0447228805496 -0.00507332575795 -0.0810015245258 -0.0334568473206 -0.00401835817914 0.0211986863992 -0.623406645416 -0.0153777190502 -0.0968656538916 0.0102563253979 -0.0316004413396 -0.00338961812871 -0.0192583034118 0.0300711538469 -0.240275267545 -0.0744255205064 0.00532950181471 -0.170258637294 0.0984998045291 0.0206675309831 -0.00404266445452 -0.335000895684 -0.0241742246874 -0.000144162969674 -0.00125136264262 -0.00220200438275 0.0105140922444