-0.0317614150924 0.0179106880674 0.0283973811898 0.0913450039005 0.0849232751411 -0.0180262822114 -0.0037305027818 -0.025237208056 -0.0677833183383 0.0109598977348 -0.0834668130877 0.0413843251306 0.064670290832 -0.102559646285 0.108214214917 0.174431811957 -0.132003343098 0.0131567170957 -0.464696387653 0.631837467067 0.0646459074573 0.00892270838271 -0.51202515513 0.100332188405 0.00446256412742 -0.042219255155 -0.00162370027119 -0.00643854977346
-0.250343186145 -0.000773562062091 -0.0372774315301 0.0147500877332 -0.0254433507519 -0.0120918014544 -0.00330656421363 -0.287083586292 -0.0100728242237 0.133369056724 -0.00289591011758 0.016074592839 0.0246430606552 -0.290776134013 0.00977418663346 0.105815654339 -0.0696787279038 -0.000475660449156 -0.532399707855 0.243923889894 0.0735386045673 0.00850966117536 -0.596256843033 0.0540345342465 0.00627236843149 -0.161414254098 0.00604284003183 0.00604743513899
-0.381629084529 -0.0332280891659 0.0610639318272 0.103330334846 0.0446267851968 0.0149582585866 0.00736152628271 -0.329373219059 -0.0582274157328 0.0982386668239 -0.00537668613405 0.0361755293358 0.039564690117 -0.363235109138 0.227801006082 0.116424995465 -0.105118581076 0.0142059813509 -0.397088457877 0.434946444894 0.0120907452054 0.0305062823039 -0.332468644362 0.0640582007739 0.0161947444156 -0.200396120217 0.013715772312 -0.0180799409457
-0.391527065736 0.0479408354864 -0.0616604508752 0.0863774915526 -0.00125140288183 0.00395663092539 -0.0152345240817 -0.525664182008 0.00465749724629 -0.165903054286 -0.129767685445 -0.0146963659073 0.0144937781735 0.0215214369702 -0.0102133834472 0.0622539521006 -0.0593777888125 0.0180155666158 -0.428795580947 0.39678902558 0.117856151836 -0.0204444437898 -0.356966602177 0.13207241654 -0.0123849084459 0.048213422048 -0.0182447447715 -0.0131971943053
-0.425697516244 0.0398392163596 0.0526017096396 0.010394213203 0.102709097573 -0.035657033187 0.00644844773785 -0.419958146073 0.00418799671178 -0.0868248526497 -0.0502960860092 -0.0338168518856 0.0208353781465 0.0327823544089 0.1161767875 0.15453601989 -0.0968158561023 0.0120483045518 -0.30604484864 0.575341478708 0.0133509171481 -0.00515398660551 -0.364712241707 0.061676692594 0.00531277521734 0.0678506782937 -0.0057586668314 -0.009337791033
-0.349752795567 -0.00121699722336 -0.0526853376081 0.0412303558674 -0.0194650230397 -0.0342057990612 -0.00404409115183 -0.340269714361 0.0178969582388 0.0361595765978 0.0023193880961 -0.0142544799533 0.00496837086312 -0.548339079808 0.125612782631 0.14740152367 0.00543077043104 0.00216099944586 -0.389052513747 0.196454418188 0.0488780280766 0.00374812344169 -0.443173036409 0.0702051707583 0.00383326238787 -0.148261406581 0.00133848780347 0.00905279338115
-0.232066131948 0.0257239765857 0.00494798322781 -0.03730675337 -0.02432892435 0.0024622805104 -0.00360092427369 -0.304238657108 0.0465501892296 0.0836137802031 0.0861262003231 -0.00891335120786 0.0101601709751 -0.547481757763 0.0630253093123 0.0580360642423 -0.00253544510609 0.00457298379709 -0.31485729378 0.0527868779461 0.00658294400898 0.00463467878789 -0.461388192274 -0.0049165956955 0.00724655075219 -0.460482909285 -0.00516564841058 -0.00439572438643
-0.241794920113 0.0415796360766 -0.0531105914283 -0.0170578239917 -0.0589342586272 0.00235180999844 -0.00234197520013 -0.343871044971 0.0397979537231 0.150673207794 0.0557458116209 0.00860846230417 0.0109344153152 -0.530603600838 0.071532488609 0.0546265403792 0.00224698677927 0.00332858331535 -0.365624242393 0.0484694675495 0.00639723803515 0.0103126363352 -0.40324922195 0.000252547219424 0.0073658148228 -0.445585860561 -0.00322758111641 -0.0178657702216
-0.509240455749 -0.0145789482637 0.0081374385764 0.0586080963038 0.0504233735726 0.000632200731682 -0.00148480216009 -0.363104496327 -0.0125437411259 0.0568014407696 -0.0467328172613 0.00215490267877 0.0179501865668 -0.465212588415 0.18881726093 0.253975664763 -0.0230664934068 0.0111088484909 -0.233060860611 0.302588298556 -0.0130936294279 0.0253963037567 -0.350737323863 0.0248440966746 0.0160613301393 -0.0913305452832 0.00663597703258 -0.0217136803094
-0.334586842314 -0.00367309599989 -0.0427923003408 0.0213162073779 -0.015860043473 -0.0328741683246 -0.0013233116029 -0.329541705124 -0.00577483016519 0.048288453745 -0.0374119142 0.000215095242005 0.0108478127905 -0.553544577264 0.101146421409 0.162252013386 0.00361455436529 0.000996822679713 -0.419452853295 0.176310149508 0.0556776778898 0.00316845124759 -0.435412709937 0.0563442869836 0.00249850990284 -0.161359722577 -0.000988655884127 0.00415817772554
-0.442730010651 0.0137039182391 0.00466041643104 -0.0154943571236 0.00877660135343 -0.0112596541864 0.00151100187079 -0.516245580437 -0.0216313920422 0.0960902938436 -0.0111678187596 0.0482384363119 0.0154626773331 -0.080293183147 -0.043256199568 0.0501599345962 -0.0901218318632 -0.00392809748038 -0.494847305099 0.147473941875 0.0457356215991 -0.00167876271706 -0.48604549538 0.00973594741371 -0.000438399664526 -0.0149154321923 0.0120823117961 0.0063877265188
-0.486290351407 -0.0360874812068 -0.0556796633082 0.0441848763927 0.0146306177474 0.0577201231592 -1.66596385901e-05 -0.442701604445 -0.0247163358232 0.0376204749252 -0.00606517741365 0.0363858739497 0.00354682418557 -0.376828864067 0.017860559945 -0.00679564781038 -0.116385143358 -0.000609769455908 -0.467210959638 0.270162995509 0.0462989444869 2.11791340563e-05 -0.251753814377 0.0662257873728 0.000670156048661 -0.192340421554 0.00525081866822 -0.0109327667145
-0.659536497894 0.00572656910125 0.14497218136 0.0394473391189 -0.0226063406403 -0.0232684099801 -0.00303194984246 -0.459175583567 -0.0119939333468 0.0124263793057 0.0051868101096 0.010962346878 0.00209757602659 -0.215152411007 0.174964929098 0.103073899057 -0.0801073863159 0.013437622677 -0.287178002819 0.3309085795 -0.00928136805366 -0.00028103070228 -0.19417821585 0.0420710625712 0.00216119351623 -0.0651200410449 0.0114752173151 -0.00410479253756
-0.538975642235 0.00906832869235 -0.0661867697508 0.0237317515093 0.00574924299233 0.00730130986776 -0.00334740870838 -0.558442437529 -0.00441640055576 -0.0912504674771 -0.00677288984074 0.00476244877452 0.0182548010658 -0.165182698956 0.0229104597558 0.0840432702741 -0.0815341549959 0.00158855149694 -0.377302680749 0.291524227213 0.0802192422166 -0.0200773419038 -0.314872288742 0.0870837613112 -0.0141242463692 0.0037412414847 -0.0158751776435 -0.0296019884312
-0.567142618566 0.0313855708233 0.00827322854995 0.0390388279245 0.00552933090458 -0.00722576160673 -0.00976628771192 -0.647688769176 -0.0048882992452 -0.113174716624 -0.0244389925722 0.0137612201314 0.0166538311906 0.236263692671 0.0093552567045 0.0500479976839 -0.0237138318328 0.0177102971477 -0.251952370542 0.223772619535 0.0450927008866 0.00523222875585 -0.152146879962 0.057531882672 0.010609885595 0.201639703528 -0.00675228698408 0.00416236288621
-0.510759436997 0.00856727401455 -0.0182956059725 -0.022925046798 -0.0169699526977 -0.00555699016661 -0.00211355869717 -0.616585376078 -0.0558534295908 0.0723888100316 0.0754870216137 0.0362800281169 0.012994478445 0.103929955116 0.0358697771874 0.0663211871743 -0.0347844046854 -0.00426618307078 -0.382065773973 0.191267174712 0.00942446249484 0.00426015334391 -0.357012225186 0.0400912130944 -0.000528039004565 0.111925121225 0.011857846051 0.00590626839681
-0.632637845241 0.0130164074117 0.054904720195 0.0340429067288 0.0432895658351 -0.022225888533 -0.00396594831596 -0.539787150247 -0.0466596973639 0.018031045544 0.0373646053821 0.0119950446347 0.00675425431401 0.0661202155563 0.100385205563 0.0901216294165 -0.0815374826869 0.00120477762917 -0.271602608311 0.361840003086 -0.0375417620366 0.00180850618774 -0.24568465911 0.00585224818213 0.021740979486 0.0357321983565 0.0100925982741 -0.00293510280915
-0.400507143684 -0.00938111548081 -0.0591658717515 0.0745684362256 -0.0592090266233 -0.0296148584567 0.00402851464676 -0.369056923034 -0.0243385060875 -0.00596426476305 -0.0310230790916 0.0163250391367 -0.00126842750346 -0.518148596155 0.12707438454 0.197740340443 -0.000934110692979 -0.00469001962868 -0.369119373496 0.204397599731 0.0459977330109 -0.0041836708593 -0.409560292697 0.0842119582183 -0.00738930037611 -0.0952216744487 -0.00570717750106 -0.00938650432033
-0.251355534896 0.0176937036732 0.0119221004669 -0.0347944849229 0.0567031614883 0.00749050303622 -0.00037391501381 -0.312346396902 -0.0831253916768 -0.0645360109359 -0.0878723082071 -0.0107812026391 -0.000109857410621 -0.514211508391 0.063027688173 0.0829253596889 -0.000989453726782 -0.00158413022138 -0.477337009345 0.0141575709108 0.00928956428998 -0.00126527439201 -0.391973659429 0.00601945194058 -0.00133617967012 -0.397874686423 -0.00132120721952 -0.00422467257718
-0.437318390684 -0.0172900849156 -0.0292089510318 -0.0475736241296 -0.0252997371264 0.0160752975546 -0.00190766244422 -0.508612303371 0.000673277555917 -0.00664527426297 -0.120082876606 -0.0345578441934 0.00857464237907 -0.187998327586 -0.0150549553147 0.0571733547022 -0.0582982864944 0.0204458943691 -0.464448218421 0.188395287067 0.0836161793907 -0.00862925443748 -0.460205798736 0.106669263128 -0.0103878161596 -0.0701046590714 -0.0256384599521 -0.015561786428
-0.610078819346 0.00884795505473 0.0421114985594 0.0322214526836 0.0533864763965 -0.00820214205835 -0.00394579458226 -0.427537669279 0.0234589742505 -0.00448643089251 -0.0212705665341 -0.0155672694539 0.00645055808189 -0.140851566599 0.140273572869 0.173377353282 -0.0583461592136 0.0223280028944 -0.239680039343 0.449398458156 -0.00717481890054 -0.00709370702954 -0.321695547159 0.0325178016916 -0.00263651107274 0.000608533682773 -0.00621668614682 -0.0175680237936