-0.102847056474 0.0671436529043 0.345676465253 -0.023348175214 -0.134251481545 -0.0972777148603 0.0257374594116 -0.192929417862 -0.133741669526 -0.130079219347 0.546048843606 -0.0784157731345 0.00839073900763 -0.136879165344 -0.1885581892 -0.0400081580156 -0.139977376336 0.0352191739705 -0.169269223387 0.475866469233 0.101443967366 0.0312690726317 -0.334940527042 -0.0600022950016 -0.0111932453598 -0.0357514961496 0.00477872843693 -0.00197959153422
-0.434066047073 -0.00426365366725 0.0237632505427 -0.00984031857973 0.0246934898021 0.0182945251356 0.00429968986865 -0.554649427354 -0.0451519384243 0.147586706133 0.125043350349 0.0571354941257 -0.00752180957466 -0.161750222641 -0.0343739891338 0.0262246777386 -0.00925458548219 0.0186379572944 -0.232639419554 0.397714369156 0.0188792647513 0.0138234950144 -0.463139614913 -0.0486494779899 -0.00364868081832 0.0316225758453 0.0182769226788 0.00272043646613
-0.482619967204 0.0845934577914 0.117870884647 -0.0536558908468 -0.057759790232 -0.0401446654751 0.0018352680046 -0.527729323401 -0.0454469366675 0.152672574414 0.0773281308626 0.0513924981345 0.00272691139011 -0.0327092826937 -0.0443018296336 -0.0634519626147 -0.0907953689749 0.023340726371 -0.308497292668 0.456479869219 0.0217192389881 -0.00199748745153 -0.318773339354 0.031998350264 0.00533586626913 0.0518134900713 -0.00547021899092 -0.0211327167824
-0.488130882015 0.0590919149179 -0.0573851336028 0.0790022943668 -0.0396633005091 0.000773445944477 -0.0049312069591 -0.641855753503 -0.014586443936 -0.231018421663 0.144821325384 -0.0941562226154 -0.0137364434524 -0.0889478351148 -0.0970621151771 0.250677346755 0.0319955726763 -0.000265037613566 -0.0990408625618 0.0359727694737 0.0173583121894 0.0332129484736 -0.342725051387 -0.131397647908 -0.000431747571886 -0.150114050103 -0.00425558514605 0.0231070011754
-0.585554483917 -0.0158005592031 0.153813708339 -0.0483231519462 -0.165655739052 -0.0348524678508 0.00701109016939 -0.516408272175 -0.0238441485591 -0.198176099056 0.0645318185374 -0.0411821568994 -0.00591323401778 -0.366687196378 -0.0543964147703 -0.242801125458 -0.12395084346 0.0145511091155 -0.0621635062106 0.15156153502 0.050424645471 0.00834347532023 -0.175551077589 -0.022395950056 -0.0162032237969 -0.129033451623 0.00745573140878 -0.00896329643656
-0.429805842567 -0.0130471364928 0.0229643040111 0.0499281375021 0.072173668958 -0.000425633297662 0.00101934437772 -0.490644339043 -0.0705076781667 -0.0203251675504 0.0859771108956 0.00711397220516 -0.00549867311699 -0.139318339489 -0.0869478454945 -0.150655817646 -0.0156839855952 0.00955781055063 -0.416175080072 0.032840768695 0.00850879245741 -3.32149031384e-05 -0.570723354735 -0.0209138422414 -0.0126594543565 -0.0385968879163 0.0322752532325 -0.008135528479
-0.451413391211 -0.000558505719085 0.00163930237771 -0.0441010696389 0.0153464701485 0.0121978514499 5.60459823049e-05 -0.495442577145 -0.0724162358428 -0.00250006298801 0.0298110859877 0.00416544587949 -0.0156275483423 -0.174966623708 -0.0560162853895 -0.163210721199 -0.0274707800614 0.0110291354128 -0.440533162933 0.0481116775208 -0.0264427204612 0.00236656707024 -0.529003620116 -0.0132058589924 -0.019676074847 -0.0426686375675 0.0357407664688 -0.0130837762552
-0.495826685652 0.0518754797959 0.0350511777545 -0.0882714107406 0.068781312247 -0.00788554442293 0.0128127559634 -0.595249931088 -0.0812355349886 0.0792233002032 0.0351937508253 0.034107769007 -0.00995008556316 -0.119128349701 -0.0974203491005 -0.0924984120765 -0.0357280117779 0.0127658861119 -0.420734781566 0.124366772463 0.032588784238 -0.00478642565431 -0.36726308312 0.0375185420169 -0.00157695319053 -0.0577527204585 0.0301772743133 -0.00154368082275
-0.510277344251 0.0301317288267 0.0673196773414 0.0946963190192 -0.0829609398015 -0.0324614791107 -0.00890369211746 -0.474557530622 -0.0324002471796 0.0387366004593 0.0249322056169 0.0320670617864 0.0191995513689 -0.268236189649 -0.0204646983159 -0.0947689680761 -0.0889125757526 -0.00236519584241 -0.40007726304 0.234564316275 0.0295589285926 0.00458374267562 -0.410402767538 0.0402956523717 -0.00326773846082 -0.104118921628 0.00457698156256 -0.0354312760702
-0.517732209987 0.0190099122386 0.0198087896623 -0.0351784422542 0.00966301560359 0.0145514748823 0.00182643499453 -0.72286194344 0.0649792551204 0.107564568815 0.0290797218316 0.0417625828129 0.0177678875234 -0.124963811262 -0.0344144816151 0.0843568400309 0.023411638866 0.0102066952509 -0.0787414347755 0.283377157226 0.0191487739189 0.0160532908018 -0.269762379693 -0.0369247827606 0.00649539236449 0.0483052237213 -0.0107296887918 0.0102261448649
-0.524597863433 -0.00229670388252 -0.0049868514158 0.00494310180126 -0.00278344903522 -0.00842920824971 0.00301371096402 -0.752102168719 0.043790385904 0.106693009086 0.0642537965618 0.0101981558643 0.00855458087373 -0.0829135309712 -0.0579208644268 0.0898288596444 -0.00251515895211 0.00216822249456 -0.0727048741414 0.264687695767 0.00500680833217 0.00144127504294 -0.201057756114 -0.0513585748129 0.00387970600205 0.0668118197374 -0.00902190566753 0.00925083462916
-0.581267036435 0.0397367371216 -0.0386817353289 -0.0604396112471 0.0643272118351 0.0199129486327 0.0114577749002 -0.698142285787 0.0596136717814 0.104503358856 0.00712347683949 0.0123854154519 0.0156520701155 -0.0383960608136 0.0337579844002 0.0831169288031 0.0194679492105 0.0191974995992 -0.119865434813 0.281249644151 -0.0280248113623 0.00587112622996 -0.183166361931 -0.0386446345337 0.01774835783 0.090313364976 -0.0182887068285 3.88055802281e-06
-0.724280175015 -0.00775883721951 0.0743640204692 -0.0231037168216 -0.089503684559 -0.0413282788673 -0.00529984528257 -0.514850002308 0.0292352100726 0.0112690467686 0.0071954505541 0.00619429690302 -0.00164374144859 0.0128602517055 -0.0277259539673 -0.041343004867 -0.0634004817757 0.0122308366192 -0.212669644565 0.320052089079 0.0241472877921 -0.0041548035787 -0.176376325815 0.0153215700694 -0.00750646029045 0.0782520761902 -0.0177592846244 -0.0221139181155
-0.592261729498 0.059446994951 -0.0124860926503 0.0520722358112 -0.0163121430127 0.0139005719799 0.000507329878245 -0.749219360095 -0.057692601057 -0.13591487686 0.0690365331793 -0.0331841776648 -0.00710363690301 -0.0270991768253 -0.0816522381759 0.0629861905121 0.0107674618838 0.00781012991895 -0.034876630551 0.0416694615941 0.0217234726507 0.0316987629241 -0.166922473038 -0.0936920252232 0.00817828283662 0.0220837792569 -0.0101573620513 0.00650568259997
-0.526664117251 -0.0416567652748 -0.0226183116898 -0.0152045648239 -0.00296194173848 -0.00254374537771 -0.00242889443052 -0.771789062396 -0.0603968480986 -0.130536520005 -0.0272244431294 0.0101494138536 -0.0028143170524 0.0267934616042 -0.0198378905081 0.212779051405 0.0383295984234 -0.0102469382976 0.00736791957667 0.089582233805 -0.041476570904 0.0299103377223 -0.204529707748 -0.0222045058949 -0.00396707997772 -0.041036950719 0.0121187298924 0.0100451851344
-0.501403887401 -0.0223465489853 0.0111488770969 -0.0173689337339 0.00860244377885 0.00506894106771 -0.00674188060738 -0.7429971253 -0.0736760094322 -0.140213172996 0.039047466723 -0.0273847380763 -0.00229630521235 -0.216612340468 -0.0204357237739 0.0550872699814 -0.0417166210218 0.00211207909871 0.0544869390385 0.0887953462215 0.000919597599934 0.0185801289718 -0.297342166918 -0.127266501843 0.000593607424188 -0.00228561775009 0.013349259006 0.000920170134555
-0.722838711333 -0.0106587515027 0.0664487468593 -0.0254999601338 -0.108123521766 -0.0222997228796 -0.003441806339 -0.551542892306 -0.0406577477958 -0.0900159887458 0.0365618513357 -0.0244739338065 0.00065893434206 -0.252498625808 -0.088359033423 -0.163794781448 -0.0782772429736 0.00609478576006 -0.0499502480468 0.138425805099 0.049248744722 0.00158721380836 -0.109099093629 0.00430564204527 -0.00625555705259 -0.0520181211708 0.00951593847429 -0.0289124088844
-0.432822534168 0.00326040199965 -0.00285999096557 -0.00544057189939 -0.0395485438097 0.024249448296 -0.00194617205469 -0.437577427062 0.0204022800127 0.0627869982223 0.0126033910587 0.00365633371399 -0.00520300019101 -0.35807705067 -0.0124295450993 0.0110985870319 -0.0302549545523 -0.0024987126287 -0.533192279968 0.0192347536915 0.00587843617305 -0.00491696919339 -0.348712343094 -0.0806537213822 -0.00316612072255 -0.268329349127 -0.0042864341284 0.0123716162971
-0.486124788622 0.0251652827942 -0.0158057070265 0.0194506492578 -0.0333504563763 0.00848099900145 -0.0015631904435 -0.557645506618 0.0445465103179 0.0659715775857 0.0783800150303 -0.0312137666444 -0.0107464725464 -0.097341643122 -0.0391453027682 0.164483635908 0.000453732120788 0.00410902725621 -0.510370598914 -0.0486765729595 -0.0328389507242 -0.010266611957 -0.276298432868 -0.0464189569367 -0.00250587446946 -0.236208250192 -0.0108928505228 0.0130531150961
-0.420225200006 -0.00816863454794 0.0385058491806 -0.00433613032423 0.0121231155192 -0.00655078211029 -0.000358706268155 -0.460013585968 0.0335516897707 0.110913671115 0.0296808311957 -0.0177397855705 -0.00791751316139 -0.270460174238 0.00136056838851 0.0251020765247 -0.0387665947655 0.00185668197244 -0.541343479393 0.006061141928 -0.0121596975842 -0.0112941766812 -0.407019740241 -0.0358982125134 0.00411478976182 -0.244176017904 -0.000289455668838 0.0104674145229
-0.528511759464 0.00478695593299 0.0451628002337 -0.0159285323384 -0.0871188632174 -0.00705057506962 -0.00547543672194 -0.36061977805 0.00955660577595 0.00506010971537 0.00762616120483 0.00451939270227 0.000843963425025 -0.417097738493 -0.0379542194948 -0.302905686059 -0.0207348938402 0.00788981442706 -0.520879193421 0.0888627187359 0.0044203978731 -0.00647418928127 -0.158183214183 0.0299262758083 -0.00878635443346 -0.0858385315866 0.000742411981808 -0.0124496630078