-0.0622878882374 -0.00650672731707 -0.127115113895 -0.210027756415 0.214045287227 -0.0205555168615 0.000711402907776 -0.00396652053303 -0.0496641345799 -0.0503754199231 -0.017333638518 0.0114182093743 -0.0193236918748 -0.280110470537 -0.477684498072 -0.185188259887 -0.138369852327 0.00681217991534 -0.422984162823 0.481047972757 0.0122940057739 0.0131915773486 -0.301580386422 0.141288624817 -0.0171795001173 -0.0408999092408 -0.00916608724352 -0.000793255940915
-0.466997016513 -0.0203931974057 -0.00701443952703 -0.0927504943804 0.176481791012 0.0210349457668 -0.0122720318043 -0.466185197509 -0.0978486758663 0.0624306515433 0.0113187035126 0.0641697492186 -0.00384273095923 -0.413599369402 -0.338003797108 -0.150675351484 -0.0797684516419 0.00695939182085 -0.106890645595 0.403804497128 0.0124996776667 -0.00480176932929 -0.109918716746 0.0568053691932 0.00227490671349 -0.0311961348315 0.0238460268282 -0.0100727786976
-0.311896562716 0.0219909361022 0.0146453661011 -0.0839676886057 0.0326956868843 -0.0280094523049 -0.0147455776871 -0.345034230471 -0.098473622394 0.00771293116082 -0.00884425156919 0.064461821274 -0.0160232583133 -0.181157067344 -0.332453179551 -0.0667729627212 -0.0446534924471 -0.00915954473137 -0.684769625703 0.00749649291737 -0.00777912452271 0.00585545273732 -0.371046000348 0.0499141241997 -0.00408575065815 -0.0143264346676 0.0157985040187 -0.00524047386964
-0.499237402362 0.0862505208638 -0.0635705435266 -0.0421203591424 0.195733073924 0.0196386169508 -0.0062511698946 -0.470632309602 0.0673111251723 -0.0492577241895 -0.0998805041806 -0.0702984672476 0.0144779815647 -0.412609357571 -0.29862723499 -0.166432224124 -0.108367627652 -0.00527455044731 -0.233886808106 0.188355454817 0.0204483187248 0.0152350588261 -0.187524857327 0.0836744229214 -0.0161904487415 -0.148028945995 -0.0293196503569 -0.0162393701791
-0.337555644388 -0.0433109748705 0.0367651505771 -0.0957463206643 -0.00861226749657 -0.0250890212312 0.0210939009795 -0.364803205784 0.0907746964768 -0.0515490048502 -0.0205030436604 -0.0448942496818 -0.00275496932076 -0.0820456291376 -0.352660081252 -0.0630242668613 -0.0371167900926 0.00912656270313 -0.748513440355 0.0299254196706 -0.0174578917653 -0.00911784504595 -0.150588498835 0.0557407380004 -0.00885765343621 0.0365051314523 -0.0258322140374 0.0117810892787
-0.443451055829 -0.0251134431189 0.00301980700385 -0.0555476808292 0.114114471509 0.0240110005585 0.00216258142818 -0.356141206053 -0.00886162686226 0.0143672700265 0.0171530701638 0.0197280992523 -0.00145193470792 -0.655037218278 -0.26053388666 -0.0874552006124 -0.0573604672884 0.00744203735884 -0.28456204432 0.176366695622 0.0147871210748 -0.0162254315754 -0.133486647956 0.0127943589972 0.0109282189129 -0.132949955777 0.00746916669263 -0.0432873480397
-0.320451321112 0.0091225137698 0.0344688281124 -0.0364892045263 0.0362654606711 -0.0196956252825 -0.00237786530743 -0.313608447216 -0.0217381426947 0.0243683896398 -0.0146340335502 0.0163832698098 4.55345745646e-05 -0.645468422726 -0.159280811245 -0.13025957147 -0.0360296607616 -0.000750984842987 -0.371918626779 0.214063412727 0.0154546599642 -0.00138065588616 -0.33668563431 0.028767458252 0.00105431758375 -0.184472425195 0.0126426285761 0.0084222487552
-0.209739745458 -0.00533017497103 -0.0817278637961 0.0150704133522 0.0410765572351 -0.00143264018739 0.000513938575415 -0.18591861224 -0.0249131538165 -0.0115296393479 0.000593983833868 0.0047891038337 0.00259961109265 -0.480261735133 -0.00880040043321 -0.0174205819653 -0.00173093261094 -0.000249101391379 -0.652893968575 -0.00835816156361 0.000378454192559 -4.59494180385e-05 -0.344932791779 0.000987095123541 0.00289365149509 -0.368263926252 -0.000974134921088 -0.00722436176163
-0.217285148661 -0.00041559493714 -0.0844350848076 0.00157535544932 0.0298458064048 0.000690002114115 -0.0088163113883 -0.191649027298 -0.000721793525084 -0.0182311571498 -0.00383438109617 -0.00890025337639 -0.0034485869755 -0.439962653641 -0.00148683893656 -0.00736803452489 0.00577718486702 0.00266704718338 -0.655752426073 -0.00877181182967 0.000992349016897 0.000389582085579 -0.351605321834 -0.00525256282656 -0.000407087056819 -0.400015431552 -0.000524187009693 -0.00990290859768
-0.741236378741 -0.00472872890337 -0.0640817563084 -0.00937371008426 0.10285676929 0.0337758229271 -0.00388689022983 -0.519619066019 -0.0626288591626 -0.0104211875081 -0.0344211254973 0.00431547722156 -0.00209879006096 -0.0943577567756 -0.212595952539 -0.0657206041632 -0.0412221984534 0.00453752321758 -0.0647270502462 0.298606984205 0.00779369581263 -0.00802875943722 -0.0676714720113 0.0113929100332 0.0107312726552 -0.00479719191246 0.0059396538282 -0.0295063716847
-0.600205769362 0.0851746963744 -0.00913836683146 -0.075359931454 0.000752672220267 -0.0176541958668 -0.00311481798996 -0.618118627904 -0.0847746734934 0.0188112059932 0.0130892684101 0.0275324521837 0.00426736443976 -0.311638133941 -0.215778654403 -0.140990764951 -0.0575152633399 0.00355744136541 0.0691130003697 0.224564488103 -0.0161089433406 0.00325870112483 -0.00890688870358 0.0187362664431 -0.00674063898954 0.107045897401 0.0220061872097 0.0328977180967
-0.548954827743 0.0619347000389 0.0335126896405 -0.0504405280877 0.0237791768717 0.00707817293383 -0.0151541722669 -0.637779764923 -0.100240660418 -0.0107010515656 0.000445447822166 0.0347039141887 -0.00489719160231 0.0278153522083 -0.288288810969 -0.0446864260912 -0.00569919833641 -0.0168177718436 -0.388056409161 -0.00540529160665 -0.0262762524308 0.0113527714849 -0.117014055434 0.0446516124114 -0.00709436827554 0.134825001354 0.0187256914722 0.015760842143
-0.430254095179 0.0157167820435 -0.0107505077282 -0.0286043346234 -0.0108809598863 -0.0337301596796 0.00952108226199 -0.43421402881 -0.0307570543406 0.0111110705529 -0.0236073959759 0.0330622870489 -0.0118341985624 -0.330553728833 -0.125065010274 -0.131921997849 -0.0667931174626 -0.00589186797249 -0.579823366328 0.0929903097264 0.0254798675386 -0.00435660048633 -0.356672050248 0.0127585689493 -0.000757437923648 0.0278591164507 0.0219009782758 0.000999086403484
-0.562990110458 0.0152370873429 0.0101425307462 0.0146232450194 0.136940389954 0.0117794664302 -0.00646531846502 -0.390451780538 0.0219297936714 -0.0271833473609 0.00316358015841 -0.015289453121 -0.00662945204739 -0.411616663396 -0.333177551493 -0.0779270132853 -0.0446421912334 -0.000423721045333 -0.446196271973 0.0402992259191 -0.00223262799104 0.00145258557225 -0.0956400989953 0.0462441409456 -0.000457140099275 -0.0847218792937 -0.022444458945 -0.0375371136125
-0.581454827739 0.00893210515666 -0.0489197551502 -0.0422739220647 0.0173776001556 0.000723578484032 -0.0155955933256 -0.739449068222 0.0590744335921 -0.0551646453577 -0.0382935218094 -0.0410666967199 -0.00723961301985 -0.0830965720882 -0.187392520562 -0.101753245405 -0.0660516913176 -0.0152105376661 0.0725628074298 0.146248200105 0.00479438254015 0.0258039780521 -0.0790488931729 0.0142520334886 -0.0140968703693 0.0908983177117 -0.0170210332729 0.0326648405076
-0.550990428569 -0.0452105831635 0.0256034417781 -0.0472341319923 -0.00130340051398 0.0196634059443 0.0215535568504 -0.591544065355 0.0787349663137 -0.00327426040525 0.00164966658581 0.00253357400405 -0.0121256462105 0.0303994305813 -0.28653375001 0.00975169786004 0.0359914892185 -0.0069089031799 -0.478762766959 0.00802457419629 -0.044027608507 -0.00646197230278 0.0619723262299 0.0398951953328 -0.0115581348582 0.107896600888 -0.0148207414927 0.0344407023394
-0.500722920189 -0.0238366934135 0.019917572999 -0.0462031649926 -0.0158309893184 -0.0413407541653 0.00464459251224 -0.47072641666 0.0286348881406 -0.0223416436158 0.000780606513957 -0.0166531826423 -0.00071383116454 -0.198951996482 -0.195557349784 -0.144174265811 -0.0547317556631 0.0110245961136 -0.590104692945 0.0453963304158 0.00513600037413 -0.00191094910843 -0.253105777998 0.0222248023635 0.00693330625312 0.0609051022006 -0.0251846073395 -0.00492091010042
-0.276074381156 0.00469563579832 -0.0479485509706 0.0376655604032 0.0810449009845 -0.00141305896146 -0.00314266997231 -0.208891269017 0.000377704901686 -0.00603770816238 -0.00478925891797 -0.0115755729156 0.000220280310553 -0.548690732459 -0.0421684357829 -0.0130541303975 -0.0317612527768 0.00104508264479 -0.652158755481 0.0085660536265 0.0118640960614 -0.000561278833731 -0.156661782212 0.0220423138399 0.00379612005295 -0.338650300909 -0.00376673784108 -0.0186271574886
-0.228500944037 0.00175656099259 -0.0339337850979 0.00180990779836 0.0402711298163 -0.025403770219 0.00370890856725 -0.217571883871 -0.00663153119096 -0.00438662199696 -0.0172934066077 -0.0144572854322 0.00520113204174 -0.541373635492 -0.0412882541164 -0.0420714859902 -0.0123150440156 -0.000135033961397 -0.651024045368 0.0190729122916 0.0153170731192 -0.000981803943844 -0.260748193781 0.045015657785 -0.00291295407505 -0.324328053465 -0.00738200750327 0.00123914335348
-0.358290197381 0.000784280048955 -0.0168431062072 -0.0328123231555 0.0227703732256 -0.00170604403137 -0.00112723400769 -0.364914370479 0.0205122664531 -0.0168211101203 0.00663922588113 -0.0224939196572 0.000874385929807 -0.193222193167 -0.202383736608 -0.0828601693721 -0.0525979467961 0.00259680283648 -0.728655560733 -0.010622829424 -0.00490923639587 -0.00133814689287 -0.339517277614 0.00380824389557 -0.000853180230793 -0.0291621903278 -0.0106902908179 -0.00805050849853
-0.281539343473 -0.0026338476527 -0.0187925030137 -0.0265520371564 0.0194109795952 -0.0185343605806 0.00482641549226 -0.276663414955 -0.00356936039955 -0.0111240352258 0.00389723919949 -0.0149583927377 -0.00337586358931 -0.347947941972 -0.147838970088 -0.0720193455222 -0.0541097538649 -0.00041824283261 -0.719337763798 0.00242449168101 0.00446868854656 -0.00059897001362 -0.38407811133 -0.011513632639 0.00251458121214 -0.160306211415 -0.00962130505583 0.00631705593597