-0.123184985986 0.0183409933537 -0.010188725679 -0.2785326438 -0.376145527927 -0.0951969824705 -0.0301189993186 -0.0333217217441 -0.149765930228 0.128046277626 -0.0161858851268 -0.0417804976116 -0.138490764139 -0.271182475518 -0.0483774845809 -0.689796630993 -0.130437076135 0.0151844333799 -0.0538101628244 -0.0793445546906 -0.0154888295353 0.0179981930271 -0.332014912115 0.0524481900803 0.0308323635924 -0.0203108250171 0.0317349225842 -0.0131308770779
-0.412647069798 -0.00887950899414 -0.0115869592927 0.07300851915 0.0113054891873 0.0119749732715 0.00279350702787 -0.615677200266 -0.267982609542 0.00973438693854 0.000549513708432 0.0949699345743 -0.0232349451528 -0.238834076875 0.0773639849566 -0.332897770415 -0.0291405685385 0.0216834329454 -0.33458112921 -0.151611398288 -0.0243955397353 0.00458870739241 -0.212252812099 0.0096430413792 0.00132852458228 0.0863091946678 0.00035770826619 0.00796192847198
-0.414403957114 -0.00508636846487 -0.0244731941179 -0.0134545894889 -0.0437129788833 -0.0310891520573 -0.00127400844075 -0.647007955561 -0.289406592783 -0.0704515006371 -0.051362734928 0.0654628030386 -0.0309025343394 -0.183983681755 0.10853337479 -0.332014036909 -0.0184135896387 0.0240605513459 -0.261232563007 -0.166275481488 -0.0264658617737 0.010851990975 -0.233325575437 0.0238268973616 0.0142219888533 -0.0204255437484 0.0148069752777 -0.00556311854801
-0.571526799128 -0.000631608530754 0.000180021909231 -0.0219118190688 -0.176317969978 -0.0240793190026 -0.0118497562867 -0.67933681875 0.245199039595 -0.118414569122 0.0582883892983 -0.0486148591336 -0.0290046758623 -0.198793158925 -0.114026725361 -0.0905310417598 0.00594764997628 -0.0314115303337 0.130415246933 0.0333307688422 0.0200531238055 -0.00646471388979 -0.0563399218468 -0.0388787629131 -0.00745578454524 -0.11699099242 -0.00930419944986 0.00254236178702
-0.422735195585 -0.0145107671036 0.0215562451462 -0.14020059097 -0.0371216308339 -0.0437216839933 0.0107768342942 -0.449642038543 0.149297636728 0.0611743396336 -0.086275380999 -0.0429917175376 0.0417571972087 -0.197240149071 -0.0441053194176 -0.218715719948 -0.0536100540012 -0.0163873607578 -0.166859382259 0.151981501568 0.0230548973489 0.0291685389753 -0.634291625151 0.0603282089793 0.0129495023396 -0.073452078837 0.0255492731757 -0.0445021892495
-0.480270222428 0.00802635374037 0.047850051818 0.0384917963385 0.0573831654819 0.00874117076888 -0.000369314721253 -0.571235057818 -0.0530506586418 -0.0634989324151 0.0201628366417 0.0530457418553 -0.00527136731602 -0.37179163863 0.147165439847 -0.244232720946 -0.0386158936747 -0.000779203085682 -0.36731199705 -0.11611198125 -0.0380559438604 0.00190071866569 -0.229302651704 0.0452749167621 0.00340397796067 -0.00418398317532 0.013872488635 0.000430734877799
-0.475664750434 0.0287663833175 0.0136046171769 0.0354903307174 -0.00963125315435 -0.00725820081082 -0.000546264888608 -0.584159829922 -0.0720865684399 -0.0191264777659 0.051611285449 0.0511612977127 -0.00341062683039 -0.347528246067 0.0608764957019 -0.262766267793 -0.0488188328978 -0.000857548926981 -0.380186798558 -0.0832016860601 -0.0170709708311 -0.000296345271736 -0.259610344822 0.0441882500236 -0.00449816867678 -0.0320028215556 0.0341023632868 -0.00134587355783
-0.455791394375 0.0206952252985 -0.00232803298351 -0.018051128255 -0.0370509390325 0.00137722830335 0.0031167592337 -0.580838465408 -0.0703589087422 0.0302769526439 0.0766331196188 0.0491007776751 0.00393580340024 -0.375075393741 0.162249281742 -0.245282662272 -0.0393056618805 -0.0095979131955 -0.337884731934 -0.14157360951 -0.0192547420803 7.55666036773e-05 -0.269962288186 0.0355020578335 0.00629014976966 0.00211166800792 0.029599001126 -0.0111244314344
-0.500063271084 0.0311066815868 -0.0136141805658 -0.0169463964381 -0.0646739199631 -0.0194889527923 -0.00290791128254 -0.638582055692 -0.100123163365 -0.0907808044639 -0.00649053752474 0.0260446434262 -0.0110977583748 -0.29207110065 0.120478667612 -0.261236669262 -0.025463918238 0.0124896246065 -0.29387794011 -0.144405822796 -0.0370466762671 0.00199234960014 -0.185951642939 0.0342045014678 0.0086986787079 -0.0473760804215 0.0280401467991 -0.0266722371507
-0.602324403049 0.0422690201479 -0.0107030407471 0.0151818545563 0.0563974014662 0.0379665371253 0.00333103399891 -0.666121642476 -0.0191794945385 0.0299788347589 -0.115470868647 -0.0323234727488 -0.0120030802737 -0.265945932649 0.0197290600424 -0.138358129833 0.063002980035 0.0134797755719 -0.192880454129 -0.104086977717 -0.00342078366282 -0.00722640713316 -0.152060123859 -0.0466822709196 0.00243587216477 0.0471797169724 -0.0274054682809 0.0117259519233
-0.578214928881 -0.0443307751264 -0.0523437535561 0.00735908428104 -0.0469943334231 0.00190969123509 0.00579930605302 -0.712578694877 -0.0426221826291 0.0353834150464 -0.15528947809 0.00902423069289 -0.00623010696112 -0.205699331573 0.0209153503038 -0.103447705345 0.0681206355122 0.0100572159782 -0.12769636355 -0.0582121219831 0.0100920167326 0.0137485013412 -0.168519557993 -0.0898857785293 0.00775151352846 0.0938768847873 -0.00722395673738 -0.00290177297605
-0.581059229402 -0.0221859858658 -0.0382162723859 0.0345818316631 -0.0161756354523 -0.00386754392403 0.00165413790898 -0.72352227958 -0.0226541558345 0.0225187958563 -0.158021949887 0.00609354654204 -0.00298590880767 -0.201553249356 -0.0170930991712 -0.125444363047 0.0505554261937 0.00493545516437 -0.114641421278 -0.0976719117565 0.0219589333442 0.00294762586456 -0.154632396346 -0.0449309114375 0.00351916445481 0.000311232591633 -0.0317930177687 -0.00784059276968
-0.647099113844 0.00319586399786 0.0882506398338 -0.0558173560773 -0.00256915106538 -0.023120143752 -0.000403948991816 -0.628990891456 -0.0612798430188 -0.0449139368829 -0.0504921516766 -0.0132818889206 -0.0198584812037 -0.23475171095 0.026263146525 -0.191585721377 0.0452099255375 0.00422237939657 -0.150897326462 -0.00600002741086 -7.10754025468e-05 0.0129975571739 -0.196320601931 -0.025416510599 0.0130912371075 -0.089836586239 0.00893712232019 0.0153511385467
-0.559743155914 -0.00509935897556 -0.0167035792864 -0.0366249528312 0.0562373722946 -0.0248914138149 0.00838903362218 -0.667998969005 -0.00497034373588 0.0605803903919 0.11120118798 -0.0170678672597 -0.000969625146427 -0.286658624308 -0.000551875074716 -0.0866663104218 0.0315956028799 0.00183977193566 0.142400022112 0.0966502684166 -0.0264953148942 -0.0232111500688 -0.309061125977 -0.0332360684918 -0.0126269523111 -0.016080102137 0.00278255670025 0.00426334030425
-0.645341349306 0.0120851241742 0.0137614046598 0.0842565626582 -0.0882362395348 0.011435162571 -0.0109803466258 -0.599553712962 -0.000976655774133 0.0233488294632 0.0963681194397 0.0180485972507 -0.0221170014103 -0.204180738059 -0.00944922609446 -0.097659206967 0.102451569592 0.000135825136335 -0.0307263245808 -0.00655549261195 0.0372625099543 -0.0163226059472 -0.363981728565 0.00523092667564 -0.0190796582913 -0.0215240530897 -0.0124300125568 0.0019660443027
-0.616197509122 -0.026412556906 0.0272511088409 -0.0645935986424 -0.00567252242992 -0.0226526745672 -0.00888230983963 -0.602634896633 0.0376447645785 0.0117961634175 -0.0354518696803 -0.030829501623 -0.0379639469335 -0.100991497371 -0.0982236523961 -0.17676929841 0.0280917834382 -0.0280616890026 -0.0470912689051 0.106582599254 0.0094236298953 0.0357900688081 -0.409351244696 0.0260503371368 0.015502214 0.088914860319 0.0276278144921 -0.0302542976035
-0.544384966258 -0.0352805205943 0.0414617267334 -0.080991947007 -0.00100108244479 -0.0402064495867 -0.000881514848411 -0.63710957553 0.0663465531764 0.0560192665564 -0.159870249238 -0.0429818912235 0.00147684105004 -0.195836987287 -0.00253051397595 -0.141986602945 -0.0327818926276 -0.0106716269571 -0.0617683060551 0.107417070463 0.0305775804808 0.00865661836304 -0.393722012314 0.0333416053368 0.00466634393255 -0.134836949427 0.00680207384096 -0.0346086957089
-0.49538265146 -0.0325103975069 0.0148369860087 -0.013189961923 -0.0149754845601 -0.0147571713358 -0.00648490409681 -0.743210061983 0.118543307913 -0.139391885751 -0.0702788078897 -0.00865840726502 0.00118873867306 -0.320138718304 -0.0485898041268 0.0162642445346 -0.0219211153241 -0.00153615782601 -0.151847782818 0.0316404056478 0.0141852238749 -0.00145144147533 -0.0147381508697 -0.0500335084752 0.00412574933936 -0.168889099464 -0.0227147814999 -0.0128506750682
-0.700493175866 -0.0639668322028 0.059408080445 0.0694902247089 -0.10239714147 -0.0067948304541 0.000182267301368 -0.577679210794 0.0473990295214 -0.0233677168392 -0.0396245013853 0.00620089600475 0.0423796448376 -0.207343107065 0.0315424418775 -0.104603255287 -0.0629642053922 -0.0080445193336 -0.253745753046 0.0206830659007 -0.0016265151135 0.00354597321548 0.0344223633117 -0.00036089242347 0.00357867839642 -0.146301216955 -0.0038745065956 -0.00366668464319
-0.395288110964 0.0368557940206 -0.0024783923665 -0.0361091606021 -0.0614472119765 -0.01642034916 0.0253939258734 -0.534137546058 -0.0688449162545 0.12104739778 0.108836801504 0.0118143470245 0.0400518138046 -0.319344992311 0.102224891773 -0.0629453656947 -0.0354679851117 -0.0221380817999 -0.267717379552 0.0734356587113 0.00083967332736 0.0154863686662 -0.547808683455 0.0412477053 0.0264932403456 -0.135478479669 0.0276615757907 -0.0322497981329
-0.377582464393 0.0506237335645 -0.00637396303268 -0.0725250068402 -0.0491801284496 0.001877814201 0.00233073649375 -0.483729602773 -0.0904645302756 0.114208142526 0.0781201658687 0.0513308334883 0.0106389532608 -0.381572166259 0.0842685689592 -0.0191792712968 -0.0581571063441 -0.00825438307645 -0.284127331265 0.0548817357963 0.0209725516048 0.0110093545264 -0.561306262151 0.0466102692471 0.00165101425827 -0.155382249028 0.0088699206412 -0.0280658488901