-0.0117193251198 0.025212714004 0.10196280982 0.0485143144618 0.0209587603347 0.0261437713055 -0.0439914776318 -0.0816104827336 -0.288188429422 -0.106474016699 -0.129807198754 0.0493284624808 -0.0201121020258 -0.144880374086 -0.244725031392 -0.153854888738 -0.0309912509812 0.0109371516956 -0.373363959029 0.629767368381 0.102831094764 -0.00420664676148 -0.386804710562 0.235613504601 0.00620161053744 -0.0664064845601 -0.0293578377101 -0.00287939385719
-0.289677532317 -0.0112316934709 0.105147251915 0.0955603300586 0.0315305182269 -0.0163574748182 -0.00958186076084 -0.257068310087 -0.0417542171473 0.03747704113 0.0820423791724 0.0259654715925 0.0036266501373 -0.46729665063 0.0813060433905 0.124958602785 -0.02202817633 -0.0123450420853 -0.446465506429 0.152596367255 0.0685080741571 -0.00204571951429 -0.540400025932 0.0944810509411 -0.0104618992931 -0.219034336441 -0.0123769757181 0.00527523452242
-0.361958802937 0.0209860127349 -0.0516981021023 -0.0983158047 -0.0450534014328 0.0101455155111 -0.00241057533815 -0.37095633888 -0.00313884089161 0.0680498166007 0.073464474683 0.0426115387542 0.00207195105633 -0.344042645169 0.0371300211988 -0.0570616649582 -0.0455706514653 -0.00722641996978 -0.560566571137 0.178541443973 0.0755103444221 -0.000441899055309 -0.453196568265 0.147909916928 -0.0046475998221 -0.007523688855 -0.0136904720475 -0.0113537052782
-0.512131255655 0.0658885652232 -0.0284558290085 0.0705219119086 0.00924789573169 0.0720562567535 -0.0122585626361 -0.650425692883 -0.0882896881195 -0.115839173347 -0.138424995227 -0.095731721834 -0.0420783282964 -0.00794650559008 -0.281528107707 -0.0673381648615 0.0344438979753 0.0196409670849 0.0464176877677 0.377035025545 0.0712629189577 -0.00468933274831 -0.0614072444115 0.0822627832226 0.00480942856045 0.0476672880153 -0.00697361431745 -0.00922785683952
-0.53997493079 -0.0677816868335 0.0162583571682 -0.0922110514538 -0.0711003075605 -0.0412665974311 0.0114456429358 -0.590035662086 0.00177764766703 -0.00640945004692 -0.154818728413 -0.0915957229771 -0.0254150150602 -0.0468277929077 -0.0865784807897 -0.174861843313 -0.0150876788109 0.0242679878032 -0.275227123981 0.400000457343 0.0581099117456 0.00843644241281 -0.0683198322738 0.144926456955 0.0181729238961 -0.0112823635018 -0.023891105072 -0.0023793429474
-0.319204775911 0.00806274032493 0.0728402940929 0.10958257045 0.0610288371766 -0.00428672679423 0.00265322739135 -0.260987236728 -0.0570558248475 -0.00610002807106 0.0478176313111 -0.0135065658103 0.00461454451887 -0.46088277039 0.060349342205 0.0482641469336 0.0160796930604 -0.000960948411871 -0.430038996954 0.00387368117676 -0.0110954456461 0.00248868940199 -0.446815703548 0.00179904859001 0.000523890721629 -0.446813750803 -0.000407869840765 0.00836385142058
-0.272012236433 -0.00413685545589 -0.00972456845368 0.0379572612008 0.0674631841197 -0.00478174800645 -0.00399060086654 -0.263588643023 -0.0318857412322 0.0235078488923 0.00678730237261 -0.0138023452141 -0.003145506034 -0.467969627252 0.0538108556656 0.0778454532645 0.00617289223544 0.000668031028377 -0.353942662752 -0.0184286970533 0.00938045603969 0.00476963027144 -0.52636461151 -0.0112547546777 -0.00268777657793 -0.466529252764 -0.00307141725536 -0.00202246093642
-0.276731810633 0.00120820086136 0.00668011321672 -0.0186649645948 -0.00591090508945 -0.00311221372384 0.00872825497073 -0.289669562814 0.00233638458275 0.0354756634582 0.0411911149527 -0.000659459384827 0.0123225537103 -0.461944296852 0.0570459170059 0.0568731139719 -0.00210799592715 -3.35031504724e-05 -0.353601542667 -0.0176091403174 -0.00167883418119 0.00405743918632 -0.504538971454 -0.00922240051257 0.00112483500261 -0.485758476751 -0.00477281935889 -0.00191283823434
-0.454950922933 0.0219427335097 -0.0810884290113 -0.114771360323 -0.0545140177416 0.00764098791151 -0.00795532462804 -0.370904543916 -0.00286527734966 0.0325412422816 0.0212624161664 0.0191192490388 -0.00548609384543 -0.436799401923 0.0548738651493 0.0590533853411 -0.0150423931006 0.00277107733677 -0.474350488058 0.0958840461819 0.0635603265514 0.00320464841406 -0.400859754076 0.0372242489127 0.0064993109192 -0.177878131743 -0.00415680413142 -0.025672912119
-0.451722973439 -0.0135849220164 0.0623070896831 0.0581597591928 0.0396139993254 0.0145668836348 -0.00408160196556 -0.424578589562 -0.0395843210214 0.0402535144929 0.0238192849789 0.025672050697 0.00269445321273 -0.390877003135 0.0780379727158 0.0777685372624 -0.00986091607441 -0.0108989975587 -0.437763166228 0.118476688589 0.0591371525384 -0.0043030995605 -0.451846295382 0.0958992990873 -0.0101669877014 -0.118367475517 -0.00428125160795 0.0137465375866
-0.4234603702 0.0129575729426 0.0149639611918 -0.0102423468618 -0.0100099612351 -0.0183890354439 0.000855537030426 -0.511320223429 0.0286171759919 0.00895812952115 0.113209562938 0.0307560705984 -0.00605748116234 -0.395157682296 0.016362864748 0.12733088761 -0.00623106863371 -0.0187024529081 -0.328956311987 0.179073096828 0.0848032634546 0.0033098652477 -0.44179132835 0.0721892487051 -0.0178223452185 -0.145828162693 -0.0308421072834 -0.0131239697617
-0.535028487115 -0.0142340286595 0.00906804091479 0.000821046991287 0.00041840516109 0.0177875939383 -0.0131147035887 -0.629499380527 0.0255550913182 0.0496722236053 0.0801812389232 0.0440927759159 -0.0190366190244 -0.186261492243 0.0255423072189 -0.0827706684467 -0.0405424860111 -0.018505707228 -0.343413251188 0.154226385005 0.0759076062376 -0.00819785121354 -0.319705022376 0.10041274239 -0.00878255247902 -0.0109931272294 -0.017441750713 -0.0178399088551
-0.608561329186 0.00499495126649 -0.00796090705492 -0.0542662465469 -0.056989098158 -0.0431186423949 -0.00126603690634 -0.533938420648 -0.000398629989878 0.0314408704045 0.00714276524072 -0.0101196997833 0.0033493002431 -0.169583136163 0.0133542560192 -0.0305258965839 -0.0279370110267 -0.00535433026043 -0.417030966791 0.124500388944 0.0570550501902 0.00017138939783 -0.264434504171 0.131799617427 -0.00870443279661 0.155546575434 -0.0105319138916 0.0155372015263
-0.68306474803 0.0721311699515 0.0306661713095 0.0700338892839 0.0445728840851 0.0462803625104 8.33207750182e-05 -0.628024950097 -0.069266292692 -0.0509795612943 -0.0271567103122 -0.0189164663889 -0.00105636747842 -0.0415424364582 -0.162675237189 -0.0356668353493 0.00689291080858 0.0143023694911 -0.009894078324 0.226236018136 0.0409930803261 -0.016080915345 -0.145789214869 0.0666390732994 0.00461367261567 0.0723185583917 -0.0266972192544 -0.0272990020382
-0.590909777498 -0.0204508456502 -0.0289315759187 -0.0265102991787 0.0174877081507 0.0034611974343 0.0060850450653 -0.67545340442 -0.0735319553798 -0.0109154715928 -0.0296205578491 -0.0132882678126 -0.0160377262461 0.225889042715 -0.17128269813 -0.0302242734359 0.0310721382533 0.0178534294053 0.149896737355 0.16925255202 -0.0394436078449 -0.00578252541957 0.136264047745 -0.00855515885057 -0.0104183427316 0.176458809496 0.00201636366071 -0.0167550047859
-0.576450883305 0.0181202847322 0.0467422893475 -0.00684578215327 0.00216056595337 -0.0159068394251 -0.0142747115588 -0.714652974246 -0.0844440134432 -0.0454438693993 -0.0903172081324 -0.0193580094761 -0.00626754188315 0.156063302218 -0.128987617583 -0.113002128363 0.00099366006588 0.0251100608252 -0.0744543746701 0.192844691044 0.0088625350622 -0.00946980088838 0.0364264817633 0.0418433970476 0.0133008566415 0.186828782827 -0.0223441629416 -0.0152519321457
-0.589685004266 -0.0650846758437 0.0123321591108 -0.0517198672283 -0.0269909961748 -0.0362089435839 0.0353264992479 -0.651886145998 -0.0468135385368 -0.0686134166038 -0.0678400990734 -0.0174870467559 -0.0222376364306 -0.173359959546 0.0500003734172 -0.139178458069 -0.00772924563022 0.0071037293838 -0.31629016223 0.208607922584 0.0465682239934 0.0142393558615 0.00527502983808 0.0770951849563 -0.00289021565133 -0.0047956672402 -0.0180098111161 -0.0193312490992
-0.305768235035 -0.0142286719066 -0.00188523517985 0.00511958359245 -0.0654272147156 0.0135634738066 0.00287165865262 -0.309032300029 0.049492586225 0.021478380254 -0.0529595205862 -0.0118575940725 -0.00457830693994 -0.591369773061 0.0584503075609 0.0326046440379 -0.029367197406 -0.000686148388342 -0.421649792919 0.0297291464176 0.0371156745093 -0.00338950944029 -0.301524780224 0.0219623049498 0.004268962931 -0.416955474161 -0.00523539516366 -0.00186470013523
-0.455491263268 0.0096566186353 0.0102884532996 0.0514258795229 -0.0125052465657 0.0261509680375 -0.00813788940586 -0.583860202134 -0.0257625703649 -0.0127648814398 -0.155014181612 -0.0213568685676 0.00549789120803 -0.285489691801 -0.112163501385 -0.0436020498886 -0.0512582404966 -0.000632398646755 -0.400096724597 0.133095839328 0.0546170483518 -0.00207388857523 -0.265677236474 0.0382384037698 -0.00266636593376 -0.26637752578 -0.0107610648714 0.00476839286622
-0.496214378754 -0.052961169626 0.0984326545041 0.0765633056653 0.0481493872361 -0.00561830686787 -0.00365561234151 -0.369524686547 0.042292627386 0.0442008420364 -0.0326734273631 -0.00315626765962 0.00389338279696 -0.408564194937 0.176596500388 0.0717350744794 -0.0131402141822 -0.00562332040489 -0.254189877914 0.0842512338586 -0.000244843958299 0.00640240828375 -0.344853830498 0.0224784431224 -0.000358805181334 -0.442813615284 -0.017261544175 0.02538023643
-0.461863665987 0.0451866752873 -0.0972158763422 -0.064187918341 -0.0484929470378 -0.00944422779594 -0.00860954995281 -0.373313511196 -0.0275102622289 0.0403485229605 0.0516076835095 -0.0300007757588 0.00137874317094 -0.471877975118 0.103855012975 0.0934618605203 -0.00129106743241 0.0070532978044 -0.2560635495 0.11521903371 0.00808293229365 0.00653287756102 -0.24896249492 0.0148480287434 0.00906980063312 -0.489223560993 5.81114210513e-05 -0.0205712521023