-0.00608366310703 -0.0352199934767 -0.0246925922823 0.0330337447506 0.0669896804668 0.0228198803181 0.0224739517988 -0.270358637075 -0.135627506099 0.0418506666841 0.544437807098 0.100481322402 -0.0213515184173 -0.24999132153 -0.369633251488 -0.384204857991 -0.0400610778059 0.04591507193 -0.130923541883 -0.22963605 0.0712821658886 0.0135954701005 -0.394930064761 -0.06906898419 -0.0678959910949 -0.0168914025607 0.00257259435597 -0.0083982120575
-0.34747949754 -0.0127035695079 -0.0561069534939 -0.0375664634623 0.107333987591 -0.0195670660896 -0.00131730522597 -0.361879595458 -0.0950394364734 0.00766080718178 0.00748798674231 0.0555594369326 0.0102896645368 -0.210221805592 -0.176680985297 -0.0999978481342 -0.0670944275272 -0.00144591181641 -0.211320989702 0.0441796310413 -0.0136084529587 -0.00607815947363 -0.760172210196 0.0100953088581 0.00292728044744 -0.0592291588332 0.0145823407923 -0.0299854930147
-0.274946472394 0.00355867192861 -0.00429376350029 -0.0024589542517 -0.0508505721554 0.0123136472348 0.00364381706692 -0.346776872042 -0.0963271936178 0.0467013724344 0.0592623491007 0.0521844755799 0.00806129611514 -0.206152007642 -0.252405343739 -0.164009436196 -0.0394110589259 0.00267618758131 -0.219591891864 -0.0186916306213 -0.0133485860701 0.0010178494794 -0.755242127229 0.0206946550468 0.00482298226712 -0.168788456689 0.0237211071669 0.0170880927926
-0.474666567758 -0.0323355903125 -0.080361828196 -0.0164934600778 0.0513247969064 0.0383114821592 0.013232374063 -0.667810917884 0.0379674355232 -0.120375372428 0.224068968494 -0.0703718716492 -0.0219325418046 -0.139283544299 -0.173960123947 -0.313659345313 0.00564519471545 0.0404485848756 0.0473719181882 -0.215279521991 0.0599572000013 0.0148884820355 -0.175150351855 -0.0532798899186 -0.0594316640476 0.057291383488 -0.0140949358972 -0.0494774989145
-0.460574337432 -0.0368346009325 0.0588290344622 0.0179296093072 0.0602609714744 0.0117876414325 0.0169042778111 -0.733083152018 0.0336200836321 -0.0245931430867 0.323612071485 -0.0752998668189 0.00234822462411 -0.0957415473569 -0.185301944785 -0.161178887641 0.0392280867038 0.0483876995213 -0.0473113460923 -0.158766604325 0.0132220450391 0.00925923181837 -0.122451900593 -0.0918286015944 -0.033964325077 0.0512802157669 -0.0216443174756 0.0195743052082
-0.397157918458 -0.00721076649122 -0.0669281922305 0.0166908370226 0.112839348184 0.00125907555228 -0.00247688595398 -0.333484553724 -0.0180500592695 -0.00570817689857 -0.0082425945261 0.0107122864918 -0.00670764779387 -0.211684192604 -0.0310016574232 -0.0579639269113 -0.0359922693341 -0.0047670738123 -0.523645763871 -0.133271963043 0.00587463437606 0.00227948256703 -0.593445825224 -0.00495143499646 -0.00361845450562 -0.131282561578 0.00350123489519 -0.0316060676599
-0.219609426802 0.000766078719232 0.0040557520897 0.0101764722606 -0.00659415887517 0.000597336776343 0.000554954421319 -0.22901837802 -0.0432618831184 0.00359034729666 0.0233499046345 -0.011519442815 0.0133338763246 -0.473506870548 0.0396043437145 -0.0180607768892 0.00213580941903 -0.00104622711154 -0.419850731141 -0.006607059783 -0.00707677608516 0.00080220951037 -0.570772928305 -0.000223705450993 0.00138106678499 -0.410052975575 -0.00253075413907 -0.00238451492408
-0.245284385897 0.00761577971385 0.0233670016243 -0.0434165212537 -0.0262367023242 0.00323544697183 -0.00656229354557 -0.254938066292 -0.056142943219 -0.00184416379665 0.0764404168106 0.00141854306278 0.00726543754834 -0.489029433116 0.0725597407586 0.0278277871437 0.0109396278012 -0.000262565508061 -0.333676362991 0.0333746728364 0.00753836673347 0.00361798091268 -0.562051065923 0.00343512877908 0.00286113834267 -0.43450600464 0.0012467527951 0.00263342790914
-0.329781059533 0.023102734788 0.102220522456 -0.051121707504 -0.0438459936672 0.0167829735122 0.00164523730904 -0.319278904649 -0.00721144391869 0.065877500777 0.0813836007745 0.00342133172026 0.00769780205366 -0.470195094467 0.0833668639591 -0.0707809405264 0.0111199788696 0.00612122117059 -0.343874840065 0.0317541363989 0.00318832323873 0.000963571896126 -0.575953731968 -0.0125737048592 -0.0025793518084 -0.278593004045 0.00321910704314 0.0207498803018
-0.62527478923 -0.0402289185671 -0.091996417141 -0.0440766986049 0.0293472747582 0.0449346735651 -0.00417279256355 -0.532427298486 -0.0251914472529 0.0150873395357 0.0663842949134 0.0143286257763 0.00680584791763 -0.000740638635891 -0.124690070907 -0.0539266699087 -0.0376245136778 0.000392217406634 -0.000963311749936 -0.00378623474008 -0.0158161865047 -0.000920789612544 -0.520456217034 0.0206287775373 0.00511489615775 0.112603747205 0.00664098735948 -0.0303520917724
-0.429658640925 0.00681523459448 0.0133710553899 -0.000671240512981 0.0523221063649 -0.015257844522 0.00629802854015 -0.519597228649 -0.0868106537784 0.0240134135466 -0.0196904985453 0.0432839786457 0.0159899329341 -0.237816761757 -0.189284987043 -0.169412884482 -0.0401692613411 -0.00432619700719 -0.128588003134 0.083630081967 -0.0033547573215 -0.0166838832421 -0.616416719358 0.01901800462 0.00536309501739 -0.0598302150183 0.0292614484236 -0.0146212877974
-0.442249087739 -0.0242612913028 0.00106215629278 0.0329163227455 -0.0128814483411 0.00127763547199 0.00504825439009 -0.544738733361 -0.0792917174396 0.0252850233233 0.00381864796001 0.0462953035494 0.00522288482952 -0.217883424907 -0.265489593979 -0.153135126308 -0.0447516612028 -0.00577479605995 -0.093022708926 -0.0326883652409 -0.018312743435 -0.00838177549035 -0.577922129407 0.0206239211313 0.00720024211638 -0.0880230779362 0.0289915243151 -0.00813083402587
-0.466112133192 -0.0018353350952 0.0176740782686 0.0262620067334 -0.0145631611327 0.00936401156926 0.0155782781591 -0.596847108062 -0.0742771504515 0.0455037089288 0.0133707972246 0.0324892752674 0.00462277221086 -0.060946744063 -0.234211864504 -0.169569773432 -0.0184643034634 0.00540558201798 -0.152130879013 -0.0564879991836 -0.021858014167 0.00478037945704 -0.547723489104 0.0115571476682 0.00337242561684 -0.00233724879357 0.0271090690274 0.0265768027995
-0.660910325983 -0.0355800190599 -0.0966366571411 -0.0228183282937 0.0347920632449 0.0282332366369 -0.000533610140967 -0.655870416427 0.0162372888567 -0.0587285787507 0.0939394016887 -0.02081598073 0.00435517688026 -0.0113870069945 -0.095002608347 -0.177344910091 -0.0017540339052 0.0190518690871 0.177684508099 -0.0441701276257 0.0344916762587 -0.0141216706347 -0.138250037431 0.00486964642495 0.00944124873338 0.103659785574 -0.00388750215905 -0.0322198216685
-0.526925758692 0.0562483600431 -0.000169063708796 0.0594057185797 -0.0407507686462 0.00834686191132 -0.00790577922718 -0.660077662667 -0.0397764343905 -0.0594652944454 0.136968985049 -0.0206024975302 0.0330524753118 -0.0491126064384 -0.131712504979 -0.209431289532 0.00360704724424 0.0422483317892 -0.168824843326 -0.0679750085764 0.00623721266999 0.000406659613292 -0.372592902739 -0.0444003832852 -0.00492467550478 0.10762861915 -0.0330699066893 -0.026181681458
-0.553932268886 -0.0134607065038 -0.0163383608606 -0.0723764609711 0.0319352241893 0.000645343947256 0.00460666224041 -0.576403968421 -0.025809089816 -0.00778769294717 0.0934200335184 -0.0208195563163 0.0373951568581 -0.0504988772377 -0.241567468193 -0.171363874124 0.00180425874208 0.0263453122219 -0.132520791366 -0.0638956594783 -0.0431922694222 -0.0153931685924 -0.463026796743 -0.0194451008583 0.00218697120661 0.113264439237 -0.0236219272921 -0.00502516810094
-0.596629575223 -0.0120321971342 -0.0249513982857 -0.0066272797841 0.0210687803973 -0.00346422127294 0.000925848183158 -0.704118614199 0.059488667042 0.00801198737747 0.150621644964 -0.0140350757504 0.0231752841315 -0.010581601991 -0.0904765884129 -0.154846486846 0.0172798229425 0.0378336023648 -0.153293375365 -0.0934007251075 -0.000133816348865 0.00233851778215 -0.203255870482 -0.0256184660369 -0.00833992387771 0.1034061611 -0.0255919642264 0.0183856961424
-0.631147995275 -0.00101422842983 -0.0674170262527 0.00950909230365 0.0803288540548 -0.00184888134366 -0.00268944958705 -0.568401033913 0.124362181354 -0.0288836037564 0.0965447969921 0.00596155994466 0.00174415314762 -0.249698252208 -0.0943805800021 -0.301030513384 -0.013993955689 0.023006979996 -0.160112195489 -0.169023624805 0.0114058828222 0.0133412864946 -0.137440237998 -0.00707787263873 -0.0452873539995 -0.0225950242619 -0.00299004118307 -0.0564636303385
-0.39240564598 0.0308229418305 -0.0485272979177 -0.0109011468631 -0.0134800781547 0.0167630302038 0.00281412740554 -0.519484382698 0.0990505300466 0.0114925233961 0.123478744619 -0.0126077807699 -0.00755209361678 -0.418097002572 -0.121361413259 0.066120461736 0.0281180275345 -0.00778839472145 -0.0874440214665 -0.160217582349 0.060501242486 0.00834703381206 -0.339647664933 -0.0214960110805 -0.0110502691174 -0.445538723006 -0.0112283440283 -0.0217862288208
-0.4413604256 -0.0216463919698 0.0755985027304 0.0421125381074 0.043630312474 -0.0247615286912 0.00818156098719 -0.544681346971 0.0161761690615 -0.0406207075426 0.0969123423947 -0.0135616730812 -0.00749744148329 -0.396899373701 -0.142796375493 0.0953336402129 0.0486989099408 -0.00430648008202 -0.0041340405854 -0.173762442857 0.0530217480072 0.00854663684477 -0.319634122968 -0.0278019062696 -0.00181069408222 -0.400968946707 -0.0147245844875 -0.00316798360648
-0.569834632599 -0.018944099426 0.0670149254005 -0.0320861406722 -0.0357210556073 0.0248186883966 0.00759410809255 -0.703424954461 0.128949453268 -0.0425531606033 0.116993663504 -0.0039844653251 -0.000626987150038 -0.247544577861 -0.0767894168565 -0.0467989232011 0.0294479691532 0.0345827358486 -0.244125730721 -0.0229953144444 0.0309251950093 0.00568830294445 -0.0599029064673 -0.0390345355846 -0.00881975301296 -0.0453238975159 -0.00493626868228 0.0264331069006