-0.0340825229788 0.00058163215206 -0.0930954962179 -0.0825646160027 -0.0964267360439 0.0204399489255 0.00751351632984 -0.00219118896388 -0.0105933686701 -0.0172370007566 0.0305403846352 -0.0033577292841 0.0325074730255 -0.0133911342476 0.0356374621217 -0.00668724098526 -0.0365605422871 0.00876126250906 -0.467739348845 0.705286545789 0.110473174834 0.027947362225 -0.472016450286 0.119027654343 0.0225130714787 -0.039644011154 -0.00298986395658 -0.00324160565555
-0.550640347006 0.0207815468726 -0.170365488541 -0.0511805912078 -0.0792396728938 0.02178241167 -0.00858763591083 -0.516561754897 -0.0369887609794 0.0575271876791 0.103348652559 0.0908342544361 0.00356062499341 0.0593481931088 -0.0276150778787 0.0548440822205 -0.0588811725992 -0.0149330105588 -0.0829652943234 0.489222632496 0.0577981366322 0.0230425381527 -0.314166693775 0.0655959709303 0.0116781787391 0.0547095214753 0.00153850457304 0.0149187803121
-0.228369957111 -0.00201318354881 0.0137423115965 -0.00805665468087 0.00932061176731 -0.0013118161474 0.00512319283602 -0.273206147557 0.0152538843627 0.068608194806 0.0469361700889 0.0385716979885 -0.0140302175416 -0.283105528321 0.128743650936 0.135101538561 0.0257214353129 0.0125645435151 -0.564293919824 0.37708111883 0.0673597769168 0.0147453420483 -0.524871796122 0.0737864599078 0.0197614257902 -0.0387797586684 0.00282463001073 -0.000439641491689
-0.373286642369 0.0143144713466 -0.140081116766 -0.00955098828914 -0.0348238708583 0.0188792809704 -0.011939532261 -0.340376060467 0.0486218223544 -0.0621285574852 -0.0665480183778 -0.0538429214852 -0.00137088643619 -0.00310538000911 0.121613313848 -0.0290038029518 -0.0447915499762 -0.00350087616624 -0.54937773996 0.515887630616 0.0319159212036 -0.0026852766004 -0.335740743433 0.0444526923245 -0.00584289053212 -0.0838541449765 -0.0159740110637 -0.0309414767294
-0.441155814223 -0.0626384507329 0.109329421333 -0.0482908761958 -0.0631728008668 -0.0115489942095 0.0365419489713 -0.458537148309 0.00983478150358 -0.0787786483787 -0.113490607539 -0.0488610780234 0.00660053445038 -0.122878242952 -0.0521762322477 -0.13006902479 0.0145207496352 0.0377760829347 -0.426071216461 0.463765760869 0.0895568220272 0.0334593948908 -0.312708307009 0.0752905446433 0.0281013334742 -0.0587937761534 -0.00291787788515 0.000840326351117
-0.624661985717 0.00622825608251 -0.0855172463322 -0.00679048538689 -0.0649334990815 0.00182990530452 -0.00854194640554 -0.458974360396 -0.0184425722746 0.0226338317271 0.0134598510984 0.0177848304333 0.00884734352189 -0.0629073878153 0.0381223861531 0.203920130237 -0.0493835726729 -0.0113295830976 -0.211282028399 0.353240436012 0.0213135247096 0.00321546295078 -0.404647118579 0.0242704687701 0.00297692099697 -0.046221130695 0.00466570677287 0.00899751706043
-0.175808839119 0.000997772339985 0.00518585582369 0.00120282892866 -0.0114735950585 -0.00927156870352 0.00537461919189 -0.177971644575 0.0135696837021 0.00659791253567 0.0158343815983 0.0146737854885 -0.00161419523621 -0.547573396378 0.0230423779874 0.0225482578407 0.0069143562362 0.000373638076977 -0.536453971117 -0.015335805268 0.000335513923403 -0.000732069948847 -0.44474592582 0.00630325631625 0.00176860107282 -0.38598419361 0.000199446805684 -0.0260175983414
-0.157193374529 6.54779789994e-05 -0.00560126778492 0.0238866107801 -0.00656602692831 0.00463250917573 0.000531220579018 -0.157844391499 0.00737607997071 0.00286832545201 0.00408981338741 0.00198590621472 -0.00627508193486 -0.4812207052 0.0226307731625 0.0388346425295 -0.00143288113289 -0.000373862999626 -0.51095045981 -0.0296461941627 -0.00234821283744 0.000404294519252 -0.521294385298 0.000923406177639 -0.000622698354506 -0.425693918225 0.000967166804806 -0.0327077103169
-0.287737052667 -0.000754844409415 -0.0193990791954 0.00897632372214 0.0494532608075 0.0139214836348 0.0053856664486 -0.274904214267 0.00436856638642 -0.00171582401453 0.00439351312337 -0.000335413778836 -0.00196477083104 -0.358040261418 0.154524668342 0.190232908489 0.00372767870322 0.0176270776152 -0.546793568167 0.240013535377 0.0257135385682 0.0141542828252 -0.537476582105 0.0410953094797 0.0161151368551 -0.0355007775311 0.0154073743497 -0.0100725339322
-0.732802976454 0.00087126723187 -0.100291850675 0.0575880606679 -0.0456872766544 0.0393247863287 0.0013311657007 -0.506594175805 -0.0070389404495 -0.0326484463829 0.0480819605792 0.0127913523994 -0.0116190662518 0.102330109391 -0.072995945438 0.0551007673883 -0.0742061271053 -0.0144333632137 -0.0205352597507 0.316522416921 0.00193991778767 0.00343026684951 -0.239074567284 0.0172928449524 -0.00370745486624 0.0504824993575 -0.00880635985085 0.0188434024174
-0.590003470944 0.0185907060326 -0.0154996591306 -0.0421295135072 0.0217085549297 -0.00869509082825 0.00686154495956 -0.673415108898 -0.00751866335598 0.0431082043686 0.0590842281806 0.0221859612485 -0.00680350362648 -0.0892625500012 -0.0236275360022 -0.177237234139 0.0663896771431 -0.0124292538119 0.0218958095145 0.280497335524 0.029409947565 0.0281135750971 -0.19026074456 0.0852533816985 0.0162883806431 0.129800046018 0.00121692167281 0.0601015034755
-0.40737462636 -0.0319998218907 0.0184018046074 0.0500555896695 -0.00799475121017 -0.00922168825587 -0.0170865972215 -0.550751177533 0.0161094053617 0.0848246662748 0.0495068672723 0.0353528819193 0.00683138908087 -0.173062187623 0.0694885656397 0.0502452737382 0.0394905590193 0.00255984839973 -0.451497575927 0.326843100883 0.0822003484641 0.0181410381864 -0.388851239761 0.0787949229443 0.0237761024163 -0.0100605877074 -0.00467314991067 0.0217538751097
-0.406926942739 0.0247275306486 0.00125411060858 -0.0622360251158 0.000565750726435 0.00118527552107 0.0112340221103 -0.423113984148 -0.000534107031911 0.0489401357241 0.0297422099793 0.00791017370042 -0.0013793224154 -0.268830028765 0.15582746299 0.191761049331 0.017262334944 0.0157160837239 -0.460294765723 0.300514451682 0.0424047589718 0.013809355933 -0.45107476793 0.0591068608539 0.0157239190076 0.0335271562746 0.000716900702383 0.0324687915524
-0.619909240733 0.0196282229727 -0.101700014929 -0.016128936153 -0.0199893277154 0.0213682575584 -0.0127343316059 -0.474059018793 0.029158729071 -0.0361633052584 -0.0235714580934 -0.0197172902228 -0.00736217098141 0.0391608897821 0.12668476948 -0.000325983574974 -0.0456086351703 0.00227607465096 -0.39865958851 0.379231418059 0.0195238118285 -0.0233105561375 -0.226952882942 0.0197788593186 -0.0192954967515 0.0060959428253 -0.00944701121445 -0.00901447159625
-0.486014598083 0.033429637921 -0.0522529665962 0.0494683407428 -0.00538894722529 0.00921529252334 -0.0143252336861 -0.620408588966 -0.0437414965505 -0.138637441541 -0.035819153267 -0.0277625602162 -0.0126704381667 -0.0415230922891 -0.0136106032521 -0.128821031414 0.0252636576244 0.0321489156303 -0.410167487846 0.317563737363 0.0303917692583 0.0326684139909 -0.231795331829 0.0248353136803 0.0250263185772 -0.0322047000313 -0.0330521637208 0.0238324467844
-0.678483216176 0.0216685851365 0.078729559091 -0.0405451476404 -0.0497928991211 -0.00524794194671 0.0130837258412 -0.611340579758 -0.0800691528728 -0.00797418243876 -0.0699288337525 -0.00184836672971 -0.0139414119415 -0.0125103885945 -0.0532676446153 -0.144036598274 0.0650368931977 0.00829807241582 -0.156939643838 0.216357541897 0.0540165409209 0.0382558285446 -0.183829844511 0.0074310580705 0.0190220801752 -0.0280888133016 -0.00932950623203 0.0665081232346
-0.459659347743 -0.0236833858065 0.0472040738009 -0.0523601585836 -0.0233693148461 -0.00207036692754 0.0164886839762 -0.455896260727 -0.00566946584502 -0.0513601550749 -0.0269145512557 -0.0042167240051 0.00172855975569 -0.154931753463 0.0725451135117 -0.0102630202776 -0.00059651422553 0.0376962275866 -0.523192499499 0.382371706337 0.0505418267543 0.0280800642913 -0.335554578625 0.055185434423 0.0328836788848 -0.00170167313023 0.0111211580234 0.0133671204093
-0.450369460394 0.000438424243835 -0.0129277735607 -0.0324595837367 -0.0829516632502 -0.00162579854834 -0.00859382709673 -0.30850272705 0.000695601301501 0.00266622629593 -0.00261016069728 0.000142735915519 0.00965764771081 -0.28457256792 0.205425772527 0.254838629185 -0.0262656888151 -0.0120221024058 -0.435727321423 0.29215193427 0.007196554491 -0.0119938217307 -0.472218954278 0.0280122497881 -0.00855841783387 -0.0567662695354 -0.0018471519729 -0.047620099211
-0.1971680706 0.00133737978417 0.0067018439644 0.00493615982972 0.00178688061345 0.0152719996673 0.00111729118538 -0.200559549635 -0.0145248528581 -0.00510403763409 -0.00255282274301 -0.0149227844478 0.00935920775761 -0.567105551188 0.0080334605746 0.0122888603666 -0.0123931849519 0.000811878111918 -0.50672827783 0.0278355657785 0.041269732464 7.62847331698e-05 -0.505567314746 0.0380800300814 2.33352728261e-05 -0.283419942904 -0.00138772614009 -0.037825789975
-0.42663235582 -0.0229996333792 0.0136641354082 0.00190457340838 -0.0194139607568 -0.0286294620123 -0.00331109649732 -0.463031742029 0.0127565485863 -0.0189261366479 -0.0291420117871 -0.0552638988271 0.00254079874996 -0.259036760733 -0.0796626455424 -0.123834350174 -0.0600246172427 0.0056404096388 -0.462533747684 0.254508976378 0.061331479529 0.00187862239375 -0.450720674968 0.0434237625632 -0.000988888350484 -0.120935967101 -0.0424445371429 -0.0295437356412
-0.290723461428 0.00180418418489 -0.025880319992 0.0196818496788 0.0457465686557 0.0119032295219 0.0168164922718 -0.275512047255 -0.0116342069867 0.00188549576889 0.00836319203426 0.00164533668159 -0.0122778835426 -0.359296020769 0.152696311931 0.186825737304 0.00350554921644 0.0128772649447 -0.54295949747 0.243607254645 0.0259371225296 0.015356393027 -0.535637288721 0.0399025918779 0.0164101971409 -0.0401816035879 0.0252612004135 -0.0454058433862