-0.0237339733699 -0.0321342588764 -0.0350628045008 0.142308118498 0.104616799345 0.0105140685763 0.0267187164691 -0.113987617989 0.124856671251 0.1462268239 0.301704182538 0.0465964333708 -0.221598205192 -0.127846850164 -0.041515529668 -0.362976945299 -0.255190404758 -0.0466407745803 -0.228135271857 0.562442404124 -0.106675236362 -0.0833588011759 -0.357046713004 0.148971349502 -0.0854549908305 -0.0643524451358 -0.0745531916673 -0.0487498986981
-0.513504899497 -0.0252948921154 -0.124693178518 -0.0907053569947 0.0175860698928 0.00925795885496 0.0512610818406 -0.532672474898 -0.086197035957 0.0126992090121 0.095982468146 0.0690171189882 -0.0488126658153 -0.292642334659 0.0454800983099 -0.288559075716 -0.0741949977693 -0.00898654803939 -0.324013105598 0.19272576231 0.0194889914832 -0.0511504692039 -0.238639011425 0.105561509403 -0.0290514651962 -0.0573529067288 -0.0109183096356 -0.0845948137524
-0.464452557779 0.0643507897475 0.187289322571 0.131131576999 0.018695735873 -0.0281399177993 -0.00607320587111 -0.490242562298 -0.148043770394 -0.0237761519409 0.0950154118583 0.0774571163378 0.00783054878129 -0.36292908257 -0.223692506968 -0.2292483826 -0.0648845217287 0.0100927264695 -0.278756749622 0.100846154319 -0.0495768050039 -0.0176683340013 -0.311974382713 0.0989422498977 -0.0246274446739 -0.107500069981 -0.0119482276075 0.00958638974529
-0.464209106087 0.076988301169 -0.116865878529 -0.0651183707018 0.112861765907 0.0203786275234 -0.0227718471551 -0.587852296288 0.209163843587 0.111727325936 0.0613406263036 -0.0680313159507 -0.025937445534 -0.275187410338 0.220329966233 -0.158406444117 -0.0961246281859 -0.0270932070562 -0.190730695565 0.319873458109 -0.00225770289406 -0.0194996970787 -0.150634025806 0.0359065855878 -0.0275725708604 -0.0762758136742 -0.0392999055166 -0.0749757059684
-0.532811184946 -0.0803632606586 0.107282608061 -0.0250129694462 -0.0455002401655 -0.0501819958654 0.0395857739451 -0.706012063917 0.26285240698 0.0574983957589 0.0197220792093 -0.0329757937642 -0.0788242581197 0.0982060131232 -0.124274710397 -0.0725198176064 -0.0982994856843 -0.0511146064841 0.0235078913903 0.216243172547 -0.0823450713098 -0.0340560432108 -0.0661464276574 -0.00493902727034 -0.0239615721203 0.0904915284531 -0.0387141724134 0.0168590440808
-0.629683865992 -0.0245295357679 -0.109285952266 -0.0891499521011 0.0615820221139 0.00629426658676 0.0288286781765 -0.489447677646 -0.0389982722946 0.0244279984595 0.0252090098283 0.015006252576 -0.0211417723148 -0.30391783951 0.164677034065 -0.162899879875 -0.0318719219904 -0.036445461647 -0.282277904769 0.23525714467 0.0138356790365 -0.0297544304824 -0.194122699211 0.0421151406044 0.00129885789367 -0.0312798717348 -0.00195870000092 -0.102216779043
-0.280514571569 0.0283062029028 0.0701350557966 0.0705961775295 0.0139074784387 -0.0180047957901 -0.00768568067292 -0.272561428443 -0.054932154894 -0.0638421548699 0.00146380540954 0.0142476978927 -0.00987592849308 -0.609169261774 0.0401140331376 0.0107783182018 -0.0329144433935 -5.68464680401e-05 -0.34893274375 0.0310412807206 0.0257403861773 0.00267190336584 -0.402277371964 0.0328068044037 -0.000137346260518 -0.409591921773 0.00323671384079 -0.0195592109785
-0.282657116947 0.0447966367794 0.0613868786155 0.0737612865953 0.0672404696396 -0.00215499473758 -0.00537533534926 -0.263728885689 -0.0803785784634 -0.0572881935305 -0.0293755257475 0.00334774018155 0.00050439835302 -0.619327857339 0.0421822185755 0.0283464884166 0.000931507158565 -0.000906820655015 -0.27411417175 0.01613689325 -0.00189232391188 -0.00317681758597 -0.411818948433 -0.00595569104046 -0.00202751346425 -0.439103569118 0.00238007657989 -0.0121705766771
-0.281881758503 0.00445820842366 0.0887330059677 0.0560154145858 0.00443659203165 0.00273240289001 -0.0146389379448 -0.250159163564 -0.038481629163 0.0185740558954 0.0138767358415 0.0195104612836 0.00434777740617 -0.565357980259 0.055589322336 0.0368160550646 0.0189851436919 -0.00472269565641 -0.408157438256 0.0450649381138 0.0111579041585 -0.00544305844795 -0.405445978994 0.0174584999541 -0.00635434395623 -0.431419850843 -0.00257738332614 0.0132557905733
-0.783012532628 -0.00895667033073 -0.122074473331 -0.0525404686848 0.0793282307389 0.0177464449562 0.00190101066689 -0.489625522341 -0.0120825864497 -0.00160848496047 -0.00367705676684 -0.00867185331987 0.00371313861895 -0.138360377437 0.0965670546276 -0.181314065349 -0.0498907243407 -0.00822498155928 -0.196072286464 0.106509688235 -0.00405505600773 -0.0169950467336 -0.0607523773386 0.0287048858456 -0.0130318899191 0.0189977548373 -0.00353488503608 -0.0591642686786
-0.570319638872 0.044429290033 0.0538806298297 0.0102111854062 -0.0274143535171 0.0239916153558 -0.00300198383231 -0.725291573646 -0.046751025233 0.0321019922266 0.0850666820945 0.0502952967624 -0.0254656144766 -0.167797711369 -0.128228822608 -0.1905963408 -0.0115300325781 0.0203199529886 -0.12077613674 0.0574934162085 0.025426818724 -0.0268425318913 -0.138744774123 0.0851360156125 -0.0222469074746 0.0263809265168 -0.00263291538361 -0.0176775605712
-0.599318453944 -0.0641381440941 0.0150288717267 0.0812299428065 0.0132651699844 0.000900878744114 0.00140902049438 -0.706392942728 -0.0936387490437 0.0187278168914 0.050736815837 0.0195241874978 -0.0081328007169 -0.159119983474 -0.234998047833 -0.149593565262 0.00372924386366 0.00319431325867 -0.0176209357454 0.0523094949052 -0.0325276530019 -0.00433738534658 -0.0251508236343 0.0404118281383 -0.00441113019332 0.0956398417784 0.00597654823735 0.00567316590449
-0.551327034488 0.095284413285 0.104576002156 0.100086907562 0.0286348201189 -0.0263867064992 0.00310560530847 -0.509078772961 -0.0738756230607 -0.0797450553131 0.00497712057345 0.0259471918492 0.00168579748547 -0.342291563826 0.102639285974 -0.152815709502 -0.0835548098499 0.00726223743035 -0.366961109067 0.0763274041939 -0.00283614887709 -0.0127330066566 -0.295278333189 0.0552621432403 -0.0158508340828 -0.057610178697 -0.0138554556238 -0.00735302806747
-0.641519110044 0.0191148122389 -0.110891453647 -0.0815408462592 0.0109475180841 0.00655147408628 0.0127769260264 -0.468368835171 0.0372079346343 -0.0258570126878 -0.0037884559829 -0.0157489532181 -0.018733452783 -0.291216221401 0.251901024987 -0.136528448419 -0.0309391061958 -0.0113096453075 -0.249086932593 0.168557536717 -0.00962659657929 -0.0211420881447 -0.276264487436 0.034168850336 -0.032773365946 0.0396301298975 -0.0196083728674 -0.0853219179653
-0.549433655407 0.0267348171207 -0.0117561806138 0.0168232362178 -0.00912487328562 0.022838491546 0.0104079729539 -0.733906476525 0.0334196448801 -0.0464633286178 -0.0762227454956 -0.0435266374517 -0.0134023655167 -0.231492754845 -0.09176415588 -0.172207424675 -0.0326504879323 0.00799876494573 -0.140397939761 0.153777879853 0.0575263620203 0.0115734880855 0.0201670803796 0.0357072171324 -0.00285895158882 0.0613171183748 -0.0374414179178 -0.0067817638162
-0.621247877434 0.0187538615307 0.0360216704582 0.0162833093868 0.0479762776744 -0.0264886402309 -0.00140725060969 -0.69831798002 0.0628394209507 -0.048123504002 -0.0202341205711 -0.00582649171678 0.00271474556509 -0.0773668385235 -0.195243298421 -0.0671658720089 0.036885545088 0.0113684037496 0.141477862536 0.0912973028251 -0.0521553855392 -0.00483451853332 0.127555161079 0.00034546777809 -0.000992125695464 0.128299835997 -0.0191319735254 0.021639109513
-0.716430072261 -0.0230411757692 0.099343003643 0.0303439306302 -0.0473594165259 -0.041445475284 0.00827790510735 -0.616951021283 0.0050557957012 -0.0711980418222 -0.0286850746889 0.00291325701133 0.0120473515605 -0.0643813004441 -0.0907411934698 -0.128351331575 -0.0744826756086 0.0279827419571 -0.154021703867 0.0661211925576 -0.0320878122569 0.00229701346471 -0.0938796049906 0.0085050879296 -0.000131103953191 0.0878493622945 -0.0518917699625 0.0326967119829
-0.501816944664 -0.00555698341099 -0.0326052984285 0.0201520833719 0.111838814347 0.0157634116402 -0.0106252065695 -0.393160442681 0.0785293780149 0.0157326549735 0.0248101987157 -0.0305404336958 0.0169562697138 -0.519136771662 0.0704638825237 -0.107940516843 -0.0504306029911 0.0116265034807 -0.419814045643 0.192721965562 -0.0309804149863 0.00109548147033 -0.167817732171 0.0191599746779 -0.014783317454 -0.187651106118 -0.0177564014406 -0.0597000940208
-0.351771163934 0.0337210052791 -0.0251173221225 -0.0221341485921 -0.00300592195157 -0.0189564121543 -0.0237321574062 -0.499037811136 0.134024151808 0.0308306109561 0.039169224087 -0.0580603509754 0.00296568875568 -0.561714478047 0.161478650402 0.0793180364223 -0.0473164281911 0.00757034324395 -0.19662959181 0.187271035176 -0.0022952756625 0.0148596152778 -0.335455680486 -0.0041280170838 0.00543594003097 -0.244671695104 -0.0325009554788 -0.0505806128682
-0.518744375883 -0.00751124443668 0.0133039700987 -0.0034676849361 -0.00788095701179 -0.00606255327229 -0.00214126079088 -0.740992330972 0.0976279597539 0.0631864491643 0.071749431989 -0.028560963966 0.00694483837274 -0.0529433178507 -0.044196445229 0.113713416211 -0.0721304042304 -0.0329997735479 -0.0661948491213 0.2013651893 -0.0297782066173 0.0250655833616 -0.290493334364 -0.0199639559573 -0.00195891784901 -0.0134762395396 -0.0128597151243 -0.0799421245276
-0.518936774281 -0.0114724042228 0.0373675783164 0.00465298292429 -0.0461064673012 -0.0233024220144 0.010909586868 -0.687308212746 0.0735593482378 0.100022970801 0.0515218487407 -0.0290841275362 -0.00548013858801 -0.110956682569 0.0570879391393 0.0224254121197 -0.0625541673239 -0.0349161546402 -0.219778951463 0.216206208585 -0.0122321101404 -0.0393407822717 -0.330899307022 -0.0236139956439 -0.0330630362815 -0.0463214973278 -0.0198939827233 -0.0582350561653