-0.0369652613514 0.026757085529 0.169527082407 0.0839472322009 -0.0196779662036 -0.0350933958722 -0.020583652315 -0.233560969462 -0.225097073586 0.233024786258 0.280229599194 0.0771790235278 -0.0421148948631 -0.125805919447 0.0496503579281 -0.139870861884 -0.13443312981 0.0234414668365 -0.374141758025 0.572005832244 0.0669161342332 -0.0324526038494 -0.42484775333 0.0401689688796 -0.0343546974587 -0.0411948141853 -0.00937306016747 -0.0073406290657
-0.397833459195 0.0136904960157 -0.00659152157165 -0.0334823110702 -0.0613382269784 -0.0347432808493 -0.0248170975406 -0.425913142644 -0.0845207379259 -0.0191270976541 0.066668708045 0.0951002966268 -0.010533990051 -0.351185134018 -0.0559158141681 0.0975367002952 -0.119749143588 0.0148592676624 -0.173276083054 0.257610931326 0.0498226549295 -0.0133559289923 -0.564972374522 0.0773191372807 0.0126787611281 -0.239213119801 0.00398574283588 -0.0113129338984
-0.278474605778 0.00374354715329 0.0514475065415 0.078421711399 0.0652577700893 -0.00080312871763 0.00275186829851 -0.208191763999 -0.0225609585363 -0.0209646363363 0.0356193759708 0.0317242330207 -0.00725048112633 -0.560115746516 0.20073734416 0.135364022819 -0.071543497641 0.00187130380356 -0.311169728438 0.292003683438 0.00532484154608 -0.00651488063913 -0.490887837899 0.0353264261614 -0.00445083039109 -0.243342620408 0.0177484058084 -0.0367541890053
-0.520085218047 0.0167404105824 -0.0321318690174 -0.0127152219424 -0.106914371346 0.0492181130524 0.000615758638835 -0.529113744994 -0.016396023519 0.111525611827 -0.0221210071178 -0.0993316366593 -0.00426219034497 -0.0321278785175 0.0614852549618 -0.0762946398587 -0.00660566206868 0.0105706378641 -0.511614299088 0.289789085046 0.0124060685784 -0.0139717957585 -0.204070371733 -0.0475264280315 -0.0280598298028 0.0827139886291 -0.0221033774663 0.0474886930726
-0.533360087334 -0.0199558708755 0.163380798997 0.0361654670736 0.0637696647374 -0.0700177171914 -0.00549755974867 -0.501854450673 -0.063476806133 0.0806403365571 0.0831531742659 -0.105330754636 -0.025751977731 0.0370389653723 0.0990821739212 -0.107702775862 -0.0665915714101 0.00586007291915 -0.372765728442 0.296830371063 -0.037855278357 -0.0118590827783 -0.366663989166 -0.0254478829491 -0.0190243441228 0.0752334013038 -0.00200363643728 0.00747749467905
-0.399858090812 0.00245478986181 -0.0150279984165 -0.0304702600417 -0.0438278160406 -0.0115989438151 -0.0147096990697 -0.376042190861 -0.0311409357932 -0.0106522132244 0.0363763248275 0.0151497184876 -0.00600496560913 -0.414211152507 0.118708772115 0.117671656539 -0.026064619242 0.00265605730481 -0.30136871123 0.298069738045 0.0136024427579 0.00625417297038 -0.528183793726 0.0512254639187 -0.000293517808707 -0.17518455536 -0.00964109570112 -0.0113276431362
-0.206077106721 0.00178231177522 0.0179244313755 0.0213940639801 0.00204349004913 -0.000417360308922 -0.00433552810245 -0.210076738233 -0.0248740075332 -0.00590136264447 0.0286049259779 -0.0104471674153 0.00573548791887 -0.59552567646 0.0165311231593 0.00871590860564 0.0104970782915 -0.000630812916447 -0.344329422634 0.00469388010012 0.00174414444286 -0.00226049594744 -0.451606608317 -0.00743934502399 -0.00199192036896 -0.482717714878 0.00454749319634 -0.0152427453361
-0.191896363636 0.00215355627073 0.0165815693517 0.0217273486114 0.0210666430713 0.00369121007634 0.000237844232519 -0.193232268799 -0.0286712620241 -0.0156713213443 0.00578496696934 -0.00367705863239 0.00115604073268 -0.530373836415 0.0326316980448 0.0230938426538 0.015179878876 0.000219916872139 -0.440479327314 0.0299018060756 -0.0145116915949 0.00224032943218 -0.483193041322 -0.0138185536458 0.00119966651772 -0.459678865175 0.00422017697705 -0.0162725458828
-0.448239018313 0.00202335880905 0.00325032678075 0.0873211891355 0.0341107074698 0.00549343401436 -0.00767370457333 -0.307789918074 -0.0151352036179 -0.00616223988322 0.0146141176272 0.0022757058243 -0.00955633951761 -0.54787892054 0.184974391929 0.17846498284 -0.0202891890928 -0.00330345686643 -0.245403770606 0.250286081164 -0.00408432851752 -0.00456412953713 -0.399493170989 0.0172798552968 -0.00700706258464 -0.210575462938 0.0276412171958 -0.0163226163323
-0.68847074514 -0.0294503369884 -0.0925330006318 0.00612924232732 -0.0632336000382 0.0383782244803 -0.0130375198592 -0.610694152247 -0.0395707300055 -0.0304306235282 0.0268373614289 0.0248500526099 -0.00824404803566 -0.080034989287 -0.0728856545396 0.0756306992154 -0.0855974925733 0.0194874453852 0.106992278627 0.187309612226 0.0282906076601 -0.0201509363354 -0.233977725217 0.0477279348573 0.0157354948823 -0.0544683777315 -0.00273696802295 0.0304267193164
-0.38124959168 0.00646673911763 0.0113611466057 -0.00102318699187 -0.00209426459169 -0.00790266396443 0.00234539758146 -0.426372999028 -0.0327103563183 -0.00808576919902 0.025190571423 0.0624312156246 -0.00198208003541 -0.373813548098 0.0330314759062 0.0354283404355 -0.0679559052054 -0.00234927655895 -0.532001057501 0.0601119580927 0.0390311841273 0.000739984691362 -0.457458005461 0.0573888638717 0.00404716984203 -0.137021829752 0.0214521989009 -0.0160398920686
-0.323966435576 0.00881542654931 0.00731758564136 0.022188726207 -0.0091426255271 -0.0140347268491 -0.00452799184307 -0.349588859361 -0.00942748014864 -0.0262188995811 0.0291139913074 0.0504495678814 -0.001877576578 -0.424978091369 0.0605705773616 0.00675421519697 -0.086026475846 0.00307003269829 -0.530942880966 0.0096552817992 0.00695250950405 -0.00451911562216 -0.510945264671 0.0342640562543 -0.00114840291946 -0.174153815973 0.00533458623957 -0.0366685500472
-0.48036966967 0.000994633638087 0.0289987406576 0.0585201596403 0.0601696128143 0.00157119642026 -0.00193718921622 -0.343458681865 -0.00506025758692 -0.022179440896 0.0333214172367 0.0143629335289 -0.000869179678584 -0.507886221906 0.178858936751 0.166933077748 -0.0399910661419 -0.00381353329276 -0.198895543865 0.254031651665 0.0018152619421 -0.00978212904942 -0.427009730231 0.0172808134924 -0.00563754945651 -0.178493708698 0.0314570806203 -0.0492534060955
-0.531920029903 0.0619293484019 -0.0497051098284 -0.00584442601338 -0.0389551403935 0.00796806462214 -0.00331871578989 -0.731433809557 0.0397306185627 0.134712625308 0.0888976272923 0.00470851681396 -0.00368554696688 -0.023867979596 0.108372693364 -0.0977571320981 -0.00745129604419 0.006592872159 -0.287147364991 0.159762583932 -0.00695104987646 -0.00397136246545 -0.119606924909 -0.0367277366784 -0.00447325804448 0.000231120406678 -0.0139181841271 0.0242700067611
-0.575281076969 0.0226992647936 0.00314654607889 0.00441182535865 -0.015905715508 0.033234014996 0.00582793160459 -0.745667202482 -0.0811528606861 0.0490920705297 0.0874861784017 -0.0143757029996 0.000838806079522 0.0288116706173 0.00121043484626 -0.014834876407 0.0224585162176 0.0121514287213 -0.190037715848 0.202272105827 -0.00466423507172 -0.00841708593278 -0.0501709937653 -0.0085588492535 -0.0143516018316 0.102986040488 -0.0347727995158 0.0283329608386
-0.582053402075 -0.0270847986841 -0.0272820257807 0.0232328569067 0.0011747680582 -0.0206751104804 -0.00107843426897 -0.68075064428 -0.0753619500779 0.00301474324997 0.0876884911498 -0.00725903280908 0.0131322535599 0.0118844171221 0.0219343402561 -0.0829435302005 0.00119199946059 0.00181439304944 -0.202101961948 0.207673362734 0.0101645095446 0.0144197657847 -0.282678718383 0.00138597775752 0.0102115433491 0.0937154056041 -0.00821235843707 0.0329689738178
-0.684883862785 -0.0291103351991 0.0835442430629 0.0533129920639 0.0445617042312 -0.0338714994912 -0.0143767074316 -0.582817120514 -0.028591929768 0.0335738654696 0.0650007320995 -0.0232752281964 -0.00201704579318 0.01388680518 0.133370883313 -0.0761487051244 -0.0755056578125 -0.00633132599183 -0.222427559676 0.174515251563 -0.026552058727 -0.0139536823324 -0.224184587706 -0.0134197080101 -0.025136115654 0.0926238622789 -0.00353828249855 -0.022837526481
-0.542790006245 -0.0284455457024 -0.0287133375778 -0.0700982261252 0.0155490477713 -0.00640910615109 -0.00474156614649 -0.612223607608 -0.00321288107167 -0.101294775402 -0.066440945412 -0.0392490228321 0.0183350498338 0.0245378766921 0.000616718202915 -0.0287043875099 -0.0320392568582 0.00326841069099 -0.367041837173 0.0866892106424 0.0572097327633 -0.00202522005109 -0.397682966649 0.0124031707142 -0.00600066326881 0.0192014029156 -0.00701619688304 0.0202887169979
-0.455450041503 0.00810954717205 -0.0233451556699 0.0204304726992 0.0172891197038 -0.0152655342261 -0.0077382018665 -0.576134404002 -0.0166376015901 -0.0814811605138 -0.11371657236 -0.0464630668317 0.0163094885018 -0.168264913969 0.0399518296374 -0.00709125057674 -0.00337842156119 -0.00200404322948 -0.474678420911 0.139907986327 0.00479775449234 -0.0128789725892 -0.39953356553 0.0311524253443 -0.0144736745284 -0.0233956994738 -0.00512250449742 0.0174309837499
-0.506683340784 -0.013967559065 0.0506304457497 -0.0293559188333 0.0273989977662 -0.0209668485336 -0.00245919228194 -0.609966747607 -0.00819864135803 -0.067312618287 -0.10645713011 -0.0615254562977 -0.00972228631585 -0.119296702478 -0.0449091236543 0.00269214767671 -0.00683905951468 -0.00366991916286 -0.330014520547 0.151132820446 0.031831662631 -0.00457169360606 -0.438585457117 0.0464622148866 -0.0130482314396 -0.0481825419169 -0.00712346133496 0.0206221659797
-0.614586358495 0.012490998403 0.111249242914 0.0389595222785 -0.0275157921484 -0.0109274592741 0.000473592451416 -0.502438964735 -0.0216371209429 -0.037937349068 -0.0854558753458 -0.0116351847239 -0.00863555424804 -0.00846722621671 0.116458971519 -0.0804158724938 -0.0481138393546 0.0165920554396 -0.494776832315 0.128204036752 0.0205933570506 -0.00488804154204 -0.23061902126 0.0153026456335 0.00766629463696 -0.0838651442106 -0.00640136663865 -0.0236536236283