-0.0230587207339 0.022276160378 -0.182451142722 -0.034070052666 -0.0299653735473 0.0281522803904 0.0371034150118 -0.147885795507 0.0702167722097 0.329363716602 0.222316726576 -0.199734290751 0.0297610048477 -0.0614815231552 -0.141898771255 -0.133523286347 -0.15426480627 0.0349683512203 -0.354505928263 0.631515658775 -0.159920392165 -0.0191487545056 -0.307437834626 -0.111293682811 -0.0577144959271 -0.0756345028756 -0.0527672753444 -0.00619734210377
-0.581791282505 0.03315656289 -0.180552129051 -0.0984862257722 0.0500575330253 0.0137667535719 0.0192577295497 -0.598012015296 0.0655032761233 0.0652986714458 0.141466999594 -0.137468424315 -0.00409660375726 -0.110811115958 -0.0672873875252 -0.141021237278 -0.0901538424317 0.00364807859774 -0.0903771240872 0.173143570807 -0.0466491020981 -0.00487474187011 -0.34658412105 -0.0286851002078 -0.0227119416407 -0.039448330072 -0.0209780875794 -0.0363010611747
-0.615252211695 0.00748029887926 0.0714473360249 0.0342433443436 -0.0549614654962 -0.00943271044759 0.00015021037261 -0.6774030389 -0.0482138407351 0.130440186108 0.0939710541867 -0.0825796205398 -0.00254280913479 0.0728355065371 -0.0539410526508 -0.0297654382236 -0.050735074881 0.0257702502588 -0.145661207318 0.129733252242 -0.0726570843352 -0.00194780600053 -0.226050865035 -0.0441127897142 -0.01936079976 0.0830246059607 -0.0385612071867 0.0261113344684
-0.525270625331 0.0371291566616 -0.179693281275 -0.0275819542294 -0.00997749572928 0.0631299001454 0.00436902287098 -0.579264884561 0.0273823314367 0.122282641438 0.126433296899 -0.0628608715219 0.00432380819104 -0.112860661141 -0.0779793156058 -0.039771139446 -0.0810199183394 -0.00762197684158 -0.303886815076 0.423139625646 -0.0700563932373 -0.0148826082228 -0.0500957297898 -0.0521266455849 -0.0238866283403 -0.0615062697107 -0.0251442052451 -0.0243482547658
-0.485191941587 -0.0308255274893 0.111123807371 0.0839363023982 0.0269714661354 -0.0418592807083 0.0279680948731 -0.525555782582 -0.0348681701925 0.180332166953 0.000221912033937 -0.0627335799719 -0.00331535584467 -0.100841367876 -0.0922604440534 -0.0711733800157 -0.0461864912647 0.0361330254363 -0.356328491268 0.416557119715 -0.0570935787989 -0.0206700206166 -0.265126742444 -0.0567911574327 -0.0331752434544 -0.144081673393 -0.00612185214061 0.0177424926257
-0.724534093056 -0.00178993973593 -0.0974818477673 -0.011083855175 0.0440209755306 0.036259834807 0.00323874851442 -0.599997953444 0.0110952899925 -0.00297286268057 0.0397821235315 -0.00761126231246 0.00753755528414 0.00349959573099 -0.09225442111 -0.119373237168 -0.0849137840893 -0.00361355606626 0.136475373564 0.0999183313267 -0.0228069198433 0.000176986717821 -0.174518674452 -0.013883751076 -0.0151270087563 0.090651013142 -0.0043208870827 -0.0457285392013
-0.633265318583 0.00792348411135 -0.0237587332636 0.00931335957015 -0.0241204850341 -0.00964367490661 -0.00423609229293 -0.705094338906 -0.0304342122899 -0.00178744875983 0.111644891711 -0.00566403847595 -0.00499541580736 -0.114029089073 0.00190856130141 -0.0363919825469 0.0196877418031 -0.00355818364954 -0.189647748076 0.0988430702035 0.0117326965798 -0.0105415521564 -0.142536107931 -0.0122724290608 -0.0372392524152 -0.0642569163416 -0.0160963549968 -0.00115485424638
-0.594208169067 0.0180743480167 0.0198373705704 0.0195557652731 0.00325714655269 0.0431391887633 0.00154622834202 -0.716151890686 -0.0649376564093 -0.0141194561307 0.132731760335 -0.0261303971933 0.00901724074519 -0.126828399798 0.0826913928229 -0.0156751395966 0.0249844456127 -0.00187074621489 -0.237439551178 0.0735582008955 -0.000973412384482 -0.00692471029992 -0.137695110499 -0.0280544250808 -0.0221866350266 -0.0468460499093 -0.00315296364372 0.0138090210382
-0.633402565786 -0.00539160116895 0.068284620559 0.0451276384505 0.0274921931271 -0.0273222046264 -0.00403332798289 -0.678232125767 -0.0469011221145 0.0431773564329 0.0998605943881 -0.0221963485741 0.014339239022 0.0281641257079 0.0437352195313 -0.0705139510275 -0.0229160857412 0.0204647287218 -0.269582761304 0.079123301355 -0.0475983937275 -0.0112061395227 -0.142809523153 -0.0289833576334 -0.0189667757923 0.0606867554538 -0.0216675131334 0.0112066814783
-0.591907516451 0.044369689368 -0.118229985091 -0.00202659192744 0.0406786102001 -0.00603441218961 0.00137476458356 -0.517808336697 0.0851957256258 0.0449411309326 0.0637554785825 -0.00894614193415 0.00301141961417 -0.108385500466 -0.0817445779058 -0.0954122180192 -0.026217332079 0.0153239380008 -0.450350095892 0.188320210517 0.0053169298307 -0.00346095383779 -0.233563338888 0.0105521568792 0.0026714414035 -0.164376947054 -0.0169564641176 -0.041123529619
-0.498416602464 0.0437045835303 0.0540108111814 -0.0441021845995 -0.0100547477971 0.0234958986609 0.0149241417862 -0.542366999467 -0.0913481320848 0.0661915142578 -0.0416121725782 -0.0399914749918 -0.00857404268733 -0.286259402206 -0.0429092017998 -0.0564691952163 -0.0175331605521 0.0136693833516 -0.334267622052 0.0391074631204 -0.0625569262015 0.00604557702767 -0.440336869868 0.0136333350799 0.00796867649994 -0.185640296856 -0.0186907761509 0.000392378937408
-0.590638479273 -0.0292185986759 -0.034404087387 -0.00914491572517 -0.0475165014246 0.0128009710758 -0.0123152411748 -0.641747813576 -0.0726169531027 0.0873903396373 -0.0678639610998 0.0307777541716 0.0131290590336 -0.088385004142 0.0527165422748 0.0219581080997 -0.0252078902081 -0.0101290151067 -0.348282119949 0.156702555834 -0.0402639057064 0.024989770349 -0.227136499455 -0.0224042521738 0.0264540684108 0.0384504181706 -0.0395366863081 -0.015128049494
-0.769639398351 0.0336216186017 0.11415772 -0.0268064215348 0.0308585696314 -0.0244647335668 0.0163590115741 -0.592655252328 -0.019091265127 0.0129872031549 0.0263212079539 0.0161931063705 0.00320235124828 0.115507061987 -0.094045247408 0.00757593777363 -0.0286869676118 0.0163496191251 0.0818911486548 0.036486504063 -0.0123699623978 0.00263623025317 -0.0683644595654 0.0125343115657 -0.0115203187934 0.0294508353632 -0.00930111882484 0.0277188774891
-0.632123980963 -0.00719242519336 -0.124870931396 -0.0842795191132 0.0318051789123 0.035424167201 0.00383664519185 -0.513882098808 0.000876593937231 -0.003689018816 0.0351695952512 -0.00166654571568 0.00740610711732 -0.251800321105 -0.0137569789307 -0.153232248023 -0.0614374003758 -0.010575683789 -0.338699491797 0.271283265254 -0.0504755695791 -0.0105043389933 -0.141407632051 -0.0444873018899 -0.0191540538606 -0.0615786213211 -0.0152455233194 -0.0413660601736
-0.580809888165 0.0241164655657 -0.0311482269636 -0.00473323176335 -0.05622649667 0.00454894779457 -0.00575273423632 -0.760401654899 -0.110288144322 0.0288170477325 0.071654421859 -0.0247845710276 0.013276586286 -0.00783179842559 -0.0622757692342 -0.0166673170227 0.00453662084946 -0.00415313324249 -0.093682724845 0.208293079492 -0.0175502778024 -2.72310265534e-05 -0.0350228249853 -0.0220658284052 -0.00938710042054 0.0406764227798 -0.0236198324143 -0.00108675914689
-0.4989327371 -0.0693549716071 -0.00181764097299 0.0331185064082 0.015870950895 -0.0270776621968 0.0104617038724 -0.755620298584 -0.0687890028134 0.072600981932 0.0925083862041 -0.0183665501594 -0.007507950969 -0.0756980120418 -0.00617049567301 -0.131153332125 -0.00806649393778 0.0160763855383 -0.129771622172 0.236885125243 -0.0173022022934 -0.0141013155074 -0.234513507426 -0.0371890938363 -0.0124140252341 -0.0259840507302 -0.00444005954994 -0.0130359681966
-0.666258671881 0.031435055402 0.146256827746 -0.00653518750956 0.0322008513219 -0.0204344591982 0.0108068974731 -0.566912785243 -0.0407932446498 0.0735588429588 -0.0391592399 -0.0334372450195 0.0107801612558 -0.127870912645 -0.0217028848968 -0.05898392573 -0.0244248161565 0.0195899527862 -0.297729812056 0.24984052003 -0.0601121693149 -0.00830001918686 -0.113088603276 -0.0210984082041 -0.0279937821463 -0.101792941895 -0.00286171500612 0.0214116489376
-0.544527341967 -7.55201628324e-05 -0.00568376851518 0.0884515907912 0.0665088443947 0.0184722056637 -0.00125068843595 -0.409583866328 0.0200093399154 -0.0119001986143 0.0212878544627 -0.0174003978428 0.00107307017167 -0.392230099745 -0.148715828399 -0.184029706055 -0.0655559272488 0.00526507688508 -0.456040624295 0.21876250377 -0.0153268115695 -0.00449942726717 -0.17320360623 -0.0119090796291 -0.00199293680759 -0.144076675462 -0.00313102354723 -0.0256560891467
-0.576178833956 0.0320491335774 -0.0454593867774 -0.0142270578881 -0.033039825736 -0.00722907061664 -0.00273241392467 -0.652997142711 0.0713528374313 0.0105501833128 0.0379426867806 -0.0750334476638 0.0044095938105 -0.0917215455906 -0.0651702787932 0.0821401763441 -0.0741886059018 0.00238530195829 -0.351720194925 0.091234400947 -0.0188406938896 -0.000126005148253 -0.245084622053 0.0322957364917 -0.0069899588739 -0.0757993992561 -0.0238470366891 0.009926800806
-0.526654072329 0.0335510278172 -0.0370157985726 0.00779820541594 -0.089612322147 -0.027191255667 -0.00240160921054 -0.550088117523 0.07991908966 -0.0059651840199 0.0410142687751 -0.0323111864608 4.98863328e-06 -0.108836568113 -0.0870138455799 0.0419079002146 -0.0630457752821 -0.00476869274148 -0.453379652926 0.130976136459 -0.00582654958727 0.00694845757828 -0.353181016886 -0.00245840259222 0.00520636002766 -0.163206889599 -0.013658557295 -0.00196645235381
-0.500288362545 -0.00224639044548 0.0621619823967 -0.0104852366733 -0.0424812108404 0.0118640039092 0.00836873599286 -0.440966162012 -0.014730282349 -0.0231894853327 -0.0154223411558 -0.0182803080314 0.00130366811884 -0.203229792701 -0.21960273555 -0.193417507785 -0.0139307296475 0.0205650021023 -0.489895864717 0.106089140514 -0.000449769158663 -0.0158528322363 -0.403619043979 -0.0155017089483 -0.0107646455397 -0.0722422452309 0.00703658392816 0.0185749989686