-0.0341469289602 0.0293596713798 -0.137123835475 -0.0770312497359 -0.0273469439718 0.0402714423955 -0.0111327598791 -0.313242269002 -0.145762309387 0.369973153936 0.333884664766 0.026089662966 -0.039397205587 -0.0879089668939 0.233809828128 0.0254561419693 0.0403715379272 0.00161133217496 -0.461465611148 0.42096771217 0.136573827293 -0.0279912195605 -0.352544340881 0.0324572515288 -0.0117235140121 -0.030808421805 -0.0079082798134 -0.00406273257473
-0.293646283626 0.0174979301575 -0.0502493993201 -0.0782276622792 -0.0289793091157 -0.00747570943311 -0.0121454715107 -0.255563900841 -0.0417177262027 0.062851376783 0.0400260383982 0.0160221940619 -0.0194710957161 -0.277815318018 0.283042236488 0.200691415616 -0.0210553907845 -0.00106707964906 -0.416635965021 0.257826083045 0.0348107343492 -0.00669970465531 -0.608008214132 0.0337901399527 0.000855823806158 -0.139859717531 -0.0102438395077 -0.0268699187328
-0.33720076668 -0.00924206926154 -0.0437501705307 0.0297166863821 -0.00410281425974 0.0219357248355 -0.00206022061243 -0.344657360355 -0.0340923975031 0.0631704381519 -0.0124052471943 0.0299265872443 -0.0112671944386 -0.491647286809 -0.0618489376721 0.096326238613 0.0557894661817 0.00144046964861 -0.491751080836 0.218471298555 0.175983451822 -0.0103858225905 -0.382973028339 0.0917635200513 -5.78202890844e-05 -0.153463041157 -0.0189594022075 -0.0152028647193
-0.469951383119 -0.0245753880581 -0.110108162406 0.00804099535889 -0.0192885227074 0.0599884408129 -0.0160039179627 -0.554865290259 -0.119252151293 0.0966999292722 0.17366497239 -0.0603184017327 -0.00971623029415 0.139811912931 0.123995004807 -0.012953351828 0.0135371350097 0.00305925427386 -0.534501018109 0.0888926214587 0.0238905156218 0.00264667247812 -0.237413595945 -0.0207619658571 0.00537574502847 0.101431375458 0.0122910522785 0.00828960974507
-0.368487014157 0.00208682084611 -0.0130388356302 -0.048952523276 0.0101774878296 -0.0182824751819 0.0128063139927 -0.686660498653 -0.135949143041 0.188052270032 0.253925488186 -0.0827963972986 0.00398229330745 -0.0601860996354 0.149750851576 -0.0113444743876 0.072339135058 -0.0033943289132 -0.392857994166 0.154729864781 0.0256207290308 -0.0137990197005 -0.2270775861 -0.0349653159796 -0.00433932152957 -0.0108282905388 0.0093644585505 0.0281078384849
-0.495312212958 0.0030278731419 0.000114934677614 -0.120899470033 0.000207688485257 -0.00467266001597 -0.00701900032309 -0.355850288448 -0.00525173732481 0.0130675898815 -0.0092131690919 -0.000178728930092 -0.0062418528683 -0.190236187575 0.269286688304 0.177374124845 -0.0157498919858 -0.00969489120359 -0.378312133954 0.256516904461 0.0176901159303 -0.00508314504435 -0.510335591459 0.0293644942313 -0.00314135456528 -0.0271954234761 -0.00474113945578 -0.0342345365263
-0.169360714515 0.00111455248868 0.00589722569116 -0.0138554997839 0.00586605318346 0.00369091040754 -0.000491983314527 -0.169400738656 -0.0117360641819 0.0151509938726 -0.00964610149511 -2.20733397794e-05 -0.00157495791022 -0.499203890616 0.0313864940058 0.124856222485 -0.000535109006449 -9.96666886693e-05 -0.364493339024 -0.0380680392013 -0.00709566604181 -0.00100007326404 -0.628677550779 0.000434177477711 0.000104486139899 -0.382503227645 0.00148401741995 -0.0141329783449
-0.157732503748 -0.000402162855597 -0.00601070435535 -0.00444692212765 -0.00444979313743 -0.00415193772503 -0.000923120058918 -0.157516949642 -0.0101260114266 -0.00743708354109 -0.00590887897894 0.000533678263246 -0.000143826943683 -0.486149627842 0.111743632512 0.0472322741127 0.00116647743005 0.000158967138193 -0.551026980485 0.0342553880399 0.000218271435289 0.000121311914522 -0.517762246026 -0.00329499761522 0.000211086235132 -0.354839062238 0.00102599165982 -0.0125214104933
-0.371147532535 -0.00163700067823 -0.0190929077176 0.0107743412214 0.00225253943404 -0.00727640571439 0.00222233366627 -0.383981285078 -0.0205805253988 0.046284249636 -0.0108745498819 0.0222478365729 -0.00751913190918 -0.396762674925 -0.017294257718 0.132715098503 0.0243916828167 -0.000391106055327 -0.434029092417 0.0109985651709 0.085461519524 -0.00100563227947 -0.566286352923 0.0318874845973 -0.00146338923272 -0.131517452944 -0.0107258457029 -0.0134155658414
-0.521794472655 0.0279219021992 -0.0539814958081 -0.0400517501514 -0.030945696314 -0.0042596996473 -0.00756162278296 -0.442153846365 -0.0433706389446 0.0479280784586 0.0563049435179 0.00672557490926 -0.0132978751257 -0.161505563873 0.251849471388 0.183457699618 -0.0207121322058 0.00208327138654 -0.309592671877 0.220441011499 0.0211042320637 -0.00296724807648 -0.498286617911 0.0212333239113 0.00142544073574 -0.0304264191521 -0.0111815145208 -0.00614736192861
-0.377173260115 0.00919708342874 -0.00220033550933 -0.0222287383355 -0.0062892580024 0.0156588193462 -0.00758027431028 -0.450206430357 0.00944766773432 0.0705638080911 0.0620165841652 0.0407335735768 -0.00638436952293 -0.457393615011 0.14273478162 0.0743963473381 0.00253218846297 0.00366689415083 -0.335989172213 0.146488943355 0.0680674822924 -0.0070371743785 -0.431372645222 0.0367210041731 0.00685821083824 -0.285079132327 -0.0167612493257 -0.0178343971762
-0.292163139804 -0.00473186779771 -0.0141363346985 0.0145133534231 -0.0124645971076 0.0161558408777 -0.00317141393696 -0.297019207484 -0.00141226316973 0.0286990203577 -0.0089766786478 0.0335218127279 -0.00568828858158 -0.508684925534 0.0206386004532 0.0681411499458 -0.015673491998 -0.00058805369206 -0.453084252024 0.0111485182225 0.0529242187233 -0.00444728923964 -0.493115325318 0.0126964552296 -0.0012716091842 -0.32826626949 -0.00181511820684 -0.0102580707722
-0.664127828099 0.00461057077395 0.0221124079219 -0.0771423389022 0.0156861685378 -0.0369024674596 0.0187881926968 -0.607750586394 -0.0231812074176 0.0229311369175 -0.0216687268246 -0.00829220266819 0.00217126559664 -0.188859743844 -0.0398992952702 0.082692490498 0.0666463867876 0.00131111578173 -0.211939452572 0.209062420396 0.141912371531 -0.0114329101349 -0.0679687516307 0.0887085736321 0.00229979570182 0.0917388216006 -0.0227085367542 0.0261261044188
-0.567558311665 -0.00504885439123 -0.0699040048651 0.0195419383005 -0.0610106482885 0.0340575597105 -0.00620297371142 -0.50716119801 -0.0182343279648 0.047910098976 0.0287991821511 0.0145338713556 0.0155818062331 -0.00604267446037 0.152678774902 0.00929752539355 -0.03111703489 -0.00804324377205 -0.480085764897 0.0837514010044 0.0154834852951 -0.00818029923167 -0.378265792399 -0.00146263139848 0.0202537244373 0.0268454628936 -0.00611605614249 -0.00369885455563
-0.571242414221 0.0265615675654 0.00851245011242 -0.0404372425516 0.00267747497749 0.00821461579955 -0.00786588814872 -0.688876496304 -0.07911525381 0.117171439821 -0.0128767164015 0.0068704276472 0.0269623549518 0.136911784289 0.0359658423264 0.0735520582308 0.0275278852218 -0.0221486725903 -0.304687098667 0.121041213395 0.0153174376119 0.013944202942 -0.0551401378053 0.0331964637938 0.0285573726301 0.18837134151 0.020885572222 0.0128227490489
-0.563530510209 -0.0280387899484 -0.0188493255296 -0.00430754668048 0.0284586537394 0.0103589077688 -0.00370487768316 -0.687249029521 -0.0967913828846 0.0598440369673 0.0713482600555 -0.00801393333044 0.0220288012189 0.109410883128 0.131936703295 0.0245981006815 0.0230244549723 -0.0192644513449 -0.329882788311 0.0833250540872 0.0385362368621 0.0035566542372 -0.134804081216 0.0267451535706 0.020750041788 0.145581276094 0.0243703193013 0.0136985865033
-0.550365114175 0.0136988426993 -0.0149072678431 -0.0247177608314 -0.00408082535301 -0.0182075868731 0.00266573857565 -0.721320879791 -0.0194677834211 0.020652400019 0.181017987235 0.00397596530744 0.0095740179071 -0.042822022073 0.155919096497 0.046309347487 0.0440503712508 0.0100949255143 -0.254485022368 0.0724545792932 0.0597523649277 -0.012621625515 -0.191414921994 0.0155510340974 0.00841752987113 0.0137702646273 -0.00761692992631 0.0215516082122
-0.602622522152 0.014468843179 -0.0867431918473 -0.0308124813334 0.0123972189959 0.000160765697658 -0.00233019698794 -0.557468646273 0.00275530923113 0.100483127744 0.0939044393228 -0.0059412467422 -0.000818771760013 0.0908324298792 0.0832922502565 -0.0992622847238 -0.0256240816543 0.0102635684308 -0.304298240448 0.0322987339867 0.000541337797238 -0.0124861385313 -0.421289640543 -0.0217093148261 0.00388193564497 -0.00153155922996 0.000475729179952 -0.026462627397
-0.454564688115 0.00792392253112 -0.0177310876023 0.0107276660818 -0.0147840690812 -0.000142811415159 0.00244028199829 -0.589045982543 0.0381937966425 0.126652688143 0.0873206765708 -0.0571920986804 0.00173874887015 -0.270062985362 0.0508153765637 0.0984332010361 0.0208795682696 -0.00196467351282 -0.374352981479 0.0236396171634 -0.00714273158746 -0.00181623897276 -0.307479776571 -0.0438355113428 -0.00684793589369 -0.30648478602 -0.00635948357851 0.0199092566246
-0.397902828052 -0.00322928799157 0.0283826867751 -0.0169454093245 0.0106106621791 -0.0144162763944 0.00306747322706 -0.603313363399 0.0340145853145 0.174429488878 0.0897561158349 -0.0292233798017 -0.00189516327299 -0.301347394204 0.0645265177927 0.0464863527547 0.00535723980142 0.00186588344918 -0.308767666996 0.0345440290303 -0.00949941272726 -0.00330512016497 -0.327444850069 -0.0506183037638 -0.0184888560994 -0.362721547859 -0.00701808171847 0.0147507938181
-0.381529724205 0.0114782865076 -0.0195665846969 0.00539065093425 -0.0174882943311 -0.00622379085982 0.000240142656781 -0.590428426827 0.0486899691013 0.150972135278 0.0793291452231 -0.0254638944645 0.000177549348254 -0.366324100381 0.0907090814385 -0.0199155111129 0.0144802200962 0.00154829441514 -0.285461153092 0.103890225981 -0.00343205019884 -0.00612736580561 -0.296713476189 -0.0537536072459 -0.0185699568136 -0.382014046567 -0.0112357862533 0.0118861467364