-0.0123178283301 0.0105451192868 0.106241308991 -0.0995652737076 -0.0519218081895 -0.0264571087441 0.0425978477616 -0.022325936962 -0.134503661705 0.187908604887 -0.0741391981511 -0.0139984883312 0.0403265570659 -0.140270948801 0.532820904415 -0.192614639459 0.047902924737 0.00903065884649 -0.329020498403 0.648975465982 -0.0214566119751 -0.00032246082435 -0.194888525346 0.00635470510301 -0.0113318606615 -0.00212722398611 -0.0318240348932 -0.00236438833004
-0.439331946172 -0.000993185102117 -0.102915408278 -0.0375680424058 0.0488169185941 -0.00617135606917 0.0013915176345 -0.569348168992 -0.0220358089327 0.188650990916 0.11942037959 -0.0338609315843 -0.0148724471683 -0.257274499978 0.226267055701 -0.0690324541169 -0.00856333591215 0.00335156607696 -0.356266387074 0.349532454209 0.0203160170751 -0.00573925797083 -0.11158968627 0.0259773260266 -3.67827006651e-05 -0.177688563733 -0.013028792377 -0.00692162157694
-0.616349071482 -0.00413573786345 0.227983420838 -0.0273546347068 -0.0337915606561 0.00473884854052 0.0166525422498 -0.53052493321 0.0348957854502 -0.0312737778397 0.0813051639908 -0.000457962059409 -0.000309184154173 -0.240448888246 0.195640167274 -0.137266211841 -0.0157315196001 0.015632192203 0.206136423006 0.27412348612 -0.0474954700347 0.00506855132569 -0.181761419728 -0.00516472477513 -0.00651222992141 -0.0800269085387 -0.0123459382922 0.025729660587
-0.419145460532 -0.0217922158106 -0.0611252050739 0.00590398060553 -0.082690180304 0.0289752118352 0.00896997415119 -0.509025014352 -0.132320077734 -0.132383119283 0.00913693249824 -0.0740023768258 0.0201089231491 -0.010106071774 0.212103994397 -0.0650100486655 0.016443767939 -0.00294504391341 -0.655146619285 0.166929410415 0.0175697250852 -0.00924629249037 -0.00324737324304 0.00793332848782 0.0104181799325 0.0675789637851 -0.00217483286751 -0.0195650337922
-0.545663611396 0.0386621634389 0.115263963258 -0.00867656978639 0.0549172245446 -0.0600657129129 0.010016426652 -0.624666165215 -0.179549192768 -0.00736978252483 -0.0463796503154 -0.113730118547 0.042081846368 0.0516216700333 0.211983928171 -0.0539223167519 0.00938654605211 0.00562830379391 -0.32536903505 0.20014408321 -0.0116742248644 0.00950982266171 -0.197627086768 -0.0118953245975 -0.0136035579625 0.0705954014222 -0.0130060177247 -0.000280641873055
-0.66146442237 -0.0013258072616 -0.109418088856 -0.00250057248586 0.00427281647082 -0.0120159852301 -0.0012951724448 -0.590920276914 -0.0203088147783 0.0395854710729 0.0100512551048 0.00269205774484 -0.00973349967122 -0.118607260953 0.24144277932 -0.0151140665115 -0.0357475683522 0.00471975905591 -0.258848428883 0.209007139835 0.022370010177 -0.0125223358481 -0.103133956061 0.0420085357972 0.0102964447679 -0.02784661349 -0.00743681421958 -0.0194478586967
-0.538755787249 -0.0320502575938 0.0113992553828 0.0097628744982 0.038865288968 0.0142897908021 0.00487767669772 -0.577262381942 -0.0373708212743 0.0401856191794 0.0534867718072 0.0197245932703 -0.0173282367827 -0.431177646449 0.162265291091 0.0792011529861 0.0264727807655 -0.00133613587427 -0.216661304434 0.22445614781 0.0471065456544 -0.00148242004366 -0.0759260972644 0.0556028405617 -0.0122249837064 -0.195958031899 -0.019158082711 0.0205365969232
-0.563853623423 -0.0256060616419 0.0242350322963 0.0437282829655 0.0262073106226 0.0123347204158 -0.00202359483039 -0.566649109168 -0.041731769874 0.0546008954112 0.0316764904779 0.0059847103914 -0.000358843211368 -0.41530813797 0.144295028882 0.0711734615461 0.0410531184223 -0.00102336867888 -0.247359829664 0.199717620126 0.0395152631549 0.00350736453539 -0.102927043186 0.0158840912957 0.00120777132227 -0.192153301786 -0.00953692398773 0.0255768360325
-0.733813775598 -0.00934087557544 0.112477832476 -0.00605018903362 -0.0607785286722 -0.0235855364373 0.00318270168051 -0.608315452233 0.0152446613753 -0.0253262365846 0.00459209802023 -0.00305205412259 -0.00544157495738 -0.0879624539347 0.146340579849 -0.088886160148 -0.0560739429035 0.0072672262469 0.00573060749872 0.150543576734 -0.0053765386389 -0.00432404470155 -0.0865613657003 0.0241889812025 -0.0138046616609 -0.0436383860384 -0.00561402478475 0.0173572422148
-0.611724336402 0.0114118742211 -0.0905633415914 -0.0363368610913 0.0355414856573 -0.0136338694948 0.00575174918443 -0.597729505826 0.0254455579936 0.110228298298 0.0358459293381 -0.000977009265601 0.00505612411753 -0.154652680716 0.041523856237 -0.196479000871 -0.0253556897347 0.00343710371938 -0.358074878086 0.132957570404 0.00728525842493 0.0129711438113 -0.164068248684 -0.00904830894435 0.00747339880739 -0.0652227037034 0.000194054650633 -0.0306899698295
-0.449823423901 0.0163387257036 0.0100602116434 -0.0286373193383 -0.00304367836697 -0.00448948719276 -0.00207068199985 -0.559913254271 0.0372843595569 0.123007104272 0.0725133906264 0.00160190244419 -0.01601268563 -0.40496645145 0.0398638794417 -0.0653120196081 0.045340173091 0.0119831642364 -0.344550538314 0.0792575792753 0.00511579219442 2.68852010658e-06 -0.246439797177 -0.0126437708043 0.00293376981766 -0.32078130777 -0.00319806023293 0.00302694446764
-0.487641506573 -0.0157925819009 0.0105459730858 -0.000120784410921 0.0278465718894 -0.00608634867508 -0.00146504619098 -0.565788451681 0.0350375375372 0.0642911619386 0.0897644293359 0.00428291063488 -0.00286847898705 -0.39102738547 0.0613214316446 -0.0425860395552 0.0278985619938 0.00352547947575 -0.248465451947 0.0845543201896 -0.00857195427785 -0.00735613151593 -0.233866034146 -0.0249164596451 0.00688797308171 -0.379222465913 -0.00420575687282 0.000768834935342
-0.684323228016 0.00259691506842 0.0726688024618 0.043398107138 -0.0173259376952 -0.0380079925873 0.00393996949489 -0.563554792672 0.0194659710736 -0.0077086336965 0.0170562406199 0.0169548757625 -0.0029783656418 -0.0685167283348 0.132000974835 -0.157732782255 -0.0148183620685 0.00715091504313 0.282180658942 0.16146039813 -0.0215525120372 0.0134486834497 -0.189157819297 -0.0383157428229 -0.00600165131731 0.113833712019 -0.00919091821796 0.0146152513228
-0.57839610048 -0.00564701008865 -0.0430569061766 -0.00372620799066 -0.0314164896817 0.038935674607 0.00694292651726 -0.599143170759 -0.0107048569618 -0.119288642205 -0.00993717088563 -0.0185124218373 0.0102531059906 -0.0508207943389 0.0654508765597 -0.149102077754 -0.0208045618617 0.0105131539159 -0.467951604851 0.128413771428 -0.0126058018148 -0.010194545204 -0.0914363838341 -0.0433811532128 0.000146361031273 0.103306055294 -0.00579519362524 -0.0286761449919
-0.505882046452 0.0261037937215 -0.0113418023801 0.00404830453214 -0.076800281288 -0.00508870508215 -0.00171015519321 -0.604345035089 -0.0479601485125 -0.0851431091325 0.0920385698344 -0.0229988320867 0.026498053179 -0.0207092807186 0.142612635534 -0.0788907421048 -0.01519857434 0.00154462246298 -0.472223462253 0.0801283103204 0.00860235570371 -0.0208826657561 -0.293698489739 -0.0151753010003 -0.00723530150732 0.095178625171 -0.00082328108298 0.00970000337095
-0.593788323111 -0.00604631735752 0.0254746015806 -0.0207100046767 0.0678545282547 -0.00352236161629 0.0055494151692 -0.664212549383 -0.0772301296888 -0.0182548586573 0.0537180690693 -0.0201201411415 0.0353797579038 0.0352111949181 0.128426739912 -0.034504645113 -0.0105216142726 0.00232660314243 -0.335042587202 0.0767760611904 0.000583532181953 -0.0105998212349 -0.205089639557 -0.00680679202834 -0.011350245323 0.0998018725824 -0.00817911379287 0.00838905068399
-0.672473861467 -0.0324891991707 0.0633418347848 0.0449068433801 -0.0163566071618 -0.0412326701908 0.00340463022133 -0.615617052904 0.0102302334779 0.0300355806279 0.0255227445509 -0.0221289229456 -0.0013167987985 -0.0737363162366 0.109497261041 -0.184684211568 -0.0236502193896 0.036203693818 0.0755016389715 0.177686518571 -0.0221630929434 0.0170135380139 -0.223348559404 -0.0305421860811 -0.00711025297469 0.122234642185 -0.0176570494663 0.00126773545331
-0.611105101994 -0.0420715169044 -0.0910069996157 -0.0223893979752 0.000827840230721 -0.00421843433357 0.00487786928944 -0.578400878709 -0.0204410145994 -0.08125563926 -0.0166933115141 -0.00815546855473 -0.00105030351405 -0.0356117553163 0.186655369021 -0.0278990835527 -0.0196324186203 -0.000743159313216 -0.447824090992 0.111916822229 0.036158353963 0.00573774511144 0.131452088744 0.0574080293482 0.0175583379153 -0.00955132772716 0.00376058140375 -0.0369679768949
-0.513485111731 -0.00183285842964 -0.0243661594532 0.0746385600636 -0.0727283206094 0.00334483286076 -0.00155277782466 -0.538903188637 -0.0195105111311 -0.0668866211135 -0.0186513438953 -0.0761486519146 0.00698633015689 -0.28611821195 0.148167645741 0.117465159448 0.00269598045209 0.0114457807424 -0.477012701196 0.113421055977 0.00663947478899 0.000661219639441 -0.173954980653 0.000157458511501 -0.00640901182708 -0.186343478625 0.00872049452115 -0.00952131126787
-0.520695282311 -0.00759281069698 0.0329047147829 -0.0374698034808 0.035715537978 -0.0161595425669 0.0117458013396 -0.556450000537 -0.0305585377642 -0.0828490949725 0.0187880479646 -0.0582518823318 0.013043487392 -0.336425713525 0.150962929283 0.140034435696 -0.0167383868413 0.00585973039246 -0.425252252033 0.146031039461 0.00821774967949 -0.00426377530876 -0.0606157954865 0.00186574979223 -0.00575724073544 -0.203426491257 0.00817466249778 -0.000170419957512
-0.571003205025 0.00792601892072 0.0970802305643 -0.00262759897982 -0.0340740055765 0.005923821958 -0.00804916412374 -0.546601883359 -0.00256723551691 -0.0977032959194 -0.0825812321341 -0.0144443301314 0.00268960534843 0.00463422387747 0.187170298172 -0.0351236435897 -0.0206312225673 0.0113788239986 -0.51141484008 0.0948817914835 0.0196139577742 0.00219562620013 -0.195166763863 0.00321856024478 -0.000992862099501 -0.0379756405901 0.0178981903941 -0.0139402217079