-0.0147240654249 0.0297072255923 -0.0255450322163 -0.116051039211 0.0291445581795 -0.0307423016341 0.0151211306971 -0.175632382405 0.0173483994112 0.337609260626 0.274145891535 0.0311583664214 -0.0711575010817 -0.357757701932 -0.0557095549131 -0.63591119538 -0.184931015327 0.00529013922519 -0.120253723297 -0.00300873563574 -0.000787746916282 -0.0392754107895 -0.402556550753 0.0492483053158 -0.0591074599551 -0.0413615924228 -0.029330543594 -0.0133967513281
-0.380505648759 0.0112413150949 -0.096823334986 0.054426361451 -0.126027066076 -0.0174218099551 0.0324505062543 -0.388750511177 -0.0349353111434 0.0528699248409 0.0986505947987 0.0541269540402 -0.0283274451955 -0.170397758688 0.0100745771389 -0.337923845372 -0.0882841937446 -0.001856460225 -0.480371579003 -0.0593912493764 0.0282476489046 0.00284854687763 -0.515580505135 0.0508453614181 -0.0286911758054 -0.015095377157 -0.0213365223657 -0.0278200194781
-0.412229323317 0.0369141650876 0.119504295746 -0.111810568469 0.0335177832348 -0.00788833775747 0.00172109826986 -0.457190643541 -0.0747346262136 0.0223362516693 0.11473476716 0.0971642583888 -0.0370393234058 -0.260597725396 0.0247295408209 -0.318572569004 -0.10508198287 0.00486087974999 -0.343603935382 -0.014132031069 0.00522529628266 -0.00928541635348 -0.495680777384 0.0521604407402 -0.040282501546 -0.108814808741 -0.0134798633806 -0.0113726986567
-0.465222621789 0.0016256951676 -0.130487639522 0.0408530418554 0.00977436525571 0.000483302214677 0.00985384799714 -0.468400038463 0.0600929582959 0.119453920572 -0.0103040942946 -0.0671081502535 -0.000858252049103 -0.358192699186 -0.159129342509 -0.378537069913 -0.127519062463 -0.00454425359348 -0.0450176911236 0.111356378595 -0.0104203721367 -0.0187971203019 -0.438780383396 0.0366546730016 -0.0150824446295 0.0125116499766 -0.0106708590354 -0.018229869425
-0.540895226212 0.0377309548801 0.149067543237 -0.139112706082 -0.0228359967902 0.0135596848565 -0.00387387928733 -0.588527693065 0.0912073089354 0.199756716405 0.0116451991576 -0.0820233881842 0.00671315301361 -0.239174172255 0.01684119829 -0.420453406376 -0.0759261215441 0.00413806562049 -0.0206972758201 -0.107533605612 -0.0342901960224 -0.0360698439292 -0.074364676646 -0.0109010094809 -0.0161094084263 -0.0364062258498 -0.00572649038466 0.0208274189901
-0.551225615136 0.00520676633049 -0.0982009542406 0.0663037810195 -0.077379167146 -0.0140757440562 0.0384566855952 -0.489087102442 -0.0205578147394 -0.0133668484718 0.0446825486696 0.0214340250139 -0.020607507628 -0.147619354212 -0.0279409463405 -0.235343653251 -0.0768205266875 -0.0163780641 -0.442818348552 -0.086975064478 0.0130796320998 0.014787492843 -0.369367203103 0.0267250334194 -0.0226587408715 -0.0304143104439 0.00658316707661 -0.0702269398396
-0.225200395261 0.00297187883154 -0.0264970769015 -0.0282764883244 -0.0203690856686 -0.0133779619706 -0.00107848615946 -0.244890068482 -0.0730385444285 0.0336144989245 0.0627258790503 0.0111561446662 -0.00201920436895 -0.575191108597 0.00131500551579 -0.00464832031438 -0.0109439837426 0.00106044626413 -0.375268473989 -7.63582338166e-05 -0.00546276166039 -0.00117929702163 -0.483015406968 -0.0105342929795 0.00234946052127 -0.413409795979 0.001179408565 -0.0224576654873
-0.201080847318 0.000473793984943 0.00209521464633 -0.00207348095558 -0.000783904484908 -1.46350001155e-05 0.00332762463316 -0.233039307831 -0.067890986358 0.0686541768131 0.0284630661594 0.00648350665153 0.00763784943271 -0.578332671169 -0.0126727288987 -0.0112648816713 0.000792607557929 -0.000898387788131 -0.338926459465 -0.00474839949505 0.00465676426779 0.00286967632269 -0.458231293003 -0.00771457002633 0.000253438045583 -0.484019985585 0.00485491538619 -0.0314616590678
-0.369188731605 0.0137785218965 0.112680693332 -0.068105247071 0.0453242208602 0.00690555481939 -0.00463202193832 -0.285405950862 -0.012321168026 0.0474067646183 0.0379222444984 0.00228231115268 0.000302728482137 -0.265140492901 -0.018329699342 0.0263439757873 0.00309254455401 -0.0259897983705 -0.460883929628 -0.00346885831076 -0.00366876973329 -0.00439978677328 -0.635016573263 -0.000517647833757 -0.00061544691088 -0.265630140872 0.0130055436135 -0.01741894801
-0.654895690386 -0.00911131645198 -0.082281069145 0.105499350452 -0.0215029951011 0.0328184812269 0.00336197973593 -0.532924296174 0.0242396477005 0.0421911234052 0.0293750477828 0.00173987068783 0.0123781351867 -0.0169490790563 0.00988597422869 -0.275706886296 -0.0591770575029 0.00181328788292 -0.240694061836 -0.0538522981241 0.0185526753796 0.00610897579454 -0.341509293757 0.0167580885381 0.00141749664291 0.0778226888058 -0.0085472893263 -0.00468057844861
-0.534945611691 0.0514606283721 0.0404354942827 0.0286353387927 -0.0347411089167 -0.0229055535413 0.000608660870961 -0.601515249392 -0.0245513488794 0.0601673230845 0.0942677362428 0.0466574797374 -0.0101067665017 -0.148839940964 0.0403306846665 -0.245774410381 -0.0439735477497 0.00472457800586 -0.3305580506 -0.0222942997605 0.019177230858 -0.00835861548921 -0.359931661485 0.034774122768 -0.0263625553847 0.0306829561452 -0.0305013941501 0.0108635388614
-0.594115858917 -0.0176531481434 -0.00938881764373 -0.0661353184203 0.0225031208594 0.0198089118599 -0.0107572287375 -0.593342583472 -0.0182362385063 -0.0175775530801 0.0410863192277 0.0228771700018 -0.0235258242016 -0.157323284089 -0.000623665067255 -0.266127606624 -0.0478860026957 0.00572745414726 -0.309534084348 0.0663847036274 0.00847484736935 -0.00359491347539 -0.292988965201 0.00580698042705 -0.0170675567024 0.010686604336 -0.002057444857 0.0358680308492
-0.636821232199 0.0659155628897 0.0928652876346 -0.0350754473044 0.000238648257458 -0.0425351930482 0.00771365813423 -0.602040347063 -0.0396501683054 0.00385202998973 0.0688230685125 0.0205909951903 -0.0157148722245 -0.0955255684675 0.0709872256641 -0.232739687634 -0.0716919142324 -8.42736101366e-05 -0.148303526084 -0.0949849697381 -0.0115921858334 -0.00790644294516 -0.320264552974 0.018220281514 -0.0293103780065 0.019870390902 0.000377537724537 0.0101718468731
-0.637466549763 -0.0192721374797 -0.0715695233936 0.0494082433552 0.0102519886613 0.0221712617122 0.00327193328317 -0.547680591568 0.0497431900241 0.0514184159777 0.0386801874106 -0.00930029025265 -0.00743741921453 -0.202385849539 -0.122419859417 -0.294298787854 -0.0805096306767 0.00342632614881 -0.0226018002075 0.141237730536 0.00747412809129 -0.00914620033244 -0.32154664879 0.0344247290479 -0.0171272203089 0.0335795847528 0.000985309328793 -0.05229117228
-0.606982425228 0.034500864803 -0.0308170382992 -0.0884538954579 0.0174444382561 -0.010096674782 0.00313268208447 -0.69548971679 0.0214356378934 0.0771794842082 0.131294100573 -0.00956911529975 0.000904726442944 -0.187684436297 -0.0452753618909 -0.202732466284 -0.0424481590732 0.000539672041097 -0.0313946216599 0.0179047230144 -0.00216989895666 -0.0244713888705 -0.157893710147 -0.0140491300435 -0.0114950375939 0.0744898139915 -0.0119026651179 0.0264867504851
-0.612834204317 0.00798051700426 -0.0527335847598 -0.0351128931535 -0.0395237316836 -0.020082736566 0.00181959761396 -0.690811805767 -0.0150689426244 -0.0289639865209 0.0910666556108 0.00735380933581 0.00117169555276 -0.242041674868 0.039182865208 -0.223771981397 -0.00313741441254 0.00630023677799 -0.0651248174216 -0.0182036771504 -0.00575880896641 -0.0142953570384 0.060907544233 -0.0414634241304 -0.00540449730632 -0.0986837540694 0.00520795561504 0.0384151731087
-0.671322036292 0.0496682335839 0.0598726124372 -0.0171399491397 -0.0664415973367 -0.020197371196 -0.00048223600177 -0.596905457486 0.0379388246958 -0.00882823807343 0.0844779074588 -0.0361921546624 0.0116538993155 -0.0804636433258 0.0188368722816 -0.279130974065 -0.0456400943344 0.00949321978894 -0.252957783472 -0.0635488897962 0.00742823075161 -0.0208169793317 -0.0211226451145 -0.0326098919432 -0.0029020017469 0.121336151838 0.00945713944841 -0.0014233962093
-0.629982756895 -0.0105856345996 -0.0243139926559 0.102092291849 0.0221932531949 0.00898133750046 0.0110518184466 -0.478990498462 0.0163765357894 0.0346396398263 -0.0316418678949 -0.0191324308083 -0.00446787633737 -0.230413977192 -0.127431106901 -0.260088953953 -0.0798025886256 -0.0114626200094 -0.0288376304054 0.117820242828 0.000813611315099 -0.00935645291861 -0.44298080277 0.037519088906 -0.00820514429305 -0.00380825905369 -0.0036239788107 -0.0547873082153
-0.396643619005 0.00492636250964 -0.027193712628 -0.0730672809022 -0.0118853462951 -0.0393739208849 -0.00177339628375 -0.382664222777 -0.0290711667682 0.0274210271372 -0.0675245174118 0.0090456822151 8.923998109e-06 -0.49906661481 -0.0712269305266 -0.0701285034842 -0.0587046712261 0.000491540791416 -0.383947677789 0.0218849414383 0.0110413073283 -0.00106855116486 -0.463390452689 0.0464538704024 -0.00125695929774 -0.233081032712 -0.0148663805337 0.0156554613845
-0.399885738076 0.00965291437526 -0.0225923231146 0.0115871140657 0.0163362435252 0.0070927273362 -0.000223726948999 -0.421726645827 0.00837707904689 0.00976662722859 -0.0386687931244 -0.0444537575591 0.0152352864671 -0.465391913368 0.0237329632795 -0.216539338849 -0.0782434053817 0.00235305009075 -0.384146222645 -0.0197276332494 -0.0112669037194 -0.0075273393583 -0.409400975376 0.0766410013202 -0.026412263123 -0.252904400001 -0.0289690785213 0.00475036767681
-0.626088789314 0.00673464291015 0.0369008744285 -0.114466880789 -0.0289016991329 0.00767654401288 0.00490638728351 -0.512216939194 0.00487792811406 0.0406902783534 -0.0617057670599 -0.0202557922569 0.00579418669469 -0.351050124211 -0.181742172261 -0.308056992156 -0.0516139424966 0.00233463697461 -0.128351917503 -0.0377213688357 0.00397246143676 -0.012425490166 -0.212334167812 0.0176519758587 -0.0211479974785 -0.0794343265153 -0.0131275293869 0.00765729483753