-0.0214001498782 0.0400420080874 0.00812474290701 -0.103295642936 -0.0988200986338 -0.0971859443625 0.0137072956387 -0.154211617426 -0.197679847889 0.22683711357 0.358327351565 -0.102320730087 -0.0835482681744 -0.0890215239871 0.044074365549 -0.187900981589 -0.259404356735 0.000231863620951 -0.252671769965 0.594036194029 0.0435495181396 -0.0279605655575 -0.353597720466 0.202012058837 -0.0359793855296 -0.0787495467108 -0.0487404948135 -0.00807644152111
-0.400343510552 0.0463946526731 -0.032080144151 -0.083419578705 -0.0167072162073 0.00111519401914 0.019261844286 -0.509408193608 0.0466665242822 0.179105030815 0.110465044784 0.0290029013653 -0.00991341249847 -0.258547598356 0.100625163343 -0.289973913078 -0.105432220094 0.00260698318726 -0.283909359102 0.206838293087 0.0609890650981 -0.0388661610609 -0.43389442767 0.131838316942 -0.0309695858035 0.119251858086 -0.0070297001015 0.0191362080389
-0.413923458074 -4.64895864897e-05 0.0434152517013 0.0632096547318 -0.0966043439929 -0.0307736221509 -0.0251711853456 -0.46120495652 -0.120970492846 0.106020834767 0.00957068886443 0.0586490200355 -0.0457016736282 -0.436399859892 0.166702459576 0.208186330748 -0.149856521848 0.0174964660386 -0.0827430106886 0.340043969284 0.018631430127 -0.0378862133497 -0.354721283878 0.0435083318444 0.000365759770779 -0.174849595116 -0.0164485155032 -0.0225510123799
-0.582245456949 0.00449047710609 -0.144929565573 -0.0960510230496 0.0557724630159 0.0815133085499 -0.00518241948476 -0.605544087907 0.00484425448877 0.0752444412082 0.195445525892 -0.0879081035067 0.015462871732 0.055568107422 -0.177139271849 -0.0602410990477 -0.077844127985 -0.0145182570499 -0.21348241285 0.131493402538 0.026222372121 0.0177360094951 -0.251267751167 0.0252579054751 -0.0106485749793 -0.171674560375 -0.0196654223888 -0.021079570195
-0.594882682161 -0.0108026852867 0.147047354915 0.0547694751335 -0.0595798045624 -0.0565010535424 0.005512206006 -0.641935784378 0.0536461466192 0.115111547662 0.168333101068 -0.0819802584906 -0.00831011579293 -0.00609249384655 -0.0348058035961 -0.143164841806 -0.104791206091 -0.000571163711593 -0.140362059005 0.214312779623 -0.0528630708615 0.0363798820247 -0.0546271083743 0.0852728683914 0.00200655274554 -0.194988109895 -0.0191085321879 -0.0120808304074
-0.567308685925 0.0264785885481 -0.0550135219145 -0.0813087682044 -0.00320744123979 0.0472299752651 -0.000216200550375 -0.633104432091 0.0215223839488 0.071972406485 0.0827199130983 0.0340826825119 -0.00463579254316 -0.208524343613 0.0596648504101 -0.198368907766 -0.0536624568208 -0.00565358908465 -0.150796914224 0.175020430249 0.0569759346505 -0.0273107525369 -0.305229402006 0.0919962495992 -0.0187440922043 0.040138930337 0.00752203678314 -0.0278473407295
-0.497451165847 0.0476183004256 -0.0155525639474 -0.0291667171447 -0.041620697392 0.0154342748935 0.0102436701731 -0.716819744146 0.0030401710737 0.0344391460521 0.140096605989 0.0444502440261 -0.0165670105688 -0.184034307961 0.00844491507101 -0.166470755713 -0.0580155811112 -0.00202262810132 -0.224949564298 0.121555348587 0.103041526947 -0.0202175175584 -0.24232108339 0.0844921628539 -0.0356801931497 -0.0183267157806 -0.0205824178985 0.0297649091135
-0.370542397951 0.0334307644687 0.0137377992516 -0.06064140506 -0.0313028041062 -0.0183094111141 -0.00165666278723 -0.404039085022 -0.0168075112272 0.0365983106336 0.100725391201 0.000101811420314 -0.00307367433956 -0.421207505396 0.0241333200017 -0.0806577585502 -0.0793883836882 0.00230493654072 -0.481086016729 0.101585665536 0.0793827696637 -0.0117579987827 -0.421928617186 0.0899432173121 -0.0156217677316 -0.225273173818 -0.0189189932546 -0.0699551258643
-0.562996466768 -0.00811389139183 -0.0467988167381 0.119569239303 0.0274507571746 -0.00554615930646 -0.0145940672757 -0.443183630667 -0.0607728947726 0.0088329816288 0.0196982632814 0.0277377911394 -0.0147331206559 -0.391923749233 0.101818914683 0.20550725193 -0.0504516055571 0.00177915180623 -0.0979421800254 0.172449469251 -0.00926739424209 -0.0167182306644 -0.409521045153 -0.0291871390174 0.000347781032477 -0.212380644106 0.0044513035612 -0.0423385447753
-0.498607478623 0.0155000550689 0.00579898392154 0.0274057084389 0.0515891769724 0.0330746216645 -0.000795312164853 -0.482171604722 -0.01343438583 -0.0811638236806 -0.023865410198 -0.00258209740759 0.00782947860609 -0.102012704852 0.0126920365247 -0.220981856524 -0.0637490666301 0.00987713743943 -0.579514125523 0.051937434931 0.00482348170313 -0.00439025318493 -0.276530473315 0.064861847972 -0.0113365336125 0.153227751606 0.00737982841701 -0.0154235592863
-0.454443256289 0.00847974400262 -0.0161887852391 -0.00435561131783 -0.0183539576854 0.00598108253734 0.00112306748144 -0.510232019311 0.0558918520006 0.0713264405245 0.0679674487449 -0.009982918354 0.0194850295423 -0.297387073483 0.0754215815306 -0.100951443786 -0.0668113339183 0.0212499101106 -0.391797243761 -0.0419746246116 -0.0149121716749 0.0121673475013 -0.498979777465 0.0625957947868 0.00432817345833 -0.00462662320606 -0.00318880327387 0.0358716924513
-0.492634416855 0.00938419313082 0.0129231595323 -0.0348956660865 -0.0439958013259 -0.00292841262643 0.00407795566818 -0.501478904338 -0.0135705489922 0.0586972801084 -0.0215274396006 0.0173107515025 0.019867704171 -0.411962974104 0.134465421888 0.0183135117679 -0.0508880658747 -0.00224220171748 -0.279057761676 0.204675111772 -0.0210553278043 -0.00029272068704 -0.423287907657 0.0125334478862 -0.00252564436427 -0.079261911434 0.0104059847228 0.0308127395889
-0.685300296536 0.00863795257036 0.0750359080076 0.0370017603484 0.00267805057307 -0.0631474484621 -0.00324024368337 -0.569490050574 -0.000206553424986 0.00662413131156 -0.0338828588528 -0.0143654039756 0.00694767522566 -0.196614632346 0.129991143632 0.219293219937 -0.0782590873467 0.00612061587939 0.0904794895465 0.233968419386 0.00741743942249 0.00242032032697 -0.125564242143 -0.00114293261247 0.00444466400452 -0.0592025382208 -0.0304090698181 -0.0225027896845
-0.679662714503 -0.0141540389983 -0.088509752232 -0.0960912538284 -0.00744835439061 0.0550719977777 0.0143316329095 -0.610216988616 -0.055523268751 0.0481139956026 0.0154047517032 -0.0278454465153 0.017198254736 0.0215315879672 -0.0545581577385 -0.0389217195282 -0.0569731589741 -0.0228852646047 -0.192595786661 0.031575320027 0.0132995910009 0.0379410598716 -0.268859308901 0.040603587449 -0.00805699779663 -0.110812380468 -0.00708989671441 -0.0605480906225
-0.611517856222 0.0332009097063 0.0161426743082 -0.0199725254266 0.0159438810941 0.01877819847 -0.0106752073205 -0.726920632983 -0.0814127374947 0.0405478283194 -0.0568675711082 -0.0244548925256 0.0341752217861 0.0565220267367 -0.120051404993 -0.0217447331418 -0.0107979784568 -0.0199935768931 -0.0252865737421 0.0510837822992 0.0461920072152 0.0412907159531 -0.218577610396 0.0678482613218 0.0169230437296 -0.0520184200206 -0.00876367065296 0.027297507744
-0.598491224758 0.0171092190372 -0.0372442594032 -0.0280628170796 -0.0180238103306 -0.00139603235508 0.0111364292467 -0.755223546159 -0.0358119396356 0.0679502346443 0.0669667929229 -0.0366134852206 0.027911906945 0.0317467739464 -0.128031013391 -0.0266476134587 -0.0368825261588 -0.00709831880683 0.0246637700551 0.163117429362 -0.00500813603276 0.0290168947866 -0.048272373638 0.0605361635462 0.0200305906598 -0.0405675515379 -0.00481579652365 0.0188490576878
-0.717416929717 -0.0129975380939 0.0721397405067 0.0988141430722 -0.0509992091571 -0.0431194596235 -0.00721398440728 -0.58253057447 0.0192398727652 -0.0017817125002 0.0664013400428 -0.0225167593445 0.00720389741397 -0.0739826292575 0.172967893513 -0.0845690719131 -0.0619960938956 0.00809258526259 -0.152965787905 0.206852846332 -0.0353527222301 0.0163104452954 0.0227941322079 0.0484927619108 0.00199518178986 -0.0492551864622 -0.0126252749083 -0.0369435530301
-0.648803916152 0.0290814402725 -0.0837648393442 -0.0234304033845 0.112758312533 0.0290313215914 -0.01277958708 -0.519632910374 0.0414961173958 -0.00757834567346 0.0176762154887 -0.0286703976504 0.0043260613216 -0.148628441783 -0.112208606984 -0.121945404715 -0.0654145122134 0.0137519743891 -0.35309296076 -0.0519935793599 0.00923632392668 0.00632277405082 -0.260531332148 0.015760219164 0.0184249044814 -0.175704727112 -0.0133291266122 -0.0541591539018
-0.590219850274 0.0419195480767 -0.0392156490627 -0.00567590888581 -0.00267032409272 0.00340491678417 0.00173168331268 -0.752191781313 0.100406602024 -0.00904734462046 0.0444166059227 -0.0751496315349 0.0171913223058 0.0554550904962 -0.133647499082 -0.0235222409389 -0.0333803901726 -0.00383690333506 -0.109631406204 0.0974071569195 0.00625757106795 -0.0290676094515 -0.127842180141 0.0117645047476 0.00272108900038 -0.0486527761795 -0.0178972326274 0.015248216792
-0.570961696344 -0.04337029259 0.0440077079648 -0.03177072871 0.00252429588076 -0.00880813642279 0.00453419660163 -0.688742281676 0.103325280103 0.0316784643219 0.0109570416455 -0.0777307192219 0.00302592091084 -0.0254308700648 -0.11316465342 -0.125110241553 -0.0307614334964 -0.0113957003766 -0.245385840864 -0.0392049472167 -0.0266610546167 -0.00457616111898 -0.269194545723 0.0272826810912 0.00139131565997 -0.101100163617 -0.0174002621509 0.0212998619578
-0.562826753275 -0.0116560051611 0.0210594727937 0.0434327759162 -0.120580457195 -0.008506339464 0.00532659054799 -0.448522881964 0.0145222493032 0.0751194188234 0.0219724057655 -0.0322287681268 -0.000230441342634 -0.285738626318 0.0646064199972 -0.239190156973 -0.06111428052 0.0126511778613 -0.478975198308 -0.00369968127165 -0.0158471537429 0.0184351089615 -0.221958779833 0.0433642742834 -0.00152864951107 -0.167570714281 0.0111649379744 -0.0356267523708