-0.0267830513726 -0.0589041929633 0.111169920307 0.0435462471423 0.116695760822 0.0304772927217 -0.00661675654955 -0.133045090204 0.213392298833 0.0533641824616 0.303130050206 0.0562495456168 0.016993741754 -0.243376898284 -0.456654949722 0.257730153552 0.121515291075 0.0273971590288 -0.29273687189 0.471418829898 0.0358340203524 0.00542583567103 -0.331194530662 0.183339506181 -0.00665866213279 -0.0551478089475 -0.0141515134521 -0.00105690583097
-0.378710914801 0.00779433644443 -0.0953773905965 0.0675417479676 0.0283373693825 -0.0192785992846 -0.00337781640116 -0.34056625995 0.0262983960136 -0.00562637397176 0.0849013938776 0.017252467705 -0.0119953557609 -0.277046328253 -0.430779623893 0.0283452109824 0.00699364047896 -0.00246506113292 -0.496699214081 0.0616993587524 -0.0311207556854 -0.00277831559525 -0.429005846754 0.0244571448011 -0.00907968167049 -0.133247230779 -0.00899950613757 -0.0086196407852
-0.454508133874 -0.017798004773 0.11155851692 -0.0840983627229 -0.0289195294433 0.0105577967362 0.0206457608318 -0.469496253542 0.064752308319 -0.0200300137336 0.156858107391 0.0375276355603 -0.0118695187931 -0.222260015747 -0.352335408506 0.102413784139 0.0786019153366 0.0117097699605 -0.440846311382 0.196108753431 0.0277967311066 -0.0165886952292 -0.286535778866 0.105126479709 -0.0328357886007 -0.0502197302806 -0.00419321976177 0.00845160522939
-0.613264306923 0.0229606716865 0.0149743469136 0.162035499759 0.197755178578 0.00707805221806 -0.000779437985394 -0.472149934917 -0.0342275321569 -0.0455538857955 -0.00339960436411 -0.0698680970408 0.0379473645046 -0.249705375725 -0.256721351228 -0.00193781102273 0.0230674950251 0.00586163996409 -0.194821447578 0.233923107006 0.00599858702952 -0.00366402581638 -0.31817431584 0.0382830672224 0.0157740433287 -0.015692676678 -0.0102119619028 -0.0195771809462
-0.549923917085 -0.0168152777247 0.0020555007906 -0.122565871904 -0.102140839529 0.00900193928585 -0.00250030703243 -0.586197500629 -0.161412076427 0.0539469921066 -0.157137599272 -0.0517952678938 0.00257549557725 -0.282693639973 -0.239002592707 0.0548737153197 0.0195742728885 0.0220497135271 0.00379366639286 0.302820271858 0.0249572162201 0.000600990412507 -0.176123216547 0.0787866302072 0.0082343928423 0.0340857815235 -0.00703112314662 0.00436878940646
-0.434166231783 0.00108913530872 -0.0625783980691 0.018317599113 0.0336404061314 -0.00754052764389 -0.00107017839224 -0.349807728367 -0.00424073093976 -0.00642109865665 -0.00502546958117 0.000817067923684 -0.0023539489774 -0.152288145128 -0.333919120449 -0.0302144990702 -0.00491599297837 -0.000805968379314 -0.335212146721 0.0285154528748 -0.0231343424407 0.0014179031754 -0.658575204603 -0.00843581345569 -0.00149817197483 0.00626351516247 -0.00316688582911 -0.0202044066134
-0.197092064739 -0.00017915574508 0.00269241267007 -0.00117752335954 0.000604349499999 -0.0038030225731 -0.00124919939013 -0.199056102461 0.0113152559165 -0.00887456733255 -0.00592285745689 -0.00248383095601 2.7830468822e-06 -0.542264910613 -0.121922483759 -0.0332926165863 0.00147483608999 0.000281905076252 -0.355447175069 0.0039741721004 0.00191454309961 -0.00104595386047 -0.517987767486 -0.00174753891876 0.000440963690109 -0.465346151052 -0.00155256886095 0.0020086224334
-0.348439544933 -0.0366526884332 0.0548930436508 -0.0321686297861 0.0501192107967 -0.011405476068 -0.00733287963808 -0.342323655396 0.0506493573682 -0.0210839984973 0.0467047710793 -0.0011415688587 -0.00681415910194 -0.468581174161 -0.0662557366878 0.112723790146 0.0713534709443 -0.00856006837053 -0.34210558706 -0.0353808613005 0.00975582234498 0.00635823434529 -0.290260168549 0.0530558787741 -0.0138367619574 -0.548152673018 -0.00480019336449 0.00856668131746
-0.582545735148 -1.00007985409e-05 0.104259745029 0.00745737635489 -0.0383177926934 0.0154695912981 0.00608161910883 -0.495611561357 0.00807864196853 -0.017470879555 0.0801728315097 0.00251139553347 -0.000975700711758 -0.142289753667 -0.333832227297 -0.00888231159024 6.10207395774e-05 0.00970675458692 -0.339929402794 0.103766260571 -0.0151195761259 -0.00998223655408 -0.369769573242 0.0062076480545 -0.0120053078936 0.00396018121346 0.00853800196396 -0.00469481823672
-0.652070416297 -0.0306815810198 -0.0635189727393 0.0309567804136 0.133752755218 0.00199020988846 -0.00160422491684 -0.506014586043 -0.00636646995059 -0.0256721182435 0.059822672204 0.00197879892294 -0.00582701881335 -0.129803148047 -0.345038880379 0.0138506604637 -0.00417690417432 0.00139175517066 -0.307320513575 0.0472128576449 -0.0240137134091 -0.00678116722787 -0.23718959751 0.0135595759339 -0.00930081037573 0.0155936810054 -0.00681719701791 -0.0194450317981
-0.427740531974 0.0228082526728 -0.0245189349166 0.028367733525 -0.0344773070595 -0.00963642093499 -0.0100272642648 -0.455513080799 0.0491618398396 0.00947716317 0.056222157011 0.0340033517216 -0.00513246910592 -0.475785370131 -0.0938676965767 0.138001554092 0.0287925623631 -0.00273588712008 -0.328893960153 0.000740697098124 -0.00118368798911 -0.000909605682661 -0.23362416237 0.0786473974122 -0.00605970623825 -0.418334044553 -0.0157038095503 0.00986329176022
-0.63074490268 -0.0632329633048 0.0615868230082 -0.0704746561297 0.121275113495 -0.0176395430887 0.00742197811559 -0.519496191049 0.00998937416249 -0.0070429970463 0.053691617295 0.0303330758743 -0.00360817870818 -0.327325505167 -0.107027945502 0.151919179025 0.134929826058 0.00343966797817 -0.286832011356 0.0978471364426 0.0461096658655 -0.00188310460333 -0.178841056309 0.0990471956915 -0.000145577961921 -0.0641243363103 -0.0212714748638 0.0160580822565
-0.648413581681 0.0270185738611 0.101031617838 0.0282998674813 -0.114036982995 0.00494183137069 0.00428454268525 -0.573646283122 0.0393101921215 0.0103102062767 0.0762016973258 0.0230964220588 -0.0164847102841 -0.0818809635773 -0.254641294947 0.0582002189732 0.0270885054248 0.0103071794301 -0.248450234444 0.187701942523 0.00855097795931 -0.0201249351697 -0.189500014363 0.0572381648023 -0.0306795295139 0.0621959604659 0.00195650600612 -0.0151425886909
-0.724789715724 0.00379601473675 -0.0377601196192 0.0435461532478 0.10970165154 0.0176957650556 3.84491197132e-05 -0.576268450699 0.00800501290868 0.00634879086308 -0.00534309809828 0.000975448252929 0.0150625163309 -0.0872230886319 -0.198307822788 -0.0355943846252 0.0160748721075 0.00286144982827 -0.0762987400741 0.15753792949 0.00165990545657 -0.00414263220776 -0.184072710207 0.0694207684203 0.00408277669475 0.0878610363495 -0.00314637498447 -0.0312172509526
-0.581331737388 -0.00327834925002 0.0397590491985 0.0418859133564 -0.00893313845171 0.0030639888194 0.00128117289148 -0.603893275403 -0.0235204612872 0.0316756509073 -0.0388018564925 0.0501659633159 0.0233633486535 -0.339672056393 -0.0758074732121 0.0713878993634 0.047815418093 -0.00539810776689 -0.202311319953 0.131399309188 -0.0257367924697 0.00239014265871 -0.311550332029 0.00220586784969 0.00591258561119 -0.0556708715068 0.00537829570103 0.0131911225993
-0.543266583958 0.0321881308246 0.0400592908899 -0.019958929694 -0.00506906322887 0.0265714762416 0.00880314703515 -0.661508658914 -0.131422628622 0.0415364729542 -0.0912336374304 0.0133666376954 0.000632987048017 -0.326566474839 -0.125054712021 0.0600998587889 0.0226690862027 0.00134812885358 -0.0710409410219 0.118072110878 -0.0328474813089 0.00317992369578 -0.296813249879 0.0315919053241 0.00460897720425 -0.00750197472045 -0.00266397151963 0.0158033323586
-0.625981401901 -0.0203721726755 0.00624420305459 -0.0106937862698 -0.0679568863024 -0.0164730425693 -0.016820813616 -0.664668007424 -0.0787707937762 0.0556928734175 -0.0792793946546 0.00380879750851 0.00594318670888 -0.170536574104 -0.182088187666 0.0370133681174 -0.0187628205625 0.0156980885516 -0.044614049951 0.257432033788 0.0193574369309 0.00250969274034 -0.0234061642198 0.0577807726974 0.00801006207966 0.0894944264592 -0.000696151898583 -0.013076500519
-0.665643610116 -0.0190119364919 -0.0480371319498 0.0539132895044 0.107040507606 -0.00679622416223 0.00729856946413 -0.569602137506 0.0107017773753 -0.0544144371633 0.0949432408912 -0.00764356867153 0.00536076007537 -0.139516398723 -0.259958481538 -0.0622772128213 -0.00614941208476 0.00172602263911 -0.217493603799 0.0791807614812 -0.00321333713414 -0.00753676850264 -0.238445585377 -0.00820213809471 0.00671348372373 -0.0114415469144 -0.00573015629134 -0.037779618319
-0.524480589979 0.0257188365972 0.048012826644 0.0702922656867 0.014560643252 0.0158261371889 -0.00643067010108 -0.578439620389 0.0147076651117 -0.0580586095668 0.0440341204844 -0.0993087014298 0.0212751166879 -0.386951802283 -0.0707608812669 0.121503123158 0.00985738636233 0.0110439846519 -0.150946252703 0.0761827797729 0.0204103685577 0.00338336366739 -0.328734836957 -0.0517845556646 0.0217600001258 -0.236349520771 -0.0158792297961 -0.001637270506
-0.589643392113 -0.000379878905056 0.0417886135843 0.0358256617861 -0.0506873256623 -0.00232672512813 -0.01164445067 -0.614805771106 -0.0315929708983 0.00064595945167 -0.0484289724323 -0.064436174151 0.00768311436241 -0.284917268005 -0.0920818668788 0.0690673118567 0.0805117529357 0.0122482371293 -0.0403493690977 0.10836533621 0.0287763542806 0.0168047643183 -0.339845825324 -0.00782680561058 0.00911049001476 -0.172079585623 -0.014445442995 0.00624430640086
-0.691347267309 -0.0402851252128 0.0287075319728 -0.0524374537357 -0.0908710422709 0.00818303364064 -0.00660811314321 -0.620643618861 -0.0766391509167 -0.0739207301566 0.00473228667166 -0.0372126194811 0.0134901386215 -0.103615488701 -0.168332388789 0.0104721922944 0.00253606307559 0.0132383761267 -0.0294043911412 0.215228922483 0.0427419327937 -0.0106689158791 -0.135306497209 0.0272841598647 -0.00578618727167 0.052265825412 -0.00480441900552 -0.00398915339549