-0.0351820343045 -0.0669073786106 -0.0567488241201 0.116871367029 0.0786932853805 0.0312091761148 0.0273152913893 -0.164436582699 0.0285183588375 0.224419720021 0.291258075632 0.0253919237278 0.0468130463085 -0.239902931251 -0.469237051734 -0.0704945988648 -0.113139502956 -8.03044348155e-05 -0.499790604847 0.404596756254 0.0284584829542 0.0131193474025 -0.303013257944 -0.022010614759 0.0169136357915 -0.019244879908 0.0253827418242 -0.00537200436797
-0.37137942461 -0.0140789646019 -0.089874104437 -0.0520161458251 -0.022669549059 0.0272943284867 -0.0265030552731 -0.460677885682 -0.0737496321709 0.110396332867 0.0476974199761 0.0976494735361 0.0447036800914 -0.274531133519 -0.164203152677 -0.229355226564 -0.109331266272 -0.00459138400101 -0.375355149422 0.10304635896 0.0677708831349 0.0288209179932 -0.512989368375 -0.00428983206045 0.0416174980683 -0.109571252172 0.037020469651 -0.0578680110148
-0.463404653857 -0.0317296968452 0.0539168304472 0.0803822129623 0.0663229715215 -0.00467713984501 0.045027970303 -0.503817154795 0.023069544282 0.139702277931 0.0428166540614 0.0789315225654 0.0100052090657 -0.135693875451 -0.38040483688 -0.111539939496 -0.0582376741933 -0.00512567685586 -0.26394294471 0.227484562896 0.018937534528 0.00277469501422 -0.427129449822 0.0348679951474 0.00833364606723 0.0280552460554 0.0244751080972 0.0227289870869
-0.456946444258 -0.0596564706171 -0.0946945729356 0.0658437067936 0.0587168092018 0.0414407273962 -0.00132006371627 -0.540402538507 0.0126729019473 0.0854432648454 0.192198735286 -0.0400153196208 0.00307924899315 -0.130066721706 -0.318181905399 0.0537659640467 -0.0496068136466 0.00116105478008 -0.443152045541 0.310244685511 0.00205426653548 -0.00116688311309 -0.117411230674 -0.0157775105666 0.00852935451473 0.0104040729603 -0.00392346996631 -0.0272562015179
-0.395007117263 0.00966639885934 0.104534119578 -0.0162876991034 -0.0186847642177 -0.0374860194788 0.012248503201 -0.397055340939 -0.00815515902279 0.0245646446722 0.101706927364 -0.0483215049347 0.00190712091424 -0.314662753088 -0.383085645903 -0.00316687284866 -0.0457782609616 0.0160466137612 -0.523718958643 0.295349965267 -0.0253566178415 -0.018619092666 -0.213422865878 -0.0337769012896 -0.0146128309492 -0.0372405585874 -0.0014615871957 0.0291067518234
-0.269025605712 0.0157412474794 -0.0294620156776 -0.0701256726444 -0.0431332229392 0.00166862834098 -0.0206808445834 -0.220196424052 0.021011705752 0.0193273668392 0.0134954398275 0.000451160571257 0.00308757166084 -0.590061544728 0.0866452973412 0.0615875697066 -0.00548431398675 0.00920804891678 -0.327150357492 0.0895259781653 -0.018189825119 0.027945379557 -0.538728153126 0.0121455805904 0.0137587940424 -0.316583588737 0.00257619014264 -0.0571738078054
-0.174569613571 0.00350887903021 -0.0235983042067 0.0152093960738 -0.0158882889308 0.00223295216759 4.48918165017e-05 -0.230132330628 0.0801360586003 0.10268789466 0.0761820489087 6.01547092558e-05 0.00599154246249 -0.534789397916 -0.0180085899698 0.0253998196694 0.00226921901464 0.000252353838265 -0.449403534219 -0.0101066684875 -0.00197919904298 0.00322464509465 -0.461612375334 0.00423057828491 0.00108144914135 -0.434270476614 -0.00206039923012 -0.0441123975915
-0.499314054086 -0.0734342971198 -0.035797319297 0.00667377136566 0.0505748933275 0.0222603088145 0.0126715678743 -0.572013778854 0.00646907879123 0.0954365705304 0.0668831508757 0.0322876773738 0.0197273680556 -0.179610938125 -0.282514173171 -0.140576265752 -0.0432719161406 -0.0279633893637 -0.332196376463 0.10673447802 0.00402237423321 0.0100852963944 -0.357810345191 0.0245293041749 0.0103113803346 -0.10339995144 0.0460452429109 -0.0243972487228
-0.543874502972 -0.0132759603844 0.0843827347023 0.0335636360887 0.0237026709006 -0.00895014270764 0.0213406874541 -0.650075568231 0.0284040163953 0.101129251085 0.0872435927816 0.0137408328186 0.0114040465418 -0.150047520204 -0.224033302678 -0.0863728078146 -0.0563573430832 0.00959367908436 -0.235142822615 0.208033754359 -0.0131604263117 -0.000234078054683 -0.262233292494 0.00577140382155 -0.00698688769885 0.0204625593778 0.0239471198851 0.0331635469703
-0.648180800859 -0.0347472907235 -0.0894596177971 -0.0162902014571 0.0292231405669 0.0494604460239 0.0170954940751 -0.573263814226 -0.0167885607 0.0354794860791 0.00646200938571 0.0311334197942 -0.0246022325517 -0.153046998678 -0.0974688710445 -0.163085384793 -0.0940981595358 0.00496608764125 -0.0915287475549 0.0606804331108 0.0360695501591 -0.00117653301584 -0.386578854652 -0.0126338094878 0.00768838783742 0.012258958297 0.00347639009382 -0.0584728238865
-0.543090541478 0.0162736533455 0.0239639644101 -0.011032162569 -0.0277486498976 -0.00929510162328 -0.0182595897986 -0.615009803524 -0.0546796169901 0.0897962031722 -0.0444286912661 0.0338293455544 -0.0298887707151 -0.124922192893 -0.188358873781 -0.163906959769 -0.021184278507 0.0131682605144 -0.414575127772 0.0739937445225 0.0369293051334 -0.00840537518373 -0.223782954219 -0.0265197731667 0.0192142228268 0.0177865571114 0.0142857688571 0.0239591551825
-0.585152229358 -0.0124313998023 0.0297650325444 0.0162089716139 0.0372185224974 -0.0079697865478 -0.00925855382443 -0.639392481309 0.0996820794539 0.0166039083903 -0.023757579708 -0.0045330733609 -0.00397411058243 -0.0875357604721 -0.174578423539 -0.0393403303717 0.00981588900953 -0.00466835676458 -0.221726555088 0.133258090414 -0.00199648190283 -0.00869549416718 -0.356075887713 0.0167302711974 0.00126122349105 -0.0327905824943 0.000968408317547 0.0130327716458
-0.645337645711 0.00734225266564 0.0123567790965 -0.00568354526606 -0.0112222551356 -0.0394180010054 0.0232463648028 -0.62958384687 0.0237182171436 0.00291607217247 0.024481201581 0.0239918355516 0.000471928853308 -0.0396706465229 -0.288124253873 -0.036474152633 -0.0293617403914 0.0183347308556 -0.0998178903913 0.104898242097 -0.00724670467768 -0.00471892921317 -0.252077980658 0.0203959405217 -0.00282020669232 0.101072254046 -0.0104608678966 0.0224937069774
-0.590215994505 -0.0275310993336 -0.0497340027497 -0.0208102967001 -0.00551785034624 0.0468082191441 0.00459884271089 -0.569551889416 -0.0547541715451 -0.00409960498503 0.00719654251593 0.00824339882924 0.0129904201183 -0.065313740902 -0.21752352906 -0.00288352334367 -0.060716114266 -0.00376458806601 -0.381597001411 0.147151384812 1.90729403664e-05 -0.0031689589407 -0.294934196103 0.0193232049778 0.021847334587 0.0687535436149 0.00186589256249 -0.0539142487435
-0.552968566855 -0.0157118336788 0.0141867698891 0.0333718582654 0.0365027582326 -0.001086540768 0.0114217383059 -0.621788185809 -0.0710478541011 0.013584202363 0.0669506489155 0.0134046122221 -0.00249493328302 0.0190361648261 -0.23274900641 0.0411559538295 0.0285889850955 -0.00742251683671 -0.166542058688 0.145654781133 0.022647649096 0.00145106236266 -0.419311437431 0.0464185593814 -0.0103126290515 0.0991184920816 0.0084783051411 0.0114855280196
-0.619052074658 -0.00515919722255 0.0777132423904 0.0183534431076 0.00468806945717 0.0105370253558 0.00218686901615 -0.58955481417 0.0186086970096 0.0334053515245 0.0388864416767 0.00341657685028 0.00624046418869 -0.0718690757004 -0.307749700415 0.0269161822994 -0.00687399126264 0.015049271031 -0.291604696201 0.163576511854 -0.0315715186686 -0.0157150137037 -0.190487147326 0.00068691992097 0.00301225220295 0.0950216426367 0.00112009635545 0.0200313682155
-0.534209189456 0.0144005253286 0.0486013431214 -0.0588986849708 -0.0302461345796 -0.00776821022876 0.00548750251194 -0.479634801796 -0.00244059425181 -0.00712613096641 0.0429735027646 -0.0281223730433 0.0145341682023 -0.34155502272 -0.248223995649 -0.0240295202965 -0.0455178893633 0.00410833330744 -0.434478352739 0.256273036171 0.00900529815567 -0.0117821460598 -0.187746036788 -0.0132802116097 -0.0102105231088 -0.0552534870046 -0.00227726768648 0.0206376382485
-0.577489441328 -0.00882563545954 -0.0374977227144 0.0441015584387 0.0881920247285 0.0124897635176 0.000691686490393 -0.397552362522 0.0428615455983 0.0409052180178 0.00493023542543 -0.01524793966 0.00436470877737 -0.35277566097 -0.247400033281 -0.0561720833855 -0.0722928487699 0.0143272428225 -0.457757235073 0.245320412134 0.004939261442 -0.00362136420243 -0.131535316046 0.0109924320147 0.0107559140359 -0.0942013696035 -0.0138249946037 -0.0519612210263
-0.3600503894 -0.00539247491207 -0.0370361720613 0.0537044215913 -0.0548025074571 -0.01035606176 -0.000945412489171 -0.388270301561 0.00994386007361 0.0934762026718 0.0621625856812 0.00179329809384 -0.000319971076395 -0.477758642444 -0.12555940153 -0.0682959357189 -0.0478675692372 0.00321363311397 -0.490240810376 0.0942006194248 -0.011747708266 0.00165404056623 -0.395095697199 -0.0557217388996 0.00324825798421 -0.199462416382 -0.00745816488153 0.0108336895961
-0.413785718197 0.00178121257508 -0.0397966618116 -0.00615284456034 -0.0214329003485 -0.00387807076691 0.000520068176076 -0.421010117218 -0.00827338217535 0.0287472946528 0.0424767944454 -0.029664506345 0.00201359881352 -0.431452127482 -0.216994360215 0.0203555850962 -0.0648547950953 -0.000460175188244 -0.445821674204 0.0279956531673 -0.00395545362412 -0.00293407059717 -0.384400990788 -0.0529125108005 -0.00220757420136 -0.240208544153 -0.00313712762777 0.0121374442455
-0.483371753812 -0.00427161631857 0.00391141531566 -0.0521454692644 -0.0648083046475 0.0061291046422 0.00236875330799 -0.423380062318 -0.0769727981919 0.0317204216069 -0.0813005829519 -0.000265904438349 -0.00420523078534 -0.434273645662 -0.266301212168 -0.174245410314 -0.0281098291283 0.0108100738282 -0.40395133017 0.221417492609 -0.0133506019848 -0.0126524534084 -0.242303619684 -0.00265207307434 -0.0193223065977 -0.0599647052197 -0.00141468635229 0.0231996610608