-0.00348188693993 -0.00760153337001 0.0385504983216 0.0341645767533 0.0162542117129 -0.0135214936762 -0.00811942487405 -0.303834726572 -0.0592859413924 0.109339301965 0.553771689787 0.0929852301034 -0.0263425701962 -0.162379829915 0.251696936196 -0.365884055489 -9.63058245467e-05 0.0309408747454 -0.139416369873 0.298863855579 -0.0433124493533 0.0208943199852 -0.48196849856 -0.0622137252024 -0.0314968174985 -0.0104070125881 -0.00882789700516 -0.00405953464571
-0.33959389475 0.0277872329641 0.00601089185235 -0.038591036324 -0.047645412561 -0.00609897406773 0.000279884410525 -0.580844191221 -0.159822538903 -0.0215079172022 0.212312089069 0.0795622586828 -0.0150098179495 -0.136380948857 0.168488748455 -0.189932110753 -0.0174690062366 0.00997959026117 -0.467902306823 0.0593018006598 -0.00287307674513 0.00719147558766 -0.374821394866 0.0185451587243 -0.00588165838077 -0.134667933077 -0.000502186149644 0.00846678462919
-0.466723973282 -0.00168944722745 0.0265623916162 0.103895741121 0.0738301663397 0.0117886628712 0.00794703819217 -0.626724052063 -0.145804495964 -0.0496724883831 0.214434856216 0.0691568556629 -0.00670405123075 -0.0588929092106 0.208528526703 -0.163135919169 -0.0306187286734 0.0138155989046 -0.27348093993 0.0525233804748 -0.0342961594944 0.0104650091672 -0.375420112981 0.0216441140259 -0.0104165115454 -0.0468014538679 0.00805596448134 -0.0197660668499
-0.416063268015 0.0339852550591 0.025462170664 0.00254806830885 -0.0363230548403 0.0244814336331 0.0140201491756 -0.646194079681 0.0315669732627 0.0571004789548 0.301198529015 -0.0479243513786 0.00959081068347 -0.131548111553 0.128499096856 -0.264936530135 0.0343396183307 0.0198781301567 0.0119918311389 0.228473918465 -0.0255069226343 0.0222914661077 -0.358539249602 -0.119104207028 -0.018505579138 0.0761174835197 -0.00866990613292 -0.00335863343706
-0.427158653887 -0.0306173056106 0.0432311782327 0.0465809425898 -0.00791539065988 -0.0557967353784 -0.0147112841922 -0.610898563319 0.0810707486284 0.087908838449 0.270601142115 -0.0372224855392 0.000718806497851 -0.170050541469 0.151657099497 -0.283923730473 0.0149634613553 0.0346583099102 0.0246890608496 0.22271471917 -0.00375729738028 0.0178358395846 -0.391053392247 -0.0906266350574 -0.0182801575857 -0.0304411508351 -0.0115191666927 -0.00552804275981
-0.353474405801 0.00552410036403 0.0152540028286 -0.0344463762543 -0.0693766555751 -0.0148012945152 -0.00263739965214 -0.335105394065 -0.0095950455178 -0.000549901662636 0.0178844526372 0.0149429093399 -0.00268925480608 -0.373153320951 0.174524932796 0.114250323631 -0.00525307786029 -0.00286278931371 -0.42714951681 0.117315577008 0.023003600445 0.00128184962985 -0.595194689799 0.0447851270687 0.00188227530543 -0.139167831615 0.000905096764753 0.0212685486607
-0.215442492444 0.000137470487545 0.0193973202485 0.0248059144983 0.0134830430503 -0.00749756567363 -0.00124627723222 -0.215308338266 -0.00210083535131 0.00967359902533 0.00123063918843 0.0182336353235 0.000356771824373 -0.557271354804 0.0130975364862 0.0101985507414 -0.0197929037676 -8.23887305272e-05 -0.499339155409 -0.00323712112006 -0.00587060283487 0.00215328797559 -0.500841689563 0.00336580434591 -0.000278948776367 -0.306718672564 0.000999446993904 -0.00495796739988
-0.297415341953 -0.00752379589015 -0.0150025204747 0.000670951637664 0.00523972308649 0.0301027315285 -0.00366459571814 -0.299716387108 -0.00977009469641 -0.0037276256836 0.0167600925614 0.0306126391321 -0.00177055979846 -0.385652595058 0.0556861024045 0.0225595471128 -0.0456699818381 -0.00178518167207 -0.424505709534 0.00475971732373 -0.0349580910628 -0.00158822777782 -0.661112292854 0.0272564049218 0.000672214367367 -0.21183447967 0.00313049936374 -0.0240611807928
-0.525298839134 0.0100794352701 0.0337306239818 0.0761593164269 0.0364737637569 -0.00586825247651 0.00396948554839 -0.500726823307 -0.0281186347409 -0.0076162818723 0.0527752324225 0.045818810118 -0.0060225065499 -0.222576522375 0.181764572191 0.050709970704 -0.0606456344248 -0.00193239516143 -0.30657009981 0.135575796777 -0.0223501607721 0.00792936637958 -0.502474036239 0.0557687382803 0.00761930747378 -0.025656238605 0.0258219415067 -0.0202615766757
-0.528791663341 0.0391251893782 -0.011484296671 -0.0734826656541 -0.0140575906393 -0.0120298778293 0.00259143122569 -0.693883887605 -0.0265561208844 0.0699104203769 0.171465978529 -0.0113895685449 -0.0187577142183 -0.0876958018528 0.13006382976 -0.0946244890427 0.0249410423243 0.013630396289 -0.263822280796 0.0862145452621 0.0317133712418 -0.00763207881332 -0.287840282706 -0.0197351053946 -0.00710256479447 -0.0136775987372 0.00839517221278 -0.000911199189922
-0.509346385213 0.0149791770734 0.0286204118816 -0.0389716140908 -0.0139949259275 0.000533175937303 0.000509362359128 -0.693383041112 -0.0519866604779 -0.0601596556718 0.151053869606 0.022664241816 -0.0275955823197 -0.143235260195 0.0683297686134 -0.0721356531457 0.0430374146373 0.0175801863653 -0.362796666691 -0.0271770557687 -0.0159428460983 0.0157342296248 -0.227285222 -0.0271005764893 -0.0040990526335 -0.0936921486027 -0.00327796849661 -0.00161509196015
-0.618332200428 -0.0246488206017 0.0262256853737 -0.0544196119131 0.016203348631 0.0479104207723 -0.00711698152822 -0.702215139318 -0.0727246835979 -0.0711773111238 0.080936785376 0.0183733937828 -0.00871153904215 -0.127697510062 0.0856266279818 -0.0799850324387 0.0591361495408 0.00284897493385 -0.0960339411373 0.00964860638041 0.00821837804631 -0.00790427714951 -0.235637531712 -0.00527736998944 -0.0130034531803 0.0395814242185 -0.00993202394042 -0.000275786195927
-0.716566821867 0.0220092188996 0.0607126218521 0.0982562232139 -0.0683354693594 0.00729040367839 0.0121509704783 -0.581411262561 -0.0087550029902 0.0268561359317 0.0719980594767 -0.0103311807457 0.00260889771767 0.0450004842827 0.157026246563 -0.0352669370876 -0.00601949212846 0.0208211434444 -0.228647691751 -0.0343084528897 -0.00647262719954 0.00865156111358 -0.200137476553 -0.00286599408161 -0.0106415391071 -0.0358263188616 0.0034308257305 0.0161674241024
-0.636834266196 0.0227891747626 0.00948542825403 -0.0387479946228 -0.0957668367254 0.0119917803646 0.00687794417459 -0.613152035497 0.051913570726 0.0206591642654 0.0561628114257 0.000450572083933 0.0261265569501 -0.0142893873822 0.131319687961 -0.207371951564 0.0238668718653 0.0185808051745 -0.0592166977159 0.128880279394 0.0135336641294 0.0369877798603 -0.327771398615 -0.0499929448094 -0.000104977536209 0.0834728598975 -0.0108315732319 -0.00110052871339
-0.5221568124 -0.0881956929796 -0.0111572947087 0.037921600616 0.0448682749967 0.000210778981721 -0.00416051098588 -0.657425674169 -0.0245220269908 0.0629922194712 0.093600760051 -0.0260615272984 0.0172486265431 -0.0607719828766 0.103007640835 -0.0548611388285 -0.0119575428175 0.000121030201234 0.161219183204 0.163630975071 -0.0128799093671 0.023536532176 -0.421077029335 -0.00273892078839 0.00885302959022 0.142733285025 -0.0205504967428 -0.0183046153697
-0.558937292149 0.0142175237281 -0.00768759408239 -0.0581447164973 0.0878367056714 -0.013878333638 -0.00440691606902 -0.694554858647 -0.0272207228765 0.0699290932527 0.0840224990818 -0.0292431963685 0.00795081902277 -0.131480957068 0.106561294199 -0.108523194042 0.0430384243077 0.00928856138091 0.166848793555 0.159370256823 0.0205152016925 0.0386151145806 -0.27171974104 -0.0430085059797 0.00392382883808 0.0742764095779 -0.0265771344611 -0.0240039988972
-0.628017621134 -0.0201970836782 0.0773108864196 0.0678308380734 0.022336823167 0.00826688603399 0.00432680811062 -0.595581181534 0.0585034458755 -0.0243411182596 0.131029953473 -0.00985459884975 0.00237169818328 -0.0245992237811 0.138163910814 -0.169096232165 -0.0232543014681 0.0304422633394 -0.194154597504 0.0221766920481 0.0249227982158 0.0072618730373 -0.357189224482 -0.0324603944659 -0.0139416761986 -0.0236361650533 0.000190066819538 -0.00320524764769
-0.508936187796 -0.0193990186567 -0.0279948367363 0.0160523290293 0.0605166821735 -0.0123285571661 0.00543705442953 -0.541939814448 0.0636075344247 0.0139877784484 0.127401477633 0.00754250837747 0.0128370666508 -0.188048135243 0.0759280455294 -0.188380089141 0.00279581787353 0.00288966648994 -0.421765034946 -0.0314999100971 0.0236620418367 0.0143530010097 -0.401375526022 -0.045645723603 0.00433515988634 -0.0424196456793 -0.00410191616477 -0.00583894924004
-0.426317344828 0.0127259023694 -0.00933800671755 0.0335190696921 -0.00646804884112 0.0225163825446 0.00123795382964 -0.501927341379 0.0601196837175 -0.041527814234 0.134555956999 0.0105382916618 0.0111891907934 -0.293135377774 -0.0202217897097 -0.00376016088674 -0.0502160691029 -0.0026600685092 -0.385668982573 -0.0113106938288 0.0366493989863 -0.00753963948087 -0.462909532592 -0.0555143218119 0.001461523706 -0.290079322938 -0.00565823089053 0.00480000534049
-0.399792660997 -0.00326740550571 0.0105216580362 -0.00862087170617 0.00373866006147 -0.00992784345494 -0.000967787454191 -0.484135507868 0.0534650405519 -0.0237507221361 0.142099963543 0.0328098510109 0.0192018078049 -0.408056591088 0.0364804748158 0.00461428300905 -0.00951032491614 0.00171561568357 -0.331701130564 -0.0143985039232 0.0118434225761 -0.00477813581531 -0.444547570255 -0.0330196524121 0.00246817647997 -0.321461897038 -0.000669427717648 0.000621008429425
-0.573531629018 -0.00161183277754 0.0337831503137 0.0437467950027 -0.105409112216 0.00789023780761 0.00106936615181 -0.564151815621 0.0820894573832 0.075125932815 0.124847290068 0.0126720392839 0.00549920912836 -0.140946154641 0.0364691841885 -0.283564901044 -0.00389339482476 0.024454881433 -0.196063745247 0.0152387471686 0.0262000667751 -0.00393927940586 -0.407049807031 0.00235899470294 -0.0126972788454 -0.0537643167659 -0.00565302210822 0.00544517374097