-0.00274803228722 -0.0109277509559 -0.0034887632169 0.04718184982 -0.0140622628889 -0.0307642900864 0.0162889808889 -0.253106121167 0.165353183076 0.321026503165 0.31227979887 0.00260014516799 -0.0182669273356 -0.100869315481 0.290842554672 -0.110789419467 -0.0475688599997 0.0167146130615 -0.44482693911 0.525247698221 0.0546967456643 -0.0133096203391 -0.340312878948 -0.00850073125137 -0.0256721697879 -0.00541981617351 -0.028583942568 -0.00275599662958
-0.494278076715 -0.012940165018 -0.0909677859159 -0.00817964968989 0.0395748790764 0.0121883296944 0.0011557485479 -0.526378673961 -0.0162776771486 0.0238557477918 0.120794083472 0.0789180440447 -0.0254163206181 -0.0980673515814 0.277929478425 -0.0353838667744 0.00678975476402 0.00137121495891 -0.428666682536 0.313657912903 0.050301689175 -0.00409322232041 -0.25353151237 -0.0185253494355 -0.00468385397644 0.0917053860663 -0.0114428942359 -0.00775919989857
-0.585852469216 -0.0137694975579 0.116217580307 0.090193849326 0.0478602387141 -0.0484279394164 0.00576193730654 -0.581626875711 -0.00955946869583 0.0369964025662 0.121136331222 0.103287903013 -0.0119431041437 -0.0465938379602 0.162149086681 -0.0264443971288 0.00307089713506 0.0221090019086 -0.176192057264 0.324202337079 0.0709931883257 -0.0160342980233 -0.30350712346 -0.016906985535 0.015718392955 0.0184607114221 -0.0218163799143 0.0216045632288
-0.424051938962 0.0298277538826 -0.108182041749 0.0564466358385 -0.037744339865 0.01992144644 0.00226354769609 -0.567345357271 0.169976367575 0.206771796612 0.0699719486336 -0.0376757971987 0.00666235468002 -0.19465017692 0.0831394479927 -0.154022661834 -0.0498233674555 -0.00238707972203 -0.460079709795 0.222410643333 0.0205195923987 0.00286081587691 -0.252783343415 0.00426434689281 -0.0326379108683 -0.0651102258882 -0.0185140604787 -0.0232574848271
-0.42173383555 -0.0164650455222 0.0845089811565 -0.0613281654418 0.0100458013142 -0.0394737300291 0.0118894077927 -0.586053456795 0.162354827304 0.202780127519 0.0946695596859 -0.0377354818818 0.00528171535894 -0.0855567424735 0.0966489709879 -0.158166721281 -0.0425018084137 0.0138394997271 -0.416908093986 0.248097990839 0.0263436413547 -0.00899203834787 -0.312470839919 0.0214434763865 -0.0272836516739 -0.0938766143361 -0.0177342168184 0.00542104049404
-0.528033834085 0.0144458913029 -0.0335816112794 -0.0331067085839 -0.0195062824706 0.00590204527502 0.00110272171935 -0.541734289126 0.0250373969324 0.00182991982893 0.0208353240174 0.0446665720445 -0.0158073508898 0.00520852129255 0.178908685319 -0.0364725438 0.00629920168123 -0.00806634704885 -0.29245360995 0.196247219057 0.036739985014 -0.0201718711153 -0.50146319962 0.0121750802523 -0.00995274990528 0.0965096214394 -0.01478738518 -0.032113205881
-0.419756722185 -0.000740329138479 0.00647458310262 -0.0216692778827 -0.00372281706567 0.00176451099972 0.00227978792933 -0.49485818073 0.0579586958704 -0.00150991118782 -0.0393788824268 0.0457445409561 -0.0156128665884 -0.103018515922 0.167777458655 0.0147819125686 0.0385369038024 0.00969085924469 -0.354192822919 0.137608959942 0.0316276620696 -0.0207808405786 -0.613854088794 0.011352666112 -0.014752390039 0.0865792339269 -0.00346590390136 -0.0092248654581
-0.429721029521 -0.0124629857526 0.0138316214897 -0.0153420034638 -0.0112495185987 0.00616508863765 0.000403809060169 -0.517986193742 0.0712705261468 -0.0214000362002 -0.0752234868729 0.0508048553513 -0.00983338746206 -0.147283769972 0.175136355524 0.0516876530665 0.0467048673959 0.00273226370923 -0.359183652103 0.16116891556 0.0450213049712 -0.0148315691075 -0.561207550608 -0.00915641557222 -0.00829627616744 0.0523413578175 -0.0100530896136 0.00118298391464
-0.637499362983 0.0177301616844 0.106793632731 0.00221076768404 0.00473551038973 0.0119499793224 0.00726340064156 -0.564597647701 -0.0228476216275 0.0200413264183 0.0291649988696 0.0283716554155 -0.0197023643075 0.00224404569853 0.0592567884361 -0.018128405601 -0.0246356442931 0.0211664209353 0.0571950207392 0.20511549798 0.0399105882493 -0.00950189821378 -0.443844159738 0.0212097310989 -0.0117326399264 -0.101947824451 -0.00230759024914 -0.00199142470251
-0.66125029638 0.0178457093984 -0.0786470723751 -0.0262178651409 0.00473585616228 0.016050198076 0.00244860595546 -0.656035795711 0.00496014317221 0.000857561430675 0.075966399686 -0.0187816130896 0.00278935647152 -0.0193229448671 0.165119994039 -0.0113654307272 -0.047179009738 0.00311208989446 -0.168867826176 0.242458742932 0.0128053645569 0.0187113149591 0.00323919128926 -0.013127353912 -0.00591362187514 0.0249801702916 0.00809423587591 -0.00209294808026
-0.526167544835 -0.0270265795103 -0.00471388280707 0.0289937791896 0.0107118024544 0.00615582794298 0.00415664885662 -0.69120344869 0.0458464702387 0.0690491207475 0.109855275103 -0.0251146025814 0.00926816185409 -0.2900561638 0.117519081771 0.0132303952332 0.0232677696787 -0.00243249793187 -0.232930524693 0.136027861499 0.0359018788491 0.0031541480231 -0.137199604181 -0.0338761995775 0.0107856515052 -0.175512736241 0.000981185494441 0.0186999230323
-0.580452678815 -0.00542784213927 -0.0257522327229 -0.0068510322384 0.0114431039786 -0.0170379549857 -0.00085039658701 -0.684826654025 0.0188322158311 0.0509876761109 0.0698411896489 -0.0396969434934 0.012023039332 -0.24053516987 0.101485554105 0.0353076556139 0.0471898649725 0.00384880076209 -0.226321816932 0.2212147765 0.0166880158822 0.00522928597698 -0.0221031667337 -0.0399143989279 0.0209525705913 -0.0900318671782 -0.00585659790775 0.024577869809
-0.717655014756 -0.00122801804211 0.118416730538 0.0209190418875 0.0351329040011 -0.0297346045396 0.00282743407733 -0.579916486179 0.00910977589075 -0.0408089690284 0.0281455147558 0.00498003303002 0.00940572055065 0.0406326796021 0.0764535503856 -0.0801706755056 -0.0259281140773 0.0190824999826 -0.234190723727 0.142340898274 0.0384496793313 -0.00735462476981 -0.188477110424 -0.00691286577849 0.0133398590792 0.0371741521144 -0.0102005739901 0.0243376507309
-0.640153167451 0.0302685743122 -0.108061306721 0.0207566132969 -0.0193061411572 0.0185600791724 0.00789267703141 -0.647606343653 0.0628432386248 0.0931730842728 0.0589812736308 0.0167641094753 0.0120677145974 -0.0854536752043 0.0359306416653 -0.139301026285 -0.0185866709675 0.0123131783965 -0.315858827369 0.0376443533271 0.0429339399127 0.0207412232065 -0.0789709260612 0.00223044363609 -0.0232064728996 -0.0227983731298 -0.00520567233217 -0.0345083332754
-0.542945474703 0.0135945425174 -0.0296949223823 0.00746846666782 0.00688386845424 -0.00981386642446 -0.0121880296144 -0.696029603494 0.0799897511252 0.128604478852 0.026328168488 0.0354570129527 0.0105715035218 -0.138304915305 0.0293022439953 -0.103367600405 0.0334466048165 0.00554877223668 -0.2673058139 0.157023205023 0.0487973590308 0.0201043459751 -0.247280180634 0.00596292773892 -0.0262169968194 -0.0244939424234 -0.0339580528448 0.000223097532715
-0.490506877748 0.0105106010215 -0.0259494288653 0.00973382821396 0.0253429066863 -0.0178783305983 -0.0112090245343 -0.74722164356 0.0830971467002 0.143856842283 0.0523333551139 0.0378022925492 0.0114920415972 -0.0668606066169 0.0403287972301 -0.0822561407704 0.0400908806873 0.00753666738016 -0.243746077352 0.161232594809 0.050401514959 0.0194407807628 -0.251935972533 0.0236270054619 -0.00189875770493 -0.000808391589842 -0.0175837702011 -0.000467840749373
-0.621561634175 -0.0188777094349 0.105026047412 -0.0499615299036 0.00593490449898 -0.00606357380824 0.010015343494 -0.67933639033 0.0637239036135 0.0788416667918 0.117365628999 0.000729150177257 0.00193632405024 -0.00656493205605 0.0722503674153 -0.119681374087 -0.0264923170218 0.0139606050349 -0.27374199888 0.0755057881228 0.0287549144902 0.000254421041373 -0.0999029904694 0.0149271300977 -0.0138670282264 -0.0379224791388 -0.0158487807539 0.0045689695129
-0.498274670032 0.0294402358729 -0.0266609335753 0.0672445459799 0.0438594555122 0.00803220908258 -0.000582970242609 -0.485138867098 0.0165654117337 0.0411259451384 -0.0650024089281 -0.0359601797372 0.012217860597 -0.333839614595 -0.0566605509335 -0.181452792908 -0.0805153576732 -0.000468075698097 -0.470506143977 0.202311910147 -0.0214458720627 0.000648855777629 -0.253479977737 0.0177196497237 -0.00989741387377 -0.135690514243 -0.0051953926661 -0.026542042179
-0.465842772411 0.00844507175883 -0.0113044515468 0.012290556113 -0.00571440032312 0.00716555995574 -0.000613201096034 -0.546497684624 0.0545100321293 0.0200539578346 -0.0333318363701 -0.0648503575995 0.00690503000286 -0.179561070177 0.0362520585444 -0.109713557158 -0.0676053765409 -0.00989381333411 -0.507706628783 0.149547477219 -0.0376986459234 -0.0252965908761 -0.374498868222 -0.0066865336878 -0.0265887817129 -0.0399296081868 -0.00915058916056 -0.00508911408123
-0.455579881107 -0.0290389574966 0.02786581567 0.000455057555654 -0.0104135136267 -0.0172577321007 -0.00215290103584 -0.528889263868 0.0556779864623 0.00480547520579 -0.0615200392836 -0.0473138937368 0.0165811505876 -0.0773358873567 -0.0208570053639 -0.0797226600086 -0.0623612560775 -0.00881210891374 -0.546368053563 0.146290424666 -0.00880200705171 -0.0120185512211 -0.394640443851 0.0092230526288 -0.0200524766429 -0.0899902089464 -0.00791092286583 -0.00167145980227
-0.462859888698 -0.0288419241202 -0.00419061220413 -0.0524602677987 -0.0849956941186 0.0141171621336 0.00671998449805 -0.398396569577 -0.0144902461837 -0.000346147024484 -0.0475817194027 0.00129427725384 0.00897563318119 -0.386875600037 -0.114215573062 -0.206732886382 -0.0406908676151 0.0189619260369 -0.483335452476 0.195685606332 -0.0146232846413 -0.0211473420208 -0.325408256728 0.0251720614006 -0.0182495078634 -0.162558629369 -0.00458254292746 0.00848732970525