-0.000977359558837 0.0038828329096 -0.0103230377434 0.0248337606507 -0.0141135769543 -0.0193695126509 0.0157064309165 -0.149964197535 0.0885868284396 -0.0705087981012 0.487812589411 0.0480283362056 0.036988523522 -0.141623817903 -0.056267959064 -0.442636427093 -0.0633460667121 0.00191792203547 -0.177309422807 0.472098774822 0.165364775245 0.014864744457 -0.463275373 -0.0191495322998 -0.0280068854218 -0.0253906300716 0.00488365929826 -0.00155077340944
-0.463598049793 0.0245509081403 -0.12999325849 0.00737044879686 0.0394567189929 0.0166704517333 -0.0125114823032 -0.462477302466 0.107145781471 0.0656958359671 0.0128023836354 0.00325765803874 0.0196288200003 -0.161411892607 -0.0438244401963 -0.0248004874789 -0.0510401879551 -0.00529783270161 -0.0390471054095 0.48228074076 0.0518441450249 0.0181355723124 -0.496485465117 0.0520771816403 -0.0180645493162 -0.13144507281 0.00350725432857 0.01019969433
-0.345390624224 -0.0358564204903 0.094380654843 0.0334974297216 0.0594992286262 -0.002767814034 0.0168324210946 -0.371699131736 0.117508512576 0.00518598468774 0.0249532145907 -0.0368607507297 -0.013461717809 -0.0456163331928 -0.184375579284 -0.150583116018 -0.0550597733598 0.00881893794602 -0.479407887228 0.305472050192 -0.0579646465258 0.0101114733841 -0.559342948188 -0.0133968532201 -0.00958496396401 -0.0981468278709 0.0121684044845 0.00411016433906
-0.565594128386 -0.0172885689679 -0.0818923340092 0.0891018583293 0.0977298922147 0.0928779922368 0.00620175756215 -0.617642648231 -0.0272745357672 -0.0884694168533 0.20156818756 -0.101080721153 0.0180226754681 -0.135885507163 0.000995485847067 -0.315594206726 -0.0406132815501 -0.00895660834211 -0.10298867865 0.125836069384 0.0966244685144 0.00695891302618 -0.203328170914 -0.0815961531505 -0.0190514845994 0.0327098910394 -0.00608039029358 -0.0250293135439
-0.555409878065 0.0451929295245 0.116170130111 -0.0939323557931 -0.069382149759 -0.084101188232 0.00445854649003 -0.601918351802 -0.121045379431 -0.0777479558995 0.175013504985 -0.0779976771098 0.0135474814345 -0.195713833473 -0.0117622706117 -0.281755856044 -0.0238898336452 -0.00356149843561 -0.144274649273 0.176119821108 0.11522768299 -0.00459840900465 -0.222560055718 -0.0257053667166 -0.0286816484511 0.0264188305248 -0.00755542114861 -0.00609936846491
-0.597205863514 -0.00724941581276 -0.148000002595 0.0237839243333 -0.0512750191156 0.0128518419312 0.00496604366022 -0.452766991731 -0.0145762050474 0.0264080915167 0.00871279938328 0.00235992795563 0.0202211948601 -0.246370383732 -0.0097776939521 0.164887043147 -0.041180693345 -0.0103095790627 -0.199631146939 0.293423551668 0.0169919238648 -0.00227671285673 -0.415773735021 0.0231392250604 -0.00723992649003 -0.145133085488 -0.00550104520364 -0.0320709588119
-0.51000437424 0.0335288706382 -0.0218592287554 -0.0314322319226 0.0512070944104 -0.00712911353176 -0.00165212064662 -0.678290591056 0.142576803558 0.0259461842718 0.012012643489 -0.0364044747556 -0.000526130208238 -0.0549622922891 -0.0578229253063 -0.140458535821 0.00120293007686 0.000175893653826 -0.175898816421 0.225800439488 0.00335237076118 0.0123872577698 -0.376675012882 0.00278942182814 -0.0060189554314 -0.0293335860589 -0.00284825032958 0.033143584983
-0.504722279572 0.0120648473013 -0.0208064092899 0.0165238041264 -0.0171821779663 0.00268001668163 -0.00216693533764 -0.598719060351 0.107572755701 0.0329543941916 0.111710259194 0.000805515032599 -0.0214546604122 -0.118279000737 -0.181596962087 -0.18084288065 -0.00787250264233 -0.0194323426076 -0.30445607679 0.203975325556 -0.0644524002315 0.00791222758428 -0.373641079185 -0.0304019251913 -0.0162043233825 -0.0214043473172 0.0119725985832 0.00331712123381
-0.610679657056 0.010226488936 0.109079778529 0.013692173689 0.0413860186018 -0.00766237821818 0.000339426471589 -0.541826903034 0.00278301202345 0.0188961247883 0.0932235893501 0.00930729247281 -0.0229597513621 0.0695500250064 -0.13068143761 -0.084844617725 -0.0312757598022 0.0173148904343 -0.265743637424 0.273543323831 -0.0410034111625 0.00629734121581 -0.360608885964 -0.0112280792017 -0.0116753842466 0.0308762366266 0.0274344964462 -0.0172485174894
-0.611755548289 0.00705366018826 -0.127775689335 0.047545372315 -0.0766329415528 0.0242381025419 0.00904574475494 -0.491189805116 -0.0147421907736 -0.0316280129113 0.0780872742749 0.0203791945636 -0.00678320683908 -0.157733755191 0.0133149354647 0.0778769336375 -0.0645536535487 -0.019640530553 -0.253043577541 0.280717733291 0.0223291700401 -0.0151090347893 -0.400523785469 0.0498110029013 -0.0222283451948 -0.0754465916609 0.00322575851993 -0.0565666167668
-0.517606431596 0.0394313748504 -0.00730435272961 -0.044987206608 -0.0233323965089 -0.0504172609584 -0.00112288711065 -0.430806629694 0.0204787371129 0.0148543335396 0.0310231997483 -0.00656456233697 0.000664777749353 -0.561303385809 -0.108735952501 -0.00725024314603 0.0315174995176 -0.0030928025896 0.05949779018 0.296089802138 0.0367551555196 0.0112822509317 -0.324851768402 0.050100138749 0.00973252971618 -0.0859127201436 0.0124407661094 0.0427384061168
-0.230623908886 -0.00125967407532 -0.0165928260305 0.00135803742701 0.0290701508702 0.00335480748627 -0.00299917654342 -0.235466108009 0.036202744535 0.00802594871974 0.0227802607227 0.0106730034794 -0.00203943330058 -0.593197373956 0.00124014649091 0.00368998641283 -0.000594268025955 0.00022432406368 -0.441890609153 -0.0119543177213 0.00280703705289 -0.000204949968699 -0.400215988447 0.00482818453692 -0.000697039819285 -0.424722313268 -0.00406512408708 0.0171218664409
-0.375406426663 -0.00745442102887 0.0838294786005 0.0432296575474 0.0816683890458 0.00116667175741 -0.00084584785994 -0.317765440755 0.0113337572945 0.0134013448271 -0.0187533884285 -0.0214330884874 0.0144171372027 -0.182012379382 0.0446590015596 -0.00618155377519 -0.0399995068788 0.0155187665701 -0.614001712553 0.0235335588941 0.00167901833302 0.00382224657069 -0.55974628886 0.0195523212195 -0.00372307899488 -0.112101782825 -0.00296154414415 -0.0169018698923
-0.643145320545 -0.0077305253995 -0.105731197819 -0.0174220036645 -0.0101480862744 0.0454294607547 -0.00373019626598 -0.543448224558 0.014713169965 0.0300690314407 0.0901386071469 -0.00555900326848 0.0163919336918 -0.0179807959473 -0.0942491799689 -0.188721170992 -0.0674882496772 0.00482464526452 -0.314042019743 0.0092318646838 -0.00691874867789 -0.00816954276171 -0.338319815735 -0.0225591971869 0.0227750779669 0.0377984066549 0.000493193701277 -0.0511945072462
-0.596476333422 0.0445255008333 0.0523900929887 0.0177975368339 -0.000106376497404 0.00595828805325 -0.0108155574117 -0.686376163643 -0.10429018966 -0.061706568539 0.0348840322851 0.00414974398688 0.0146002321641 -0.132788149237 0.00893479426735 -0.104506148738 0.00943501564685 -0.014667532368 0.0330756083283 0.253471817066 0.0429077422363 -0.0245443905462 -0.22127282009 -0.0076304474561 -0.00945520278973 0.0668477863177 -0.0120078664925 0.0364699988285
-0.563338485853 -0.0179334044374 -0.0105563406228 -0.00482902994614 -0.0282046542664 -0.0233657344674 0.0129976936984 -0.64071652444 -0.120411641288 -0.0192322935034 -0.012079738963 -0.0111717174013 0.038732583613 -0.277982710548 -0.0538646448005 -0.0472940689492 0.000953642792642 -0.0350712105215 -0.0276666891639 0.297874558781 0.0753537604124 -0.0172125392661 -0.26370369156 0.0388677023441 0.0120724646071 0.051011503015 -0.0156490364057 0.0192306455298
-0.500298886193 0.000549213593246 0.0752742847055 0.0189975785794 0.098670786925 -0.0241842407039 -0.0147323735949 -0.448541459533 -0.0182072519669 0.00869450738518 0.0425548473251 0.00419895844131 0.0195713473857 -0.156205401456 -0.0200119946316 -0.0936832206355 -0.0561084885432 -0.00278570104987 -0.524473144873 0.122045596562 -0.00161557596594 -0.00521878318593 -0.44785205606 -0.00973780917009 -0.00922579926876 0.0282704298036 0.00412854520646 -0.0320910208981
-0.594775127554 -0.0267272425851 -0.0684069928791 0.0616815307581 0.0723214469518 0.00861460291704 0.00313507019765 -0.43897865766 0.0304374672407 0.0262744125042 0.052227150677 -0.0108662603434 0.0128695509365 -0.20355873484 -0.0561617573129 -0.312261434877 -0.040058663876 0.00653085064832 -0.488659156286 -0.0596916432835 0.00623452571799 0.0143038359759 -0.20784588182 -0.0173031790945 -0.00746959182057 -0.0323036699945 -0.00199093769796 -0.0587999811278
-0.546007603325 0.0289386837614 -0.00987032778908 0.0575484436117 0.000274587254594 0.0102573630597 0.00738112834413 -0.576332199351 0.00473193496707 -0.0434108042567 0.0534373822717 -0.0492595812404 0.0135588938061 -0.404431942054 -0.0361820065701 -0.0649787526629 0.0350446418802 -0.00067388937798 -0.00315287869229 0.0101181099128 0.0742392245749 0.0373847949136 -0.309986811598 -0.14381627866 -0.00273775329503 -0.252462736888 -0.00340088274109 0.00772276260505
-0.575569317943 -0.0137457752432 0.0109788583241 -0.0364918930439 -0.0339082447233 -0.0310560980146 0.000543172908074 -0.682523435818 0.0575042310091 -0.0543599162665 0.110068511108 -0.0466728756595 -0.00211909445939 -0.288832956132 -0.0530173899758 -0.0767756600171 0.00288758163522 0.0133443744096 -0.080489459212 0.00516727213956 0.0534954078186 0.010850098251 -0.226924717033 -0.0939569281326 -0.0125588342052 -0.125981130905 -0.0189056401338 0.00750189106655
-0.625083263621 0.00270141048337 0.111566634764 -0.0662597023489 -0.0296139892873 -0.0154115055065 -0.00457684366804 -0.476731613901 0.0405082225384 0.0430463623025 0.0575761593552 -0.0121994768172 0.0140650821032 -0.168778026477 -0.0886857676447 -0.262484332463 -0.0440554949475 0.00466026363454 -0.429954933869 -0.0972989529915 0.0140538153545 -0.00627195691986 -0.229478763981 -0.00533475489665 -0.0138401585078 -0.0442860845357 0.00829399650843 -0.013211448854