-0.045568468091 0.00635238375672 0.137647622275 0.107683112698 0.0891841098453 -0.0264724603276 -0.0700937530799 -0.0107910377288 -0.0520775430612 -0.024483189003 0.072758559012 0.0114206607665 0.0604974703981 -0.0257106850713 0.0113959764325 -0.0494808467732 -0.0482901333664 0.020916374829 -0.419735369999 0.673798044805 0.165801212412 -0.0195554091826 -0.45535795373 0.242019169345 0.0105029117629 -0.103336576043 -0.0199161594447 -0.00940697153704
-0.445119445086 -0.00806192209931 0.197078612158 0.081259493295 -0.0339425281472 0.027320034643 -0.0488639924117 -0.377982756602 0.0190710593088 0.0458448004867 0.050575794335 0.0445188553177 0.0210764976804 -0.374429160321 -0.0783268431888 -0.185537908735 -0.0541195568941 -0.022007188482 -0.098618382188 0.344761382177 0.122513253325 -0.0217501900643 -0.414796645245 0.162676592779 -0.000743683665414 -0.269204967768 -0.00276743388117 0.0501606185703
-0.378282762299 -0.0216365601315 -0.0125139745271 0.130786276757 0.130304179368 -0.027874955002 0.0207579440156 -0.292173610434 0.00300800571097 0.0275854020082 0.0301033668573 0.0266267036117 0.0103280512207 -0.123210639566 0.135183508518 0.0433001214998 -0.0230825101255 0.0224341098234 -0.568269704101 0.308173600743 0.012404360132 0.0255763963561 -0.498464805435 0.0628595487543 0.0187175738708 -0.154245831298 0.013732243138 -0.0360961148361
-0.570247432953 0.11130776808 0.159051311316 0.113026887456 0.0417656118201 0.0533562711425 -0.0254806846418 -0.535725601153 -0.0671787735426 -0.10488705479 -0.079835388286 -0.0523518003879 -0.00320259897133 -0.0861511213239 -0.00758215996627 0.0728072941707 -0.00445646615183 -0.0143227216422 -0.193902054988 0.401886779091 0.135922405062 -0.0288414540971 -0.208718930587 0.168281402071 -0.0185499445664 -0.0418478135933 -0.0450763912332 -0.00648820740157
-0.418009858854 -0.0270871477401 0.0570710101678 0.0735729762327 -0.0626453132248 -0.047596008321 0.0188469661639 -0.489719039125 0.0264777165712 -0.0905079508692 -0.110232351541 -0.0557678153739 0.0132944658964 0.166037169 0.0260228538168 -0.0596376238156 -0.0238539494586 0.0429960627523 -0.463900257092 0.456681530364 0.0466254801877 0.000340535985216 -0.24264459148 0.102102894451 0.013790884234 0.10011938456 -0.0026992172059 -0.0740631173087
-0.377649936669 -0.0207555640207 0.188846863601 0.0432014073072 -0.0146307471592 0.0092252104992 -0.000973580889617 -0.224348157527 0.0223893456843 0.0246892247076 0.0190199083856 0.00267437526594 -0.00389658235272 -0.34743222109 0.0604349872666 -0.0298904606441 -0.00214409078669 -0.00116768281004 -0.497545413909 -0.0329291985238 -0.0126967745211 -0.000832302872099 -0.418376340693 -0.00257588062233 0.00194338021029 -0.466016046025 -0.00160365834062 0.0318085381772
-0.268864526209 -0.0167965452744 0.0874021117857 0.0503475195821 0.00598941119681 0.00999984571379 -0.00711815582181 -0.254584858518 0.0618741187247 0.0232683943993 -0.0136742975998 -0.00147725504 0.00206528851411 -0.508984906959 0.00139063019645 -0.0531116808854 -0.0153864531099 -0.00155739099151 -0.49863230092 0.0173110879625 0.010970843106 -0.000354199307305 -0.345179265731 0.017121691386 -1.2045046141e-05 -0.465854178613 -0.0040968740175 0.0056388803952
-0.324679799276 0.0501563592055 -0.124930223059 0.0118216777857 0.0217060775083 0.00898923053163 2.41626154113e-05 -0.326510884909 0.127127729896 -0.00245673032721 -0.0233376244419 -0.0121235781541 0.00459971963098 -0.449257122105 0.00280205474157 -0.000923202688715 0.00677083231113 0.000180871157987 -0.353046948351 0.0943177294985 0.00406945156577 0.00822502439319 -0.40040380635 -0.00239902556521 0.0063381299223 -0.505938491057 -0.00854866760669 -0.0188082476463
-0.588072067812 0.0413430532968 -0.0158572995503 0.105526684202 0.147895062503 0.00231662182761 0.00288155159228 -0.39591616577 0.0358367061362 -0.0530966769556 -0.0214536511014 0.00552615843154 -0.0130181433961 -0.0678900673819 0.153115404196 0.11048623029 -0.00903499946644 0.0248105371006 -0.403678784284 0.196722909627 0.00868884008986 0.0229249514678 -0.456508767913 0.0179077364212 0.0218516463999 -0.0586025958828 0.0259701517245 -0.0339437984082
-0.642156029628 -0.0130653755965 0.0625889169789 0.0508611183654 0.0236987522418 0.0578931433627 -0.0350464666584 -0.536371244898 0.00860309578755 0.00752003446861 0.014822457213 -0.000204999957154 0.00247431267564 -0.25292800682 -0.0643635369 -0.101141228125 -0.0428164599838 -0.0100396022375 -0.0263334554435 0.285812855442 0.0861527894001 -0.0238018395905 -0.305312102722 0.115392061952 -0.0162525895732 -0.0949818539667 -0.0273428917022 0.0235459683683
-0.66568705987 0.0537215457558 0.0549198259852 -0.0208670744947 -0.0352861328299 -0.0417633792889 -0.00886956785347 -0.588496330949 0.0367382948479 0.0214475996377 0.0435098765744 0.0244240037887 0.00646175838705 -0.170586521599 -0.0954473665012 -0.162559369968 -0.0507131256119 -0.00506793673452 0.0778284040385 0.263589163023 0.0838306075474 -0.0163635191506 -0.149484753113 0.130703824812 -0.00390780119609 -0.0818052432212 0.0241181596193 0.00174041943141
-0.476767897963 -0.00598377188518 -0.013505161561 0.0281461183032 0.0217844273484 -0.0104264366929 -0.00166026464587 -0.516073849155 -0.00378865923885 -0.011480999474 0.0492496745678 0.058257323471 -0.00923394491665 -0.193443887578 -0.0303515451644 -0.0969780833096 -0.0197673743164 0.00128305526031 -0.509116044835 0.200148057598 0.0360917534202 -0.00346284829896 -0.360417299494 0.104060419879 -0.00910755585279 -0.0931409410874 -0.00472653822768 -0.0221636617555
-0.543304301053 -0.0296202879281 0.00236750197587 0.0990877397454 0.138054147998 0.000439982529684 -0.000935478077357 -0.387937155577 -0.0242827548087 0.0231189702844 0.043576522573 -0.00390013024005 0.0129194322626 -0.0880849712519 0.152748565693 0.121215292924 -0.00722629055404 0.0198718353788 -0.461716457287 0.153736449733 0.00751573927502 0.00993495903237 -0.478518188904 0.0237639167719 0.0161912526534 -0.0837327754017 0.0182131257325 -0.0317129775131
-0.515141944866 0.0676720127991 0.213039777062 0.071108383202 -0.0177582279889 0.0192426957099 0.00236320383045 -0.319422496 -0.0666836061448 -0.0161803124175 -0.00815790300777 -0.0170902423871 0.00137170247834 -0.34493910768 0.0172735964563 -0.0253034056808 -0.00520359569057 -0.00112611372374 -0.258797119516 0.123635417841 0.0730171543684 -0.00282243290239 -0.490490726907 0.0590281581534 -0.00280749989185 -0.34656316412 -0.00661478143987 -0.00645827766003
-0.611349924111 -0.018429520387 0.00618592424029 -0.0445719877223 0.036671491433 0.00252334160116 -0.0102824103996 -0.69575484877 -0.0517251568915 -0.0893184167757 0.000635270817629 -0.00975017639039 0.0262402969338 0.176319319129 -0.069118501619 0.00507771641177 -0.0380053099914 0.00209917591575 0.0474422248765 0.19289844724 0.0304383560996 -0.00681091569261 -0.0121874070398 0.0385877889087 0.0219874896016 0.211834311482 -0.035639825009 -0.0296446417046
-0.595638580483 -0.0518756500033 -0.0235829003903 -0.00220027698171 -0.0666991422293 -0.0100799443731 0.0126552433741 -0.609182233189 -0.0332130699665 -0.0238380863335 -0.0530648325761 -0.0180168173632 -0.0137239977457 0.242449367616 -0.0435548321208 -0.0284098413654 0.035257484509 0.0152981471327 -0.272939105834 0.265606429197 0.0124293073772 -0.00811445494212 -0.0626669215924 0.024567994933 0.035809479297 0.214612213855 -0.012676281761 -0.0298482611322
-0.5952248347 0.00207699897213 0.0706532385424 0.0387448692164 -0.0273939381013 -0.0235792273697 0.019599211736 -0.513945077112 -0.00274059683902 -0.0036289894908 -0.0300030317855 -0.00503396043057 -0.00387305739753 0.0964497138619 0.0754155994704 0.000912479106709 -0.0377570394505 0.0372437020866 -0.403583483697 0.297111715289 0.0191273717173 -0.000917734503417 -0.309615731007 0.0433540096006 0.0210727130464 0.0467455312598 0.0150027997374 -0.0499771666115
-0.326768016464 0.0265108931116 0.160816032916 0.0292709181921 -0.0343155119741 0.00600082211047 0.00644603227539 -0.224492185813 -0.0424222262861 0.00118851399836 0.00657783659729 -0.00620509122367 0.00193523490972 -0.371379244434 0.0532010016162 -0.0219962836052 -0.00049595227074 0.00411297451955 -0.453120146949 -0.0199185688228 0.00978761219062 0.000834181214749 -0.481273642756 0.0089472509181 -0.00166329452491 -0.483195968338 0.00319794789968 -0.00145362938747
-0.351610415388 0.0347937724755 0.175028580689 0.0176604368406 -0.00762550859987 -0.00250373792259 -0.000742993353765 -0.267242848258 -0.0520862796948 -0.0308815730632 0.0107763957971 -0.0331564692767 -0.00245262664313 -0.418935040893 0.038109322979 0.00214807824365 0.0306263833316 -0.000826498973272 -0.416612827668 0.0382454246172 0.00451357544647 0.00315259536057 -0.466832734414 -0.0207806203278 0.00269968478704 -0.443290592501 -0.000201954772588 0.000898462364197
-0.273103810853 -0.0220726066219 -0.0970898753827 -0.0216177720022 0.0436169638103 -0.010667082831 -0.000652333618537 -0.252518503403 -0.0629223600778 -0.00514422101681 0.0220453627286 -0.0178570251181 0.000474524480685 -0.474076282891 0.0189123298551 -0.0194665737157 0.0129423252712 0.00020458324638 -0.476621980049 0.0166802436558 0.00412743771105 0.000619030828354 -0.469571672359 -0.0282062230975 0.00105812099692 -0.411337758606 -0.00289941526319 -0.0290212036252
-0.491873484548 0.00980264405384 -0.0325506648394 0.0798937262289 0.133161675581 0.00238240735491 0.00116471921553 -0.35931999865 0.0106355655144 -0.0243294320692 -8.47842981261e-05 -0.00075791023903 0.00819489154872 -0.150524007532 0.229744735061 0.153408948569 -0.0194187289018 0.0277584968415 -0.448798859632 0.20324642663 0.0225854843098 0.0154183586229 -0.502456233346 0.020848525946 0.0138128119699 -0.051209131374 0.0295386162708 -0.052125816445