-0.0103151920799 0.0278775497552 -0.119215825829 0.0137459488223 0.0217905045662 0.0198672008011 0.0242346794137 -0.21450674045 0.439828166848 0.0636051083055 0.34969415531 0.00318183907062 0.00491619574936 -0.232291504488 -0.367553915451 0.192861379639 -0.0654441102896 0.0345197720411 -0.229312469653 0.508400287731 0.0201919493863 -0.0332324051349 -0.264797413274 0.0353567023516 -0.0202580787378 -0.00540958373142 -0.0363147907906 -0.00342426868221
-0.533323217593 0.0696177957033 -0.199967444236 -0.00249011542043 0.0528804735063 0.0430502578416 -0.00381381971058 -0.627643687311 0.188359207248 0.0436781941188 0.175986682913 0.0406659273846 -0.0154889412356 -0.0803262370885 -0.221030498582 0.102789177673 -0.0145782723766 0.0022628166131 -0.247420339965 0.244071575163 -0.0187127665217 -0.00681077063199 -0.0832277734771 0.0165669960084 0.00201061040985 -0.0602377273879 -0.0365906294301 -0.0492606846114
-0.609084785944 -0.05478617953 0.183702771755 -0.0148764520655 -0.0172135327213 -0.0201044145385 0.0071301567581 -0.621799217671 0.162273462668 0.0871491292797 0.0162623580534 0.0422016965248 -0.0259213512199 -0.0114995049918 -0.125060310717 0.146979840086 0.0123670968559 0.00878858512996 0.226320560683 0.238816911998 0.0175597249279 -0.00586768778618 -0.123959397527 0.00124765035323 -0.0269353579505 0.0629654157206 -0.0252303022802 0.0334438489111
-0.406364304898 -0.00985641668653 -0.133663892397 0.0619991575023 0.0639847064763 0.0473891106288 0.00314719478849 -0.370260005131 0.0421601353911 0.0667595825163 0.0818831544376 -0.0586698894172 -0.0433398078193 -0.397614596075 -0.226238484241 -0.0318731578842 -0.0814662798541 -0.0060795923425 -0.49316357546 0.28260473915 0.00108442891264 -0.0190179435989 -0.330755314213 0.00506949414374 -0.0164788304259 0.0177573047609 -0.00458395182755 -0.0302828930203
-0.488826491317 -0.00752560478402 0.177174435269 -0.0511834277676 -0.00233181788542 -0.0543893165465 0.0076424573072 -0.44053737675 -0.00977384504451 0.0113537145062 0.0260003121137 -0.0854790860271 -0.00956252920724 -0.560661066954 -0.199639613428 -0.0609548978389 -0.0863871114649 0.0145762565972 -0.25136968856 0.217126757579 0.0107353498324 -0.0272381783951 -0.18762745451 -0.00227632078351 -0.0195045921494 -0.0896001770795 -0.0106473343164 0.0328794885511
-0.719735789434 -0.00763800827001 -0.133448519835 0.0144764892865 0.00831211341109 0.00454526810135 0.00347082220046 -0.601096973269 0.0379608815838 0.09521678849 0.0416649872635 -0.00130239162692 0.00850412641829 0.000996414143868 -0.174064319296 0.0441356997902 -0.0355319033074 -4.73686771135e-05 -0.127167425013 0.102617629242 -0.000491507879823 -0.0106898685374 -0.152405642806 0.00552430564095 -0.011761856768 0.0463044731446 -0.0101036437346 -0.0647960213074
-0.568197110214 0.0301407362943 0.000298883330808 -0.0562152940822 0.0269660589208 0.0359722717757 0.00795145065554 -0.644060514042 -0.0391824132752 0.0720911781851 0.0599181591609 -0.0111270921983 0.00214587170133 -0.30138700223 -0.0350524183538 0.0537823377812 0.0626845545049 0.00488424158388 -0.0918015361125 0.156455689949 -0.0185065057642 -0.00313215398202 -0.152811336404 -0.076186563683 0.0154712479646 -0.289898192529 -0.00660185426165 0.00936107891
-0.546544938793 -0.00168792749242 -0.00144251797871 -0.00460413421987 0.0167019486414 -0.00508104976819 -0.00677864772709 -0.585059768585 0.0303138880778 0.0708129473703 -0.00301688791796 -0.0204727905771 -0.00271484044077 -0.315368936097 -0.0267095382127 0.066991314581 0.0803468707183 -0.000531928688436 -0.211261000899 0.185494805195 -0.021160472268 0.00411976598545 -0.121864712989 -0.052378605618 0.0194721852758 -0.378714639659 -0.00494405751191 0.0143507621888
-0.706651052882 -0.000299611982033 0.109213964687 -0.0125221406729 0.0199837614374 0.000324021463166 0.00447157609076 -0.640664763188 0.000623570033802 0.0391621169454 0.0684743023185 -0.0156920056978 0.00930139544988 0.0654847999779 -0.0779941401331 0.0272237415339 -0.0154526576631 0.010824946488 -0.048609072503 0.111597458423 -0.0118170112574 -0.00748471003236 -0.190902957806 0.00738694380358 -0.0120009984736 0.0851967840406 0.00895285924916 0.0259086176652
-0.578636846698 0.0154872589656 -0.0717868984303 0.0602944265875 0.036521398547 0.0303479821236 -0.0143060947764 -0.529408851579 0.0872825200893 -0.0354176469527 0.0903821857919 0.004072260721 0.00585950920332 -0.294335001916 -0.206421773737 -0.0490402869855 -0.0331715717832 0.0463767597735 -0.381628501242 0.231231831789 0.00155487743184 0.0174084578395 -0.114757595856 0.0204762006807 0.0195299351164 -0.0487989137472 -0.017191682528 -0.0732466607767
-0.475800094005 0.0595374543325 -0.0358237982932 0.013231876361 -0.018437997579 -0.00677270366628 0.00428461219918 -0.761849478295 0.178517926912 -0.0481690204147 0.0611699416978 0.04670037605 0.0178503725882 -0.24532399703 -0.128445607274 0.035730867015 0.0350601026538 0.0193749999913 -0.20162848344 0.12292142353 -0.0394938460976 0.00311426130027 -0.0735635515297 -0.00486087624045 0.0312091239822 -0.0493231896631 -0.0355175328909 -0.0190254813981
-0.646228260018 -0.0101572845107 -0.0501272741694 -0.0232699995699 -0.0365578116613 0.0214134001421 -0.000321953114108 -0.681283742675 0.0641979303667 -0.0313622999254 -0.029922490881 0.0526121894625 0.022523968675 -0.151074606758 -0.081909374665 0.155067287594 0.0554234919135 -0.0165787031117 -0.0872865276725 0.177872033233 -0.0235285828202 0.0220944185556 0.0589597571136 0.00277927809998 -0.0317011512413 0.0360906139478 -0.0313676140952 0.0036832313464
-0.661292495602 -0.0531762211127 0.0889305990132 -0.0293119575636 -0.0167634580216 -0.0327566326444 0.0122304964451 -0.602712946905 0.0657695330431 -0.000651587385782 0.0686035440271 -0.0206215409089 -0.00778316271595 -0.0654647435111 -0.103437078292 0.0361824442756 -0.0269078167618 0.0433426802314 0.281483921477 0.127122773151 0.0187385510253 0.00657923692267 -0.231061069097 0.000645597730424 -0.0212225089896 0.0894613235003 -0.0109963466304 0.0127717867929
-0.543930639403 -0.0195555087915 -0.0890276024944 0.0246605897493 0.0566471816787 0.0334973924959 0.0181583580817 -0.445219969074 0.0216014794377 0.0536407873022 0.00668472685341 0.00624505105983 -0.00330364844775 -0.411482433735 -0.181328218194 -0.0765713071093 -0.0689864293008 -0.00988565068013 -0.402234052032 0.157876717308 0.0304191573145 -0.0123126465947 -0.288226418171 0.0524513331606 -0.00442441550313 -0.00796445386751 -0.0152043623786 -0.0452896977173
-0.539701006228 0.0277657505305 -0.0603177661455 -0.0242906067192 -0.0481571722075 -0.0046742049463 -4.00122423296e-05 -0.644958917899 -0.0181491802428 0.108450341596 0.0743424359006 0.00285983672851 -0.00325232567307 -0.17684381102 -0.144019635258 0.00641773961067 -0.0359700942869 -0.00119967851304 -0.328014918353 0.175521413066 -0.00949010861058 -0.0161905996603 -0.236187427395 -0.00885851636289 -0.0209453742861 0.138327207815 -0.0151913552859 0.00131825395809
-0.624705925546 -0.0773336403953 0.0221833089269 0.0347803311297 0.071869834071 0.00746750334625 -0.00937841223154 -0.701426310924 -0.0338644877893 0.00121637687161 0.129093011567 -0.00664300526913 -0.00628938932453 -0.206446040432 -0.0972787317422 0.0237830129655 -0.0227343357003 0.0157681507684 -0.0299462563559 0.136321453123 -0.00686276521173 -0.0322995579617 -0.0977695145094 -0.0298991479451 -0.032518934649 0.030656639443 -0.0168524206457 0.0116766973291
-0.647255808649 0.0400115609198 0.0789872154006 -0.0417406255911 -0.055250052928 -0.0331167489427 0.00506434758006 -0.55833550343 0.0227237743578 -0.00994633445095 0.0693388744774 0.00928710656437 0.00489627324709 -0.446335153913 -0.163977388361 -0.0920625244546 -0.0578896143256 0.0111061056449 -0.0131625877442 0.0857621573721 0.0191506947014 -0.00578283495177 -0.0192212787519 0.027751094801 -0.00533876686818 -0.0408661620389 -0.0204354518447 0.0281570621285
-0.483245823607 0.00800849361056 -0.00822411266723 0.0761931263125 0.0879115886162 0.0088680693527 -0.00339227416935 -0.330238346032 -0.00139227192121 -0.0123270673528 -0.00135345903096 0.00874988213876 -0.0284392047828 -0.52774029723 -0.157495167722 -0.146818758422 -0.0293988403618 0.000540977109502 -0.399666265177 0.220738495167 0.0121879814649 0.0027826037386 -0.296122344791 0.0285023163106 -0.00429642057581 -0.131725650202 -0.000384278301326 -0.0489736057834
-0.468070959869 0.0231928685323 -0.0536981797996 0.0212782441089 0.0215720525147 0.00868258522478 -0.00460599140248 -0.485933060614 0.039299446296 -0.0375300365299 -0.0331127275328 -0.0276565313549 -0.0202139383021 -0.35704860667 -0.191660366127 0.00140809178714 -0.0441634230351 0.011346238999 -0.429727444866 0.0816154678988 0.00464745916174 -0.00569549209233 -0.393672795944 0.0138347038583 0.0038739331548 -0.147770080608 -0.0204836034562 0.000205898857407
-0.409805903454 -0.0105047701415 0.0223901165284 -0.00860978144652 -0.0083294154283 -0.0226029215844 0.0107253266069 -0.474751683092 -0.0453193148413 -0.049796595832 -0.103035469724 -0.0496598408312 -0.00838804254243 -0.485141091782 -0.157605191075 -0.00561688796534 -0.0579193948509 0.0083667508541 -0.383281732624 0.0628048837548 0.00551435160665 -0.0105374268756 -0.395961827624 -0.0251741530683 0.00113008628994 -0.123765624726 -0.00258017075873 0.0144538175223
-0.508641183757 -0.0143574562373 0.0169685089193 -0.141627921585 -0.0467639977201 -0.00225585298011 -0.0022732236208 -0.391564957429 -0.108883624479 -0.0259670995116 -0.0539057525683 0.00227221713706 0.00119844581582 -0.423169471364 -0.122416184625 -0.141080870064 -0.0211333628636 0.000460464065304 -0.451045293089 0.202070558241 -0.00693496575619 -0.00335243727026 -0.277213009191 0.0126699067815 -0.00805908874491 -0.117028434663 0.0075838453272 0.0141718271107