-0.0123841260593 -0.0356923383853 -0.0812043036794 0.039560548664 0.0405386743721 0.0143789836773 -0.0249613129913 -0.228876466258 -0.047745683117 0.0926072546296 0.454337888001 0.0736426214706 -0.0217919585129 -0.0357351525057 0.100315237101 -0.148456949204 0.0533396797739 -0.00368538380541 -0.311528908002 0.543239137856 0.131379368138 -0.0248245997347 -0.512257692628 0.0231514182401 -0.0446562266366 -0.0322452901492 -0.00987564158912 -0.00543512302675
-0.231434556414 0.00274269092948 -0.0248462156438 -0.0511489250608 -0.0706037716092 -0.021053003917 -0.012584059592 -0.204461627577 -0.00432585719372 -0.00433348288326 0.0213330754024 0.0055522488669 -0.00137149970974 -0.119199185879 0.169001200689 0.117227949868 -0.00775562166569 -0.0216784535542 -0.698320097136 0.116098050196 0.0180024660431 -0.00400065724804 -0.568749294302 0.0245346316674 -0.00687215452152 -0.112056087567 -0.00404557587499 -0.00840313027477
-0.357066150073 -0.00185913184501 0.00679235336882 -0.0333016387961 0.0420513371382 0.0273875773643 0.0259958774387 -0.371570091897 -0.0100052531027 0.0412638751192 0.0476655827187 0.026487968287 0.000577229210443 -0.25429394093 0.000622237116224 0.0699283607273 0.0359553888784 0.0225149505856 -0.0920956636437 0.511582671693 0.0637416897852 -0.0235328121864 -0.598229369644 0.0536891386452 -0.00469182753433 -0.12843671602 0.0148563079226 -0.0404914389147
-0.482081018727 -0.0424302544714 -0.0341255016464 0.14698365234 0.0379573140022 0.0454066141638 0.000781805197134 -0.577453316918 -0.0405387267907 0.0231924784289 0.240909391407 -0.07442905046 5.33582678876e-05 0.114647891013 0.0440977547925 -0.192908609732 0.0169540399779 -0.00840359107178 -0.297028460231 0.242830357726 0.0653015177775 0.0096922845141 -0.361558257589 -0.0434752316129 -0.017671291295 0.0541064514789 -0.0157889292833 0.00050536538773
-0.439844035828 0.0224032697988 -0.030918099807 -0.0834041180336 -0.0217742836091 -0.0254181731545 0.00735701017647 -0.587032030703 0.00182792233829 0.0668498580074 0.262929717836 -0.0655190371055 0.00812955519244 -0.0102427353404 0.0755936287469 -0.150045473553 0.0636855628596 0.0122579319219 -0.332800872463 0.235298182778 0.0518477027347 -0.00978104509754 -0.407608065526 -0.066416630662 -0.0321694423343 0.0264014123635 0.00052219221925 0.0254330075624
-0.466619220252 0.00761841634044 -0.0277418791967 -0.073786890934 -0.0958345669169 -0.00352366872759 -0.00726678261854 -0.361921292804 -0.00704754634847 0.0127057836911 0.0154115486996 0.0035133716449 -0.000653327108154 -0.0273604912752 0.154117072031 0.122133803288 -0.00662952782765 -0.0245911791372 -0.580206416282 0.110464005583 0.0162178511539 -0.0036734509036 -0.495222079246 0.0215175402144 -0.00513307645031 -0.013883612131 -0.00741837998497 0.0114057886756
-0.21289575017 -0.00753184066898 0.0701305702346 0.0340241334444 0.0509292089581 0.00115016015915 -0.00581272770598 -0.190936178066 0.0150395972819 0.0110229323544 0.0201537952563 0.00193725900831 -0.00138585419056 -0.501055894225 0.0140885125405 0.028666818888 0.00120159610573 -0.000141920345661 -0.482607342694 0.0166763534509 -0.00128251106047 3.63517102879e-05 -0.444606180554 0.00069504773391 -0.00249060980894 -0.475053724028 0.00276164791508 -0.00801999882501
-0.365137075207 -0.00947405886211 -0.0564027508548 0.00993569674947 0.0199464043068 0.041958881182 0.000995397860587 -0.360569432901 0.020168188339 0.0098871675572 0.0309060645699 0.016562507557 0.00728190717487 -0.598725459153 -0.0170797021618 0.0178942260374 0.0553109895949 0.00112926381701 -0.167290043613 0.20443408208 0.0801531718119 -0.00495663798135 -0.385168551677 0.0692246255775 -0.00387036506816 -0.368582266579 -0.0122374519781 -0.0425547326992
-0.486659116497 0.00347726904323 0.0469517477505 -0.0391892023515 0.0447782678086 0.0159364421539 0.0130261237672 -0.465223170687 -0.00213391031986 0.0366438897548 -0.0122420753468 0.00212330387104 -0.000993063778662 -0.0889100635778 0.0398540627034 0.0834982880011 0.0165576966018 0.0326510095185 -0.334056792617 0.292825718349 0.0266304400213 -0.00725958900162 -0.56514166398 0.0202856931162 0.00154746275095 -0.0274402841077 0.0307969669303 -0.0404699065514
-0.488787773952 0.00744501357787 -0.0257007713072 -0.0912159248479 -0.0967105298459 -0.0046911447547 -0.0026854972203 -0.380916003053 -0.0112484943628 -2.84469814247e-05 0.0318393729547 0.00473269928262 -0.00944835972572 -0.0242773873432 0.169175900057 0.109412569175 -0.00895857041956 -0.0292685097046 -0.582956283822 0.0739475928373 0.0140304176413 -0.00526647572997 -0.456062528316 0.0189876875194 -0.0106802200193 -0.0120448632337 -0.00543969633553 0.00529782760526
-0.2104926853 -0.000486242483132 0.043264693338 0.0189490814829 0.0169152347303 -0.00110053990353 -0.00355570680641 -0.208955750558 -0.0114955552173 -0.00642202333387 0.0290635774153 0.00677889439263 -0.00285685579307 -0.519562047649 0.0168648079793 0.0175264791169 0.00270547007531 0.00041977080146 -0.575742071251 0.00662924231052 0.0141777371551 -0.000303641272571 -0.396863761793 0.00961898928 -0.000847458005864 -0.384633298543 0.00237728605637 -0.0248334279812
-0.588071588042 -0.0475672036989 -0.00446309588078 0.0524414984352 0.0223728431828 0.0480644714993 -0.0114285953 -0.466306323443 -0.00539827239267 0.0123996901779 0.0246949773366 -0.00148159034443 -0.00524981037786 -0.44161897817 -0.0283845340699 0.0371825585906 0.0990778390425 0.00668009385678 0.0786127768896 0.352286059253 0.0483034351033 -0.00901402445531 -0.270325308213 0.0412619272194 -0.00522546894952 -0.11340398499 -0.014394096645 -0.0168502986921
-0.516015345399 -0.00509990414884 0.0458154590531 -0.0290690638738 0.0586798001002 0.0093697878435 0.0164202497204 -0.492304530949 -0.00913785117694 -0.0215762990522 0.0398625303561 0.00702336079849 0.00176382714447 -0.0846926955553 0.0584166762944 0.0882259386442 0.00950650278742 0.0161099072869 -0.357745941182 0.195836632575 0.026029278832 -0.00688300372605 -0.542995082041 0.0244049394634 0.00828971993073 -0.0230076645409 0.0224082937814 -0.00924743503011
-0.537659133972 0.0281976265583 -0.0439546083978 0.0354274652152 -0.0671201678771 0.0073885072483 0.012709037544 -0.557260798696 0.0208466390468 0.0542706156898 0.0952583182777 0.0118871699131 0.0161479701676 0.134814352886 0.067566833882 -0.0174253162014 -0.0283191000112 -0.00632218257149 -0.459831329211 0.0659397185171 0.0106975654044 -0.00389082020983 -0.365166070872 -0.0067814748621 -0.0041897446 0.0722640684473 -0.0172714142786 -0.00922378217456
-0.594295257058 -0.0216278757798 -0.000523723501864 0.0397500957975 0.0234345184278 0.019846063436 -0.0117765453116 -0.668916177734 -0.0218955394802 0.00327826621365 0.113768139861 -0.0152535288088 0.0471650815539 -0.0625504285427 0.00838236466137 -0.0682102201902 0.0199990579519 -0.0248500359219 -0.0736094816451 0.235678676558 0.0704051664306 0.00619421290478 -0.312559197104 0.0211336237954 0.0193503448034 0.0767169106375 -0.0149761079592 0.0104313049118
-0.564797751929 -0.0382105575383 -0.0243483023463 -0.016267863797 0.0096669988666 -0.00644187207352 -0.000354813440635 -0.733730113545 -0.0793687320889 -0.0919041089266 0.0811245456754 -0.0126802638648 0.0289447355024 -0.0192734137167 0.0599288942503 -0.110875347096 0.0363246580357 -0.00570851167397 -0.035679927307 0.171815810721 0.0616743223221 -0.00411612286356 -0.24572424148 -0.0256506295505 -0.014124227236 0.0656147511633 0.0036100281382 0.00930347989999
-0.478601825301 -0.0304459912336 0.036153669851 0.0372967954297 0.0304025900028 -0.00439668509854 0.00702814098727 -0.578818969378 0.0136054456969 0.0677010229683 0.144716002004 0.00799160052531 -0.00537517152733 0.0553570608667 0.0326589612775 -0.0449826860967 0.0205154068388 0.0120442787794 -0.571496455704 0.0340489534501 0.0171766316545 -0.0100902310092 -0.256221413759 -0.0204006593127 -0.0127594517145 0.0645922053442 0.00893222705484 0.0110279664394
-0.557674169044 -0.0334453466949 -0.0701544661611 0.0578669794732 0.00931276365139 0.00271016140662 0.0051214946835 -0.562930382114 0.0180462290378 0.159116254422 0.0341832030948 -0.00338017790487 0.000373086259785 0.0650711739236 -0.0277586081156 -0.188460520113 -0.0144147800262 -0.00670802299449 -0.408708213115 0.0338229476463 -0.00612081777923 -0.0014756143428 -0.35376520379 -0.0201770120438 -0.017322613032 0.0234329078267 -0.00213659747049 -0.0190896472226
-0.546327813051 -0.00436428457317 0.00183867861227 0.0575252149363 0.0119864824842 0.0168472228629 -0.00152275722285 -0.581028411634 0.0713409287194 0.0222193535799 0.0300675037453 -0.0712503342443 -0.022916502695 -0.267834859915 0.00746929899419 -0.0916582370204 -0.00570008319813 0.0109585679732 -0.223890912298 0.143696800414 0.0384424913659 0.0132123826803 -0.320907015632 -0.0138263077902 -0.0178979016648 -0.302168999495 -0.0197545276115 0.0109025599735
-0.451469138677 -0.00897832863876 0.0174922151341 0.0056674853161 0.00429092784972 -0.0144526029003 0.00112258892745 -0.574670990254 0.0889106817355 0.114339876679 0.0679176755953 0.00919626907231 -0.00325515820459 -0.373700046767 0.0226955489028 -0.0783219206298 0.00175063296478 -8.25918817923e-05 -0.287333177619 0.089401932319 0.0380534607469 0.000308032742991 -0.318131824266 -0.0217634545287 -0.0225493779936 -0.314359864857 -0.0121763060128 0.0113631262727
-0.491615301147 0.0345128354937 0.0334691388968 -0.0518484388335 -0.0301613347562 0.00953440839186 0.00517735288218 -0.597628310363 0.0565914091533 0.163898841553 0.0722035255624 0.00603708857086 0.00543725744779 -0.049877772007 -0.0263799093394 -0.152433124349 0.0125960532704 0.0173868383491 -0.417080465922 0.121633371712 -0.000235814938934 -0.00564520938923 -0.378129028398 -0.0122856293438 -0.0257712256859 -0.00247006538249 -0.00712173309794 0.0163193821398