-0.00540605985468 0.000189091442813 0.0730557206707 0.00574640739271 -0.0140489467751 0.00376148616247 0.0174832461605 -0.255101619605 0.0632786451152 0.355301873154 0.400892801848 0.116905637809 -0.0423681955376 -0.271365022198 0.407749925248 -0.447475150117 0.0553350183241 0.00470569665776 -0.255988291825 0.12067120327 0.0990643955613 -0.0375786895606 -0.281436004258 0.0176530857285 -0.0784351693826 -0.0302656763804 -0.0364632923889 -0.0116555649786
-0.394430457125 -0.00276974178065 -0.024236976535 0.0621484930495 0.00131490347756 -0.0217092199855 0.000931929150978 -0.666781278982 -0.112833897694 0.0100536385494 0.226914901254 0.146196243935 -0.00957229879517 -0.366201421059 0.194467031788 -0.265135705146 0.0680723466813 -0.00234018937115 -0.202589448059 0.0417753607188 0.0598506715173 -0.0185408304102 -0.0641246911298 0.00924240196286 -0.0328786826288 -0.0999526705677 -0.0105191961227 -0.0125583264233
-0.461450741612 0.0463445597876 0.139315308493 -0.0243404242733 0.00440331155354 0.041836792595 0.00854087337006 -0.662409255786 -0.118738020216 0.00388798532058 0.232344107674 0.10173077152 -0.0125588424276 -0.234476209773 0.174013384791 -0.238004425962 0.0252035029963 0.00167735458513 -0.218609212397 0.110314375811 0.0513084429047 -0.00901582250467 -0.120075691308 0.0468821737209 -0.0474135802033 -0.146707779552 -0.0025554092304 -0.00837717557685
-0.433927868194 -0.0137851093221 0.0343792867874 0.0422976103052 -0.0344289568869 0.0289812090717 0.00599561590085 -0.555629750656 -0.0329747692627 0.236796699719 0.0380770372563 -0.0798755868033 -0.0081310354211 -0.147085298557 0.244154229339 -0.271105179866 0.0100673309893 0.00812515122751 -0.229321666127 0.0105486291447 0.0291407947117 -0.00905898037754 -0.464459603816 -0.082654482245 -0.0219581386406 -0.0272164799732 -0.0166718716288 -0.010333394897
-0.538405558645 0.0179720362368 0.0606551492826 -0.0852119321298 0.0846265951157 -0.0278961880114 0.00504692182871 -0.584259475327 0.0267717572531 0.168122813857 0.025517116582 -0.0359968063695 0.00276887321098 -0.0223571207101 0.247178470634 -0.309893614163 0.0139285850176 0.00802798635144 -0.125952085474 0.0448608888145 0.0438696717241 -0.0163139715494 -0.353487150484 -0.0560540416549 -0.0514453683576 0.0927122077671 -0.0360723554445 0.000169848854168
-0.353411708806 0.00714515026759 -0.0315354658567 0.0166585076927 0.0484286693819 -0.00113146575549 -0.00136494956014 -0.456027322828 -0.0644187665969 -0.0888526353393 -0.0570159666968 0.0680846013463 -0.00281610004768 -0.402686475327 0.16231741238 0.0250813564606 0.0176366611622 -0.0071348997084 -0.36407114424 0.0672181401338 0.00274334934988 -0.007418494501 -0.512867760651 0.0183276829716 -0.00190533973995 -0.230080416418 0.00100335600781 -0.0243926340573
-0.33093797008 0.00702275887933 -0.00333887112512 0.0128817965394 0.043602101 0.0300485501429 -0.00749981775234 -0.419059833831 -0.0670945508814 -0.101838496686 -0.052052194436 0.044419490286 0.000115486346399 -0.386980038889 0.115746763829 0.0101613009607 -0.0504363306695 0.00075707158332 -0.402746168253 0.0634002974806 -0.00423643609184 -0.0005419097404 -0.495117097828 0.0421705866607 -0.00179879700803 -0.336338223779 0.00458312536332 -0.0109151550278
-0.299210329039 -0.000914415800587 0.0126371832711 -0.0116263725558 -0.00904505529331 -0.00633349452365 0.00954218030472 -0.369112764779 -0.0710314033135 -0.0822318024546 -0.029651862138 0.0444757107714 -0.000760236064836 -0.467165945568 0.0973339898587 0.0820557228271 -0.0380726786672 -0.00225119590169 -0.405129505249 0.0445742513248 -0.0198259827378 -0.00234040903614 -0.435968285886 0.017723008781 -0.00251169298685 -0.407233063187 0.00888939987191 -0.0180911376438
-0.412520886263 0.0203646861751 0.0663440070822 0.016569285424 0.0183263577292 0.0160748560998 0.00103916860933 -0.426617843883 9.08888098907e-05 -0.110090630086 -0.0429917854559 0.0111901135983 -0.00019779225463 -0.168881871927 0.0938709660211 0.056976102981 0.0214693779398 -0.00719133730788 -0.421127945542 0.0771253872896 -0.000956395147316 -0.000977824660107 -0.627427063951 0.00308820642064 -0.00681419806009 -0.0978453094232 0.0174263506784 -0.00743743021394
-0.614872912509 0.0162340348464 0.0395317330637 -0.000728492766028 -0.0310225059723 0.0395777550129 -0.00684599777973 -0.685946333783 0.0117508052048 0.0795720718788 0.120186670031 0.0208342111233 -0.0115802961499 -0.096044478406 0.149830492816 -0.166924977649 0.0758656535732 -0.00636349618515 -0.165794295749 -0.0216053264597 0.0889132413948 -0.0168766403581 -0.0923880997226 -0.078717528067 -0.0173102261902 0.0936774863837 -0.00597713286012 0.0142162122829
-0.46934938208 -0.0210303380947 -0.000545615543649 0.0344275818982 -0.00690007493425 -0.0331937183057 -0.000228966868889 -0.731993648482 -0.00858661477646 0.0768399522655 0.122602564917 0.0363175388096 -0.00769674038683 -0.3636756773 0.102225988689 -0.137590327069 0.0348393299513 0.00989967175707 0.0187417780356 0.0598861469706 0.0518567562434 -0.0129994484619 -0.0344916566172 -0.0142736026191 -0.0341341901208 -0.214994247533 -0.0141956890576 -0.000309231608647
-0.445377544343 0.0013090906117 -0.0013544328028 -0.0165047283914 0.00708723803854 0.0357527059924 -0.00816181268895 -0.72720845039 -0.0124690377274 0.0841378008496 0.124326992039 0.00561762432788 -0.00775254482195 -0.357117159934 0.0962710530508 -0.130801650468 0.0241281566105 0.00450951968678 -0.0117586050709 0.0651858841031 0.0626942422716 -0.00218190899616 -0.0455420642696 -0.00529429233035 -0.0334695115171 -0.286808620765 -0.000523227860426 0.00593507584084
-0.558150909731 0.00811689451882 0.0767128361054 -0.0247470893697 0.0175910710537 0.000210762615805 0.00460817952113 -0.77606061756 0.015113569264 0.0431361141752 0.157931142867 0.00750179109763 0.0006218675211 -0.0207097363971 0.104512411415 -0.132448693536 0.0342380966322 -0.00351815079224 -0.0574367233451 0.0913930228512 0.0450601149235 -0.0119688846092 -0.0425326466432 0.00658195965764 -0.0247530246915 0.0750688412651 -0.0137715159427 0.00459831452101
-0.60982906013 -0.00567790917652 0.0174714318151 0.0449778659543 -0.0461462685712 0.0281704467873 0.00780518042144 -0.642171983878 0.024530659621 0.0718233596629 0.0577596149243 -0.0538781651556 -0.0126349429451 -0.110958355759 0.194795871244 -0.179975731013 0.0581146868083 -0.00260383232466 -0.0649992381807 0.037639687221 0.0486410738749 -2.03275518047e-05 -0.309685923099 -0.0851896172301 -0.0193274148491 -0.0199117581867 -0.0107396894042 0.0114895448919
-0.565001965292 -0.0160004107003 -0.0107167648245 -0.0313557022263 -0.00168884929852 0.00143412219839 -0.00935702742061 -0.648605248593 -0.0422992205235 -0.0343143317236 0.0608074034068 -0.0310976376618 0.0126262026049 0.00177103649979 0.143047529171 -0.260059132143 -0.0184187311808 -0.000227963456994 -0.230168489547 0.0310706001616 0.0140629773532 -0.0101221809882 -0.287319820171 -0.0350800764018 -0.0646162866613 0.138765110178 -0.0256604425742 -0.0171780874605
-0.598555894222 0.0430251965407 -0.00589719417283 0.0535151039237 0.0291560597639 -0.00182846512915 -0.00130856148994 -0.696529094562 -0.0507189882648 -0.0923390003735 -0.0508195829036 -0.00373479331986 0.00680571871286 0.0944218137236 0.163397558854 -0.178414313771 0.00245012648792 -0.000859483085554 -0.147481064774 0.0777771178809 0.0375096669294 -0.0189697304188 -0.134828116601 -0.0215252877784 -0.0565371846238 0.134175166493 -0.0190320807817 -0.0028789062003
-0.660995502469 0.0242362630187 0.0702420332541 -0.0803677294532 0.0525835052312 -0.0140917444562 0.00153069093538 -0.618819586133 -0.00346399318479 0.0384129140453 -0.0356966243354 -0.00564905580741 -0.020761999152 0.0105059331428 0.158440702899 -0.231445963722 0.0126054649341 0.0106045279056 0.00170800157997 0.00193690498298 0.059500872596 -0.005144334037 -0.236028424387 -0.0484155135971 -0.0254259490907 0.142433281069 -0.0158318332896 0.010605931252
-0.467145537794 0.00710927155566 -0.032979180839 0.0121951884613 0.0566651827851 0.00205361808456 -0.00585970282499 -0.533876367847 -0.014892304358 0.125127942521 -0.0677756245027 0.0178451680076 -0.000521015679155 -0.303465776072 0.0244187701979 0.0110368814144 -0.0147720097414 -0.00710613641036 -0.393725649817 -0.0136090274055 0.0538553755716 -0.0107588785284 -0.404407398555 -0.0536122879493 0.0237354424689 -0.229846124692 0.00368346625806 -0.0172718979868
-0.478413102712 0.0164109111731 -0.0147438057679 -0.0324053858253 0.00584863795461 0.0109586743661 0.00070756862134 -0.532102278813 0.00505380839865 0.119809147468 -0.00461252779718 0.0126317694528 0.00346519295536 -0.302848570394 0.0938474266895 -0.0173899091394 -0.0120739738032 -0.00588020167408 -0.366205709557 -0.0386999405061 0.0190773925278 0.0071618314782 -0.392693367156 -0.0106410938869 0.0268545696731 -0.281937636601 -0.00523018360433 -0.0117587593273
-0.552644908641 -0.0330732512896 0.0307445169188 0.0554731635713 -0.0112726146763 -0.00718048451287 0.0047846665872 -0.593171740886 0.0707507185904 0.0681128594547 -0.00683936712015 0.0307454224439 0.0136418179722 -0.246887884106 0.0972461187925 -0.0829173100422 0.0152848622996 0.00413777569527 -0.31737904668 -0.0355913298567 -0.0276098611084 0.0116727029515 -0.339248437653 -0.00204373889588 -0.000588115164278 -0.174446917262 -0.0216849925321 -0.012752783783
-0.561660458587 -0.00381477495474 0.0689403344787 -0.057167599358 -0.0406242027982 -0.0059879849459 -0.00588870796867 -0.520417317969 0.0474687185253 0.0228034396576 0.039103839533 0.0309513543188 0.0161199277978 -0.254503478019 -0.148380878534 -0.153867371786 0.00492662782229 0.00580480486998 -0.450610101952 -0.0208446045329 0.010257909968 -0.0030827522442 -0.281878826994 -0.00372461428739 -0.0157008817305 -0.0607996570266 -0.0298899938023 -1.33447654496e-05