-0.00926633656755 -0.0411740253931 -0.0527849976428 0.0456039229229 0.0440069140779 0.0076073067315 0.0127838425988 -0.243701518253 -0.0328510565602 0.304411210218 0.308149017621 0.0606295194182 0.0747455291216 -0.138293989611 -0.363610685801 0.061449067911 -0.119874443856 0.000159682991628 -0.480609854505 0.464802342194 0.0517170329708 0.0403239225559 -0.328893902719 0.0521488542453 0.00605238535351 -0.0341677852377 0.0286903004774 -0.0105365837211
-0.309737075909 -0.0105163669225 -0.101692926841 -0.0739463793285 -0.0101676438405 0.0369271420836 -0.0264343530542 -0.347734510174 -0.074562659778 0.116091534491 0.00243360178018 0.0593713628992 0.0491053379988 -0.229608431254 -0.0855101060222 0.0245205795504 -0.0728822598017 -0.00960805913229 -0.494986411006 0.153019437728 0.0382455827342 0.0411499472117 -0.597377932132 0.0499938247013 0.00659206223016 -0.199488794139 0.0306792634201 -0.0481513113438
-0.456228654602 -0.0129108339483 0.0937147351664 0.0776583492048 0.11084692693 0.00383746757293 0.0441122054585 -0.537045442438 -0.111441933545 0.133926132814 0.0421404492576 0.0581303016089 0.0481794937928 -0.0265816142582 -0.205118507898 0.0266001208181 -0.0633371433173 -0.0143509731611 -0.233148001041 0.151172741868 0.0416598769555 0.0253455996123 -0.547922459193 0.0681716615014 0.00437763614464 -0.0478370862436 0.0425130298862 -0.010125872437
-0.525044466034 -0.00522773211939 -0.148349366899 0.0578976466225 0.0766045212496 0.0532939792504 0.00193355510202 -0.551343647924 0.104355742571 0.124248110974 0.132843259318 -0.0634288179254 0.00252739555997 -0.0434175577052 -0.276016358475 0.117289445442 -0.051310511694 0.00574146197177 -0.368541461319 0.301164836392 -0.0220457424924 0.00382069889807 -0.109011150194 0.0373596906641 0.00180276126479 0.0556523481757 -0.0119420127918 -0.0143539967081
-0.479327660012 0.00967437133381 0.113242270304 0.000344495015712 -0.0781348597193 -0.0715574430603 0.0217576498708 -0.490131450013 0.0438120863069 0.0176542758884 0.155734658901 -0.0549017540009 0.0190506734424 -0.262556677824 -0.285855115034 -0.0354798089994 -0.064094950992 0.0199423066247 -0.407808205745 0.323431859048 0.0139566211886 -0.000836746675591 -0.212817462024 -0.0313170133551 0.00128993920262 0.0138009282823 -0.00122339575587 0.0393376846643
-0.272400536172 0.0178813417461 -0.0297693982657 -0.0785810074695 -0.0241649779911 0.00464715801363 -0.0178841461525 -0.214620992621 0.0108860564049 0.0270035863988 0.00890725556643 -0.00366679646723 -0.00404914179325 -0.634170197317 0.0809833763392 0.0658290972538 -0.00225972867781 0.00795750073492 -0.246631242389 0.0807491969771 -0.00906786677332 0.034645129309 -0.537449426174 -0.00293334499996 0.0119387521552 -0.31127669335 0.00248219996572 -0.0529929687137
-0.175095131131 0.0110353017357 -0.0294222223149 -0.00935303642474 -0.0124663866073 0.000559202758618 0.000551673138081 -0.260265347478 0.0527520686964 0.141929090737 0.0639005534662 -0.00510617552975 0.00343937184093 -0.566491633526 0.0243842494315 0.019741774852 0.00144102053987 0.000676939336743 -0.398786002831 0.00731899442704 0.00237990800702 0.00270390552142 -0.435167463484 -0.000268723524286 0.00226003333012 -0.447759808849 -0.00159184517179 -0.0496097350652
-0.17825518906 0.0132857975237 -0.0267893365455 -0.0120400245178 -0.016090184236 0.0020209270825 0.00259569934628 -0.265308827138 0.0601674081614 0.132720960298 0.0751856324214 0.00251048407236 0.00517143502783 -0.57418632298 0.0186606001681 0.0373660383723 -0.00179764984068 0.000333218500644 -0.379555984347 0.00762151229833 -0.00552823081561 0.00342056708252 -0.455357612004 0.00892297959144 0.00200702802667 -0.429203975079 -0.000956871917118 -0.0485240079149
-0.466036543062 -0.0266802096719 0.0327591492366 0.118382374735 0.0527882982073 -0.0181395956153 0.0102328980401 -0.400631918113 -0.0154230210792 0.034294881869 0.0459207199304 0.0276564660246 0.01681761134 -0.30641325282 0.0747804763187 -0.0503398100913 -0.0706074122721 0.00147449125208 -0.3635631911 0.131212365568 0.00426415843643 0.0441750799788 -0.574916798896 0.00892948444346 0.0250441238601 -0.0877235596538 0.0332016732441 -0.0176750790286
-0.436154319518 -0.0229551228065 -0.0900532578354 -0.0661322058898 -0.0376103998368 0.0459990649176 0.00778024991726 -0.36570853471 -0.0469439574714 0.0350171469068 0.00472574800068 0.025349072782 0.00223643343806 -0.319746837873 0.054409890488 0.0446020967333 -0.0477476716293 -0.0101628391725 -0.428505099496 0.12968450567 0.0208789294217 0.00553566047063 -0.570090779807 0.0336494544187 -0.00182080480196 -0.131556788912 0.0142977240492 -0.0346831973623
-0.508776835973 -0.0659381217613 -0.0486622258646 0.0331049080999 0.0122886281229 0.00199116452206 -0.00574516321709 -0.627377782771 -0.106915554421 0.0379763909164 -0.00551301738485 0.0339153345912 0.0155417722311 -0.0388092214082 -0.117260203088 0.0217876559441 -0.0381176117439 -0.000297932617367 -0.426048104245 0.136603469179 0.0350407351989 -0.00287363628392 -0.321896477464 0.0456600863895 0.00117344967927 -0.0173548508459 0.0209751050811 0.0143521233127
-0.517404920645 -0.000794779962875 -0.00167860841414 -0.0197997187914 0.0394253310944 0.0172763710803 -0.00340618001973 -0.596140237084 -0.0735270343796 0.0447649245618 0.0720195873961 0.00518717798181 0.00105104575051 0.0197685451781 -0.18991774989 0.0679433759526 0.00823885806975 -0.00144266099436 -0.41350608989 -0.0478234051615 -0.0220845131555 -0.0125191480908 -0.378573316565 0.0313484121677 -0.0103103576358 0.0297206167173 0.0347524165075 0.0214858870286
-0.679662281766 -0.040125270435 0.0981917887759 0.00495467105667 0.048343078477 -0.0451162794527 -0.00440416777789 -0.607425835175 0.0587245985331 0.0254286728685 0.0397537718591 0.0138656172323 -0.00663497467877 0.0137631891864 -0.106148375839 -0.0866626184287 -0.0462212430046 0.0101209335701 0.00588736486942 0.111000818631 0.0325605147254 -0.0158185485261 -0.328022794353 0.024721919384 -0.00565234496207 0.0633376500061 -0.0101342515873 0.0168587236041
-0.681882010439 -0.0204873257391 -0.110701827083 -0.0385305699462 0.0305397697218 0.0495733279607 0.00348302405276 -0.565159994777 -0.00431064456109 0.0666149914782 0.0106421960256 -0.00392692724597 -0.00993383885875 -0.0226249187826 -0.169604168597 -0.0097375155154 -0.0502357648259 0.00469300751592 -0.266595530479 0.179142700167 0.0190790325437 -0.000950771125448 -0.2040720266 0.080987801429 -0.00574925613401 0.0787165147814 -0.00222424080921 -0.0591541431331
-0.637699993815 -0.0241589538432 -0.00698667072675 0.043048802195 0.0234115979017 -0.015850878777 0.00175601401267 -0.657982034836 0.012654748541 0.0793071549434 0.0141199382862 0.0110090399724 -0.000790769243765 -0.0013885008377 -0.211491526878 0.0767424545971 0.0742264483687 -0.00645879055554 -0.170401928824 0.1560034247 -0.0089798390823 0.0154793734935 -0.163580923017 0.0367683728412 0.00755588155768 0.105144915877 -0.0048283524805 0.0350340828784
-0.592607856541 -0.0401877960739 0.02079000498 0.0404101237315 0.0556889106201 0.0265932394118 0.0168499170507 -0.606224493466 0.0600722580898 0.0534391015989 0.0354964797616 0.0214863075385 0.0219917043991 -0.0319424726233 -0.166284676695 0.0250874743352 0.00898054376587 0.00666512856039 -0.314075832764 0.188371918306 0.0031009088522 0.0112284891058 -0.296666154396 0.00864293264217 0.00919292558994 0.104749219989 0.0130685191588 0.0431690754053
-0.659797546031 0.032961021322 0.016251319324 -0.0537828139944 -0.0997956727088 -0.0358130608916 -0.00392115063972 -0.563205697012 0.0428372461064 -0.0032221185112 0.079758903511 -0.0418815000401 0.00902437135531 -0.268247793157 -0.218949019736 -0.0402847752447 -0.0871881475629 0.00901895484727 -0.195867406469 0.178818261909 0.018339710721 -0.00843851298644 -0.146534158729 -0.00470952644492 -0.00957466987371 -0.0175085263853 -0.000682494918565 0.00903727444347
-0.521009741481 -0.00129395940881 -0.0349257350013 0.0858868832876 0.0504028632263 0.0162826675902 0.00354771387304 -0.348969178072 -0.00107688364284 -0.00012909922845 -0.000534171094974 0.0047849331568 0.00443911425521 -0.503033391434 -0.102395695977 -0.123619609641 -0.0335614799044 0.00275284526101 -0.433478898351 0.285602840615 -0.0024799086105 -0.0011571356326 -0.170752667011 0.039263052538 -0.00597398041454 -0.118345276713 -0.00211887544268 -0.0337875783686
-0.517574999668 0.0173540815966 -0.0387295167702 -0.0025547259017 0.0198532468069 0.000826364205348 0.00111920674825 -0.603117110875 0.0793407911603 0.0371391536351 0.0528579169657 -0.0334118219882 0.0046403667591 -0.136453134484 -0.189097917397 0.189780288938 -0.0312159236712 0.00907345736157 -0.414003438368 0.0363836186709 -0.0727848955745 -0.0062050575663 -0.278594424202 -0.0237507580689 0.00669926235111 -0.077686913567 -0.0169306230434 0.0223764240382
-0.517903649431 0.0112562563741 -0.0415287866226 -0.0136925471576 -0.0186221085377 -0.0129191701801 -0.00338302527519 -0.554765827895 0.0435946338423 0.0338222631192 0.0695041471804 -0.0242387418963 0.00273154012513 -0.345301182015 -0.212957803542 0.0474509060526 -0.0483757299227 0.00488771846396 -0.344039746788 0.0303096390218 -0.0371630295906 -0.000783566744042 -0.319543594053 -0.106148289519 -0.000867524482291 -0.0945985802722 -0.0119749207362 0.0253874630971
-0.505941785856 0.000414223842309 0.0207139059068 -0.048616432999 -0.070365856654 -0.00602739357337 -0.00306546730155 -0.372556145317 -0.0742915899703 -0.0352022873781 -0.0160304761236 -0.000612149058304 -0.00166851791202 -0.434139800516 -0.202856762026 -0.174879671452 -0.0272864862112 0.00708410119539 -0.426302464005 0.281230964761 -0.00140835662757 -0.00907205290047 -0.232722792046 0.0114595752869 -0.00256422591109 -0.118465914554 0.00861797472463 0.00976413252314