-0.0472254488061 -0.0639292362099 0.252569758191 0.0126019639389 0.0539390560362 0.0475179771569 0.00582291030329 -0.372899411062 0.302387985235 0.437395065551 0.509520776218 -0.112651359762 -0.0310912438357 -0.151373429353 0.119272664501 -0.228439815567 0.144236202278 0.0111992102246 -0.159442368864 0.0751128868036 0.0903759338108 -0.0140059917456 -0.220543687919 -0.159252766266 -0.0308566212994 -0.0528808840182 -0.0448831091498 -0.003162951417
-0.402135097616 -0.00123007697646 0.108933491808 0.0271812756328 -0.0302402777078 0.0327865041227 -0.00538214908494 -0.392419173681 0.0267274407521 0.0674249170633 0.128021840477 -0.0235439047887 -0.0203328758523 -0.0459307031626 0.135068887974 -0.0565964554139 0.123043865437 0.00325052752683 -0.685187461476 0.0058569831725 0.0536713935674 -0.00529106255515 -0.359048433823 -0.033795757874 -0.0017862574302 -0.0716768704414 -0.0141323115852 0.0228377963696
-0.539696271166 -0.0091985211792 -0.0703351743175 -0.0370908757235 0.0775861197225 -0.0199934069881 0.0173257351244 -0.558769746988 -0.0661664947163 0.125416307272 0.0675984951347 -0.00298851452117 -0.0466743097125 -0.157482797443 0.118870306289 -0.326962521248 0.0576612033005 0.00492818690175 -0.0756062346476 -0.0815369021584 0.0934052848532 -0.0198498961801 -0.404189470468 -0.0849015356027 -0.0110154805124 0.121042996332 -0.0214301262406 0.00600500842579
-0.510110702079 0.00515787463182 -0.00476162443873 0.0974776718481 -0.00198899674954 0.0687230255021 0.012210697072 -0.655002256995 0.0642028423512 0.0711358236642 0.248574304806 -0.0609609445043 0.0186373866734 -0.337273359409 -0.131212829092 -0.153919481089 0.00602914469173 0.0151699126919 -0.186963977343 -0.0261014641797 -0.00484764996989 -0.00144022521184 -0.0479854124842 -0.137819712188 -0.0376968978394 -0.085706655689 -0.0208214036444 -0.0144795394343
-0.410922359338 -0.00664126922354 0.0495008927234 -0.035755501612 0.00610836458039 -0.0304999671835 -0.00525078446227 -0.484812368328 0.0635632898875 0.00510822324866 0.168584200717 -0.0362194431981 -0.0212955515706 -0.623299107754 -0.243391153782 -0.247990121697 -0.0605000041675 -0.00994658432472 -0.109735179657 0.000863705468409 0.0058895598613 -0.00952157038595 -0.0529860975535 -0.0633367195125 -0.017529111755 -0.152218931848 -0.0246902453285 -0.0317114468139
-0.477734082504 0.010005892621 0.0192925973027 0.0518150955933 0.013582852368 -0.0292116303697 0.0141285133239 -0.498787923109 -0.0588289580938 -0.00741298466945 -0.0537612152987 -0.00738682416893 -0.00474022043144 -0.184595410473 0.0938195749861 -0.0097730768624 0.113161822721 0.00824374966032 -0.540506971519 -0.0528057785271 0.0450841338003 0.00140438788412 -0.32888176818 -0.00858542625073 0.00230552182526 -0.225025723699 -0.00690570693035 0.0189513509773
-0.514825609972 0.0503459496894 0.0643670205224 -0.0192949308145 0.00281881825932 0.0315045767638 -0.00762906698811 -0.512727852378 -0.0701809130899 0.0131158125197 0.026987710424 0.0149690441043 -0.00356109575415 -0.00268906063882 0.0881549247425 -0.11147553335 0.0766151773251 0.00297093637747 -0.527783693737 -0.0139234937392 0.0330637172523 -0.001154712634 -0.389380908177 -4.17133033175e-06 -0.00767045252007 -0.00466977415151 0.00532638597694 0.0154560544735
-0.517431365167 -0.0140227748271 0.0273689541187 -0.0166250255993 0.0445062199645 0.0250128327732 0.000875361974045 -0.63478515934 -0.0729388710885 0.0675023457172 0.0874948445866 0.0337794547172 -0.00948248881633 -0.163145230682 0.0707313127096 -0.222858624327 -0.0265149367045 0.0120833223243 -0.285910724594 -0.0500782627514 0.0465805372374 -0.00981973823348 -0.360027670956 -0.015632459817 -0.00501768964282 0.0901685005112 -0.00586381360876 0.00358526827141
-0.504822792079 -0.0434562319449 0.0304211224461 -0.0477878702063 0.0467013843986 0.000336660003829 0.00825921721583 -0.661671297212 -0.0303978942914 0.0149541384077 0.14187466148 -0.0080032742761 -0.00182782765648 -0.16553444554 0.133158538153 -0.231286038874 0.04441113172 0.00795286530609 -0.284511506922 -0.121472382526 0.0605385365162 -0.014267880546 -0.268170403992 -0.0771942829458 -0.0172876265529 -0.0145384500236 -0.00452726900736 -0.00413595351609
-0.483687121589 -0.00457322760334 0.016954524484 0.0517900311458 -0.017184337617 -0.0187519081184 -0.00449422599272 -0.63312598227 0.07089475719 0.0194693050474 0.135491726937 -0.0319002052548 0.0016033767693 -0.131469564176 0.105546982806 0.0593299981945 0.0752045318588 0.00975447308817 -0.478070397008 -0.0221334435687 0.0539445603314 -0.00358439441115 -0.211688807916 -0.0345979820603 0.00463038160712 -0.144623373257 -0.00857605232292 0.00881788901228
-0.549874574735 -0.102339680959 0.0775510501934 0.0411767940153 0.0139064021464 0.00926755868973 0.00458246869222 -0.622559743632 0.121834108276 0.00159026406171 0.0651795741118 0.0081696896007 -0.00773318740317 -0.0301862720419 0.0995764991041 -0.0946266489719 0.0704929468536 -0.0036380581476 -0.41200829819 0.043187605712 0.0366693886381 -0.00384685654965 -0.269587910746 -0.0115831245353 -8.21344777861e-05 0.0305768136743 -0.027742500373 0.00988427082899
-0.526795266459 0.0135996546259 0.0243559873012 -0.0958109255802 0.00593121029248 -0.0140556748039 -0.015645400548 -0.580190312919 0.0841475844774 0.0425537756862 -0.0388232082534 -0.0218986669585 -0.0124580934228 -0.187625165655 0.0654639252032 -0.192479360076 0.0206612640852 -0.00249332635021 -0.35397258272 -0.124224991919 -0.00196819638966 -0.00653608437589 -0.378540207338 -0.0384808656838 -0.00241892673665 0.041444014441 -0.0120666985114 -0.00303244165611
-0.689804706662 0.0700822142581 -0.0845545882476 -0.047016186216 0.0156740527082 -0.00661984504899 0.00872207285322 -0.654536343263 0.0143019028548 0.0493981450641 -0.0624140341296 0.019172819033 -0.0015061829056 -0.00021917238457 0.0457814803345 -0.0792329560568 0.0599093657833 -0.00758398974027 0.16676875216 -0.00823389581518 0.0601578246836 -0.00491381087554 -0.150024311843 -0.0440186713605 0.00358495180653 0.0756899587796 -0.0212822991705 0.00464034988007
-0.549895517195 -0.0450415295237 0.0247501154826 0.0368363848182 -0.0048569096997 0.0645912527032 0.0171756703628 -0.681836604815 0.042424811908 0.104876282824 -0.119512944857 -0.00699641811422 0.00834683093259 -0.187535072203 0.0511761218047 -0.164706673371 0.0102634160751 0.0068937020035 -0.307335850534 0.0212452661574 0.0242478645986 -0.00834545668261 -0.177492077061 -0.0336228333405 -0.0410303242194 -0.035207410713 -0.0242790110048 -0.0156128129871
-0.635446054511 -0.0333217464972 -0.0408655855742 0.0266216659709 0.0357110895512 -0.0231941511852 0.000736399498293 -0.647091095281 -0.00693028831783 0.0624130711648 -0.0207509245887 -0.0247690344002 0.00168028750506 -0.0717118949794 -0.120814281327 -0.0893221186547 0.000630185883843 0.00371528377764 0.114350755396 0.0438833523644 -0.0320327845801 -0.003192192089 -0.333434076472 -0.0283792212086 -0.0218695805432 0.103499976803 -0.0131364339438 -0.0084865474339
-0.536920475931 -0.000458432388957 0.0523864456832 0.0138626618969 -0.0366068187481 -0.00375891600413 -0.00444169263852 -0.544458696749 0.0218198221145 0.0313836606422 0.0301719635699 -0.0295724208337 -0.0136418343459 -0.313072705776 -0.195258073083 -0.117726548754 -0.0619413889616 0.00326260374614 0.100807080118 0.0923142482278 -0.0150597321627 -0.00327918383799 -0.483317116854 -0.00910754514049 5.21255627481e-05 -0.0161023581348 -0.0216366534951 -0.0190779521801
-0.556753638098 0.0172211504029 -0.0145134219082 -0.0506193129625 0.0412008797003 -0.024951580202 -0.00565725698422 -0.626937676166 0.0493263117067 0.0180355906551 -0.0788770843016 -0.0656791833599 0.00124685523829 -0.409172641915 -0.15072947313 -0.195986480482 -0.0226716729528 -0.00292215995334 -0.13872983156 -0.00639268580636 0.017958838727 -0.0163935305157 -0.154286775828 -0.000783339955814 -0.0223420448993 -0.0592526951597 -0.0188606091304 -0.0336731404148
-0.475467421829 -0.00732039952404 0.0377074178746 0.00425766763862 0.0301934913931 0.0310744736365 -0.00543321339132 -0.552148658492 -0.0433271134281 0.0107080504104 0.0873257815323 -0.0282475951752 -0.017510635097 -0.382171881575 -0.00743078913934 -0.0936159098062 -0.0192247015008 0.018747926774 -0.441704494263 0.00250157070205 -0.00128703449674 -0.00950910841783 -0.110304367595 -0.0557027505698 -0.0247524384426 -0.296652302442 0.012708323252 -0.00982829989425
-0.453881280899 0.00188131985082 -0.0177513757405 -0.00855025729686 -0.0029428013457 0.0162159226002 -0.0113647424969 -0.525159870191 0.0392398884527 0.109495273363 0.0660221319381 0.0231773878291 -0.0233895768307 -0.330131652683 -0.0451256199897 -0.0296019193177 -0.000202288023429 0.0158526600384 -0.538851306906 0.00121444330417 0.00814058650427 -0.00867992534784 -0.0864557911534 -0.0891772922004 -0.0243862038721 -0.281558808599 -0.0159814641776 -0.0150623999678
-0.448615891443 -0.0271420985151 0.0732350507076 0.0724907346828 0.0131160476468 0.010018292402 0.00497377475007 -0.463866137449 0.055292488003 0.0772803655464 0.0214021512327 0.0168857080155 -0.0367459323908 -0.495006085161 -0.0136720378053 -0.153241734273 -0.0208730104605 -0.00936850361273 -0.45753190877 0.0434945953805 0.0019693732788 -0.0130154846806 -0.0988152367267 -0.0680689932212 -0.000795511716673 -0.256186974008 -0.00474525863304 -0.0109192723808
-0.452727683354 0.00600209085024 -0.029986572951 -0.0449101683827 -0.0154273883508 -0.00403237277579 0.00464718171108 -0.454546591375 0.0384640946498 0.0208855805032 -0.000670917722257 -0.000173294686539 -0.0217429922515 -0.477671653391 -0.0122011113338 -0.190167798047 -0.0176274894524 -0.0113459464817 -0.521111257291 0.120101906237 -0.0203030636435 -0.0145861013581 -0.0754447326464 -0.0499691575863 -0.0102208240875 -0.148440161644 -0.0190165974165 -0.0242898821666