-0.0266628425507 0.00040761602744 -0.0693376071802 -0.0516292030199 -0.0696158053745 0.0140408760685 0.00795203254079 -0.00403510701294 -0.0239782528929 -0.00935297536842 0.0377468768106 0.0112880778522 0.0241720711132 -0.0250386606636 0.105555272252 -0.0174987419617 -0.0233527818655 0.00373154621923 -0.515242020376 0.665564077262 0.0666018701675 -0.0118199026097 -0.501463688632 0.078305425133 -0.0010537758476 -0.0240171857063 -0.00748941869026 -0.00152427311909
-0.424380322039 0.0292602441034 -0.0672488442172 -0.0626588703246 -0.108993353709 0.0133278141528 -0.00835308576429 -0.35101497905 -0.0222926925014 0.024146987084 0.0533907775637 0.0608504662432 -0.00911382765108 -0.0840301918658 0.145945388987 0.0560782125546 -0.0711062825359 -0.0102156427617 -0.396441109734 0.536509823944 0.0519947475775 -0.0109742389507 -0.421310369944 0.067479399271 -0.00475933515306 -0.0125364331804 -0.00426723541898 0.0280927029191
-0.239791250302 0.00104014357701 -0.116213941106 0.0324486762419 0.0942498787206 0.00122545879946 0.0263034326589 -0.200860737882 0.0137662560143 -0.0052296546963 0.0146989608686 0.0261133727587 -0.00907089234858 -0.417864377179 0.150726794848 0.15202323199 0.0162931944 -0.00199078851952 -0.529582976953 0.22478465221 0.0580593790005 0.010227606236 -0.551578702738 0.0751673999181 0.00837247323667 -0.105907831291 0.00196149586198 -0.021698855983
-0.401461600976 0.00103719769806 -0.116339349465 -0.022468574239 -0.0300085544402 0.0345158546767 0.0143418240644 -0.411857673639 0.0374304885926 -0.0522039215662 -0.0974951403848 -0.0632294715679 0.0181683045481 0.0753428151127 0.108887167819 -0.0266645239108 -0.0357765463196 -0.00513042017381 -0.375922993449 0.570562386197 0.0374726730241 -0.0371634432035 -0.378119346462 0.0340068916637 -0.0206702909625 -0.017360519251 -0.0279407356326 -0.00829203257003
-0.343038070678 -0.0471009663947 0.0145046434555 -0.0619302206071 -0.0345528973358 -0.00442114803567 0.0240839239943 -0.42000725318 -0.0265150159197 -0.0954730688402 -0.0922245370368 -0.046238982816 0.0196576838189 0.00288524096522 0.00345095646995 -0.0705601728922 0.0345361168563 0.0318567304552 -0.435376705915 0.53916384896 0.0788097162895 0.0125726180677 -0.421903027491 0.0674972464904 0.00748882351139 0.0192546143117 -0.00407412326532 -0.0136189550923
-0.528051424079 0.00607293239368 -0.021002654059 -0.0695962005349 -0.0446866576242 0.00776906409642 -0.00371142911853 -0.365683022204 -0.00916951172568 -0.00365877134014 0.0188207988633 0.0106854595255 -0.0146705532969 -0.184795828547 0.20454031768 0.172137512243 -0.0297337748009 -0.0137458196679 -0.379228696347 0.36510760735 0.0114263861693 -0.00925370090161 -0.440981740054 0.0197800501902 -0.00909977675234 -0.0147085666804 -0.00579128121449 -0.00709024586596
-0.2383557036 -0.00787161786513 0.101791917539 0.0574191502213 0.0154780758314 -0.0115198641773 -0.00356643297545 -0.195812229776 0.0237791219037 0.00385461395809 0.0066774848325 0.00222632804747 0.00285130789954 -0.455180014712 0.0220001892774 0.0261759687841 0.00627542371836 -0.00247718700639 -0.385749312224 -0.0206324171461 -0.000316800668623 -0.00126416107269 -0.542340144787 0.00515735898672 -0.000615745447545 -0.487443431835 -0.000404476150955 0.0265722264409
-0.18947781632 0.00272744600104 -0.0449582547765 -0.0269923450039 -0.00506884967975 0.0111482490275 -0.00544001326959 -0.179812525413 0.0105658874828 0.00507112418065 0.000744533302311 -0.00125650874721 0.00536479789165 -0.457286080922 0.0611099373626 0.0505819185501 0.00643965393109 -0.00016899140816 -0.409707647979 -0.033652574578 -0.00743233017132 0.00089165280012 -0.583677491964 -0.000254037127437 -9.42672171469e-05 -0.450528139682 0.000105834567483 -0.0226163678305
-0.435679701357 0.0109896828757 -0.134783767752 0.0973647331516 0.131052284185 0.00400174525513 0.00758204243266 -0.30759089585 0.0137958390698 -0.0133711088533 -0.00890458381429 0.00174880116801 0.00365143274556 -0.342960581106 0.157418028606 0.157963463225 0.00576483655303 0.0130027235279 -0.454138300659 0.204624876064 0.0305794845498 0.0189013720181 -0.496375056868 0.0469536979199 0.0204965218697 -0.0576248256588 0.0212223711789 -0.0185550712839
-0.684420424311 -0.023130505658 -0.0998258668819 -0.00618198856557 0.00373145937084 0.0487346802141 0.00379576641788 -0.506392639534 -0.0082680961152 -0.0257503098942 0.0392742327473 0.0114648351642 -0.00237254787055 0.0779490146049 0.0772904471355 0.0228271816706 -0.0730806858884 -0.00098177292379 -0.200410675428 0.363840562238 0.0188094279091 -0.0100356539309 -0.244891274634 0.0197290645629 -0.00662057497061 0.0879013363986 -0.00268537869354 -0.0270574050679
-0.468189531672 0.0099998773584 -0.0018902321531 0.0201696273454 -0.0277619122067 -0.00816980250151 0.000686521937695 -0.536392162517 -0.00747015872707 0.0380939783492 0.0280609695122 0.0541616385501 -0.0139925599851 -0.274917902613 0.00675193433962 -0.0863612235839 0.032346348785 -0.00695872169949 -0.390718428425 0.332824098886 0.0849051852211 -0.00700290560048 -0.34481814471 0.103460465671 0.00255919068794 -0.0234364793907 -0.000759382586271 0.0357897656462
-0.34022243229 -0.00183719494154 -0.0107553334866 -0.00887650304755 0.017575508705 0.00156501151832 -0.00199781204505 -0.380600999944 0.00595371816023 0.0284686948206 0.0192756160925 0.0422265249014 -0.012876644042 -0.451775872069 0.117521896497 0.185668429465 0.0217682681503 -0.00959046632104 -0.472318700353 0.147516366302 0.0911860131003 -0.0142006608878 -0.457444023851 0.0914136080244 -0.0146403262937 -0.0982273506186 -0.027032291369 -0.0345376130217
-0.43074899787 0.00159703824853 -0.108978871858 0.0849291051513 0.0903129538571 -0.0069682482281 0.0221442766756 -0.349186757457 0.00515021655276 -0.0187054956516 0.0198746711528 0.0113573008084 -0.00775905852706 -0.350708014272 0.165792861049 0.149831188247 0.00927984769401 0.00390667783977 -0.456728307394 0.210801102867 0.0426601175517 0.0182449781468 -0.480008049114 0.0574640038386 0.0158180044476 -0.0367314430664 0.0129516108022 -0.00861901390485
-0.644759126344 0.0198744316365 -0.100759595018 -0.0130394508891 -0.0211571608448 0.0234768827146 0.00102401185857 -0.477976670849 0.0263693138976 -0.0215153857042 -0.0334797070665 -0.0177414469232 -0.00174867841974 0.0762508818128 0.115339101407 -0.00120776302268 -0.0447575337672 -0.000813922950207 -0.265810731007 0.40609555547 0.0111447214239 -0.0133657910037 -0.287748594609 0.0147182780198 -0.00593696123068 0.0258212365279 -0.00857888781199 -0.0269023560369
-0.506560546338 0.0181196089456 -0.0297454145079 0.0134570576652 0.0264361817697 0.00249522460057 -0.00734300679492 -0.703727598304 -0.0732852226635 -0.0641283461231 -0.102688318552 -0.0258925748807 -0.0106564853935 0.093193662551 -0.0189462653807 -0.077361052927 0.031940200518 0.0241148205492 -0.253167435353 0.3107042844 0.022743010877 0.00869717908031 -0.209496072848 -0.00250332030783 0.0227748380982 0.0434464864639 -0.0322524429398 0.00172969517752
-0.498776525379 -0.0165522135794 0.00919220572986 -0.0226520117258 -0.0411059553972 0.00192871640744 -0.00174772800454 -0.664149601074 -0.0924246531864 -0.0752139058358 -0.0508174799777 -0.0154486893631 -0.0174674055039 0.140818005993 -0.0258333395601 -0.0699855344544 0.0399036563955 0.0193949002987 -0.304028388836 0.292832290852 -0.00290507417145 0.0216783146171 -0.279960178694 -0.00967457120814 0.0118555634503 0.0739034589591 0.000950120503514 0.0115411951832
-0.563222639952 -0.0176375997768 0.0164772746664 -0.0531256437695 -0.0346470998743 -0.0139747370448 0.0391844902348 -0.517557187789 -0.0311770643927 -0.0305614356053 -0.00240824165893 -0.00753264299274 -0.0032765892927 -0.00494707321395 0.0668323004201 -0.00272858394908 0.0208751456969 0.0239524866611 -0.327428126961 0.4098845422 0.0676857143267 0.0152975359094 -0.334424230129 0.0573690199025 0.0148523926777 0.0737035703793 -0.00571655171821 0.0156638238057
-0.504594005933 0.00907803464645 0.0449846275402 -0.0779312264242 -0.0980903720498 0.00269927059504 0.00815804897226 -0.316193326316 -0.0202854282624 0.0150797272623 0.0103781668554 -0.00132306183209 0.00523387980501 -0.305102121539 0.270818242754 0.218332008256 -0.0195230866482 -0.0234439621314 -0.372987285036 0.275611971368 0.00872501209767 -0.0232241574392 -0.440143676165 0.0135255472602 -0.021881968946 -0.0303679799849 -0.00635179476962 -0.0260549368661
-0.288555699357 0.0193527127983 0.130586968104 0.0537910321116 0.00337377984921 0.0182701036172 -0.00293040890779 -0.24353108912 -0.0515781815084 -0.00854138983708 -3.35688760608e-05 -0.0197918866373 0.0011903323477 -0.550090668509 0.0057024363116 0.0248422932099 -0.019789453661 -0.000713782926758 -0.393814851033 0.0194151110651 0.0419742733565 -0.00558185703567 -0.512702209032 0.0551607866496 -0.00132711822938 -0.326800144238 -0.00368980848298 0.00234521767007
-0.366612366204 -0.0199209961882 -0.0288888056645 -0.0755258217189 0.00155338039496 -0.0215985887799 -0.00209306008611 -0.368055547817 -0.00884498712509 -0.0382243856792 -0.0177024202893 -0.0376904378248 0.0140947730469 -0.283951140344 -0.0788314480868 -0.11327727316 -0.0398628124255 0.00847008260316 -0.511092098671 0.189342232502 0.0652833610289 -0.00937496584718 -0.529688608558 0.0585273781183 -0.00997787754818 -0.171646689302 -0.0266582074255 -0.0472314970933
-0.425559114837 -0.0191289897872 -0.120180002188 0.0920141270779 0.116126043607 0.00338969778884 0.0102141553887 -0.322194633435 -0.0264055032954 0.00681798818696 0.0269274629808 -0.00590922767977 0.0109398822378 -0.345628661943 0.165331227049 0.153921372497 0.00604704629747 0.0100701946822 -0.451484011147 0.208665641056 0.0376115750799 0.0207770421146 -0.500620033262 0.0410362012305 0.0202409233076 -0.0555364195856 0.0228680119047 -0.0204854769412