-0.0057441915742 -0.000206608125425 -0.0241131394871 0.0320251078304 0.0401722589737 0.00914925256024 0.0102415708534 -0.00783093224495 -0.0711457233423 0.0057150102762 -0.0440682980571 0.00933658619216 -0.0205793975512 -0.0731796466665 0.0607934651983 -0.224896937383 -0.115465112022 0.0151528163372 -0.413393141078 0.68433483376 0.0248770297956 0.000846541255586 -0.509496397344 0.119690799117 0.00708957989853 -0.0415794929625 -0.0153771001343 -0.00137514900447
-0.40608111313 -0.0153016330665 -0.119720967558 -0.117589872549 0.0358593346224 0.0686201589796 0.0150097201321 -0.382589711977 -0.0594127621187 0.00493748302404 0.123655460204 -0.00249560964034 -0.0200322337911 -0.348012040988 0.09200114756 -0.140457074866 -0.072958667601 0.014259908862 -0.331619411881 0.447902765809 0.033460132727 0.0147613359741 -0.39362743815 0.09518694884 -0.00237240955996 -0.0569179717389 0.0258230342796 -0.0135696703209
-0.458814727245 -0.0175540710139 0.0938509848064 0.137418813268 -0.00223992102476 -0.0535102015045 -0.00335242824526 -0.455411316453 -0.0311342085068 0.0545947480956 0.103833919043 -0.0101903977871 -0.0247525577821 -0.100340771655 -0.034975754385 -0.241815506221 -0.0973733057976 0.0267673583347 -0.29049039297 0.456758509221 0.0299470568268 0.00520268653616 -0.389179234072 0.0943870302212 -0.00686759163583 -0.0272274207045 0.0217171829931 0.0152043853725
-0.479098021952 0.0332968659737 -0.159642637747 -0.0956859482134 0.0404891822669 0.0703466186235 -0.0100782394151 -0.460839297692 0.0680323251551 -0.0538896146739 -0.132317165697 -0.0024131667868 -0.0398554442749 -0.0579395697438 0.0570116717792 -0.123592481048 -0.0638160402019 0.00757850362745 -0.322815445045 0.470114798045 0.013243101426 -0.0177960036 -0.358627137483 0.0551848270709 0.00950397658102 -0.0403579738746 -0.0504702868213 -0.0370201635129
-0.504111733542 -0.0445400880332 0.165414146363 0.0495432092043 -0.0651118501751 -0.0959962711291 0.012113172297 -0.458678211613 0.032977182637 -0.0617435397256 -0.143540886852 0.00114534377157 -0.0285642252777 0.0101148505277 0.0311549178918 -0.0945383709467 -0.0452310768513 0.0127193076029 -0.289548142314 0.466021545987 0.0161897013072 -0.00124728571673 -0.380864994216 0.0569781297932 0.0150210375707 -0.0192568386226 -0.0329712061334 0.0166966538495
-0.462403997071 -0.00760445132689 0.00607757368448 -0.0858161374765 -0.0488175056875 0.0314204198198 0.00280067438176 -0.345348901943 0.00908120670247 -0.0289417193511 0.0115674614413 -0.0362699414857 -0.00734246929967 -0.613504901867 0.160334833326 0.123291409324 -0.0235260568814 0.00327001413558 -0.215536920102 0.220358225359 -0.00694228829263 0.0174054636836 -0.364399221286 0.0167598785142 0.013553833157 -0.0666301587298 0.0301964686699 -0.0427508408832
-0.375278970709 -0.00129390652726 0.0216333709277 -0.0205000787284 0.0279153838649 -0.00663092041436 0.00986327017364 -0.41370706313 -0.0289106670126 -0.0420436995582 0.0176658181584 -0.0402514490956 -0.0156185241872 -0.577751724186 0.0964676018746 0.0934294734282 0.00153870194429 0.00489122352658 -0.360726048292 0.147875737352 0.0964888963028 0.0193578692412 -0.39957275934 0.0658805527182 0.00951927161332 -0.05612021375 0.0252532675081 0.00343357374639
-0.465882090863 -0.00177220511298 -0.0240778766819 0.0156627111998 0.0300251897902 0.0121562784375 -0.01250103506 -0.50636074038 -0.0670358200401 -0.0330155927526 0.0327563854673 -0.0479370331578 -0.0169656966737 -0.379250555354 0.0255494785703 -0.079630756098 0.000813913409518 0.0156998829239 -0.375013522066 0.212685298578 0.105737505992 0.012713320616 -0.393803478205 0.0772644602698 0.00843788051146 -0.0666048493894 0.0377969614906 -0.00226309489816
-0.627677602647 0.025276869554 0.0888960156812 0.0664575853001 -0.00667468517199 -0.0501114468852 -0.012668518057 -0.521007115381 -0.043041905157 0.0188606832075 0.0223051271242 -0.0162158755382 -0.0242486210842 -0.0335477996486 -0.000358678478355 -0.179454197773 -0.0809802047068 0.0238204756916 -0.242024642614 0.24979509056 -0.0519990936556 0.00358925569979 -0.386363613686 0.0239968209914 0.0134911408696 -0.0193955418317 0.0199355083535 -0.0197018842729
-0.566030143521 -0.00811713847193 -0.085139244038 -0.109672289834 0.0137458627363 0.0359149754999 -0.0032150471972 -0.42874219154 -0.0207389388607 0.00932997533539 0.0291239747816 0.0310340841545 0.0129439330397 -0.326724917155 0.12045577894 -0.094811484605 -0.0899087182447 0.0118724970901 -0.259371628421 0.304864180365 -0.0145659845075 0.0176373372278 -0.388042768305 0.0604623261819 0.0100160741113 -0.129261704463 0.0113673109741 -0.0456031959778
-0.498779931676 -0.0568389411827 0.00410310942095 0.0307422587944 0.0204759187871 -0.0119137566853 0.0102865247103 -0.691846319456 -0.00722725992586 0.0735001866249 0.0744087266213 0.0199829624037 0.00390986816497 -0.171038132372 -0.0354234032857 -0.12508770802 -0.0294229590105 -0.00637490007464 -0.237270733819 0.333366225641 0.0502850519942 -0.00484267748275 -0.181189937982 0.0702513032883 -0.00377768799794 -0.00900016819891 -0.00231674785215 0.0373037447566
-0.550000749283 -0.066762592538 -0.0355816168877 0.0372678861405 0.00306841910158 0.0195125344213 -0.00565515276423 -0.687855891102 0.0306714151978 0.0960026895003 0.0632031442338 0.0146918541785 0.00863005557427 -0.0760688311329 -0.108594349042 -0.130705727347 -0.023275052082 -0.000846600048245 -0.203436643509 0.300544390998 0.0525746498846 -0.000902421681151 -0.166359361701 0.0475272488631 -0.00967019622741 -0.0229972956275 0.0171405590757 0.0429243868202
-0.706133568715 0.00123743541886 0.0904138469255 0.0661104157273 -0.0701127557198 -0.0649385796036 -0.000396160127154 -0.501059701352 -0.00456580892158 -0.00704125855235 -0.00687884503567 0.000225934503594 0.00859561690498 -0.0489233175293 -0.0042355284715 -0.163070005142 -0.0949275342046 0.0123919335277 -0.196016648854 0.254271913503 -0.00480420846759 0.00239933739347 -0.287375003987 0.0427477916403 -7.07526584465e-05 -0.0495122708153 -0.0172676378458 0.00284434366472
-0.643183756167 0.0158892354507 -0.076510196213 -0.126448926243 0.0704981337965 0.0397512685378 0.00980358563995 -0.477521008123 0.0159698723643 -0.019828973382 -0.0390237153859 -0.0220489510247 0.012655861926 -0.0728445097962 0.083315042705 -0.107251590812 -0.0904228257369 -0.00251851505994 -0.2564555446 0.321105932817 -0.023085122634 -0.0208563029981 -0.339193506401 0.0198363162358 -0.00907024935892 -0.0698826033855 -0.0272657776627 -0.0615991761801
-0.468242878801 0.0392391014988 -0.0233771630881 0.0226407656252 0.00128218761466 -0.0122160360363 -0.00146230470398 -0.77136890177 -0.00423798336712 -0.121274513828 -0.0803397492158 -0.00880814506961 -0.008496681137 -0.00832087367596 -0.035066580817 -0.0463520885904 0.0193622892385 0.0232829757514 -0.238241795868 0.283409698841 0.0280821540957 0.00487226358457 -0.13201436776 0.0120646758496 0.0176450288973 -0.0203843977585 -0.0243644225469 0.0225004544602
-0.547651809739 -0.0457423751981 -0.0442467918455 -0.0208569654382 -0.0307300512276 0.00335914625952 0.00612790655299 -0.675280375283 -0.0060205232458 -0.101088749769 -0.0758063257205 0.00129912539474 -0.0173780751516 -0.0275763908158 0.0285205678747 -0.00802826408049 0.0384627877913 -0.000233148751649 -0.294342887134 0.273905056726 -0.0135593619081 0.0164751777133 -0.231950718586 0.00465585085676 0.0249662889327 -0.0477598459088 0.0113365955989 0.0141311656523
-0.676700285229 -0.000879346216188 0.103874386688 0.0887543379985 -0.042296125984 -0.0500959048763 -0.00626881203472 -0.505869735693 -0.00928085254586 -0.00126511977417 -0.0726134296669 -0.0138022939349 0.00985821825018 -0.0277256154546 0.0381292387785 -0.0691838628479 -0.0746123220788 0.0144783277928 -0.217917507312 0.286318536872 -0.0276395003346 -0.0105014909197 -0.329909214022 0.0305620005672 0.00607569820009 -0.0660349148717 -0.0121735130866 -0.00851821876399
-0.502908705938 0.00685762459078 -0.0299527237345 -0.067873115754 -0.0584700305198 0.0348208530722 0.00611682836962 -0.358148236598 0.00319315741568 0.0137012958406 -0.0031204705 0.0274341275404 -0.0193756054622 -0.445972471145 0.176147362215 0.100462575593 -0.0244723293347 0.000744556183256 -0.26301452443 0.296832137963 -0.0129794140532 -0.0173970613587 -0.446711200143 0.0179087884231 -0.0116161639043 -0.0680965678478 -0.0370740513209 -0.0535778250562
-0.45247984041 -0.00535540412379 -0.00952029903133 0.0218426282897 0.00947257668391 -0.0134333076289 -0.0138496567993 -0.516421636066 0.0400094856926 0.0123036545402 -0.020340303202 0.0155373282463 -0.0700175842818 -0.16223301127 0.00838590441009 -0.0353249030447 0.0192018580241 -0.00725420984573 -0.448559131036 0.183429842329 0.125878214184 -0.00927672486844 -0.479759290351 0.0848898778471 0.001275824304 -0.0508802208358 -0.0323811699818 -0.018602786964
-0.563757147509 -0.0139168664915 0.0577558378983 -0.072018717024 -0.0527301833656 -0.0155628887507 0.0120631653471 -0.497278214521 0.00274895859418 -0.0210382494159 -0.028844132198 0.0129602079633 -0.0437577105163 -0.0403059499236 -0.0334082892567 -0.0432990308501 0.0545883257384 0.000660285376714 -0.38961102037 0.24237505368 0.0918301676046 -0.00434914204798 -0.434240701407 0.0502476679473 0.00479695619833 0.00210902532379 -0.0400570679789 0.0182025861968
-0.486639865689 -0.00502508988887 0.0604534933986 0.0716763817563 0.0315566665054 -0.0263322593057 -0.00298179715272 -0.348383861268 -0.0175321378713 0.00844008710527 0.0196387915534 0.0281650549308 -0.0182874715373 -0.513662947027 0.180748065297 0.108249332208 -0.0161649081235 0.004426842677 -0.225675993744 0.265094784283 -0.00552495954962 -0.000331151069427 -0.442388637223 0.0112280065378 0.00207117032982 -0.0581785031987 -0.0195438254573 0.00665180105433