-0.000782442487714 -0.0124929900227 -0.00832410138123 0.0110808042588 0.0232610993125 0.00413609823358 0.0114537126084 -0.255038846622 0.0090574591252 0.228449889848 0.498290593284 0.0528089918091 -0.0013341068872 -0.0574241736227 -0.0605797159246 -0.252220427022 -0.0465520224936 0.0344490952964 -0.275805202192 0.503293283312 0.105729293498 -0.0150368134606 -0.463429944646 -0.0210529820085 -0.020522726097 -0.0132730004814 -0.00600675922874 -0.00193874523685
-0.459923374527 -0.0113363884401 -0.140429592861 -0.00459031132792 0.0106307641959 -0.00416065485118 0.00585990531602 -0.61288607443 -0.0123400552256 0.141582757029 0.197072098367 0.0368600219626 0.00504198999648 -0.108757439183 -0.0398476536612 -0.00382777724479 -0.0181914697772 0.00345083430281 -0.102480002705 0.345026840825 0.0810658765673 -0.00126408836358 -0.424700199325 0.0357590757077 -0.00213150612488 -0.0273935780742 -0.00871342426581 0.00383205546899
-0.380003980657 -0.0204292897574 0.115243708432 0.0372874111041 0.0158197961015 0.0060294653847 0.00960977566624 -0.554690639342 -0.0226473444246 0.151150479683 0.142692063443 0.0524383575223 -0.00947872719445 -0.126252921902 -0.0509621862654 -0.0243817622751 -0.0401862186799 0.0129530599542 -0.257419943808 0.451683442685 0.0465902204054 -3.90146484844e-05 -0.413608058549 0.0298671431588 -0.00170718492054 -0.143294784528 -0.00433497529109 -0.000972869109371
-0.520352094026 -0.0125800828916 -0.108692004086 -0.038233819118 -0.0329490946304 0.0276629513574 0.0113051340057 -0.61748400612 -0.103712103892 0.106883674528 0.137595075478 -0.0704146985167 -0.0129181697953 -0.0672319952045 -0.082172478761 -0.290792751647 -0.0655322950097 0.01094588478 -0.271470953619 0.0725794295297 0.0176213760885 -0.0153737030793 -0.308295221482 -0.0923855877931 -0.0242291067958 -0.0422319303452 0.00202159409163 -0.0241379120808
-0.514098582135 0.0193266831529 0.0767696230498 -0.0376833434382 0.0100748807224 -0.0454243166494 -0.0055109464639 -0.650003753137 -0.0598774522077 0.133689430994 0.179186075702 -0.0740303353956 0.0078447099571 0.018536770159 -0.0671452515431 -0.238836855176 -0.0402874244427 0.0346577783353 -0.266574727556 0.152893880793 -0.0018079481652 -0.02872533375 -0.258219475686 -0.0718842655857 -0.0217685522683 0.107753588039 -0.00758614223589 0.0153044803391
-0.530055700532 -0.00915270962602 -0.0850780631756 -0.0212434526022 0.00522910885772 0.0271263944057 0.0016266711432 -0.470914308895 -0.0200767225475 0.0291170920647 0.0430433102169 0.023752994126 0.00245184827469 -0.0893988138391 0.11536386484 0.104766542492 -0.0308526997067 0.0104194961422 -0.458875659216 0.219954632388 0.0324166140778 0.00259314154169 -0.436843461144 0.0268724081711 0.00390145743571 0.0123988868336 -0.00132727481724 0.000839709192042
-0.297729495555 0.000904102994299 0.0135988833337 0.00755202169513 0.00118057308261 -0.0124598974032 -0.000630246823175 -0.311941349875 -0.024446899522 0.05179983875 0.0293638663485 0.023853318576 -0.000619383290512 -0.498425960094 0.0209976850158 0.0315297660624 -0.015351982173 0.00118018568423 -0.427303260678 0.0369346231221 0.00726234429948 0.0027507176688 -0.538993284328 0.0107537896913 0.0012881735111 -0.290154782493 -0.00162188198352 -0.000927495802514
-0.307686237412 -0.00593437775072 -0.0219719388585 -0.000578830597184 -0.00106112490425 0.0261554796672 0.00426284538264 -0.322091517983 -0.0187735415567 0.0513843015062 -0.00060676757255 0.038994907512 -0.00537059323069 -0.486176536662 -0.0263629282293 0.0346073472866 -0.0471586637901 0.00133669684156 -0.389191932378 0.0477838203648 0.0333512351595 0.00367407291931 -0.510773253548 0.0201290502615 0.00207187956569 -0.373026360701 0.00256607731254 -0.00154351076186
-0.542206103103 -0.00914103279694 0.0587810326032 0.0171248111382 0.0761395049827 0.0131581646444 -0.000669858715979 -0.51323992226 -0.0563245432216 0.0664479565172 0.0484869404373 0.016427384497 -0.00417783744813 -0.0994762325783 0.0832811037362 0.128050677688 -0.0292318163119 0.0214566529572 -0.280571513173 0.200192082684 0.0119332302209 0.00885511653024 -0.511174898352 0.0159488264881 0.00686843895657 -0.0826833796655 0.00799702108738 -0.022481291077
-0.619683910126 -0.0313380571315 -0.0390213784299 0.0394767253899 0.000589161467527 0.0301373250142 0.00528074683766 -0.681694573705 -0.00145764226067 0.0496649751922 0.105036377696 -0.00351065092737 0.00398382563885 0.019153903508 -0.0336405436714 0.0112844372557 -0.0274141087612 -0.00228088946324 -0.0484739286512 0.207124477207 0.0531805291173 -0.0108854906374 -0.285540298862 0.00743945018231 -0.0137076126122 0.0199589019981 -0.000592088848646 -0.000602524027033
-0.619470229572 0.00788227263439 -0.0529733708343 -0.0438392364862 0.0617780434228 -0.0255670151867 -0.00245627519187 -0.648873949773 0.0624768786274 0.0312485931469 0.109723906247 0.0111890308264 -0.0109083383907 -0.151378469133 -0.0361815572429 -0.0798792405348 0.0426582219493 0.00460760598481 0.00680285169418 0.125315706789 0.0335150594865 -0.00954827654621 -0.342411887062 -0.0054486679876 -0.0168576454113 0.0363912861684 -0.0206441005925 0.00826171504786
-0.52033888537 -0.00937313825048 -0.0133234421995 0.0411378607012 0.00764080375979 -0.00400505993629 0.00278755287548 -0.563879489985 0.00208877436333 -0.00373648123957 0.109749958965 0.0327006199113 -0.0152318403157 -0.318130051752 -0.0653054507119 -0.0548811810733 0.0410618204276 -0.000369326000531 -0.308747401459 0.184823343997 -0.00997632388811 -0.00220373981367 -0.368283802798 -0.0217983399272 -0.00491393993807 -0.139552783249 -0.0181559288255 0.0136812124225
-0.636520268885 0.00527991818695 0.0796711183145 -0.0498649631161 -0.0341435072032 0.0104439117939 0.00040104892134 -0.532905171767 0.0153989216056 0.0300900311125 0.00358239461943 -0.0032400388509 -0.00309143435399 -0.0120096410721 -0.0937627595856 -0.0436069888488 -0.0417565298678 0.00215382595313 -0.286920580541 0.289979522973 0.000500062127618 -0.0182639871326 -0.346072135441 -0.0111086152201 -0.00883627488663 -0.00954210452534 -0.0046912346635 0.0114180936224
-0.600161365525 -0.0268845371533 -0.0684751272774 0.0287078866681 0.000177397425161 0.0285142880008 0.0100623754765 -0.619982474626 -0.070260869802 -0.101859839467 0.0111125705052 0.00161703729419 0.00376959268413 -0.00700517713759 -0.0379605511669 -0.102133554524 -0.0680613839019 -0.000801146937947 -0.221500678757 0.180061113878 0.0172115406983 -0.00551756556404 -0.363990705685 -0.0173175126576 0.0186650432283 -0.0172053814373 0.00426912674623 -0.031753597452
-0.519933085389 -0.0119453780312 -0.0300669295402 -0.00682132238162 -0.0386248390132 0.0131336072086 -0.00108700614487 -0.584647078805 -0.0741093235322 -0.036121572662 0.0327193750545 -0.019369262208 0.0381402216686 0.00220240426484 0.0233821005095 -0.0732048290737 -0.0403810115548 -0.000193448623212 -0.496512689336 0.0387577349659 0.0217003374475 0.00750181455372 -0.336037112199 -0.0100379736847 -0.00793274526542 0.0769634497208 -0.0163779167377 -0.00544118158603
-0.512341705573 0.0173622983401 0.0539218857175 0.0162138272359 0.0206605297453 -0.00617756054585 0.0128947361629 -0.509655190492 -0.0435055115062 -0.0431043139701 0.0111005873433 -0.00504862571432 0.0231908444319 -0.0369461571379 -0.0164635776588 -0.057789910229 -0.0443633864948 0.00402589716121 -0.472267076504 0.126231412798 0.0261659577775 0.00150642265154 -0.462265500576 0.0258635168029 -0.00117846283609 0.0874166546185 -0.0213666307568 0.0119024715332
-0.622088021033 -0.0136157334495 0.0156429632289 -0.0348743434852 0.0140835071474 -0.0325026189061 -0.00616549311951 -0.642711674763 0.0204783754133 -0.0780256906946 0.0670868829144 0.00257043277202 0.0254494868351 0.0945971318173 -0.00388573638535 -0.0314316329804 -0.0405478892141 0.020993835196 -0.218494763505 0.230932785823 0.00707844165451 -0.0168480396366 -0.22501456149 -0.00689495585544 0.00713632425693 0.144767312217 -0.0086411336973 0.0111412714051
-0.59073288798 0.00518288709657 -0.0547023762126 0.0236458298956 0.0700032870808 -0.0053373210512 0.00424138863958 -0.623397058515 0.0200751759041 0.138141802514 -0.035897432079 0.00675847380675 -0.00656765368663 -0.0933459554308 -0.12445337777 -0.273036470605 -0.0275567383054 0.00776499046575 -0.159044688322 -0.0698740488989 0.0230625858597 0.00747864049054 -0.314348845883 -0.0152079306124 -0.00731750876983 -0.0490529345653 0.000937804459674 -0.0343319850739
-0.408089786186 0.00252545518755 0.00301555286285 -0.00316113966097 -0.00359983626947 0.0202566838624 -0.00131882243883 -0.676703994449 0.0248712784177 0.19111157566 0.00674610161603 -0.00936881646261 -0.0013506482336 -0.347067853456 -0.0220059719462 -0.0868451001835 -0.0283189465861 0.000753496003863 -0.143640768253 -0.100843946472 0.0158747848283 -0.0104563980483 -0.304308022108 -0.0394210261678 0.00772028164685 -0.288283877138 0.00494456062536 0.0030165502748
-0.530946845298 -0.00944941032056 0.0132185391228 -0.0103995855042 0.0505421244799 -0.0401454033638 -0.000430633447815 -0.698324524318 0.0436954512539 0.156763987106 0.0273244944793 -0.0547661306613 0.00259812614734 -0.227848352135 -0.0118695576549 -0.0787313377513 -0.0121062197861 -0.00115859211974 -0.111979513669 -0.0238600218938 0.00530817023428 -0.0116645745664 -0.318459976534 -0.0579654853414 -0.0109512137957 -0.138042685863 0.000947176618014 0.00585167101587
-0.592291359929 0.0465222483296 0.0603704859937 -0.0534756310458 -0.0419634966056 -0.00938708818468 0.000345730070829 -0.655210570091 0.0394020088864 0.161181586889 0.0112998932047 -0.0087006320513 0.00509473837781 -0.0944266659266 -0.0959727781437 -0.258686779688 -0.0317247728914 0.0316834066816 -0.139828503426 -0.0426820578333 -0.00311970136754 -0.0191445148603 -0.267866747902 -0.0309974207262 -0.005486973419 -0.00247526214651 0.00635772517303 0.00381246058696