-0.00654624599532 -0.00479170999785 0.0294522063421 0.0563951055757 0.0151424967036 0.0094510677593 0.00741322444482 -0.0111623296945 -0.0116276905291 0.0153519442856 0.0842307324741 -0.00365464863485 0.0460432505736 -0.0813994229183 0.193080558642 0.113059580471 0.055911710976 -0.0126364345646 -0.498388962001 0.644139087125 0.171368172337 -0.015040547386 -0.45493104898 0.137951584139 0.0156465575293 -0.0801342795653 -0.0156021025652 -0.00350256277747
-0.450975086227 -0.0290061451387 0.106405556612 0.075277067595 -0.0151549474106 0.00802198505925 -0.0450954148489 -0.463787595654 0.0259334662725 0.0624825306301 0.0686866253125 0.0591833018277 0.00692492606731 -0.330241873282 0.0811047551726 -0.0051021556919 0.0865817243368 -0.025216836993 -0.279376577399 0.461528340176 0.126039041883 -0.0193924944173 -0.241631878023 0.118269266404 -0.0120971312543 -0.210210451183 -0.00262007018515 0.0262086706949
-0.391807076383 -0.00852336332246 -0.0726637829935 0.0116786746207 0.154827790674 -0.0205196058522 0.0685638541301 -0.34703141231 0.00236074260857 0.0430540188219 0.0302755069003 0.0333252370994 -0.0141661083172 -0.147993953185 0.167176573305 0.24280651616 0.0151017036374 -0.0238846391195 -0.399296915768 0.311195568963 0.0714158376628 0.0179771643862 -0.552652565816 0.0866738045767 0.0263039513098 -0.0310980677574 0.00631291035929 -0.0379822955195
-0.402020242596 0.0741687257046 0.0736465502842 0.112686030041 0.0343714953016 0.022915247657 -0.0086609603677 -0.376857079801 -0.0611913088365 -0.0661783181317 -0.0343100221411 -0.0547165379802 0.00628059569993 -0.13862392073 0.20318511856 0.0552487768705 0.0452191544692 -0.0166315683121 -0.473227990168 0.390892816882 0.116681504267 -0.0193744945522 -0.421651245095 0.081798485221 0.000943400483091 -0.129839133206 -0.0242129085903 -0.00932410963277
-0.460292644045 -0.0337500823042 0.0528363169108 -0.0295052814631 -0.0573280727157 -0.0222101513087 0.0486500198796 -0.541813620215 -0.00999533719762 -0.114425178225 -0.0861477063148 -0.0665641591308 -0.00694683403845 0.115674036778 0.11805116767 0.0850698385551 0.0250584495966 0.0103860752019 -0.322056863544 0.476895979341 0.115439119972 -0.00344540899482 -0.255989517708 0.081588702283 0.0097003673122 0.0770330890428 -0.0169086283198 -0.0157515878944
-0.45882019172 0.00255949425767 0.0856777797936 -0.0840428726605 3.6854134619e-05 0.0634630553437 -0.00631251348546 -0.403360412197 0.0137777020854 0.0331115759291 -0.000559120982347 0.04264637143 -0.00120904051811 -0.477692816945 -0.0477069789028 -0.0494539199702 -0.00472933251835 -0.00698399401992 -0.303522065823 0.163360703396 0.0378244535387 -0.00192197374269 -0.348091071656 0.0603900062394 0.00154452519318 -0.35611776894 0.00147021419788 0.0181975791713
-0.253883946593 -0.0184241852551 0.0880093713459 0.0363478219056 0.00450763788258 -0.0194685159745 -0.00639188465385 -0.243915636214 0.0543310743205 0.0334404410853 0.0249598148656 0.0161969763186 0.00198810155873 -0.518826542887 0.049576543972 0.0354435075299 -0.0132823171772 -0.00196794406064 -0.396057954946 0.0204138952575 -0.0166636955415 -0.000534757479827 -0.437747194732 0.00534508316574 0.00281695786517 -0.488718294078 -0.00310939473191 -0.00979435093395
-0.303824215017 0.029628540782 -0.10587702199 -0.0768619532079 -0.0223752888029 0.018637565776 -0.00209708370691 -0.229351648842 0.0338971195676 0.026219261994 0.0177659651726 0.0012312660281 0.000182551552981 -0.490880184307 0.0785821631849 0.0615273161106 -0.00477730946227 0.00246036533025 -0.23866902622 -0.0174751735223 -0.00372564804966 0.00314723063965 -0.531673011491 -0.00781332666594 -0.000141013289624 -0.490204139696 -0.00222369421043 -0.0529120764141
-0.710849104438 0.0132794307188 -0.0515753703439 0.184399260376 0.0664713480907 -0.00546618437116 0.0126691109231 -0.378330417066 0.00753119414785 -0.00399859301677 -0.0103874309354 0.00139275382881 -0.00164916525159 -0.0350348903993 0.0773644290154 0.19090290714 0.00169956176615 -0.0100977638686 -0.243287154505 0.231520212963 0.022265044546 0.0164396625284 -0.387598521528 0.0422477861716 0.00326695421987 0.0128873340501 0.0175803256319 -0.0102506999293
-0.591554119048 -0.00128655997586 0.0706306782763 0.0440713889758 0.0333087865081 0.0413924310022 -0.0117893475885 -0.517655484094 0.0481861310722 4.6020790638e-05 -0.0258776176353 -0.00757653240022 0.00219030723392 -0.27471661563 0.0606636136909 0.018997168251 0.0396270580285 -0.0134829738824 -0.318709494031 0.310826578424 0.0756338678834 -0.0293815105007 -0.190339664912 0.0748579836816 -0.0192293955372 -0.199128824764 0.00601596468566 0.0349605404685
-0.665614732176 0.0396395138307 -0.0809050939485 -0.053936111223 0.00599139045585 -0.00837337990537 0.00462869711377 -0.644049215273 0.00454846539006 0.027581481992 0.0403920206709 0.0123560803289 -0.00884288579025 -0.065845509808 0.0222674637233 -0.0116755139649 0.0653031691612 -0.00256382587069 -0.0254490122147 0.327133170232 0.0787564013624 0.00789692927974 0.00307299902281 0.0626953785178 -0.0141874601399 0.0318802797245 -0.000245988165376 0.00591175337706
-0.499260719156 0.0439632395943 -0.0275264224194 -0.0675082381011 -0.0144684921215 0.0130563152162 -0.00672563556763 -0.55545079615 0.00232772254153 0.0502126376185 0.0672527186797 0.0330169661385 -0.000392183747917 -0.208135757398 0.148619431107 0.0903412204969 0.0422760747905 -0.000349636120211 -0.417343828384 0.204597515813 0.0997127571677 0.000526705935908 -0.336112030658 0.0909038085305 0.00785305308025 -0.0158154536991 -0.0292144358327 -0.0516157460351
-0.637246230328 -0.00862239582994 -0.0519595677673 0.120062513555 0.108902021058 -0.015191177638 0.027232999699 -0.433916387274 -0.0055424537642 0.00302913576796 0.0125868108718 0.00575912203762 -0.0104909484492 -0.0461711805001 0.109816451299 0.207063087465 0.00200809209299 -0.00960099063097 -0.28006859169 0.243342463721 0.0349151732301 0.0138212569557 -0.418796897556 0.0408977369311 0.0206536586437 0.0289502878424 0.0233009241852 -0.0131578610916
-0.46298480383 0.0167698366657 0.121255877925 0.0322469922518 -0.0532284754619 0.0188738649158 0.00443704002503 -0.3935822266 -0.0208235637996 -0.00439070679377 0.0134481113893 -0.0201766341084 0.0063354050473 -0.348196840681 0.124257418416 0.122964316709 0.0529156353859 -0.00459312825361 -0.372690875533 0.153044327163 0.0767411892723 -0.0130771746982 -0.453305712531 0.0542054326765 -0.0143495171569 -0.280160605243 -0.00584329185623 0.0163073562401
-0.49685864675 0.0283850768847 -0.0186610900115 0.0247358854965 0.0388903396304 0.0182281425504 -0.0133143302427 -0.671002539415 -0.0699354933154 -0.100023775373 -0.00227190817979 -0.0254401115933 0.0259582702733 0.0805049199384 0.114406162763 -0.0116107552396 0.00396583911285 -0.0124334743145 -0.348427886485 0.270876561967 0.0453741082417 0.00926155286597 -0.225401921418 0.00912648038487 0.0334218982365 0.113966752536 -0.0310028018179 -0.0112151802829
-0.573814657588 0.0718353715186 0.0543609745236 -0.00159166139097 0.011343871294 -0.00416201152318 0.00334431158797 -0.694717594507 -0.0854452565808 -0.0526819687011 -0.0171573126311 -0.0299428222922 0.00750144816901 0.163765119613 0.0429667179003 -0.0181536465062 0.0369829193748 0.000415526004743 -0.273007463903 0.179872133691 0.0342426422967 0.0167641476276 -0.150661105101 -0.0145064607569 0.0245512006871 0.0738975972759 -0.0284469607451 -0.00449660430957
-0.605135759407 0.00806608682712 0.0378286590004 0.0196534396603 -0.0593456836825 -0.0277300409425 0.0310654582422 -0.583762883206 -0.0225163882969 -0.0218488910372 0.0291903544303 -0.0133121428363 -0.00505080386686 0.0858014521927 0.131909765848 0.143888038472 0.00596842109252 -0.00108041267383 -0.232103063528 0.293302904042 0.0620665691261 0.00522466066549 -0.265675857026 0.0509138510668 0.0039406220638 0.145117681325 -0.0118791256414 0.013487499041
-0.372824408478 0.0211842490569 0.215992250939 -0.0154272747717 -0.0296666974712 -0.00547511928034 0.00768647029576 -0.248461959175 -0.0340723400146 0.0157293150061 -0.00651399219186 -0.00360715440096 -0.00214861400805 -0.472525040736 0.0141768898757 0.0230375995392 0.00428867719481 0.00547826903088 -0.266559847761 0.0637527914832 0.00633250203186 -0.00417135235804 -0.427130680484 0.00519546462972 -0.00310667959492 -0.517463986083 0.00247655294526 0.00177317492252
-0.254205912922 0.0177728055759 0.0813327585092 0.0393362172636 -0.0428971158859 -0.00123760281298 -0.0103277055263 -0.238839790306 -0.0521018250198 -0.0286803680829 0.0147267375823 -0.02185552495 0.00438707581306 -0.50588124638 0.0297227405031 0.0103126944864 0.00154566565235 -0.00380277521883 -0.507582435914 0.000536359629593 0.00910842254009 -0.00269462195891 -0.350480810265 -0.017538274476 0.00311447593548 -0.474457187532 0.00360412221208 -0.0269768757278
-0.492040644839 -0.0308556114248 -0.0535206846654 -0.112438134194 0.00251430750512 -0.00388751647615 0.00619736837533 -0.497710178663 0.0060480969142 -0.0699353214829 0.0116738913921 -0.0577160057124 0.0127021524034 -0.250096933735 -0.1041139211 -0.0551948939752 -0.0383320875009 0.0157892657542 -0.432454551045 0.147058635003 0.0787103861229 -0.0155469452488 -0.351058645134 0.0765521989527 -0.00598140139024 -0.241619287316 -0.0362586476876 -0.0551298530434
-0.685148415185 -0.0329147099438 -0.0550037383709 0.153675131126 0.106248462924 -0.00544750239789 0.00838216179806 -0.446254766922 -0.0221650774924 0.0132056503593 0.0344272331594 -0.00611522449602 -0.0013398672881 -0.0459534800169 0.110672822383 0.217157904695 0.00105725385796 0.000598754161106 -0.220987564833 0.165770262065 0.0296496021007 0.00580949435214 -0.385604061092 0.043192547378 0.018613231543 0.01247822594 0.024575218102 -0.00389501729253