-0.00677573972167 -0.00127553451613 -0.0461496899104 0.0246817160284 -0.0723433764964 -0.0594919281383 -0.00302109602407 -0.271195062278 -0.0652740684783 0.449320012064 0.310288716476 -0.242148516182 -0.0311236313008 -0.0172474094404 0.0927107862847 -0.130120739837 0.0224707005152 0.0108811763378 -0.357478611217 0.551867343119 -0.0391591696626 0.00292749599692 -0.298763606824 -0.0082825056571 -0.00230713680062 -0.0452889661988 -0.0335762826631 -0.00133491239114
-0.557759790683 -0.0259851946766 0.0308208256656 0.0468775321229 0.0681478435386 0.00172067523311 -0.0207075525735 -0.654817087629 -0.0392315366829 -0.0397822066624 0.249210560313 -0.00414617844088 -0.00152616227051 -0.0909414486642 0.0964097388673 -0.0564957636405 0.0402916111628 0.00802367526163 -0.255035256934 0.174987645677 -0.0238636765605 -0.00135282813412 -0.243864032959 -0.0721336858565 -0.0356736749879 -0.0174509251315 -0.0319574863663 0.00467045007906
-0.574039642414 -0.00722373115968 -0.0121953119196 0.00569766395981 0.0179542903592 -0.0125309954787 0.000126447373967 -0.643090026501 -0.0391547153588 0.0500095920402 0.176034900464 0.00255365617499 -0.0505362251864 0.0250173889651 0.0933831085938 -0.136925298653 0.0511274386799 -0.0162517512243 -0.253347010329 0.135058080499 0.0292625167658 0.00465713931288 -0.316846435803 -0.0136164387613 -0.0360429738125 -0.0178636177253 -0.0461905081059 0.00360643870946
-0.551228032544 0.0200297628912 -0.0495299509599 0.0651137977874 -0.091700134837 0.0922035212822 0.0182671391959 -0.61499034287 -0.0512224539657 0.151594571535 0.0181616344957 -0.143863292871 -0.0197314595547 0.0797199849585 0.0243499344189 -0.0698198695625 -0.0311210228498 0.00398159870799 -0.274155106028 0.379243662759 -0.00335815352624 -0.0199922618672 -0.115429508878 0.0174042907355 0.0216946169028 -0.00815798324363 0.00201911674837 -0.0142287827722
-0.439678387491 -0.019430138829 0.0124525635531 -0.0234852911769 0.00847588850938 -0.092422798906 -0.011648713936 -0.549655999529 -0.0862124936783 0.195918613492 -0.109069185812 -0.128110367799 -0.0262136720864 -0.0974874510142 -0.0382722871171 -0.0230366240039 -0.00158543579462 0.0237182726153 -0.420976207003 0.342847703484 0.00875684563512 -0.00282731472523 -0.291068368288 0.0903762620521 0.0176992064122 -0.140585423744 0.00265195432833 -0.00525262322898
-0.637303431332 0.00992408923369 0.0253470928724 -0.00771094443915 0.0338268037222 -0.0227019502476 -0.00115408705526 -0.688824038838 0.0446830516031 -0.02225260139 -0.0893260768476 0.0251989350403 0.0208283625293 0.000601254662817 0.0265295886479 0.0126352434906 0.0274857261598 0.00983238747696 -0.0770944681247 0.108539275851 -0.0160604036377 0.000734440738314 -0.280594757941 -0.0134772535331 -0.0248149059094 0.0767037978081 -0.015702026185 -0.00224687495351
-0.615229419521 0.0253506156957 0.00763727288848 0.0298903050177 0.0319551224313 0.00738151179677 -0.00524908894764 -0.678034252666 -0.0371604187582 -0.0807179109107 -0.0263972328857 0.0345352758043 0.0206876156893 -0.035054785961 0.047025654322 0.030652291178 0.0157130526927 0.00871689988664 -0.152093033659 0.127714371 -0.0251719664294 -0.0129957561581 -0.317850624091 -0.042196609592 -0.0273621208991 0.00356700477864 -0.0144631211005 0.0110610539962
-0.584917751344 0.020351273295 -0.0126804826786 0.0104248117173 -0.0393153063196 -0.00246157475452 -0.00394107328037 -0.718012549694 -0.0537118381683 -0.00154107430066 0.153090644148 -0.00437946322126 -0.0081913710461 -0.0963150425167 0.0144073872695 -0.0827205058538 0.000592388130659 0.0122174625713 -0.0743026803014 0.0964638940266 0.00673225258354 0.00742610885405 -0.280857899181 -0.0278708862069 -0.0227744378405 -0.037017979319 -0.0266170486856 0.00306466782492
-0.638754804667 -0.000195463877985 -0.0312085083347 -0.0191711079947 0.00849864646038 -0.00516305255381 -0.000369235825181 -0.640977160167 0.023086486522 -0.0214173020154 0.0466566079165 0.0097347123075 -0.00953941614585 -0.12782618611 0.0825343704496 -0.112646942911 0.0273756180634 -0.00341582619432 -0.207304783924 0.0482530337537 0.0435090685289 -0.00056851288154 -0.285796931241 -0.00104665823464 -0.035893459786 -0.0963813594224 -0.0164049734869 -0.00436384665245
-0.602822131129 0.0200157669722 -0.0121179080165 -0.000283877646954 -0.0252677400259 0.0051911278284 -0.0113680958492 -0.715355403206 0.0157195738086 0.01465747842 0.138693654141 -0.0357445884446 -0.0133650625226 -0.108221092643 0.090173639498 -0.020761084923 -0.00853526255901 0.00901686612433 -0.194048061448 0.0455573534812 0.00464457900064 0.0165357400082 -0.1709107272 -0.0293900105398 -0.0216532919732 -0.102845653016 -0.0270051619844 -0.0085287034419
-0.638098304632 -0.0151906484903 0.0300888134988 -0.0553144228683 0.0138989364954 -0.00909751837558 -0.000720743152617 -0.653708784825 0.0479719646644 -0.0413578679977 0.0631675647159 0.00744976037982 -0.0164409591894 -0.148716425001 0.0877702041526 -0.0641005021182 0.0322815123726 -0.0119712973999 -0.253521573851 0.0585898969653 0.0104631345018 0.00833036871884 -0.203485284804 -0.0269728814544 0.0163645626998 -0.0826552983226 -0.0215026196321 0.000497491534093
-0.667940204914 0.00174155476241 0.0166400602782 -0.0304515078972 -0.0788211536921 -0.0157376447148 0.0021981248634 -0.679002096615 0.0630869449513 -0.0456698228131 0.0357006394163 0.00836754559426 -0.0249581337364 0.0455534535908 0.0796585888355 -0.0275597805631 0.0664762975319 -0.0374614744263 -0.16772910707 0.000228908458629 0.0326992786912 0.034341569226 -0.171780513485 0.0136885283143 0.00326675497744 -0.0178146413136 -0.0411935575263 0.00110329170288
-0.664853587146 -0.0206126060882 -0.0577062893578 0.0533091377387 0.0647205200083 -0.0264423631231 0.00854020170585 -0.67569816031 0.0686741262614 0.0300992951838 0.0956780001643 0.00107336795452 -0.0114441828238 0.0637056184518 0.0488437330436 -0.0644946367439 0.00303263976365 -0.0134411911159 -0.210087647235 0.0812720103768 -0.0112199608228 -0.0212752947739 -0.0908336810662 -0.0140999122647 -0.00861443000451 0.06370229153 -0.0148606132485 -0.00435266001327
-0.635408205981 -0.0175966112575 -0.0441141929476 0.0246629438113 -0.0376359464376 0.0648343474849 0.00467820668052 -0.668029187507 -0.0706252624387 -0.0843462037091 0.0563463055908 0.015295827393 0.0115362579692 -0.0303227985873 -0.00912473153246 -0.0991570364468 -0.0362062450523 -0.0106680269883 -0.292143403364 0.109993530934 0.0333234632391 -0.00808104276563 -0.121124293504 0.0101026427977 0.00833219880001 0.00103381035415 0.00970855958645 -0.00488745657688
-0.561461407286 0.0300817604027 0.0186263596629 0.00699611721866 -0.0149217359247 0.0101082279223 -0.00406055914548 -0.720442268505 -0.101339968858 -0.0443197515028 -0.00208573112184 0.00122772959695 0.0173163191173 0.19570800358 -0.00467713479699 -0.0571598375497 0.0209116955103 0.00340730633226 -0.0713511917776 0.295320157142 0.0480112312477 -0.00280525651424 0.0590500266941 0.0142494997168 0.0196928158728 0.10014576906 -0.0110545735749 -0.0256014200896
-0.592482418673 0.0205728197703 0.0193124960583 -0.0252251346383 0.0309059079225 -0.0210371211849 0.00774368076073 -0.69778199384 -0.0963892398182 0.0209982752531 -0.0331069526288 -0.0368488097045 0.00934817819525 0.13534962378 -0.0154076844046 -0.0194355427151 -0.023374633306 0.0227783230186 -0.147728203947 0.309783308124 0.0516350216622 0.0170314225366 0.0092730910916 0.0465333327119 0.0203386270988 0.0534391945087 -0.00270628571652 -0.0250604108713
-0.545401768325 -0.0298114391778 -0.0441231413598 -0.0279381316768 -0.00992484696122 -0.0487800978787 -0.00480560085815 -0.606139470214 -0.0782603209878 0.0929752834853 -0.0438031077963 -0.0474170465865 -0.00600982510204 -0.150177931217 -0.0425178963506 -0.0728162552879 0.011640629636 0.0167397383358 -0.345852004154 0.161390114914 -0.00691590713936 -0.00793118028578 -0.354906891136 0.014932310601 -0.00503752502372 -0.0879264733697 -0.00250049713092 -0.0157342239768
-0.451456540818 0.0238271385803 0.0123135348727 -0.0166777661663 -0.0201987545158 0.0181572181683 0.000978261495995 -0.668252815447 0.0778811880263 0.106655417562 0.0953142649796 -0.0408489850095 -0.00305492890242 -0.218531167031 0.12479065131 0.0670516450052 -0.0577790234653 0.0134363857155 -0.330319002453 0.00915673992168 -0.06041401916 -0.00996754883433 -0.225236599471 -0.0482689054536 0.00228984848263 -0.284703156567 -0.0345370488697 -0.00910458944721
-0.536718405323 0.00655316767516 -0.038080601606 0.0144976182614 -0.0896065752831 -0.0354664632363 0.00377249019593 -0.581479039687 0.0621586892255 0.0806198623933 -0.00813777385152 -0.067204769172 0.0126227395177 -0.11716708371 0.0438495380634 0.0556430944019 -0.0668640142895 0.00321706776081 -0.407311051182 0.0900069659918 -0.0584065745327 -0.000589339545255 -0.308594208107 0.0110123764776 0.00114931781882 -0.226891772201 -0.0133133192344 -0.00720773395927
-0.430907309428 0.00188893596511 0.0151730329528 -0.0198472141825 0.021047365593 -0.0022975841436 -0.00947378145263 -0.520444080012 0.0670900466198 0.132497940884 -0.00158470559398 -0.0489354577075 0.000332973018978 -0.22805353293 -0.0149794013731 -0.00402643059705 -0.0415858589033 0.00434477020777 -0.467874603119 0.0166745349199 -0.0475271631797 -0.0102753786972 -0.394678851307 0.018269551676 -0.00494084476908 -0.293431934961 -0.00762703873039 0.000788633974768
-0.385544542354 -0.0143773893939 0.0728440705408 -0.0377257923481 -0.007262362532 -0.0219294937765 -0.00530076466224 -0.398058148604 0.077488751887 0.0647174871637 0.00536452085324 -0.0204475365785 0.000820195114222 -0.363467152124 -0.000549597370083 0.0561126654095 0.0166416451324 -0.00106631161062 -0.40492607901 -0.00910142473076 -0.0176194807755 0.00112382257949 -0.466812693892 0.0238921124415 0.000755019828826 -0.395155434522 -0.0134501677741 0.00758150700859