-0.00908976077246 0.0270363543099 0.025702818819 -0.0662093609142 -0.0736410665267 0.0407216363302 0.00337154035802 -0.309086020117 0.35903150319 -0.0560576405622 0.604650633218 -0.0184476307469 0.00777329292577 -0.187800439089 0.374038453902 -0.233757267539 -0.0468384561564 -0.00166190160595 -0.130828278104 0.198871928104 0.136739187701 -0.0130431768081 -0.280679340908 -0.0757228566317 -0.0250052624194 -0.0190453738972 -0.0203899344031 -0.000932706600932
-0.481710908979 0.0548475823519 -0.0824786163423 -0.0293907886185 -0.0576898061552 0.0174833266432 0.00909477892655 -0.665864576013 0.131265793837 0.0500774033501 0.264229652558 0.0851797175757 0.00397516495353 -0.218345037465 0.194324731739 -0.132136064047 0.00714071159395 -0.0185569369166 -0.204220958373 0.0930758616561 0.0940654147261 -0.0266067630164 -0.108639451305 -0.0100030823568 -0.0136751441306 -0.193933348739 -0.0122511947806 -0.017123137593
-0.481953261254 0.0580515300477 0.109028205349 -0.0232033918411 -0.0416812880651 -0.0323717294406 -0.00232576600191 -0.709874572708 0.0105743400576 -0.0227604228567 0.319086152177 0.0575496124572 -0.00708168804856 -0.14169202706 0.191291431572 -0.20357426685 0.055761345914 -0.00856696482555 0.0500579612582 0.130037745356 0.0705397523117 -0.00664546037939 -0.0616691671714 -0.00182056901918 -0.00604388634594 0.0980637276598 -0.00297904990675 0.0143818868096
-0.513673767248 0.0255793221815 -0.0857026158423 -0.0154818348739 0.0354691067071 0.0476240628805 -0.00500628544331 -0.593258023973 0.146792511362 -0.0657395270078 0.173337723954 -0.069703620959 0.00431948601823 -0.102007486338 0.180311504595 -0.0857905419101 -0.0923392155361 0.00129787569717 -0.0783159068947 0.0799216839401 0.0675115175973 0.00435751760548 -0.45814280141 -0.121667212167 -0.0208367989223 -0.100755373332 -0.0161441541647 -0.0123812945129
-0.535715671378 -0.0234942485318 0.140996353918 -0.03102319962 -0.0423580792808 -0.000599382140216 0.0107058960007 -0.540601544176 0.116983387197 -0.0497711727914 0.107815811617 -0.065234328384 0.00959381794376 -0.159124460133 0.251988893909 -0.198048201716 -0.0569408568129 0.0173808398313 -0.134271731623 0.0864339421256 0.0523933423654 -0.00213863692757 -0.441974863548 -0.0961440266974 -0.0210363154501 0.0154922965118 -0.0118552212291 0.00875708974036
-0.479199332886 0.0195657684336 -0.0233656131179 0.03190474173 -0.0449860257 0.00539347980632 0.00630056138218 -0.608750579647 -0.0180801253411 0.072436324127 0.116389357776 0.0150819387683 -0.00398936551232 -0.364140540408 0.0845107186236 -0.0506377324526 0.0328857064979 -0.00433582743031 -0.29251940293 0.117271486828 0.0278209659667 -0.0016933011819 -0.193761919003 0.0602197743948 -0.00926031487961 -0.302476421733 -0.0111768131766 -0.00361400666575
-0.443875638481 -0.00581125320743 -0.0357820688996 -0.0366035173289 -0.00428001863326 0.0157886450835 0.00706905874972 -0.648999240554 -0.0256533774322 0.0186407945412 0.160857735918 -0.017174444388 0.000808402561518 -0.327004864358 0.0816944856179 -0.111460595986 0.0676916183391 -0.00451525860419 -0.388164371536 0.0241191968473 0.0350656172487 -0.00851596054999 -0.131497782832 0.0200018076171 0.0152829154123 -0.224497618333 0.00225564258908 -0.0104546235569
-0.465815583291 0.0102253772915 0.00748900923706 0.00989361919478 -0.0113786840319 -0.00808126480194 0.000654030348813 -0.596074622803 -0.0276077110714 0.0401416243823 0.145710473917 0.0284078207966 -0.00151760497964 -0.318226956265 0.0495227801667 -0.0855354715282 0.0471300886138 -0.000863173901657 -0.454432713478 0.0607801863283 0.0268644160031 0.000853211133431 -0.274072427318 0.013431942489 0.00836541047879 -0.0544358667743 -0.0153002767382 -0.00971362330002
-0.484153314817 0.05125899627 0.0410894765652 -0.0299817347337 -0.0564510540607 0.0176876098284 0.00425765437819 -0.555998321149 -0.0696126540795 0.0276294669688 0.126473459351 0.0128919294517 0.00709830101607 -0.309678292146 0.0668991596124 -0.00252452229663 0.0985635761825 0.00229337015084 -0.490869234961 0.0755307261358 0.00830013850229 -0.00468505685905 -0.262048562522 -0.0153560837144 0.00747472910533 -0.00363546135966 -0.00309422754329 0.00852961139064
-0.707303811213 0.0497771725996 -0.108337952634 -0.0100769882508 -0.00772868578336 0.0391299405372 0.0128730762056 -0.651668995558 0.0744897331233 -0.0479336731196 0.0125209994191 0.00719786893262 0.0204870983581 -0.0201833571471 0.0798912748517 -0.0781874534738 -0.0446171917619 -0.00384603766299 0.00446300227923 0.0381827805671 0.0501969111865 -0.0131483156918 -0.139881681873 -0.100217828471 0.0049222239487 -0.037936761966 -0.00695127367602 -0.0173120473693
-0.638978067928 -0.0035594910767 -0.028065603911 0.0365721332196 -0.0758101260117 -0.0115283215435 -0.0126196164273 -0.640852034017 0.0548888055918 -0.0371380899589 -0.0316099165589 0.0155097989358 0.0242226539718 -0.120839840634 0.162418004823 -0.167159023623 0.0140114608642 -0.0193815513901 -0.174126038407 -0.0679155366498 0.0390643467223 -0.0266663207568 -0.229965278965 -0.0385092708498 -0.0226479377282 -0.069216613071 -0.00384776639497 -0.016396370578
-0.611363048706 -0.0271614095989 -0.027266129652 -0.00505116776121 -0.00285663854561 -0.0165086976929 -0.00282023829501 -0.699203599321 -0.0709852123266 -0.0402575383818 0.0348589439244 -0.00284484397039 0.00870847605075 -0.0704632731521 0.118068212645 -0.166919685665 0.053645423885 -0.013773126335 0.201989322408 0.0913405286625 0.0536499224743 -0.00447701363404 -0.0553542457988 -0.0776662524638 0.011405349204 0.128089330369 0.00845210137878 0.00387214537487
-0.648769182983 0.0202616113766 0.0689497186038 0.0239135582144 -0.0523670870505 0.00111951367014 -0.00604971930295 -0.669115863655 0.088348329442 -0.0693229716359 0.107802747849 -0.00244994421201 -0.0135500073514 -0.0726847520953 0.220926786892 -0.0794363350006 0.0356954576412 -0.00862007372184 0.0611950357183 0.00444968433164 0.0239798809438 -0.00631378275298 -0.156807449996 -0.0529755896397 -0.0136807667198 0.0656060186997 0.00595322897495 0.0198029016552
-0.69599634976 0.0380266676676 -0.0991302427613 -0.00229384572952 -0.0185591332015 0.0402651737438 -0.000988988381774 -0.643241451237 0.0416530467548 -0.0248276524383 0.0820840137557 0.00273669675447 0.0103623330504 0.00452035089996 0.0521817522324 -0.0450379245988 -0.0681281198813 -0.000837771473705 0.168546218875 0.0681617171221 0.0440464179619 0.00990397537498 -0.169804670127 -0.0652046203454 -0.01218423538 -0.0326003781141 -0.00384127566848 -0.023737390614
-0.606669505965 -0.0511850104588 0.0292882318512 0.0387441976229 0.0318702906527 0.0194280914535 0.00814848826112 -0.718762381958 0.0994616095687 0.0239747144362 0.0244877030613 -0.0374185850606 0.000521425895178 0.0555260846526 0.184356452144 -0.0754772880574 -0.0206079723432 -0.0014370901866 -0.0725380194876 0.0710539638438 0.0470271012126 -0.007349720512 -0.14375485776 -0.0734805658303 -0.0236227094183 0.116829681093 -0.017746740283 -0.0083589578945
-0.633594051085 0.0261903988463 -0.0397566518098 -0.00115802800739 0.00398783969519 -0.00109739284921 0.0054212585906 -0.680181360133 0.0816833062693 -0.0149276833987 0.0357096038737 -0.015945403846 0.0127897907721 0.0596826615128 0.176857613888 -0.109832140445 -0.0175399938775 0.00342016942366 0.180250943683 0.0684549134271 0.0709410693972 0.00498640370249 -0.131582247677 -0.0553232352836 -0.00954300254708 0.12121347715 -0.0158702607532 -0.0119276980421
-0.629888490343 0.000394807130184 0.0976649129107 -0.038057450155 -0.0114990604993 0.00915990608225 -0.00262338802487 -0.595786875185 0.0103860364598 0.0139160176725 0.0191571177389 -0.0248173718724 -0.0130833457472 -0.228229324505 0.155600840199 -0.099921958752 -0.0207827232322 0.0195127223248 -0.266258202666 -0.0240439742469 -0.039661657713 -0.0153920382299 -0.26584071773 -0.0475923060694 -0.015771220689 0.0402843008385 -0.0199939315426 0.00514513423101
-0.342708124741 0.00162111061511 -0.0373657084777 0.0257314678081 -0.0159112774654 -0.01576616205 0.00297805656776 -0.353523082883 -0.0471812707387 -0.0567893580168 0.00707623992778 0.0102562902909 0.000134613997773 -0.515533576965 -0.0291241257279 -0.10300128086 -0.013045704139 0.00114023779461 -0.418959548016 -0.019104195574 0.0127543926616 -0.00192636943152 -0.458478011184 0.0132516163869 -0.000390975806339 -0.292478292327 -0.0031268891027 -0.00108271069191
-0.339048920229 0.00110810389625 0.0129348078845 0.0131464111456 0.0146782774641 -0.00330810256214 -0.000946379659749 -0.350309866663 -0.019204390589 -0.0407088793262 0.0339233859528 0.00967352684015 0.00205954895376 -0.538553954815 -0.0249235324536 -0.0913813039926 -0.0141776302871 0.00113441924957 -0.395015628094 -0.0112182305046 0.0176506688175 -0.00363461153342 -0.461263048455 0.00585533100425 0.000134898647462 -0.2999710795 -0.00142977393336 0.00077931334605
-0.364399162883 0.00130123397919 -0.00660105054607 -0.0254353729522 0.000631522820408 0.00566989217359 -0.00376168772458 -0.364901954122 0.00689028752335 0.011104316167 0.0146631369518 0.00223099131763 0.00821210610769 -0.519553348193 -0.00758547088066 -0.0913639262005 -0.0493017367488 0.00202928728293 -0.410645923131 -0.00956016441325 0.00115066354483 -0.000479086776251 -0.460357599043 -0.000835063641996 0.000796703893239 -0.267232067758 -0.00438818286554 -0.00126863117109
-0.425679326413 0.00730142413741 0.0347291118479 -0.0270737545587 -0.0382468630983 0.0156121636046 0.00371561354297 -0.42427268407 -0.0121927005201 -0.0482690067411 0.05043474354 0.00298159641918 0.000193611193975 -0.47765125756 -0.00545205836306 -0.128558684792 0.0313628038621 0.00716733086789 -0.428546212864 0.00427655470992 -0.00813090146544 0.00982995053815 -0.433086502987 -0.106891439803 -0.00199658535614 -0.0358990035625 0.0113536727828 0.00767318573189