-0.0111743583575 -0.0135526873579 -0.097789230183 -0.0143692703453 0.048589346392 0.00532375727014 0.0276679284587 -0.187827813653 0.0592291278858 0.267905109353 0.398641701709 0.0953216868505 -0.0492255519491 -0.241557497864 0.0362318668208 -0.58270322027 -0.14720373841 0.0121890631312 -0.12980631007 0.270465664057 0.0620271056195 -0.0627401893865 -0.422331399672 -0.0480082958779 -0.0685025855251 -0.025434119104 -0.0283799615468 -0.0126669897519
-0.55638979119 -0.0441335466775 -0.234886251032 0.0310096938974 -0.0447064279613 0.00243028246121 0.0317224993115 -0.538440653484 -0.0409164359449 0.0343555838452 0.175312787708 0.0940840937734 -0.0222837529099 -0.160064202263 0.054650402987 -0.301760625774 -0.0859418494823 -0.0227128909133 -0.0442632148874 0.0688328388615 0.0422076893688 -0.0359032979096 -0.363903824819 0.0339322840257 -0.0630213059847 -0.136809834592 -0.0228366611995 -0.0485697271848
-0.542209411053 0.0416119935064 0.160051750717 -0.0674244137156 -0.0171324648611 0.00793311794448 -0.0241495237523 -0.592296126162 -0.0448537697146 0.0513506562243 0.175794109176 0.114342849392 -0.026236688578 -0.192666660016 0.128902425811 -0.248919780961 -0.0760904348434 0.0237402779404 -0.0849440953748 0.103434581815 0.0321921242034 -0.0314912656222 -0.356859677495 0.0186142976997 -0.0308922292403 -0.0448294378366 -0.0151359876665 0.0128098807804
-0.569604821641 -0.0410535393981 -0.178269447592 0.123276170004 -0.0210699942758 0.0513464758072 0.0203258867959 -0.511032305266 0.00456637123788 0.114609109119 0.111503242399 -0.0577297704683 -0.0176410060622 -0.171584955479 -0.0795768609058 -0.332327221427 -0.0854970120041 0.00848244224878 -0.214167134557 0.170187957501 0.0386062021824 -0.0164091411496 -0.30896759136 -0.0527203651692 -0.031558687648 0.0422349890697 -0.0198465677217 -0.0374858276513
-0.568879437074 0.00902670734564 0.151144055868 -0.058230340801 0.014666252865 -0.0539262157722 0.0202077966226 -0.589858143109 0.0503198378568 0.10359964608 0.150007046 -0.0412121747562 -0.00876933463022 -0.226486900423 -0.0106044927795 -0.375830789086 -0.056733358038 0.0330768865027 -0.123609446734 0.154241323707 -0.00648474182981 -0.0395460111798 -0.12145741794 -0.0807800632063 -0.0173136030858 0.00199281470428 0.00570227586446 0.0423480407473
-0.478845347931 -0.00155756998295 -0.120911311215 0.0451978994336 -0.0180961995086 0.00373328440444 0.0131620143384 -0.359433443825 -0.0111563702765 -0.0674852985075 -0.0136384450142 0.006215004874 0.00760566742194 -0.12302009531 -0.0223997736748 0.0186685129686 -0.0148802553223 -0.0242377257274 -0.396630500051 0.119543463356 -0.0151190810135 -0.00744654732108 -0.647641649831 -7.273932109e-05 -0.00678204170541 -0.093087557308 -0.000827303640885 -0.0503868994147
-0.348022353617 -0.00417343328723 0.0162788846741 -0.047838404245 0.00136162606765 -0.0237596888447 0.00767034938438 -0.38458846306 -0.0707006185885 -0.053503976938 -0.0305271981299 0.0379645344001 0.00799751673747 -0.411036377357 0.0545122476822 -0.00535625829399 -0.0622172272014 0.00283109726877 -0.378950427416 0.0938347111304 -0.0141201396152 -0.00475919816431 -0.500885474072 -0.0105235145642 -0.00220179968863 -0.370828163285 0.00861065742151 -0.0206755388089
-0.30139510895 -0.00124370142842 -0.00620559205524 0.0232774924213 -0.00999317356385 0.0204181219072 -0.00112703077079 -0.340832238355 -0.0631013015991 -0.0475151124075 -0.0194619230425 0.0452102164924 0.00313687194517 -0.493195978786 0.072142964799 0.049720071199 -0.0515075518384 0.00149786602492 -0.365693608978 0.116219563508 -0.0184157547619 -0.0013540747847 -0.508915784475 -0.0180060268201 0.000261778701448 -0.349888350724 0.00821817086482 -0.0161071601284
-0.521061703852 0.00567475210034 0.119741732337 -0.0398319526275 -0.0107994126129 0.00109597521397 -0.00336194695666 -0.447301508959 -0.0120343260809 -0.0626404979936 -0.0127816718457 0.0198603996643 0.0031534112395 -0.11754614523 0.0578111477831 0.0433751219336 -0.0249746600918 -0.000223185530638 -0.211798711476 0.121446865942 -0.0251739806824 0.0139752648435 -0.649650568784 -0.00433111334508 0.00178593044005 -0.0602027721297 0.0281850830048 -0.0332503773413
-0.714105207475 0.0148128671167 -0.13953506348 0.0269878102094 -0.0205567863586 0.0228127416654 0.00797449089599 -0.551797995632 0.0411230495136 0.0435607709957 0.0566792069307 0.00572919730731 -0.00493636660281 -0.0333474859566 0.0102476927706 -0.216133742708 -0.0620954571288 -0.0136136308622 -0.0452319892016 0.120720138851 0.017744939698 -0.0283014488144 -0.285019902631 0.00186265067853 -0.0204210211119 0.0385685053518 -0.00938601082657 -0.0659569732827
-0.512161262884 0.0410731098242 0.00620694909648 -0.014989217954 -0.0258953569632 -0.0138635533373 0.00040975112115 -0.717554143907 0.0672445547492 0.0831658936218 0.108308932379 0.0236022923151 -0.0114708620105 -0.293483775092 0.08186274775 -0.200750941947 0.0370565843364 -0.00678035915374 0.144378586647 0.0257225303919 0.0431637978058 -0.031997224957 -0.148944913635 -0.0122343380704 -0.041776042473 -0.110835187218 -0.0197270052529 0.0208490905703
-0.558250662262 0.0307292257816 0.0187043752571 -0.0234268789193 -0.0376904810266 0.0191909721893 -0.0116351005922 -0.723416554233 0.084065235327 0.085106072636 0.0755998836055 0.0183447655069 -0.0078579501443 -0.230661301563 0.0898310729417 -0.19065371637 0.0118848506549 -0.00718940657903 0.136719582479 0.0430017636403 0.0448345065618 -0.0310752918393 -0.116252371978 -0.0273234688867 -0.0209900661031 -0.0587014800752 -0.0205642299223 0.0304975948211
-0.641356021246 0.000257663746168 0.0834677480362 -0.0662304527979 0.0707866663362 -0.0225546904187 0.0210136140005 -0.644513320784 0.028716448056 0.0814084317516 0.0781501271367 -0.000118943455604 -0.00148992427242 0.00647842308641 0.0742139610642 -0.166724482094 -0.0415452415974 0.032635738309 -0.125368332765 0.109751604259 0.0117539651229 -0.0206049979143 -0.256652636796 -0.000668498084267 -0.00828000616656 0.10329994325 -0.00935275676782 0.0350403359915
-0.644912925756 -0.0260415732079 -0.0804065148009 0.0969901998207 -0.00161439997705 0.0260851927153 0.0147183241055 -0.514702778378 -0.014235740785 -0.00292535614528 0.0356145308156 -0.00638625522191 0.00999853835626 -0.155917776412 -0.135109179831 -0.256167754711 -0.0655010547331 -0.00787709407019 -0.370056504071 0.0377416433865 0.0194669883639 -0.0153238356854 -0.189248440691 -0.0219257206155 -0.02735857941 0.0913001541025 -0.00662634939155 -0.0561676360513
-0.560263338562 -0.00855391285628 -0.0169308390955 -0.0392237986576 -0.0464171191811 -0.00712801152167 0.00120954359927 -0.624631988606 -0.0984701406979 -0.0441902524457 0.00258411296683 -0.000683174607591 0.014142707669 -0.118792191778 0.0190295277842 -0.197428511621 -0.0275433769215 -0.00278859357649 -0.324828652331 -0.00471877990572 0.0238626806503 -0.00946040526262 -0.335539417788 -0.0235939377263 -0.0167291085116 0.070398753557 -0.0318399787361 0.0131309026991
-0.61160192453 -0.0276909551018 0.0202120098783 -0.0411735868013 0.0456513593118 -0.0234500126099 -0.00621057301122 -0.715441856286 -0.0741284097614 0.00791767480072 0.082654154333 -0.00276669725872 0.00587869145316 -0.118411836062 0.103231727187 -0.211062663563 -0.00630391368201 -0.00637499835207 -0.099141213931 0.0610877530415 -0.0150108133213 -0.0206706075861 -0.0766947115423 -0.0594760683564 -0.0208821273211 0.0482564160591 -0.0139430791044 0.0146080299899
-0.700283781083 0.0154056457217 0.116353641005 0.0180888870195 -0.0261492018355 -0.0121222888935 0.00315083153774 -0.609027149477 0.0388148306281 0.0212414444651 0.0864593176364 -0.00951243417103 -0.00356301725267 -0.0765008200587 -0.0164191699654 -0.238474133467 -0.0361995036047 0.029523813245 -0.0679317409085 0.144942686368 -0.00315998150365 -0.00996407542769 -0.136964832364 -0.0240564510131 -0.00538272561434 0.0595015464633 0.00786124535811 0.018259474848
-0.66740983675 -0.00232290477437 -0.0623098302905 0.0970316897933 0.030715905702 0.0233510177799 0.00318007655869 -0.473591368761 0.0689415824392 0.0328616402686 0.0463456367494 -0.00317168803879 0.00979713129509 -0.315832892306 -0.20766405649 -0.254494704393 -0.0589734541897 0.020068008317 -0.184058859644 0.073790797445 0.0136905754331 0.00746895011941 -0.223109820664 0.00186852053973 -0.00743416168098 -0.0347073245279 -0.0104575475716 -0.0717428016106
-0.579496345833 0.0445441607297 -0.0611948962708 -0.0340489510476 0.0119969998002 0.00576025240613 0.00799362082307 -0.671185567123 0.0814385662651 0.0654028247613 0.0833956159513 -0.0505950750546 -0.0145431254773 -0.197192541861 0.108321036651 -0.0956609935528 -0.00959303987677 0.0165297636824 -0.128892425276 0.0662093783329 0.0211384939903 -0.00321751963433 -0.222574047982 -0.0834142640045 0.000760689526247 -0.217532572462 -0.0221543102336 0.00555926590923
-0.526085291849 -0.000128191356307 0.0420379276202 -0.00853066253809 0.00424018679003 0.0227356520892 -0.00613660076114 -0.606649417398 0.0595080897206 0.0317603602686 0.104883033721 -0.0274238664587 0.0135877283405 -0.393563937723 0.0884731420826 -0.120919033909 0.0058071159209 0.00497946629405 -0.173631037826 0.0187616911343 0.00134197308014 -0.00728713195508 -0.116645303032 -0.0667008506603 0.00886977751396 -0.33096869441 0.0113657865658 0.0235211710399
-0.647633502798 -0.000401678798949 0.0811072797022 -0.0592823331098 -0.0222515514619 -0.00605057262309 0.00687027863473 -0.555284015898 0.0199994497318 -0.03818223069 0.063740889655 -0.00738270805351 0.0143614087363 -0.281712784435 -0.220045325422 -0.267094858712 -0.038995458324 0.034734958823 -0.220552804025 0.00959664100395 0.0200971897059 -0.0159537604068 -0.0505236674085 -0.0255577738847 -0.0122556392646 0.0112702810909 0.0143631565043 0.0210908150161