-0.0133287278109 0.0251757372439 -0.10852529649 -0.0125224104524 -0.0649142416418 -0.00123948964279 0.00458516294422 -0.335240349857 -0.0344450207842 0.196559606823 0.571950018844 0.0905854051619 -0.0149001831821 -0.0409520049764 0.0192353305998 -0.184478409412 0.0130489147569 -0.0154226586239 -0.216093345203 0.418197092911 0.0736806014341 0.0199947465236 -0.479941278866 -0.0147796907791 -0.0250127027539 -0.0128136370112 0.000614118280394 -0.00112058048061
-0.345331539593 0.0212273421655 -0.0800651400222 -0.00694765624844 -0.0904105643717 0.00373110784337 -0.0125438000227 -0.34874745898 -0.00531224146485 0.102203175642 0.0681294708757 0.0578764387534 -0.00739252126249 -0.120557927968 0.149423639183 0.124246672753 -0.0148035023858 -0.0241160878196 -0.526181221829 0.163434059044 0.00893333722036 -0.00839585149141 -0.604343064666 0.0475307518054 -0.0134701534403 -0.0132583507619 -0.00465941260768 0.0255170235526
-0.246116943804 0.00682601179248 0.057223483943 -0.0369285457895 0.00942030877128 0.0246822283844 0.00997885945774 -0.248501758998 -0.0567567043226 0.0240931865263 0.0558968452323 0.0157856245349 0.0104969246998 -0.196392884653 0.148387663854 0.0841103689652 -0.0052840916161 0.00993403850494 -0.64894161332 0.199463849664 0.0236416626375 0.0018772063825 -0.553090827447 0.0241739150237 0.00479832962858 -0.159613003856 0.02726320954 -0.053899348218
-0.468682298947 -0.0426770302108 -0.0865591266646 0.0847072704938 0.0371849101714 0.0703781490424 0.00310539787889 -0.586759217786 0.00107928083219 0.0668725083524 0.272584336449 -0.0503198812913 0.0136535173543 0.0131753708834 -0.0523660310912 -0.235029504393 -0.0244285053079 -0.00800438756404 -0.355796199324 0.111394508007 -0.00796340141054 0.010824996568 -0.355677665589 -0.0733949975212 -0.00758245053475 0.0414702339958 -0.00728769032617 0.0015990131756
-0.457174569061 0.0238877378043 -0.00267673583126 -0.0625667449376 -0.0329586694713 -0.0400712534216 0.015974811464 -0.693898066053 -0.0523114860388 -0.0382529411888 0.325620528135 -0.0278970698465 0.00646659009483 -0.0114696579358 -0.0389873304815 -0.227242812245 0.00608985626735 -0.000707039073114 0.16854743358 0.187359668168 0.0275624895314 0.0352321459581 -0.2536601769 -0.0728455814005 -0.0139381905355 0.0375570625568 -0.00278448152634 0.030081692558
-0.454376628568 0.00613921745484 -0.0392286680899 -0.0271710752807 -0.0857048376076 0.00850724003571 -0.00648368054866 -0.36387501896 0.0057853281639 0.0198133413673 -0.0144476533842 0.00780424734115 -0.00158602920267 -0.119806890279 0.209186697317 0.203829902929 -0.00805824277889 -0.0253000583942 -0.502179341999 0.0852447012691 0.0110723504196 -0.0125594147164 -0.537836353271 0.0172012943819 -0.00969087877235 -0.0256572478457 -0.0068490763287 0.0143396222044
-0.258337833524 -0.00466757503352 0.0732728593713 0.0330233099318 -0.0143045733397 -0.0246251860299 -0.00117880202352 -0.244699239319 0.0204219506061 0.017039822522 0.00276784910009 0.00851542306636 0.00341001181804 -0.526072276241 0.0369455621795 0.0296859687997 0.0302528505242 -9.98236832265e-05 -0.485996904993 0.00208518038087 0.0436234958613 -0.00161854144263 -0.488514122254 0.0092738013416 -0.00133073384546 -0.329211763693 -0.00146797544746 0.0125753134461
-0.205227154856 0.00318526982076 -0.0561331264881 -0.0385006685165 0.0253964867379 0.00222961156749 0.00535751979957 -0.194629857548 0.0198404286157 0.008485258838 -0.00275335154194 -0.00140609138397 0.00872662276856 -0.539104717469 0.0460002694871 0.027189668176 -0.0106345379086 -0.00124233688882 -0.466076450548 -0.00716057864138 0.00198754759228 -0.00162637789663 -0.39815310355 0.00817382042731 -0.000494731252808 -0.492301613922 -0.000708479959982 -0.0477949171333
-0.378544715998 0.00100363861282 0.0203779854804 0.062276935612 0.0325263677486 0.00851904967069 0.0134526997186 -0.335573624604 0.00833947470448 0.00438070065143 -0.0243705062194 0.000339176782918 0.00304710846425 -0.153984496745 0.16836420794 0.159079680386 -0.00241363221411 0.0109195157373 -0.578015674452 0.169130962205 0.0193191914184 0.00856541668612 -0.538029257237 0.0233528950271 0.0120193151484 -0.0514890333657 0.0347871529515 -0.0559130914876
-0.550591016974 0.0178698673413 -0.0652490754789 -0.00961654160881 -0.05710854935 0.0312709097733 -0.000154729207967 -0.521548544642 -0.0258414832068 0.0907975238438 0.0535992341292 0.0102986878342 -0.0136760077827 -0.0458976172031 0.118635106139 0.121166520172 -0.0260428482104 -0.0184788134083 -0.377416897078 0.112693315308 -0.00654754669163 -0.00569298546954 -0.46277214893 0.0304874858939 -0.0148422577889 0.0379375514276 0.00156505623462 0.000375159141874
-0.50420462561 0.0381968122807 0.00918897371337 0.0162195171699 -0.070781269132 -0.0355843638803 -0.00337049367167 -0.618625369815 0.0213503486861 0.116659092301 0.119359324221 0.0289360131277 -0.00507769544979 -0.133856387615 0.0536324374433 -0.0335990318214 0.0106673236998 -0.0111985333422 -0.310905345182 0.077017990048 -0.000792035851489 0.000553137390548 -0.442013541464 0.0489384036103 -0.0048882701802 0.0472121108613 -0.00248498910786 0.0320069663732
-0.348079327799 0.0222313157742 0.0150659155729 -0.0662144925655 -0.022059059752 -0.00382919898322 -0.00404554230651 -0.43130975322 -0.108069018847 0.031285402944 0.0442676204636 0.0348970172175 -0.0002749670996 -0.238311147863 0.00115234845074 -0.101674747213 -0.0191208503845 0.00030826142036 -0.519245660224 0.0113668303403 -0.0144447562674 4.75742768844e-05 -0.488080997294 -0.019121955209 -0.00487091511712 -0.307072922562 0.023595545285 -0.020986196675
-0.437323559782 -0.00368579044639 0.0336978270468 0.0330839391543 0.0309766582012 0.0168424408854 0.00141708524455 -0.417146403152 -0.0312961720365 0.02545763001 0.0371103931784 0.0113906834977 -0.01189165756 -0.121977464236 0.15011524026 0.146066020021 -0.0133044383618 0.0155857563644 -0.511717720937 0.181581662275 0.0244759111347 -0.00544650861421 -0.519861692592 0.0302738452173 -0.00334754814793 -0.0375265703452 0.0163067312251 -0.0221404067675
-0.481081792998 0.00352059856197 -0.0894748197972 0.0254687602451 -0.00305445735333 0.0132174218422 -0.000977380624606 -0.382587725658 0.00235308630993 -0.0112224208536 0.0461776277698 -0.0133106924236 0.0175011554307 0.0144977194749 0.000517035549848 -0.0361183594904 -0.030881929033 -0.0144260829617 -0.660697060232 -0.0308758999126 -0.00115943531296 -0.00409578722851 -0.411184583033 0.00478543562961 0.0167407412442 -0.015859618565 -0.00439513832482 -0.0277892766996
-0.602239663728 0.00804175090202 0.0484214316885 0.0534023923495 -0.0319300587552 -0.00944472044829 -0.00722064731524 -0.654483441971 -0.0211813454951 0.0457674150128 0.0901593758183 -0.0171632132811 0.0307813275032 0.0587766456189 -0.0334122435434 -0.0914142312592 0.00573696859971 -0.00996450973067 -0.100766120947 0.117236055874 -0.0225015659217 0.0234434303102 -0.356787547426 -0.0280877735722 0.00471644407629 0.150599697902 -0.0147997868269 0.0400131979601
-0.528546734987 0.00636245127304 -0.00942376925372 -0.0166824870414 0.0104847593244 -0.00205469390245 0.0106255137163 -0.651609041325 0.00281789127274 0.0386688346073 0.0905023009953 0.0110552020043 0.0367051931638 -0.00469229036838 -0.0650541139063 -0.0549071824122 -0.0165980644562 -0.0151109511371 0.164315632189 0.2485846284 -0.00786818687682 0.0152649546273 -0.416965262071 -0.014920583442 0.0153277177535 0.110141597702 -0.00087910491922 0.0305758976739
-0.620290619036 0.00589819348995 0.0289785801537 -0.0706785434169 0.0762344996326 -0.0217015956887 -0.0031060630186 -0.653366768981 -0.0112933380448 0.0398331779625 0.0950635200928 0.00849804482149 0.0248857733249 0.00580035868715 -0.00552186370134 -0.0253076330192 -0.00568904206599 -0.00326500294982 -0.0587891985216 0.189829871889 0.00939457894333 0.0087336655307 -0.349710636189 -0.00372978946474 0.0129998214352 0.0429440673611 0.00153977091417 -0.0039458259732
-0.562725860562 -0.0124800059543 -0.0708802088485 0.0204017719912 0.0495863320756 -0.000466322675898 0.000126797272454 -0.446282388783 0.017507656155 0.0640797742063 0.0311576659981 -0.00328440877769 0.00884453991152 -0.0187409013271 -0.060874287459 -0.27644786424 -0.0176291988179 0.00628132099609 -0.477075927888 0.0339174452906 -0.00343963554637 -0.00392424134035 -0.399551541001 -0.00732823955958 0.000756804460351 -0.0103781764309 0.00173316172519 -0.035042990781
-0.454458622402 -0.0145523436417 0.0256351809375 0.033953097444 0.0280280095785 0.0135900894299 0.00271390000519 -0.4766597565 0.0062732700605 0.0405717857478 0.067976231131 -0.0171911967216 0.00766585236116 -0.470746328084 -0.0249560570969 -0.0771517774657 0.029402979565 0.00498892674501 -0.157164129582 0.0284309640031 0.0384903644618 -0.00678564794974 -0.413008133157 -0.0641445337887 0.000495050541078 -0.353921121818 -0.00296698272561 0.0232455543774
-0.50543026189 -0.0233423305118 0.00314259080891 -0.0181300094922 0.0136830651949 -0.0106629083373 -0.00391387477161 -0.613234079687 0.0588984036249 -0.0583695877466 0.0588712162871 -0.0737988562845 -0.00208488155259 -0.292497759275 -0.0279793979647 -0.0165528607485 -0.00970889516647 0.00086691524334 0.131899721148 0.0848726722391 0.0449967594469 0.0389697931482 -0.396641850741 -0.0821240325636 0.00706107035968 -0.268716206836 -0.00744820256479 0.016067334047
-0.6667377595 -0.000545734941815 0.0420462207423 -0.0308634061064 -0.10282195868 0.00718050699852 0.000828092916756 -0.57852757124 -0.00857178495976 -0.0158845329582 -0.00364378528882 -0.00792621503244 0.00650361015154 -0.0269954987649 -0.0363228162062 -0.218368646354 -0.015959838995 0.0104567622721 -0.108626746597 0.0474855303205 0.013367491742 0.0094840734116 -0.374798396613 -0.0414599479383 -0.0117464985394 0.00265109424479 0.00375938111288 0.0143130551819