-0.0142017090039 0.0147437598523 0.040381496899 -0.100163507128 0.038569474417 -0.0364100488264 0.0239181439209 -0.293824698707 -0.309094004298 -0.00448740103407 0.342572330874 0.102622873553 -0.029291841747 -0.331893232786 0.0846372384426 -0.413372146251 -0.0751411889698 0.034141204204 -0.131501993902 0.350556413461 -0.0925028240008 0.0051610479964 -0.477286501059 -0.0283892255726 -0.0193414673909 -0.0326227435355 -0.00721866604612 -0.00499931518577
-0.273689984837 -0.00161658168387 -0.0386451548679 0.0334032382713 0.0381328819317 -0.0120773807131 0.00732365695046 -0.28815268201 -0.0528607281276 -0.0278580374711 0.053213194918 0.034796372981 -0.0092760739953 -0.269282795739 0.107867338205 0.0061402305997 -0.0578897152141 0.0063772598418 -0.145541842444 0.0122116802214 -0.0665942712998 0.013385656166 -0.84519252474 -0.0052099093601 -0.00708073073268 -0.041196875673 -0.00456039912506 -0.0206929807026
-0.191978686759 -0.00415074987101 0.0398742062232 -0.110075910271 -0.0159049239736 0.00908643475056 0.0090497714578 -0.166633162605 -0.0726878591154 -0.0335783117085 0.0270811558407 0.0105222983429 -0.000657957552852 -0.510572157295 -0.0165438442384 -0.0112553346987 0.0213057646873 0.00469817030826 -0.330395129495 -0.00974056591854 -0.025448074775 -0.00308447919011 -0.694532217169 -0.00444220283323 -0.00079002052221 -0.24435762054 0.0115131659975 -0.0163974105422
-0.404183239278 -0.0671773697142 -0.0763129994296 -0.03985999054 0.0543923381635 0.00581825632683 -0.00923251394048 -0.713234886276 -0.0519519073068 0.0484634954794 0.298843894709 -0.0143702443472 0.00667853435744 -0.135865034605 0.0155038996241 -0.275016241448 -0.0119765928993 0.0126145031554 0.0209804788669 0.2440936008 -0.046531110507 0.00463788932548 -0.223574613155 -0.05360304759 -0.00835000738927 0.0912793906509 -0.0111184927115 0.00967695632912
-0.330058815179 0.0948685624179 0.0459354608573 -0.00288473276515 -0.0624510271257 -0.00628155768576 0.0113587623696 -0.719754234119 -0.144055833668 0.107009711208 0.230847848005 0.0155491464817 0.00511102911871 -0.251013332701 0.0600534433521 -0.227296743542 0.0140716774426 0.00881822561509 -0.0344321355751 0.276191202437 -0.0311807558175 -0.00678392154994 -0.270438301501 -0.0288521401157 -0.0077853501405 0.0182426096863 0.00917741988931 0.0240859597096
-0.402484413424 -0.00898418974539 -0.0728687787975 0.0454177330872 0.00698279453427 -0.00272594187073 0.00176212438706 -0.367670761293 -0.0279111039594 -0.00612089821248 -0.0106600191461 0.0169877187633 -6.52763413359e-05 -0.254449848266 -0.0366506225086 0.00303920276266 -0.0335862367607 -0.00202776917775 -0.179333889992 -0.00655660836031 -0.0367672548085 0.00683447418687 -0.765461780817 -0.0150699442296 -0.00194652452142 -0.0761760095126 0.000149897743935 -0.0360022413391
-0.208771812919 0.00830747745567 0.0625232685476 -0.0390204523085 0.00852952580629 -1.87380774346e-05 0.00102072609278 -0.201624861626 -0.04830802301 0.00708075924997 -0.00368946082816 0.00648974953302 -0.00198767041992 -0.531728610743 -0.00665283049177 -0.00185332283339 -0.00253396274786 0.000612739383908 -0.392351362742 -0.0242914353017 0.00372241448572 0.000569396325625 -0.572231888849 -0.0037481349159 -0.000410859299206 -0.378016329693 0.0047494946119 -0.00525271021427
-0.218777625546 -0.00370473322339 0.0130109687126 -0.0277161174485 -0.00205151688874 -0.00130245946553 0.00391706408336 -0.228563539626 -0.0553271314315 -0.0320766360199 0.00734954861247 0.00851363648117 0.00295985390296 -0.605358221372 0.00403817595377 0.00927195773356 0.000272859013725 0.000241877451246 -0.253953076229 -0.0247132899676 0.00161686588933 -0.00301016650941 -0.544130941618 0.00651446288419 -9.82934427652e-05 -0.408351712223 0.00231916717879 -0.0120147870075
-0.274828868816 0.00737125273924 0.0509715161839 -0.0423213274132 -0.0391258097191 0.0116533216909 0.00740670439721 -0.259612843297 -0.0437943223235 -0.00516762789799 0.0165399875779 0.00596337076469 0.00173239072564 -0.463560989811 -0.0672025365342 -0.0049361666448 0.0313439251997 0.00130566691868 -0.427276942446 0.00324150548259 -0.0566458599373 -0.0040485158436 -0.634965853586 0.00138593458458 -0.000721970439297 -0.196795139748 0.0171897530602 -0.015028520219
-0.568566587941 -0.00949659971686 -0.10993827912 0.00131135107543 0.0159096861116 0.0264692484691 -0.00753373351345 -0.462679953086 -0.00390474036375 -0.00293700309017 0.0497869720626 0.00601552716084 -0.00868102904208 -0.105259053799 0.11561114109 0.0142636359248 -0.0347862049414 0.00500873453837 0.0244892383656 0.0141840098556 -0.0475329699681 0.0177498993269 -0.639818353363 -0.00790786635042 -0.00493155298895 0.0865054332228 -0.00587900659677 -0.0249960049912
-0.436673396486 0.0206293583403 0.0276532187515 0.006013851303 0.0258787323197 -0.0338995831804 0.00742597038461 -0.462330776857 -0.0189065657483 -0.0505591961588 0.0501949615309 0.0276165541736 -0.0132929908356 -0.320864885499 0.109970734651 -0.0448070644154 -0.0640430446024 0.00869471983032 -0.252866645195 -0.00485517137244 -0.0709465802079 0.00646820347729 -0.628193338239 -0.00350684309791 -0.0099714308682 -0.0324360364628 -0.00187540281092 0.0051306238841
-0.286596381732 -0.000934518445524 -0.00192356223452 -0.0960724753124 -0.0352407278899 -0.00348832641224 -0.000758952405453 -0.241576813511 -0.0721314097979 -0.00516232172968 0.0312916629529 0.0130872627219 -0.00615993478519 -0.633668562081 -0.00143997977379 0.00423496301283 -0.00214320467417 0.001457651214 -0.215113428045 -0.0133883689767 -0.000616938665357 0.00326860549332 -0.472113777155 0.00178189212688 -0.00179533596356 -0.413953883876 0.00113977840518 -0.0176755133433
-0.28202507579 0.00191030858358 0.0459567371338 -0.0240693019593 0.00060131243742 0.0151396219574 0.0109576583468 -0.292262827893 -0.0522316091625 -0.0693171014921 0.0151166377745 0.00474885629929 -0.00602425319987 -0.380883018184 -0.053999749209 -0.019119387749 0.00742528530387 0.00678792533952 -0.412664876333 0.000395990830346 -0.0406075153712 -0.00255564843261 -0.697411327153 -0.00677338697586 -3.54484103479e-05 -0.130678019687 0.0142288000654 -0.00831183106753
-0.585571087914 -0.0350831484181 -0.101009816345 0.022249051177 0.0386696448113 0.0207425792697 -0.00234747268371 -0.544032675377 -0.0493868907253 -0.0526040197293 0.0516157738539 0.000163102167018 -0.00316917199133 -0.117505254053 0.0115381440393 -0.0434422413585 -0.0427418724827 -0.00182345488457 -0.0633275231143 0.058558097208 -0.00118447279149 0.00838488442817 -0.550926671982 0.0164739105607 -0.00298422239334 0.0976969172249 -0.0211554545247 -0.0207990834976
-0.551814633667 0.027946372335 0.0609193590365 -0.0192387691262 0.0347627591492 -0.0143820389529 0.00827339555841 -0.666142181332 -0.079456175863 0.00437975107296 0.112235484823 0.0122838103685 0.0124338674775 -0.110968285236 0.150678392609 -0.172302984348 -0.0172551647763 0.00870899918476 -0.0640066651013 0.0688760605841 -0.0110529191499 0.00230009630414 -0.384251182682 -0.0133603224036 -0.00486568528687 0.062780586747 4.84038964686e-05 0.0182698083072
-0.434137236518 0.00740797353717 -0.0072566657441 -0.00958437386026 -0.044229376 -0.00336969756387 0.00120105217418 -0.674324957977 -0.109677539631 -0.0340855590753 0.0787271419114 0.0385316700258 -0.000693397162048 -0.109424137341 0.161372780326 -0.132900337609 -0.0162159543726 0.000597820749895 -0.160655250252 -0.0523743528189 0.0205718425298 -0.0189135385743 -0.498172209807 -0.00938135831387 -0.0108155912793 -0.00869171073675 -0.00391163901957 0.00469440883198
-0.502532810004 0.0146968070223 0.0574446782518 -0.0494795292037 -0.0400139822002 -0.00464407939689 0.0111472764005 -0.557908899422 -0.0883418016702 -0.0629853447175 0.0190955981094 0.00337454195672 -0.0062640275214 -0.248762244724 0.126590902438 -0.0839650520392 -0.00447149066146 0.0214566608353 -0.235295358956 0.0710781614338 -0.0150567453293 -0.00383959718467 -0.515551146262 0.0148269884095 0.00041671379092 0.0588593542326 0.00996752322653 0.0250604369195
-0.581464672664 -0.045533802137 -0.0480979246141 0.0529300098517 0.01971096203 -0.0122568852859 -0.00646206018056 -0.645781370213 0.0385797853021 -0.0189877710205 0.159056160933 0.00666250172759 0.00477764164445 -0.16981666368 -0.154838267964 -0.222738086979 0.00528256918278 0.0134507903322 -0.189407664205 0.125525266639 -0.0203941457501 5.86193528611e-05 -0.193920961393 -0.0210713283845 -0.0042722863504 0.130713553813 -0.00604863197975 -0.00312149261077
-0.453836086412 0.00224867421584 0.0252786368676 -0.0349759292177 0.0356684696119 0.0270462809243 -0.00413372277458 -0.696456209616 -0.0561655914566 0.0474957167757 0.160237660253 -0.00990538097057 0.004490622635 -0.377518293572 0.0829719839526 -0.121742245797 -0.0285592364961 0.0048842557457 -0.0170815454399 0.111808942061 -0.0442784171564 -4.19304927313e-05 -0.222454138778 -0.0227968608229 0.00260084684137 -0.20900671701 -0.00398718867775 0.0189170794503
-0.444775157148 0.0220496199613 0.0135824414509 0.00912601408204 -0.0235771280908 -0.00335822651037 -0.000620729168513 -0.67937872323 -0.0552127304978 0.0653740167667 0.143511206851 -0.015374822482 0.00645145378731 -0.396168592834 0.0289026779592 -0.110697984108 -0.0344568197632 0.000953672338807 -0.146165200808 0.125875338118 -0.0437760309705 0.0110132417021 -0.241616164876 -0.0527686246772 -0.00785039317226 -0.19805776997 -0.00156635484502 0.0132260425471
-0.463826411461 0.0593761088539 0.0389770511383 -0.00651192401669 -0.0387682777292 0.0160527233959 -0.00530692418549 -0.682828248311 0.0271896664214 0.0914418779553 0.139943220639 0.0161486352569 0.00297992535015 -0.35755889808 -0.0639167727436 -0.111994964323 0.0501087429921 0.00893837639694 -0.171943972721 0.168285311829 -0.0302232894521 -0.0100852218927 -0.26589289606 -0.0225481394009 -0.0221396759244 0.067415658356 0.0142270483468 0.0191810145461