-0.0125489411721 -0.00821346612365 -0.120446213166 -0.068228630023 -0.00425855144832 0.0205555084217 -0.00844585321566 -0.0222276702666 -0.080047129861 0.0198175362995 0.0455510341554 0.0132161306553 -0.100153073808 -0.44123732464 -0.642112233393 -0.151436812297 -0.145486464065 0.0109601238175 -0.45209302838 0.250445445996 0.100861082013 0.00469799530749 -0.127369866979 0.106532044191 0.0118836032904 -0.0608829591562 -0.0212560440344 -0.0114039981421
-0.302878042761 0.00265788236192 -0.133542293952 -0.102144651456 -0.106928243663 0.00411904556714 0.00264098868657 -0.239103525874 -0.016955709736 0.00506254249908 0.019510465773 0.0443554677752 -0.00562748424755 -0.565080212135 -0.168691107098 0.0181052206341 -0.0461258552975 -0.00680615683922 -0.519954348227 0.0627274577953 0.0186984283912 0.0142260791177 -0.353896710156 0.0344877698163 0.00864466561137 -0.236854938817 -0.00318122146969 -0.0306444486491
-0.463564082253 -0.0140142740823 5.01635809301e-05 -0.0077938271395 0.0503860624939 0.0131414358949 0.0309341251928 -0.520621200115 -0.0890501733062 0.0541676528645 0.0650191844517 0.0605994331306 0.0428314647839 -0.377542825847 -0.378498028226 0.0449207324116 -0.124628373636 0.0236370693775 -0.292361965299 0.241884011947 0.108246799731 -0.0182317741894 -0.144798605987 0.0618498130567 0.0106570597165 -0.0623802486773 -0.0275016655783 -0.00659063158396
-0.476721230204 0.0485464560523 -0.208769520252 -0.00514119920584 -0.0743190050662 0.0358667379976 -0.0127714413113 -0.454137323896 0.0630514496689 -0.0321682932285 -0.0652318838484 -0.0820270736923 -0.0429492918659 -0.304537545056 -0.372610236405 -0.174688162437 -0.0710070540882 -0.0124223764162 -0.423739498467 0.194670655843 0.0601163272128 0.0152594330525 -0.00872558492749 0.0586217869596 0.00543612849304 0.0305722271482 -0.0213473373151 -0.0468171680899
-0.526408248966 -0.0659776624463 0.132857175487 -0.0507269892127 0.0251897552978 -0.0417121764707 0.0149704822501 -0.528705499728 0.0817086028476 -0.0455265357261 -0.0451268108468 -0.0751294094001 -0.0638058647836 -0.251508791652 -0.527316050119 -0.121126319583 -0.0689964420179 -0.0133975210922 -0.126046837702 0.0912495368725 0.0418178533847 0.0146742258559 -0.0257546037966 0.0572978298733 0.0163924681271 0.0534638786772 0.0052062609774 0.0384528099597
-0.407250953489 -0.021127029251 -0.158299672728 -0.00551796337133 -0.0853341263824 -0.0105724050253 0.00741853199656 -0.305152906546 -0.0273299382186 -0.00924453079786 -0.0301030531589 0.00284369541665 -0.00160536758111 -0.532218830378 -0.256203672182 -0.0113742293355 0.00469903771641 -0.0115719988254 -0.442739923493 0.0348364876842 -0.000558179674917 0.0134676955723 -0.314708257985 0.00158979094478 -9.48100222131e-05 -0.241624179134 -0.00255555626665 -0.0475996912551
-0.290871503303 -0.0104337395758 0.0203605876127 -0.0758146725689 -0.0580363735401 0.0129572544279 -0.00829918490846 -0.254382277862 -0.00227107212749 -0.00983802759748 -0.0127928161383 0.0138612197578 -0.015262951895 -0.63344814336 -0.000517553948364 0.0160337131685 0.0185098693647 -0.00162864531241 -0.377939373285 -0.00417982696899 0.00131508182368 0.00748962712907 -0.215461800856 0.00214073003858 0.0014592646331 -0.498903104214 -0.00144494994209 -0.00263421817165
-0.284870864887 -0.0179291124516 0.0390266888124 -0.0167781746551 0.0337865684642 0.0118855908918 0.000622859533679 -0.32138071749 0.010356746984 0.0550742916447 0.0604926828154 0.00233889438439 0.00939988987462 -0.566630222852 0.0113901487306 0.0392496245905 0.00544935252893 -0.000752257403465 -0.441651384808 0.0441989946084 0.000517102275398 0.00795476526073 -0.150930048871 -0.00985355237177 0.00944640856961 -0.512182897534 -0.010133462628 0.00407009182317
-0.371670750686 -0.0143879685666 0.0378520342225 0.00397758591161 0.0641563504309 0.00258795442488 0.0214076436762 -0.364522317225 -0.0337390174864 0.0416480807996 0.0365767180005 0.0105118983765 0.0144801580983 -0.466249845292 -0.0769018116097 -0.00147399936729 -0.013931671006 0.00678208301933 -0.578649060483 0.0691401478131 -0.0109314231672 0.00323182662048 -0.319977525824 0.0411093762885 0.0256019899502 -0.223704445041 0.0122547771846 0.00132783004547
-0.44824606456 -0.0104355784226 -0.128211983835 -0.00543042627826 -0.053183769656 0.0029250161895 0.00456822846724 -0.392071745124 -0.0287005956731 -0.0282798463157 -0.00760931706425 0.0251080466991 -0.0126417754403 -0.443820669601 -0.199351578414 -0.00858497459788 -0.0278037236566 -0.00972093577627 -0.447621613328 -0.00892886852889 -0.00198564895846 0.00619061450703 -0.398422683747 0.000569713861808 0.0104205911065 -0.155220100673 -0.00297990585506 -0.0484878864006
-0.371779198886 0.0168948115467 -0.00292692359686 -0.0516845169354 -0.00118243863578 -0.0144122533843 0.00167343319506 -0.415113223051 0.00363958723558 0.0654369155771 0.0581139306466 0.0386655483604 0.00300827973739 -0.502490649656 -0.0548123193858 -0.00654300654551 -0.0542257149902 -0.000676994141334 -0.566133828455 0.0178599706021 0.0596976148609 0.0108275282341 -0.263476197623 0.0509590144598 0.00968684412687 -0.148261912387 -0.00478065853272 -0.000461813588852
-0.500883613714 -0.00433762748559 0.0242017324724 -0.0159191838161 0.0517424167785 0.00135745498556 -0.00670421988232 -0.545949836089 -0.0345000071098 0.0529740999633 0.0116213561829 0.042740529771 -0.0224859905824 -0.320242924456 -0.222106530055 -0.0626493416754 -0.069950412226 0.0111091764177 -0.484253824628 0.16587691033 0.0330635424491 -0.00922591275996 -0.0968188299579 0.0206059803363 -0.0147944586427 -0.0618899212206 -0.0118372140781 -0.0547456343739
-0.66988853673 0.0340410061522 0.0304680893599 -0.0392983652892 -0.00540357968006 -0.0297161891606 0.0223576386013 -0.62463072376 -0.00987895016281 0.018685898826 0.0296012422267 0.00670414017102 -0.00874388951038 -0.0485548079149 -0.257498283959 0.0847488110512 -0.0700646262077 0.0289499478395 0.0537809472095 0.178773272067 0.0610590311285 -0.0215385754163 0.0505936970952 0.0407208929922 0.00200921377117 0.1675543195 -0.0407424080953 -0.00215985064746
-0.635029493993 0.0479093293927 -0.0814331128621 0.063095270038 -0.00836104016399 0.0223695634813 0.0141185395849 -0.536931046287 0.0290525582017 -0.00569796630583 -0.0143272489134 -0.0226501385903 0.0182713148239 -0.249864736427 -0.269340342732 -0.14768336175 -0.0755022402761 -0.00628866778976 -0.329387521996 0.106898269448 0.053975420261 0.00810262048882 -0.00760662685221 0.0216159084841 0.00820895866819 0.0684874310168 -0.0191621372176 -0.0419156584083
-0.613983299005 0.0033777170546 -0.003223143609 0.0613393215783 -0.0394915774244 0.00495088677057 0.000132827741658 -0.617128638147 -0.0183215321668 -0.028661890419 -0.0181568641892 -0.0319722728821 -0.0337661387948 -0.134826385298 -0.296224398755 -0.12905649233 0.00117967500947 -0.0012686542149 -0.220803617936 0.130443355604 0.0104691844382 -0.00652686174112 0.118667876277 0.00752038009142 -0.0138448873664 0.16800267675 -0.0408424521177 -0.0206942208144
-0.673671679011 0.0225382726862 0.063774117056 -0.0295820785311 0.0398598554559 -0.00427766607883 -0.00466224074401 -0.61533382057 -0.0453709147562 -0.0130286545738 0.0101894003997 0.00595145681652 -0.00963276422442 -0.0564618925273 -0.331589788353 -0.0713436229779 0.00269959624961 -0.00542736106602 0.00917959504247 0.0315658117685 -0.0349703151234 -0.00915317432995 0.133101813912 -0.0165846111188 0.00112016359648 0.137206685919 -0.0224033855944 0.0042026783218
-0.665188661407 -0.00787092159577 0.0233586318547 -0.0677745081387 -0.0156311508836 -0.0221995204257 0.0256305031844 -0.625439836023 -0.0478359262866 -0.0362030033132 -0.0407204933269 -0.0043615970563 -0.0506485751456 -0.160284004275 -0.296409644078 -0.0688919767465 -0.0211675929614 0.00135095243849 -0.0704069318113 0.092398776143 0.0256291604823 -0.00879209689721 -0.0280198872247 0.113668816369 -0.00607308707714 0.0606839336822 -0.00217807663462 0.0388366694478
-0.408595302022 0.00534570570854 -0.117997859908 0.0258774433524 -0.0604414074382 -0.0101721557146 -0.00920370851939 -0.342182513922 0.00251508157511 -0.000571401334356 0.0341273103263 -0.00106524970327 -0.0171840501011 -0.450577595645 -0.212491353703 -0.0311506586741 0.0009330247395 -0.00648586408692 -0.446475147169 -0.00656881391867 -0.00381958325179 0.000989991191257 -0.435258096484 -0.00464150709671 0.00322937527254 -0.238108959396 -0.00271768595954 -0.0355039378994
-0.453117306322 0.0441243652607 -0.0996712441139 -0.00898060753283 -0.041174797093 0.0240069946781 -0.00607416485459 -0.470080799484 0.0953829967208 -0.00515014520554 0.0453685684161 -0.0310477381203 -0.0290843620158 -0.479873820345 -0.215287139839 -0.0256000483222 -0.0452373275255 -0.00619364039888 -0.419964967799 0.118699695237 0.0337654687425 0.00284792927975 -0.136506875853 0.0435342330049 -0.017956322079 -0.231288632228 -0.0108585794338 -0.0317090727698
-0.571583087652 -0.0274949548542 0.0484206780422 0.00246033126508 0.00164903881189 -0.0343530358889 0.00626070804337 -0.588314551077 0.0602527731362 0.00207115455917 0.0126242866756 -0.0254083687496 -0.0300552023105 -0.328097163618 -0.326898154089 0.041158642794 -0.0822430693694 -0.0139531793091 -0.144134007929 -0.0259655296038 0.0444334784805 0.00466782337904 -0.262473106052 -0.0195705634151 -0.000973700518955 -0.0398657543367 -0.000920667883335 -0.00576310474564
-0.417062528937 -0.0220852483515 0.062511143314 -0.078966433986 0.0788633745426 0.0157771696839 -0.000670817071682 -0.392536856616 0.0840148205313 0.0640204368236 0.062853864487 -0.0112699967496 0.0103668833067 -0.49828871983 -0.0305453276086 0.0292096351856 0.0514095231277 0.0111665807951 -0.456223793818 -0.0675690974853 -0.0302251570766 0.00208477135019 -0.343997384984 -0.000361821105719 0.00538629821653 -0.233643731052 0.00608389056759 0.00852488349263