-0.0012333892099 0.00690765554941 -0.000615514555423 0.00681604858026 -0.0240187317923 0.0236996845388 -0.00437445597859 -0.330605636919 -0.171926164782 0.331016426967 0.367579101 0.00267933620614 -0.0281019078774 -0.0761815315011 0.234563267267 0.00659613545585 0.077534153027 -0.00423930253092 -0.436320591958 0.428714559537 0.109040058906 -0.0173900610121 -0.397979514604 0.0421053895245 -0.00588992079233 -0.0300062888522 -0.00666833185563 -0.00192446815827
-0.356509955222 0.0540520202891 0.0644616932846 -0.0999718993278 -0.0887999582125 -0.0116273551677 -0.0194431800961 -0.360210110356 -0.0710951075366 0.115198193062 0.0729083080402 0.000901901435753 -0.00561594916905 -0.216853327355 0.138515018104 0.108855521674 0.0199491069316 -0.00767517800602 -0.365731802065 0.30949512812 0.0333935258364 0.00237671250105 -0.596429074895 0.0409485429601 0.00202516081044 -0.164543856211 -0.0104385668978 0.0151040519614
-0.369273030673 -0.0351364631676 -0.0441959535026 0.0716403350978 0.0449636508928 -0.00508833644822 0.0304292439295 -0.43292845382 -0.0351924721853 0.141180530457 0.0746005621972 0.0297270837812 -0.0150142685384 -0.233640411993 0.201829600786 0.185788781724 0.0283298843352 -0.00179617029517 -0.325983275824 0.311608791099 0.0778068570734 -0.00611824813033 -0.537228455391 0.0832562007629 -0.00749442154035 -0.00715362667529 -0.00584041845961 -0.0357989349878
-0.426979526672 -0.0163389836519 0.0323258452255 0.0444342659037 0.0714893303368 0.0180101083151 -0.00998741189558 -0.548109080475 -0.13435537344 0.089730112056 0.163103546909 -0.0516680308337 -0.0030891663606 0.0369510988234 0.209790564637 -0.0502554230103 0.0684832982236 -0.00332404455918 -0.564927445821 0.160476862586 0.0378361404116 0.00421233564615 -0.231266241303 -6.9014700371e-05 0.0243690166681 9.28116245765e-05 -0.000577176589955 0.00561144200304
-0.424822978098 0.0407704074697 -0.0118820404876 -0.085139356123 -0.062843707469 -0.0256530413894 0.0153747877981 -0.577111987716 -0.101721843042 0.10130419217 0.241991092053 -0.0540575638444 0.0018867393182 0.024611308141 0.14003315084 -0.00877856853834 0.0623854951288 0.00183258247281 -0.42075462594 0.180730802388 0.0532407624838 -0.0187090965925 -0.38895676501 -0.0188606984137 -0.0158149474586 0.0383509442009 0.00595934777858 -0.00252297324615
-0.672942689083 -8.94670939383e-05 0.0681151646827 -0.162539543446 -0.12977178252 -0.0055764668749 -0.00773140219384 -0.406203508383 0.00113867828044 0.00456929049908 -0.00770822752954 -8.85231974643e-05 0.00509730273064 -0.117933936821 0.146547007487 0.0935965457878 0.0125796091959 -0.0105534835079 -0.292135857935 0.173205470239 0.0129565481282 0.0140236294136 -0.412999967216 0.0441261189808 0.00648304030979 -0.0256485105332 -0.00801725791267 0.0254214033709
-0.219196056585 0.0038281614136 0.0175572138364 0.00131390444201 -0.0352524647784 -0.00702075406047 0.000589286422099 -0.221821888133 -0.0226469728977 0.0104283719886 0.0320623841918 0.000769449453842 -0.000207733703225 -0.554529496603 0.0431324066512 0.0513236164445 0.00323398056814 0.000566314659328 -0.413113789522 -0.0424753195595 -0.00354342740699 -0.000221962059796 -0.436343091944 -0.0116712502608 -0.000419836172279 -0.473694482527 -0.000451826959269 -0.00863035639701
-0.20524665452 0.00141052214211 -0.00789137966326 -0.000920867609243 -0.016369962223 -0.00521750794714 0.00113952132286 -0.210231743307 -0.0155726844205 -0.00854542250182 0.0254833803693 0.00567333842247 -0.00283223529278 -0.57024312759 0.0411451147735 0.0399466135809 -0.00930461176459 0.00116810079886 -0.460645000768 -0.0430444858486 0.00474321327939 -0.00221520698219 -0.370415573339 0.0038471425529 -0.00091042392438 -0.481388031855 0.00142105829211 -0.0268704904403
-0.648924725842 -0.0224039101105 -0.0768060063083 0.155142861717 0.100717159902 -0.00998788860689 0.0126700184381 -0.466928904537 -0.00156725640477 0.0146730154166 0.0127126126548 0.00961190621676 0.000934627271271 -0.151591353122 0.158543617005 0.128555718428 0.0159290929027 0.00591505028773 -0.278867573023 0.155383416367 0.0385714109443 0.00828421807868 -0.385549865524 0.0452151877041 -0.0040971313093 0.000607474624797 0.00244961546622 -0.0202913777494
-0.54058389979 0.0651958028192 0.0159267520942 -0.0913428488561 -0.0935621662622 -0.010182398138 0.00143226169453 -0.512617808744 -0.0626538027002 0.0589565969394 0.0937167004195 -0.00680878427708 0.00142610921421 -0.0538444800923 0.117568038526 0.0910122643162 0.0147545800976 -0.000169825208126 -0.316686825022 0.190209733446 0.0259472111368 0.00152251385737 -0.493488404172 0.0236355328619 0.00423028018603 -0.0112499143583 -0.00480821452915 0.0206601739202
-0.430830362483 -0.04424912681 0.0218883970798 0.087940658837 -0.0450482524703 0.0328517220259 -0.0066678905925 -0.490250207379 -0.0670949339599 0.077648258533 0.092688778368 0.00515092531205 0.00454155692824 -0.392818794172 0.128566542141 0.166579010288 0.00346026425844 -0.00882634668011 -0.239406205115 0.196226581433 0.0334524962037 -0.0084002857653 -0.365012331602 0.0169579299555 -0.00411486051686 -0.334540858021 -0.0200459476384 0.00217299722061
-0.453303982682 -0.00469123823971 -0.0230739702835 0.0133779394536 -0.0138926122685 0.028671856794 0.000491808680441 -0.684405959843 -0.0197345949204 0.116850237178 0.0754466246696 0.0165347038446 -0.000346516617333 -0.175335906448 0.145779148636 0.133897798421 0.00719382131187 -0.0150557344898 -0.260612620095 0.256714937532 0.0652490393152 -0.00907257439433 -0.303282815569 0.0556792022004 -0.00933968612692 -0.0219891032127 -0.0113697152732 -0.0142456809817
-0.558966691841 -0.00632544444537 -0.0265284969275 0.0115216410883 0.0118640490596 -0.0337964436603 0.0256243572013 -0.55174828971 -0.0269545353554 0.0383173590896 0.00185575433281 -0.00565670063356 -0.000304246340906 -0.0808314975967 0.180111584993 0.15191473776 0.0267788332164 -0.00113669728674 -0.253856778411 0.198217617554 0.0326243719647 0.00806669928781 -0.438301942981 0.0634550416705 0.000120891940324 0.118286966979 0.0010501766741 -0.0179529584542
-0.511490635481 -0.0354888088005 0.00949783672933 0.0193519300296 0.0265028426834 0.00883216886326 -0.00820694625306 -0.662315527167 -0.044024455472 0.117907045632 0.108305594229 -0.00224028253867 -0.00524527466552 0.0426339344474 0.211643360974 0.0204209899419 0.0271181244972 0.00653417551408 -0.42546561826 0.121951889727 0.0352243895397 -0.00485689534671 -0.136802881178 0.0253174548833 0.0102947343395 0.0695072303404 -0.0118196689564 0.0120198097913
-0.521564614129 -0.0175259476136 0.008691514476 0.0244454404121 0.0150623238568 -0.00786302869641 -0.00297381662755 -0.685369423339 -0.0460017451102 0.0734050769867 0.0957366917407 0.015640209323 0.0390730374667 -0.0708437625325 0.157946632021 -0.0843361337354 -0.0120695322388 -0.0169614829953 -0.420034472808 0.131434887311 0.0276310154039 0.00417488203372 -0.0582603043403 -0.0186022737161 0.0389140626009 0.0342172737051 0.00879030450539 -0.0045125566399
-0.528089607098 -0.0315699028702 -0.0405979456603 -0.0133500921056 0.00215398791731 0.0152060305211 0.00284962544718 -0.603548602965 -0.0388192631882 -0.085029455941 0.0978425749983 0.00508833385852 0.00920102189144 0.105305202055 0.113242850282 0.00391761790635 0.0166884403328 -0.00675500096571 -0.460620304526 0.0327519308233 0.0254231620069 0.000629264526009 -0.293209522168 -0.0200581203393 0.0168260491408 0.102356319471 0.00924902843093 -3.41424567508e-05
-0.559618084645 0.0255504278843 0.0567191269096 -0.0419097678159 -0.020514114389 -0.0224880615658 0.0127092143367 -0.637598179579 -0.0331064587075 -0.0143928719144 0.159669678262 -0.0128150428364 0.00484231913617 -0.0104924467045 0.128315836849 0.0395671732413 0.0255236293738 0.00657753234453 -0.298854418131 0.160036953816 0.0579684709065 -0.0110104372064 -0.323557151899 0.0229224426325 -0.00873598544468 0.062946677166 0.00154837833874 -0.00990722739058
-0.573277855422 -0.0185727522247 -0.0450371208759 -0.0237462887667 0.071154330823 -0.0140127195426 -0.00201221011931 -0.556869095032 0.00539517741964 -0.0178127579343 0.0714043606633 -0.0055450228584 -0.00296875399461 -0.0113087768215 0.0854566251581 -0.025827090428 0.0250086573963 -0.00205817598541 -0.420069901379 0.0274073394793 0.0129468301153 0.0085832804266 -0.401629998203 -0.00129120610666 -0.00778602184002 -0.00376020805682 -0.000121124785653 0.00159345054649
-0.478557031685 0.00958021866183 -0.0142841391463 0.0207948463232 0.00445745655218 0.0254134419052 0.00177405165356 -0.509885424413 0.0386830287134 -0.0235764168621 0.0258901869503 -0.0755707260039 -0.00452953160539 -0.41250960967 0.0768188097054 0.0345505582572 0.0145066420642 0.00455459923125 -0.31368136398 0.0361411082357 0.015181602365 0.00798634238243 -0.280953299311 0.0188738248716 0.00675425965288 -0.379896271191 0.0019682484797 -0.000785709030513
-0.47858985343 0.00366446121468 -0.00609233684029 0.0286370089578 -0.0128549065756 -0.0054045242954 -0.00447097680376 -0.515882393774 0.0495292480243 -0.000676020698709 0.0777246440784 -0.0212915457593 0.00528978692975 -0.376619749567 0.0690957414599 0.0368669112599 0.0557357744094 -0.00557317808063 -0.337359847472 0.0295108950334 0.0108640231201 -0.00778535524805 -0.368687390152 0.0184995147686 -0.00488819123549 -0.303748094963 -0.0144915478963 -0.00346588315255
-0.581407656224 0.0125664461912 0.0602718554733 -0.0256606337213 -0.0159669692 0.0163150300182 0.00450223971221 -0.60130100656 -0.017646266774 0.0875448957598 0.0473324148021 0.00450972959649 0.0279310241626 -0.0165615153885 0.0901967615007 -0.0159847569764 0.0259775529119 8.2185588321e-05 -0.349922724524 0.0443465816893 0.0147236234116 -0.00355218861958 -0.386818993244 -0.0123089565882 -0.0141889264186 -0.020430420762 0.00342269214233 -0.00158467234265