-0.00614709139643 -0.0165126794739 0.0214274352501 0.0893491795005 -0.0196350456364 0.0247302119358 -0.00725051971925 -0.174302710115 -0.0302603467384 0.255758988536 0.341199587001 0.0242754945584 -0.0492790461148 -0.180349257086 -0.250299843522 -0.329236734203 -0.122145593718 0.0167295281657 -0.342142227284 0.481519224248 0.0650876932624 -0.00196508099589 -0.428611236713 0.128223153697 0.00189067329233 -0.0400167774061 -0.0189133530606 -0.00263160114152
-0.324839286672 -0.0131024650503 -0.113577811919 -0.0520047653622 0.0332980029659 0.0300789286056 0.00682763079372 -0.31027071329 0.0117126841045 -0.0618577260765 -0.00819676160742 0.0695149346903 -0.0279052618832 -0.422170373318 0.156373860633 -0.0666830836969 -0.0273145599632 -0.00486465785402 -0.378560712281 0.204229426299 0.0135557032105 0.0118329660103 -0.592905407722 0.0687577268158 0.0253689280472 -0.141764052291 -0.0166018495004 -0.0146354918692
-0.487167155524 -0.00694076594622 0.0728889720407 0.126825527901 -0.0680569543245 -0.00368364239268 -0.00565614448964 -0.477837399651 0.0210656847717 0.0398380409756 0.0815802489344 0.0421633446193 -0.0308466927854 -0.286637320502 0.0313607095871 -0.097059652766 -0.0978531451179 0.00351820595316 -0.290020635153 0.368619831829 0.0219947633929 0.00351403771057 -0.376493629829 0.0810181270461 -0.00633391819845 -0.159155086538 -0.0210867558177 0.00577379323676
-0.564877870008 -0.00524278701586 -0.076773776741 0.0381095509714 0.14742225832 0.0336444402179 0.0109281519031 -0.511850856265 0.0409933704284 0.0929151541997 0.037213110052 -0.0822063758797 -0.0336014291577 0.0870152179926 -0.261963574879 -0.159878086195 -0.046476779634 0.00611389122505 -0.468843821315 0.138306643427 -0.0309138734914 -0.0186301584069 -0.144716225506 0.0353973206402 -0.00271694591837 0.0502743160277 0.00102637197092 -0.00669157717288
-0.545629630115 0.0195552138792 0.0589709005978 0.0218847854606 -0.173531124218 -0.0310303423917 -0.00735665824216 -0.516471983681 0.0217844759969 -0.0212045648845 0.106932799872 -0.109722944999 -0.00503776830123 -0.250260610218 -0.302531000986 -0.294361045757 -0.0867526052087 0.015160248919 -0.140360393985 0.117311044329 0.0345344960539 6.01850117862e-05 -0.290368560481 0.0333429577703 -0.00959044640996 0.0819798381139 -0.00258874371405 0.0138732361397
-0.48155730115 -0.0133437015727 -0.110696182467 -0.0594168746411 0.0519248793321 0.0230655359775 0.00837525886372 -0.406149349656 -0.00943107075939 -0.0344156618201 -0.0581969453057 0.00289756898587 -0.0224291518772 -0.378149725878 0.170262598218 -0.0484224887911 -0.0246491255659 -0.00453326208437 -0.328755571082 0.112995057625 -0.0350399792039 0.0043585821064 -0.469137284197 0.0136128822257 0.0198100147661 -0.24397591371 -0.00832742158613 -0.0373851357598
-0.337911941424 0.0091798788733 -0.0248312250294 0.00616248502576 0.0574639611827 -3.55609084415e-05 0.0112264087148 -0.371288852038 -0.064560892303 -0.0682763750873 -0.0386361342875 0.0101983672306 -0.0150427446915 -0.392863308985 0.00905805069419 0.00943863579736 0.0200594297497 0.0131964459664 -0.418742895684 0.0955391584897 -0.00256374032905 -0.00355394759918 -0.444238763323 0.0115522470316 0.00893528583959 -0.442711700312 7.91521909647e-05 -0.00187081318484
-0.459043197803 0.0203728302152 -0.017380517938 -0.0401958651014 -0.0757634764945 0.0299077773088 -0.00836577635296 -0.421381798235 -0.0804806887995 0.0238260131163 0.0413392324139 0.012075779484 0.00221318657479 -0.427699404341 0.0810035401882 0.0597747662744 0.0223361371509 0.00480073766969 -0.374266612738 0.255135369592 0.0115825893174 0.00531947680615 -0.326420798603 0.0101425669116 0.0211776168189 -0.29599423153 -0.0120412033687 0.000170364203518
-0.605158137719 -0.0194050866276 0.13411287476 0.047889251444 0.00789617183876 -0.0199587735846 -0.00552256229051 -0.506293048814 0.00829016431063 0.0271520978348 0.0647588464741 0.0176617959948 -0.0186710842663 -0.198264995136 0.134294171174 -0.106340159904 -0.0751483944397 0.00514745462674 -0.348226331767 0.292471710138 0.00555125552784 -3.8893009066e-05 -0.245196109297 0.0578713054627 0.000828187337497 -0.0775218489899 0.000766272146881 -0.00204648951346
-0.524888495398 -0.032602979285 -0.0960605825119 -0.0705213592748 0.0508835203992 0.0332075794947 0.00212378363101 -0.415088019322 -0.0248731894734 -0.0263043833185 -0.015007339419 0.0127842073754 -0.00889224829505 -0.31787508661 0.160269850533 -0.0914186162949 -0.0463769921107 -0.00591724469472 -0.305126181302 0.0903165720233 -0.00847154844447 -0.0121018200979 -0.517627458196 0.0418843962996 0.00464162362958 -0.145171649292 -0.00132133004491 -0.0437420308133
-0.453504936253 0.0213225298045 0.00318697288248 -0.00238864686778 -0.0327340727766 -0.00332868834789 -0.00686115131105 -0.569516715264 0.0511610100266 0.00833955041872 0.120036292703 0.0433852000261 -0.00572483022773 -0.302652753718 0.0877410149783 -0.0196564111763 -0.00797779190643 -0.00762668017316 -0.285619569376 0.224316508494 0.0650641989176 0.0229552339602 -0.455299154612 0.0677729239788 0.013692425178 0.012404693947 -0.012049103742 0.0231067264918
-0.522386302508 -0.0373955646361 -0.0200835735878 0.0424417652943 0.0582184182346 0.0121341153448 -0.012429601319 -0.559476338558 0.087456733725 0.0260071982611 0.0629013855324 0.00526277417919 -0.00762176690258 -0.278658043119 0.111966257448 -0.0309927338365 -0.0220685458033 -0.0162735811301 -0.314771887849 0.26788778376 0.0450850610478 0.0101210435591 -0.343056521939 0.0536352682124 0.000543795794792 -0.089589324462 -0.0276898215709 0.0141390535701
-0.735123816345 0.00150379923694 0.0865796047989 0.0536368748338 -0.124295905654 -0.0183571365175 0.00214289744152 -0.575572681221 -0.0327765778836 0.0378347554482 -0.0430759131194 0.021508084176 0.00615292127986 -0.0977602366936 -0.049707148109 -0.124717307165 -0.0798291472694 0.00320864951265 -0.0540612649073 0.166036565161 0.00360997485695 -0.0118272367467 -0.175859888694 0.0217337211409 -0.0330292482292 -0.00125198640468 -0.00065150748782 -0.0134213764352
-0.713518982839 -0.0368159702489 -0.053696142237 0.0135525948281 0.0665245207009 0.0399898423265 0.00687264826039 -0.62190538827 -0.0194591517568 0.048414845363 0.0180992277612 -0.0189474207262 -0.011615148222 0.00779443506303 -0.113648736264 -0.190106142107 -0.0624901277905 -0.00942987029182 -0.0941196929983 0.064414391686 -0.0129790845023 -0.0147088896111 -0.103360332176 0.0481696262825 -0.00239851534724 0.0948222814665 -0.000439092531652 -0.0397668874942
-0.574083609938 -0.00053642474123 0.00716165128077 0.0413260658281 -0.00800243593016 0.0263886401298 -0.0121822457265 -0.623639736978 -0.0520128377589 0.0410827046522 0.00103013739023 -0.0237803918066 -0.00520641512095 -0.0208963228471 -0.184512444303 -0.165404293787 0.0348360876771 0.011185852045 -0.377712375771 0.154588383898 -0.0213878998934 -0.0169375822445 -0.195118301869 -0.0295072119025 -0.00219936008665 0.0625317609068 -0.00306679270815 0.0222009938272
-0.607761466814 -0.0306506602216 -0.0273446056544 0.0228036290434 -0.00690391764681 0.0323730843467 -0.01359665798 -0.711514863743 -0.0710427253502 0.0183954136678 0.0821087367274 -0.0121068540586 -0.0126406801916 -0.103863760888 -0.162355697705 -0.140238496587 -0.0139172309453 0.0266951428235 0.0911319216794 0.0554453992434 0.00947880201913 0.000347555322898 -0.192079829063 -0.00761720313729 -0.00604076664801 0.0403505309483 0.00900035469149 0.0237369471996
-0.735576985751 0.0067664677457 0.0507774192355 -0.0157285164323 -0.0852637459429 -0.0401522135853 -0.0048798265067 -0.562941067759 -0.0249687152958 -0.0194042728439 0.01091228617 -0.0157308482362 -0.00504933821855 -0.0695338029188 -0.201396806857 -0.153233164125 -0.0710547533374 0.00938003664695 -0.0018895081594 0.103124121048 0.0179645489014 0.000228814329117 -0.136123674836 0.0582985958083 -0.00351386266288 0.148005727524 0.00193177569938 -0.00552654630316
-0.62193860224 0.00856304349879 -0.036354423088 0.0429996740786 0.103029489353 0.0138418417432 -0.00346253414588 -0.494827875442 0.0636572655418 0.0138609103053 0.0498778557963 -0.0256884423263 -0.00155456608583 -0.122185301225 -0.174532593134 -0.152510508323 -0.0817874160099 0.00650080697076 -0.48242479838 0.103675336334 -0.00526094860635 0.000914702990394 -0.157079317182 0.00999578657105 -0.00927264086441 -0.0262375456753 -0.00108884996045 -0.0493832912238
-0.53343515231 -0.0404560323642 0.0345484196646 0.0285007702874 0.00248232234529 -0.0164902594886 -0.00341935036902 -0.662888068776 0.0900949440162 -0.0141383652694 0.0299713887423 -0.0463640537306 0.00164328007913 0.0639039687836 -0.145644524448 0.117828281322 0.0021739235485 0.00536113597121 -0.403758740986 0.0365372737754 -0.00762932358281 0.00659000487596 -0.226182136188 0.00625024340184 -0.011648405974 -0.0680939256188 -0.0152488314621 0.0292099363134
-0.424196868927 -0.000350658773712 0.000953236107675 -0.0140418101707 0.0151835638776 0.00834080840165 0.000644864917936 -0.476496670057 0.0719328450148 -0.0136664517549 0.0166344467744 -0.0349504146047 0.00937229091306 -0.249935317165 -0.237857876404 -0.0914151424847 -0.0237325600596 -0.00872708343321 -0.518283165784 0.027898276356 -0.0127081038442 0.00554529465113 -0.426289915639 -0.0173486499766 0.0027140575083 -0.0720569359578 -0.0185657407659 0.0191193236797
-0.583314059906 -0.00736195407073 0.019484046513 -0.0383754623561 -0.110625486571 -0.00326104423201 -0.00448250897247 -0.405725368743 0.0194876286681 0.00453532783249 0.00746453221944 -0.00822094710771 -0.00104214015169 -0.267562070299 -0.18523950042 -0.217483024603 -0.0502278460335 0.00481319026487 -0.514182515667 0.140913299827 0.0010368709386 -0.00339098284192 -0.191614612696 0.013189008801 -0.00840970352776 -0.0582495956885 -0.00421591159591 -0.00769815574511