-0.00624458145526 0.00027375963208 0.0638695690585 -0.0112271411781 -0.035585959192 -0.000604724278916 0.0123828846488 -0.305440210966 0.172395351022 0.500233166231 0.245331700838 -0.00250627072661 -0.00438296718466 -0.298010058978 0.324874883392 -0.435712488285 -0.0831602079931 -0.000619829913629 -0.338901348451 0.0463038913494 0.0575983753333 -0.0517620307822 -0.201586828907 -0.0253598916296 -0.0584624501773 -0.0092991777147 -0.0436925819736 -0.0084496856011
-0.461197953821 0.0701114898798 -0.13415128243 -0.0280016290131 -0.0475255816621 0.0103096143637 -0.00745755686051 -0.611594884386 0.126004461763 0.222155481378 0.0824710286899 0.0554764551232 0.0152520245576 -0.248342406335 0.269831549876 -0.230565546788 -0.0181671252879 -0.00054788814776 -0.262620716407 -0.0911615887135 0.0919352454126 -0.0450206114022 -0.119654882003 0.00294252675074 -0.043051893214 -0.13672751641 -0.0334113834389 -0.00814651397413
-0.503632401673 -0.0575583627176 0.183080855214 0.00938209035666 0.0218953307787 -0.00554095556612 0.00410961406728 -0.565558183417 0.0667612968818 0.217009685694 0.0916641198716 0.0636489574215 0.00238125336523 -0.145157283715 0.287872350554 -0.195167159107 -0.0598394798838 -0.00227389094685 -0.350364242102 -0.103871884432 0.0916159427859 -0.0255615796366 -0.180933279595 0.0229453616524 -0.034567163151 0.0316586246283 -0.0368505311576 0.00390225092883
-0.423674494098 -0.0139986568041 -0.0764344961378 0.0741291350648 0.00242183040815 0.0272697392702 0.0159289003306 -0.596971293377 0.0884612057933 0.223911732174 0.131292349768 -0.0823490337122 -0.0179995735826 -0.278951404046 0.124232861021 -0.324140818714 -0.0860292163424 -0.00674127498151 -0.33659441139 0.0793734102086 -0.0475953239001 -0.0314979189846 -0.184674631746 -0.0602282136952 -0.0404926141946 0.00654258958513 -0.0234871250869 -0.0265085418087
-0.47427264054 0.0118158960335 0.153670555696 -0.0664184403961 -0.00627257047324 -0.0182703682616 -0.00114684895514 -0.525266128893 0.048309859992 0.171355866805 0.0967695777029 -0.0908850167093 0.00320320586927 -0.33132173534 0.0872935514502 -0.396173746183 -0.0932532920971 0.0154907975145 -0.317692061293 0.0789344901914 -0.0142703113412 -0.0229069687058 -0.168842907203 -0.0157781489478 -0.0221133190989 -0.0233395567923 -0.0169890590911 0.00623754113738
-0.615995455125 0.0261846238697 -0.108752023965 -0.0259609675462 -0.0198768320508 -0.00415982661479 0.00101334988047 -0.645331725372 0.00790287216614 0.0869367304788 0.130022823916 0.00630594203464 -0.0169443946148 -0.10431401833 0.234090526847 -0.120912903532 -0.0139389190284 -0.0027949611432 -0.260011626688 -0.0955902487295 0.045244643445 -0.0519629521172 -0.0468236552444 0.00285532423666 -0.0113921940829 0.00209815005567 -0.0119518562957 -0.0342496863203
-0.402650997416 -0.0646064953886 0.0176595130843 0.00755745518662 0.046167130257 -0.0321399008631 0.00348520265376 -0.575382532342 -0.0216119348218 0.03733540535 0.116230385464 0.0150989748275 -0.0121147739227 -0.494182085497 0.0868945468192 -0.0879602746875 0.0427436241234 0.00130808596421 -0.318663870847 -0.0674901888419 0.0549933666816 -0.0113065512372 0.00374136265621 0.0233215822387 -0.01656923458 -0.334032170698 -0.00452831631354 0.0180527140761
-0.452081145186 -0.0346084627486 -0.0060402606997 0.00397193484669 0.0241367147357 0.0176247018653 0.00310827398902 -0.618801460369 0.0182745101381 0.0504963622581 0.124401471391 0.0408016363161 -0.0059447529481 -0.443995708553 0.159136860697 -0.0692833279715 0.0319916695097 0.00650909765161 -0.299782596462 -0.0559445337862 0.0645362377246 -0.00717450025124 -0.0407778878136 0.0458048121104 -0.0216432234502 -0.244717108813 -0.0259088416168 0.0130082369108
-0.662290981545 -0.00331863799535 0.11200930334 0.0201920687517 0.00739126630973 -0.0127357804552 -0.000820604901527 -0.58239324891 -0.00100158626976 0.0634908400432 0.0929363791389 0.016587761401 -0.0142963825887 -0.0536751873117 0.267338171299 -0.0936668071039 -0.0328587588163 0.00152339123722 -0.306870443044 -0.104784606476 0.0275968314806 -0.0273889003701 -0.0438331645965 0.0125096863283 -0.0168488314477 0.0509963557347 -0.00527485114576 0.000480094732091
-0.566093854246 0.0255697201917 -0.11573099066 0.0125499406878 -0.0325312554247 0.0107128867284 0.00422379377548 -0.546714908623 0.0180394614702 -0.0499476003014 -0.0734467943454 0.0165967755201 0.0182185519844 -0.188539313753 0.0513621257044 -0.259582434858 -0.0441073321039 -0.0121504483079 -0.390709988729 -0.00980076955821 -0.00106919277594 -0.0203277351308 -0.299615579301 0.0201297830053 -0.050683224873 -0.0348997441954 -0.0181439391466 -0.0361391715358
-0.41793126164 -0.00230954353788 0.00623989928006 -0.02662329586 -0.00413351649947 -0.00794517518321 -0.012559696512 -0.570978991941 0.052638277584 -0.0388811869512 -0.119252465189 0.00238328520424 0.0213671002047 -0.251017039356 0.0156311755347 -0.196358480192 -0.0124439771418 0.016558712818 -0.534916977662 -0.0769649168395 -0.00317170156224 -0.00313774045892 -0.266246025818 -0.0249510848816 -0.0311520037965 -0.107122119688 -0.0319422956198 0.00805204272706
-0.526816016683 -0.000780567396074 0.00381596702686 0.00691438340629 0.0399397112431 0.0267783409231 0.0202016434218 -0.54085903443 0.0605932047964 -0.0134765195176 -0.00719477989188 0.0172013402751 0.0132029299063 -0.254885891309 0.110223862557 -0.187041385049 -0.000102277155294 0.0144989480262 -0.50065115804 -0.0500918432558 -0.00596036651226 -0.00847780175606 -0.234874089771 0.0100873389911 -0.0222650436557 -0.00776896960805 -0.0334076373189 0.0160987337785
-0.596192874432 -0.00963559659438 0.0837441878046 -0.0819628462997 0.00481411126589 -0.029346176622 -0.00900265859352 -0.516497056377 0.0145203898932 -0.00329148463816 0.00363680091739 -0.000795421624771 0.0197830966681 -0.0953603002585 0.0671896567143 -0.173782538574 -0.092985780701 -0.00601373822341 -0.426734429718 -0.0236475276302 0.0216556973043 -0.00736959376242 -0.343023570726 -0.000774648385333 -0.0164519104959 0.0859288325591 -0.0292524665492 -0.0227394902545
-0.602272340168 -0.0206989376832 -0.071024930038 0.0597203426217 -0.00286288855393 0.0238683598983 0.0234138588751 -0.618681077416 0.0260349026143 0.106934869705 0.0715890155831 -0.00441794847887 -0.00104236572728 -0.126332003765 0.0708597968476 -0.265624760602 -0.0448084699966 -0.0103774980177 -0.287834637025 -0.0418561093115 0.0166904536405 -0.0130654037199 -0.193098366414 -0.00778989290414 -0.0110313301553 0.0942815452777 -0.0194272505225 -0.0404846886864
-0.56304797172 0.0687994698727 0.0545133486319 -0.019103277105 -0.0284518959237 -0.00885972263306 0.000770019956106 -0.688018565704 -0.0433296671949 0.0130304129057 0.108486661747 -0.00592559522372 0.0181131167808 -0.131121750377 0.0903708768108 -0.181944936399 -0.0272577259557 0.00808079524506 -0.340063003973 0.0144020087639 -0.00434773781606 0.0159470246082 -0.0529705114562 -0.0508196824829 -0.00327394549095 0.0679335345138 -0.0314306109115 0.00845075983838
-0.516951401992 -0.014333100137 0.0108816756459 0.0807230076141 0.036177841216 0.001589244671 -0.00164572047631 -0.654626813484 -0.0528757051426 -0.0145051171578 0.0928779028485 0.00687601743069 0.00651645278257 -0.209878143996 0.107097360703 -0.222061608834 -0.0150434448557 0.00859448992954 -0.414356140557 -0.0424382908479 0.0132718632469 0.000441071440467 -0.0612079378252 -0.0259348707139 -0.0078914923193 0.0322676452603 -0.00520775405631 0.000617446066185
-0.609849443425 0.00577458158601 0.0917009893735 -0.051868089416 -0.0169475012945 -0.0251561639947 -0.00511822974077 -0.530014002728 0.0474371549162 0.00707478262086 0.0709498070917 -0.00203551176465 0.0140978001772 -0.161738162858 -0.0309032034343 -0.241704267677 -0.0786213221915 0.00265926275705 -0.476441235382 0.00193029735983 0.0189261903332 -0.0207179303198 -0.0634224133886 -0.000947443551764 0.00139117569497 0.0625487969351 -0.00551259220237 -0.00858972586634
-0.595509095805 0.0167702182772 -0.0777060243032 0.103746408304 0.0304353147044 -0.000728438224059 0.0039327800678 -0.564712112402 0.109301973016 0.0857996677936 0.00170415041587 -0.0207588989991 0.0132062770267 -0.315873640757 -0.0391163972846 -0.229532248791 -0.0536681493452 0.0135847578598 -0.277574885869 0.0708318402742 -0.0164488776324 -0.0015722378522 -0.165188596686 -0.00222659891368 -0.0154037783714 -0.134318314046 -0.0247810361574 -0.0542970773257
-0.457951800711 0.0164135994463 -0.00778026057856 -0.0383826269037 -0.0202762202811 0.0093811542252 0.00866279644613 -0.586414189913 0.0886184207808 0.0619478296813 -0.0199029501622 -0.0620069678795 0.017908909214 -0.342814860416 0.115164645277 -0.183934912374 -0.0748822373298 0.00185126044172 -0.374079436967 -0.0688589211945 -0.0423999205469 -0.00943395080077 -0.255038414623 -0.0053205329145 -0.0294159616669 -0.211580357792 -0.0132003473375 -0.00992719448028
-0.489322393846 -0.0212223320418 0.0213015176437 0.0298857317798 0.0301695911622 0.00207689200071 0.00427293017969 -0.631143935743 0.056929279929 0.0748482584017 -0.0496195527077 -0.0708116519731 0.00827478968502 -0.298786130758 0.21718497928 -0.142680594912 -0.0513807739967 0.00999725052432 -0.237561495868 0.0116564789902 0.00469086930926 0.00085296165507 -0.293226742439 0.0428513842837 -0.00569062531232 -0.194855425128 -0.0335068449985 0.00516484399371
-0.665346473016 -0.0207627301553 0.0440792551743 -0.108180321244 -0.0859254645692 -0.00718841442567 -0.00249682819458 -0.491004613608 0.0369400998404 0.0638248767282 -0.0291932715288 -0.0213902711192 0.00956052090891 -0.315715071462 -0.0741068817186 -0.28388866174 -0.0543408970759 0.0122544768086 -0.220432931311 0.0353744324941 -0.00809459595633 -0.0109256078296 -0.189059565577 0.0148096828773 -0.0247506304062 -0.108343246126 -0.0241496889951 0.00913643298423