-0.00822131010479 0.00972833477102 0.0430731321963 0.0600678347961 0.0910465999226 -0.0269161432052 -0.0195298387302 -0.0169165390534 -0.0264006853907 -0.0373439403228 -0.1631657617 -0.0183676084269 -0.0130837436771 -0.359778373988 -0.268247022375 -0.644404550348 -0.302180636529 0.0169636788224 -0.135601777197 0.323135665673 0.0467788363437 0.00857431530354 -0.342988025551 0.0100610573146 0.0214838019722 -0.0587199765384 -0.0222602461516 -0.00106305340778
-0.33523618894 -0.0542613328548 -0.0276388382022 0.0137533846863 0.0749064906845 0.00945234802835 0.000218092539809 -0.410292242622 -0.0768236086553 0.0349171916228 0.110934760328 0.0291049800807 0.0255336198916 -0.235835039535 -0.116924483594 -0.257028036165 -0.0901087251113 0.00124782989175 -0.704226779826 0.144653421215 0.0102426581384 -0.0189225111733 -0.164329577615 0.000666851228625 0.012955148933 0.00398817079397 0.0211698099741 -0.0178613485838
-0.408922780995 0.0274485919715 0.00829379271617 -0.00942129355417 -0.042460748651 -0.0144492015169 -0.0060257612628 -0.487919418062 -0.0942691974442 0.0204826363211 0.0909037911535 0.0183258307535 0.0132470761929 -0.445985223362 -0.075836881516 -0.495368146803 -0.0836168625199 0.0042620596233 0.281287792828 0.131453163549 0.0185341673646 0.00422463367355 -0.129068825588 0.0115548083436 -0.0057733356308 -0.00117364300548 0.0258480283687 0.0486205816189
-0.422706099699 0.0485004533049 -0.0716162827716 0.0215719599082 0.0296913950259 0.0309343491956 -0.018035431293 -0.494364125946 0.123089781558 -0.0733083445567 -0.105028412816 -0.0192635634357 0.00195031955937 -0.00593909314633 -0.152885248796 -0.134883812761 -0.104510100561 0.000920638754904 -0.558129725243 -0.0214289282526 -0.00294040942747 -0.00673100861562 -0.406366221067 -0.0267120764353 -0.00441582380138 0.0261985682191 -0.0448090926677 0.0421135374116
-0.438443860801 -0.0534159323947 0.0945436948168 -0.0166841747085 -0.0526977562987 -0.0199919895847 0.0281037473159 -0.498513498099 0.162210674781 -0.0311472345013 -0.0411909939818 -0.0679538383248 0.00635665650349 -0.224541573664 -0.140642979807 -0.133584893692 -0.117082663694 0.00473227315409 -0.267804524446 0.0360081656884 0.030216664023 0.0251935644891 -0.534085974293 -0.021827724027 -0.0162013973311 -0.18006030406 -0.0604717223423 -0.105704067527
-0.283605800579 -0.00265241745367 -0.00553965375839 -0.000922215121038 0.0131241075687 0.00978715091815 0.00684153702722 -0.287925516393 -0.00986661622624 -0.00076333082244 -0.00788303468183 0.0074768051106 0.012021760924 -0.233705386479 0.0101120274637 -0.000826088078266 -0.0563346184107 -0.000289843232692 -0.656273984255 -0.0198080417031 0.00194989319943 -0.00414242416543 -0.58543180497 -0.00265206530715 0.00199338734518 -0.0557906975481 0.0166195017837 -0.0286154083151
-0.147436435754 -0.00032790324549 -0.000627218847114 6.6210363446e-08 1.06076914181e-07 0.00375797317112 0.00339752213441 -0.150560204023 0.00474013224495 -7.21942542032e-07 -1.09968461637e-06 -0.00989055416184 0.0081825078145 -0.467388355396 -2.91500049789e-06 -7.53589897671e-06 -0.0120183595489 -0.000729269383332 -0.550203818539 2.41018110752e-09 1.2893601349e-06 -2.77661696624e-08 -0.594956835552 2.14977395475e-06 -2.65346668043e-08 -0.277737163748 0.00209824715148 -0.054255415187
-0.336510757543 -0.0127711342534 -0.0125939549791 0.000617106858468 0.0244452120169 0.0282160822535 -0.00201977107801 -0.337623890331 -0.00618679369091 -0.0107571397876 0.0301260929818 0.0233176858086 0.00888621900667 -0.450817107975 -0.110472400783 -0.154594706016 -0.0474120770792 0.00706250980995 -0.62541231637 0.127339437972 0.021177054771 -0.000281734261906 -0.329249262286 0.0292732754601 -0.00752039533798 -0.101931700377 -0.000755566417645 -0.0146734921226
-0.597355902425 0.0641768907128 0.0197861858256 0.00252877977376 -0.0679602835482 -0.0412215397472 -0.000244485515185 -0.579965367421 -0.0210011339063 0.0160136782539 0.0525532569875 0.0101091627391 0.00354953907733 -0.341603436449 -0.0750351889745 -0.323033450431 -0.0723992555261 0.00201286225496 0.178332331093 0.0991748723043 0.0192769168682 -0.0231872172594 -0.126696608447 0.00421839864599 -0.00489776669546 -0.0180436276031 0.0364042490526 0.0136403208051
-0.578958249626 -0.0409995894243 -0.0350852268171 0.0516704957783 0.0693496005943 0.0321174937973 0.0145782307095 -0.488410141402 -0.00614142400413 0.0153821200325 0.0400248140562 0.00343618658355 0.000926110439106 -0.107685358932 -0.0534137755122 -0.157431628241 -0.0736618534813 0.00393930221732 -0.547956453673 0.151061013924 0.00583674808421 -0.0124119167878 -0.190105380959 0.0112589000577 -0.00185714636258 0.0915548444852 0.00298570098394 0.011744115606
-0.493735000564 0.00336783315888 0.00470326784622 -0.0293831300896 0.00887833056141 0.00196600852867 0.00121912657598 -0.681069520965 -0.0656904354886 0.0210557971291 0.0876204272642 -0.0196584191396 0.0221338423125 -0.162533791857 -0.129839914288 -0.185136325462 -0.029794606799 0.020593561233 -0.427516174672 0.0564633313903 -0.00265199113732 -0.0241786847381 -0.0461986367965 -0.0408913279383 0.00486391861357 0.0671635058033 0.0180348361444 0.0632278967667
-0.53351248192 -0.0114725723896 0.00126199094267 0.00256151861112 0.017485334053 -0.00120068842162 -0.00750469723702 -0.631481140163 -0.070258916757 0.0225161978114 0.0395375966693 -0.0303798849434 0.0209233977172 -0.306431565308 -0.0281377497195 -0.259136986195 -0.0124213746049 0.00825833792747 0.338514059142 0.0621357621165 -0.00157190115154 0.00885422035193 -0.133314318977 -0.0241977726721 -0.0181975881619 0.044867197544 0.0232143659993 0.0767080648216
-0.73089215473 -0.0310779752563 0.0506323126473 -0.00447448879917 -0.0945825597574 -0.0224939829705 -0.00229118319461 -0.530847411954 -0.0187241565089 -0.0220961997395 -0.0290934291428 0.0173256869409 -0.0121553781595 -0.223145072286 -0.0378434644221 -0.31618380418 -0.0579692041989 0.0104311639598 0.0503300948931 0.0867745598955 0.0166246746479 0.00941459664948 -0.0364829162665 -0.00940648379024 0.000196859360307 0.0321092370341 -0.00102451154211 0.0362088979403
-0.586093901698 0.0431625813559 -0.0736881427596 0.0176191663463 0.00954023373826 0.0358422672618 0.00823243417207 -0.51339280145 0.0218672462399 0.000231196232149 -0.0565859523499 -0.00772868942016 -0.000565562765876 0.0615464029087 -0.115906606964 -0.11422243754 -0.0512998166741 -0.00445509196168 -0.515192578781 -0.03590894107 0.00314084707945 -0.00546282931531 -0.2740794009 0.00395366403001 0.0134166964527 0.0676203473287 -0.0232737571813 0.00567448984125
-0.539354707695 -0.0119900650125 0.0324975265509 -0.0350742852684 0.0226552102503 -0.0149364437477 0.000206216893848 -0.758746051665 0.0937260796077 -0.020240144316 -0.119579093608 0.0143709976437 -0.00778666321616 -0.0401425036219 -0.100420341289 -0.0862521018511 0.00179755192886 -0.0161829980849 -0.250160770701 -0.0699447357868 -0.0078266842991 0.00066847168051 -0.0887876750632 -0.0303827963091 -0.00256155772544 0.0220382719666 -0.0361464394915 0.0945206051956
-0.551766959533 -0.09248477908 0.0344865850136 0.0016835800712 -0.0532147931153 0.00453212075965 0.010737737586 -0.785485207558 0.127605570401 -0.016438690544 -0.0686288732422 -0.0174547087599 -0.00631574955044 0.00151642055025 -0.0635967091575 -0.0867719591243 -0.0412553271396 -0.0147763267168 0.121108768324 0.030355095006 0.0170916544428 0.0303154392304 -0.0943300951309 -0.0197379507058 -0.0105896530222 0.02664953575 -0.0448690661645 0.0427232671334
-0.419385660148 -0.0302793835982 0.0408239064723 -0.0344843104018 0.00210758502358 -0.0215368201174 0.00544202056297 -0.42289886891 0.0455700739628 -0.0261589932426 -0.00919293207232 -0.0191349514078 0.00122031321095 -0.16708730162 -0.156516971705 0.00428235904327 -0.0612160346062 0.00225912688274 -0.565928455168 -0.0434086469303 0.00211236594139 -0.00156779684183 -0.508280986409 -0.00336166763745 0.00970818017005 -0.00948023766381 -0.0240593264889 -0.0176633692311
-0.223403324487 0.00166733578686 -0.00763060387581 0.00477329189568 0.0124853195409 0.0156771212436 0.00532562802095 -0.224306472454 0.00594751257345 -0.00275128982675 -0.00156272639713 -0.0104248879892 -0.00344714083763 -0.435052234152 -0.0121154950369 0.0743795417978 -0.0349432019953 -0.000766491236752 -0.69187022579 0.000352396486683 0.00511145529285 0.000454171564221 -0.429684030028 -0.0379909482284 -0.000658953532143 -0.194635446341 -0.00736315347657 -0.0143698532609
-0.500153495259 -0.00280928426827 0.0432553956767 0.0574748504928 0.0155931188343 -0.0349773571652 -0.00637844671984 -0.456640934803 -0.00495669601402 0.027508892079 0.00894439296333 0.00325860691355 0.00438589182212 -0.107117636153 0.00337840038649 0.0518497431727 -0.082336443603 -0.000648155784868 -0.383535445998 0.0767331321664 0.00330604583265 -0.000290555860524 -0.596421636417 -0.00411431425769 0.00317968567109 0.0577786967494 -0.0206699928276 0.0167714454737
-0.136188891873 -5.94334067096e-16 -4.17304313889e-14 3.11031653647e-14 8.70024055504e-14 -3.45693842617e-15 2.15529678942e-15 -0.13903935497 -0.00406539556214 3.16925510029e-07 5.11494463687e-07 0.0107934698892 0.00718211175694 -0.508870353923 1.57089523629e-06 2.10874414213e-06 -0.0288971441389 0.00296803665039 -0.509223376925 1.31008417444e-09 2.68890195648e-06 1.10144941624e-07 -0.550643088083 4.91751644253e-06 9.49183013544e-08 -0.366139643068 0.00533194899159 -0.0744326343005
-0.139150081804 3.53024777376e-05 0.000502222062729 -4.46382891974e-08 -6.82383709964e-08 -0.00159790323819 0.00102151467994 -0.140845884034 -0.00173537668615 8.51099635513e-08 1.41614251796e-07 0.00686489761234 0.000265556730339 -0.49689068689 -2.95501151584e-07 -2.03320670745e-06 -0.0271076013164 -2.12296438089e-05 -0.520179625394 2.25696994958e-09 2.76349562994e-06 1.49964660702e-07 -0.562490505408 4.86723995067e-06 2.03734365438e-07 -0.352406504988 0.00625128549667 -0.0435731640038