-0.00206000697647 0.0036602147734 0.0214697332668 0.0247376443259 0.00403992279402 -0.0169408017866 -0.0201714832775 -0.0143698047315 -0.0532886503179 -0.0964502012205 0.0107688114892 0.0255234145987 -0.0272109151059 -0.0124426429737 0.0703831275074 -0.0565060372033 -0.0211441935029 0.0425590062771 -0.480820343628 0.697247830351 0.131318709775 -0.00414485619548 -0.465888815933 0.133138478129 0.00305369943877 -0.0564618953286 -0.0342670725146 -0.00533366859764
-0.455393199633 -0.00432784003017 -0.0764527964549 -0.00166644598495 -0.0435563778113 0.00983901494447 -0.042007146247 -0.475913235839 -0.0527990997455 0.00275642987558 0.0701850851678 0.0868758432035 -0.0170117494229 -0.215846473124 0.0517563494755 0.0180478811248 -0.0138433057541 -0.000109623972683 -0.241795731103 0.491819779051 0.127556527992 -0.0229812185991 -0.39095253931 0.124023265193 -0.00484765748606 -0.0576538190731 -0.0254373887449 0.0422347202776
-0.338348620155 0.0143605063593 -0.0482644015165 0.11053350307 0.0958116294103 -0.0349908738736 0.0269028919396 -0.296556361535 0.0356638431735 -0.0574105524548 0.0245612143494 0.072733442277 -0.0162069869526 -0.348658250945 0.133847711877 0.237277500092 -0.00658754090739 0.0117412197703 -0.422993207227 0.30502648175 0.0728218033413 0.00101330874564 -0.519065134569 0.076188537913 0.00811062262247 -0.109779081652 -0.0195016107754 -0.00321019424711
-0.433261667163 0.0306052255459 -0.0889397834801 0.0314499824097 -0.00407512863645 0.0218669742343 -0.0618587680795 -0.489320510922 0.0248751501291 -0.081164301909 -0.0965381719526 -0.0679781144902 0.00766528697513 0.0246901064755 0.0467583015704 -0.0860655481858 -0.0200268218674 0.0201707501721 -0.341653277592 0.547447086221 0.0890268772312 -0.006987591249 -0.299739363935 0.0860142477623 -0.00840973652126 -0.0601440310745 -0.033245823705 -0.00633381366919
-0.42401577698 -0.0322760286907 0.0968545738355 -0.0118158457567 0.00065604719862 -0.0418014591121 0.0238189832517 -0.471939567854 0.0256950835299 -0.0922076334752 -0.0731520280047 -0.0782337079499 0.0018148895005 0.100798011744 0.00995770841165 -0.0899997767292 -0.00678234662921 0.0548958708258 -0.397090583221 0.522755517346 0.0710544776158 0.0269896432054 -0.307593077466 0.0741966025407 0.0157285237482 0.0304452942811 -0.00220244346307 -0.0672362187741
-0.494115725565 0.0109527291679 -0.0586035560645 0.0923377483095 -0.0900595415646 -0.00962974694138 -0.0121957215596 -0.446320315436 -0.0197067190292 -0.0215752733411 0.052998524773 0.0177554085817 0.00191137662148 -0.221441578663 0.0894662292955 0.186737524224 -0.02239737016 -0.00168562537258 -0.295920382024 0.330544766855 0.0330666312333 -0.0119419065913 -0.479537861554 0.0557895038066 -0.0028575250527 -0.0795987232793 -0.0145780187016 0.0461202481318
-0.307694568219 -0.0350680973471 -0.00483739676269 -0.086404901751 -0.0706198836571 -0.000519326494104 -0.00453315798838 -0.254326015946 -0.0322740195297 -0.0380850520206 -0.0309090063185 0.000563365983102 0.00835787313011 -0.575188706573 0.0523626527707 0.0382214465441 0.00691742913727 -0.000591085468098 -0.287677863806 0.0761241758036 -0.00164972538445 -0.0014068644896 -0.35737699546 -0.00686345961928 -0.00173172018953 -0.521339320291 0.000868863198439 -0.0135188342444
-0.280494217862 0.0369255845449 0.0263724356667 0.0809946611881 0.0369505436435 0.00458131644788 0.00431822063979 -0.261825940611 -0.0249834437247 -0.0555020082298 -0.0376148580202 0.00119603681193 0.00480600725585 -0.580392536532 0.0449393760786 0.0410693642685 -0.0071617352906 -0.00024233351331 -0.286449746973 0.058615660382 0.00795032497819 -0.0018919018167 -0.351858667566 0.000862980135239 0.00130531527833 -0.536302262715 0.000802543001824 0.002268125792
-0.576329891412 0.0472759985378 -0.0553033117199 0.126911382644 0.154677593354 0.00499458120144 0.000682534768237 -0.378907982605 0.0188404299591 -0.0441733707788 -0.0250059701796 0.00389415609738 0.0151713774185 -0.245054747602 0.0967560000244 0.180886644706 0.00121155255884 0.0195512054786 -0.400743188039 0.152140628443 0.00686128957722 -0.000948750155624 -0.398802651623 0.0348538826475 0.012892392993 -0.169485293916 0.0146795366531 -0.00852963866574
-0.670683746465 -0.00523949585361 -0.081979259915 0.0573311181184 -0.0127007941006 0.0438188671594 -0.0205820172519 -0.557676144131 -0.00607390049398 0.00140757119061 0.00226516422399 -0.00140390517288 -0.00357025577569 -0.0647821575917 0.0101088204571 0.0873170057772 -0.0205846376934 0.0107773263786 -0.0268861665723 0.367060524815 0.0841662561985 -0.0201119144271 -0.241080948606 0.0755417096641 -0.0111564170385 0.0636821911129 -0.0196744060172 0.0527317523763
-0.583066573992 0.0139194400985 -0.0380256874996 -0.0585328509247 0.0289577350503 -0.00086722744828 -0.00875008156514 -0.646445041888 -0.00794035693169 0.0469896437041 0.0383306707719 0.0450091670699 -0.00820389027276 -0.203804126824 -0.0248248127764 -0.157514238976 0.0624421147105 -0.00923927360863 -0.160263408363 0.272103309957 0.0946418246421 -0.00838352554941 -0.19570139857 0.110941097377 0.00299664178564 0.00030855902009 -0.00329658672141 0.000848838811158
-0.4249076659 -0.0138082986418 -0.0110387212709 0.0434033905552 -0.00352842737188 0.0042455619816 0.018756814749 -0.515506743124 0.0280487038145 0.0314027342337 0.0589957423747 0.0345401999834 -0.020206682216 -0.346460522159 0.161100488504 0.220954779378 0.00409840512874 -0.0029505496184 -0.362371155032 0.218498069154 0.0627193543253 4.34164587809e-05 -0.395422361024 0.0731269466411 -0.00567989136277 -0.0579056830804 -0.0362152772917 -0.00684705554379
-0.504384041996 0.00461579576335 -0.00135839993258 -0.0284405364818 0.106929501949 -0.0385874956331 0.0189813282852 -0.483264187115 0.000126123566277 -0.0299800951314 0.0406092963615 0.0405059749057 -0.0247758802989 -0.213893553713 0.111569568949 0.183569247392 -0.00998621270441 0.00702611646766 -0.326027012485 0.293207899283 0.0818263042849 6.99509318715e-05 -0.443903094987 0.0641747980968 0.0122105986313 0.00330655140391 -0.0122776214261 -0.0255064815138
-0.67224855241 0.0348638931307 -0.0985018883869 0.0368479008403 -0.0171347443892 0.0217951924615 -0.0310610585969 -0.610964868243 0.0218819867319 -0.0226507688253 -0.0337649308149 -0.0189254536686 0.00681951924298 -0.000348523713079 0.0455003086333 -0.0217342009911 -0.0287773069367 0.00782403657188 -0.0995974633093 0.341820875965 0.0578339180843 -0.0048152450079 -0.132156516731 0.0650632272494 -0.0137951533969 -0.0285399475592 -0.0355445993145 0.0270152759991
-0.519586495721 0.00739865170044 -0.0312746950871 -0.0296714673295 0.0533477345797 -0.00224755348371 -0.00862600853404 -0.719992891555 -0.0622328051961 -0.063564388941 -0.0967286064212 -0.0180596842751 -0.00171509840679 0.155951941488 0.00693834277386 -0.0907344809714 0.0107437371859 0.0161697527547 -0.187063555885 0.303090724511 0.0268745226493 0.00558705495817 -0.148867005452 0.00980807522273 0.00558681101126 0.077074801039 -0.0150712811805 0.0125336193299
-0.591077438066 -0.00424785757423 0.0281445674484 -0.0131313400419 -0.0376828623824 -0.0111685530948 -0.00617812546763 -0.651396733207 -0.0535788957258 -0.0764298590381 -0.0110246299404 -0.0270320087864 -0.0227265392915 0.188016986911 -0.0323266547594 -0.0975764197041 0.050457602879 0.0205717345159 -0.220559857943 0.29448695404 0.0174921493392 0.00527088985806 -0.112032211628 0.0128902540977 -0.00876506588667 0.124037722417 -0.000526083478587 0.0299121912088
-0.586542041581 -0.0125825360672 0.0552247075526 -0.0128809694387 0.00406507200633 -0.0355563159046 0.0256746888873 -0.568089529283 -0.00275107721504 -0.0457557441423 -0.0197450682636 -0.0205060605974 0.00112309002853 0.0879137730589 0.0259767865407 -0.00826244651941 -0.0131414897829 0.0434894420975 -0.267808681327 0.393623500785 0.0552807273748 0.0291016971428 -0.275825058605 0.0491326117192 0.022442497681 0.0673161210459 0.00157341351695 -0.0196250622548
-0.442487458521 0.0113142519954 0.0691166185681 -0.0515321997867 -0.114492208353 -0.00879787027457 -0.0169258107727 -0.349599142109 -0.0214366356802 0.00733793575291 0.0183917844605 -0.00112593973762 0.00335691754171 -0.359914057191 0.228745435738 0.214197476036 -0.0146840491019 -0.00687830590647 -0.406258992067 0.255479829751 0.017783799245 -0.00243126213276 -0.436220247251 0.0408900362112 0.00309452274727 -0.0968274901844 -0.00990162854945 -0.00046969866514
-0.276583582782 0.00165697846701 0.0130275907644 0.0212008169621 0.00435273743865 0.0208950809018 -0.000398678039846 -0.277650819901 -0.00668764279506 0.0042240293489 0.0135026621313 -0.0217893947295 0.0104024625576 -0.528840133156 0.0365628702507 0.0104198686601 -0.070339408634 0.00176432821321 -0.478747712721 0.0308917263937 0.0275647140828 -0.000233519826509 -0.467000650565 0.0738858768493 -0.00745942796701 -0.317792687861 -0.00383651958951 -0.0539735606053
-0.449429875805 -0.0178881749431 0.0047112283111 -0.00274391327052 -0.0350157902564 -0.0289603238973 -0.00710992569792 -0.460800176622 0.0128981128453 -0.0174181824509 -0.0157809886275 -0.0434501155417 0.00608078155443 -0.246239146496 -0.0643790602888 -0.122891707968 -0.0643868649659 0.00893781172278 -0.537056007907 0.135628594911 0.0749927587504 -0.0178264595285 -0.38588155816 0.0702556334066 -0.00567846025742 -0.144144829892 -0.0240924382048 -0.0920005774768
-0.43868109804 -0.00628464389942 -0.0679702796438 0.0367178539067 0.126000245983 0.000883313663839 0.00688320419576 -0.349944432741 -0.0160217830267 0.00703200728475 0.00948515480192 -0.00307044948938 0.00244288194658 -0.326867174269 0.218022993969 0.189645826492 -0.019763903915 0.0137772218809 -0.424313955516 0.268202887984 0.0190588730859 0.0264236388503 -0.44552033337 0.0453461957968 0.0285018891305 -0.0961034559424 0.021284362805 -0.0880328908156