-0.0577992813847 0.0329572742637 -0.125955337282 -0.110601533309 -0.101716578524 0.030595536164 -0.00104729262245 -0.0358173148267 -0.00421413562213 0.1636151006 0.0285505098039 -0.0173191138184 -0.0396547107256 -0.0359331663043 0.122953336762 -0.0626824568206 -0.023561527569 -0.00127471665698 -0.496289080502 0.657580960773 0.0818201838334 -0.00433625342813 -0.449044532808 0.125691357755 0.0153800183929 -0.0350226691993 0.0142004067736 -0.00254212807522
-0.50534942942 0.0371804742729 -0.117655522181 -0.0343197816239 -0.123440550419 0.0233593824684 -0.00578476037541 -0.452349611187 -0.0352132454445 0.0504663723951 0.0767809812322 0.0655770469553 -0.0252592266578 -0.0386304354766 0.190040241905 -0.00939599267989 -0.0804239091979 -0.0192389022185 -0.322985884298 0.511690351062 0.0526303603966 -0.0244256092946 -0.25000146329 0.12488726778 -0.0099801199576 -0.011323123594 -0.0124548519316 0.0251697591448
-0.318101080172 0.00123988237709 -0.136732970236 -0.0572652005572 0.142049681213 0.0179384212792 0.0161908225353 -0.289409530255 0.020478738749 0.0767389867443 0.0579790838725 0.0114527830459 -0.0163816173216 -0.393234634652 0.150792799328 0.116305175945 0.0437954017173 -0.00791833697107 -0.455442865451 0.283600541249 0.0971959064672 0.000714328539497 -0.508894589961 0.0809982177195 0.00473197467059 -0.0413069340331 0.0212483284686 -0.0659281977155
-0.481284241751 0.0305754435419 -0.146254203356 -0.0142491621134 -0.0706120153914 0.0373646455723 -0.00491021717408 -0.446034226855 0.0625430040899 0.0474050802802 -0.104301143932 -0.0877208196993 -0.0152734339598 0.0721607965115 0.0868701346016 -0.0388483136719 -0.0547680219839 0.010619882294 -0.351239589795 0.478121286707 0.0232524995499 0.0104436272838 -0.346537570911 0.0430336349048 0.0346076744894 -0.147323667372 -0.00328172903379 0.025916771329
-0.405348250019 -0.0160000136332 0.010680906536 -0.120579589255 0.000697532015057 -0.00223644480664 0.0243913211654 -0.432122735587 0.0569586160586 0.0192643802978 -0.105159411054 -0.0744281011271 -0.00727736470814 -0.117274832503 -0.0509901427503 -0.1900586749 0.043504220168 0.0143141154818 -0.43938135606 0.4121111348 0.0723556306853 0.0226574487737 -0.426249597193 0.0833050266616 0.025387733754 0.00395684182188 0.0254207100897 0.0061711859403
-0.634294406719 0.0071640334927 -0.0537754331779 -0.0457323824828 -0.064805272806 0.0107277118957 -0.00172716355147 -0.45290986688 -0.0239707880852 0.0251806903955 0.00593825819339 0.0162745500446 -0.0138448817997 -0.0979355047737 0.204990855194 0.112145271014 -0.0496078648722 -0.0171934963095 -0.280436369099 0.327368995491 0.0160273591457 -0.0172157212461 -0.348716469033 0.0379632355848 -0.00822105981918 -0.070934513961 -0.00494674151625 -0.00287675642066
-0.230396554903 -0.000767498926146 0.0733775738123 0.0171502307226 -0.0590227020423 -0.00694021648305 -0.00328339799743 -0.208080261861 0.019620486353 0.0247317313163 0.0203360043839 0.00837999242375 -0.00799581612334 -0.527824246903 0.00597479846274 -0.0268290183793 0.00369226010915 -0.00117933010615 -0.467687483525 0.0281815969718 -0.00936382120035 -0.00118591394773 -0.391311656261 0.0106466763012 0.00205351624597 -0.490337521411 0.00204101696356 0.0138862419669
-0.196569512449 0.000698051172393 -0.0420026562837 -0.00579729039418 0.0141957336919 0.00738785163239 -0.0019866395987 -0.198719239688 0.0114285163074 0.0432807003362 0.0220584341518 0.00539326472852 -0.00670761072998 -0.505509776173 0.0050788245496 -0.00448297453732 -0.00860962366467 -0.000302817786134 -0.448291193602 0.0129349985572 0.000597224252066 -0.00262994948719 -0.462111730441 0.00419369260316 -0.000388509947955 -0.494797496351 0.000688092698157 -0.0453695059888
-0.346307514428 0.0108160228862 -0.18422784634 0.012900052986 0.0915101523754 -0.0134164353466 -0.000679313652118 -0.227038729782 0.0316664838907 0.015656754978 0.00502407351293 -0.00408463692085 -0.00575615976602 -0.535901819268 -0.0309729451037 -0.0243194531033 -0.0238334363324 -0.00129679920974 -0.384737945253 0.0406063374311 0.0534059492277 0.00738805178968 -0.367670227726 0.0292175999424 0.00465329534749 -0.452680315534 0.00214837604778 -0.0394045644035
-0.735020079108 -0.0183827753771 -0.0965199458039 -0.0211017502127 0.020974322935 0.0599388947043 0.000531410408286 -0.529749441149 -0.0134151764018 0.0162255401454 0.0119689533791 0.00236905979841 -0.00358614746981 0.073968636037 0.117841952742 -0.00395581712517 -0.0810805018341 -0.00832074550345 -0.117789876199 0.302961541747 0.0304029839456 -0.0171926402178 -0.104946202097 0.0795422463854 -0.0150859000252 0.116992249489 -0.0122552845095 -0.00843391701824
-0.561100817693 -0.00707079415689 -0.015221932211 0.0407076732225 -0.0123104632146 -0.0224356402614 0.00795340301204 -0.68417751291 0.0227122507686 0.0663703167993 0.0669472971544 0.0391322849155 -0.0100235590511 -0.116497647502 -0.00854978890518 -0.128198893519 0.0311123311585 -0.0202187641242 -0.234321500461 0.289793553129 0.053896672605 -0.0157394984971 -0.141323975219 0.0929196714196 0.00333467859666 -0.00544084407119 -0.00178306704278 0.0350569750679
-0.373618629579 -0.00525359386007 -0.00296567536754 0.0158819188777 -0.00914974711064 0.0021024378811 -0.00453398983195 -0.504077861807 0.00135624896037 0.0393843847489 0.0872872445103 0.0216201372509 -0.0057487566965 -0.293738749088 0.160453643387 0.164033601072 -0.00370946292687 -0.00510283831721 -0.398130099658 0.325223621711 0.0684589286314 0.00861494709145 -0.423957573023 0.0749085500971 0.00261554181421 -0.0467324745797 -0.0135853983936 -0.0224651032163
-0.476581191431 0.0216999159085 -0.0830206843441 -0.0514131886491 0.0758316435662 -0.0243238356439 0.010775058206 -0.447503720988 0.00033761122419 0.0381343334807 0.0332104612885 0.0248294077945 0.000519035908649 -0.298340840978 0.100486345627 0.0704853826071 0.0258964906866 -0.00646217438898 -0.314231410043 0.221721487263 0.13406459358 0.00717972002648 -0.507427864797 0.0922249295283 0.00423758971317 -0.112623570721 -0.0103333074283 -0.0588441829585
-0.715906897238 0.0224412539279 -0.116571293202 -0.00768708018053 -0.0338703956985 0.0141130957342 -0.00819171137168 -0.539574820357 0.0297437366739 -0.014636579368 -0.0460700476767 -0.018094212731 -6.38534999345e-05 0.0952199126123 0.0589842192399 0.0224660768722 -0.0529468100945 -0.00685648100795 -0.122517069149 0.313932719442 0.0176026008006 -0.00463835142975 -0.201415310403 0.0219739197681 0.00161646385742 -0.0777094967215 -0.0140745066066 0.0116373436948
-0.49544688866 0.0413686217912 -0.023726294025 0.00797923436128 0.0324598213081 -0.00234156367548 -0.0146144922995 -0.720108466952 -0.0393646854371 -0.117253967113 -0.0636137583704 -0.0335332458783 -0.00797812687864 0.0694550728399 -0.000640843554703 -0.114052382134 0.0145060653856 0.0291986265217 -0.25322816412 0.306453897013 0.0379592377887 0.0262984438556 -0.176152409128 0.0212940177782 0.0258761277291 0.0024323121352 -0.00896596037014 0.022961945602
-0.585900398391 -0.0314825175674 0.0314415143318 -0.039613814711 -0.0157505071568 -0.0194371205652 -0.00154789037848 -0.652987556801 -0.0539379117498 -0.0907760619816 -0.0422686454462 -0.0280755115976 -0.015835171998 0.0725101896124 -0.0648609852209 -0.124673530734 0.0391067875152 0.0196471330544 -0.267126272645 0.291386064313 0.0266698505322 0.0142918187729 -0.160987106042 -0.00452357849774 0.00923433941787 0.0245925175768 -0.00577727915261 0.03759547292
-0.566874562274 -0.0467450781405 -0.00925974289459 -0.0791267717178 -0.0151051397302 -0.0389240212391 0.0102594015978 -0.54560634011 -0.0120235643374 0.00192389702008 -0.0847972115088 -0.0286349114158 -0.0107081302058 -0.094942149706 -0.0292865494359 -0.0928949889243 0.0137356095395 0.0177709307791 -0.291489814003 0.315396841383 0.0762787393823 0.0262227488111 -0.364201007428 0.072232065626 0.0218499400814 -0.11525918111 -0.0121579258692 -0.0242924229522
-0.544044557205 0.0148627356549 -0.0877229055834 0.0565805963494 -0.104133444623 -0.00010071014801 0.00107286580067 -0.458981804675 -0.063331226069 0.0638533514595 0.0823337925381 -0.00615686849989 0.0194614490533 -0.135808161465 0.137971061453 0.182484748046 -0.0102499995293 0.0119676840144 -0.337521194965 0.211402900341 -0.0189860272118 0.00673942150971 -0.456910976042 0.0193166114443 0.0304853398207 -0.12544918252 -0.00121476483674 0.0157967281344
-0.329240527257 0.073277113745 0.0251419143791 -0.0502122893958 -0.0674033208133 0.00643047558239 -0.00180892811789 -0.3513714955 0.00529053738389 0.0739310921799 0.04143723449 -0.0224208429154 0.0168396350378 -0.587144746754 0.0912141467092 0.062668834283 -0.0330451271892 0.00626075315135 -0.214676888709 0.158003052238 0.0156515404404 0.00421046464992 -0.331865320632 -0.00825464839845 0.0132081285155 -0.455087464344 -0.00904238464518 -0.00599741898226
-0.381832634832 -0.0296951699269 0.00944631956019 0.0391546970586 0.000988028661494 -0.036895155705 0.0086457359643 -0.452344016616 0.038659005188 0.125141555269 0.0355021992663 -0.0443887710839 0.0121123862191 -0.344485151144 0.0334212039426 -0.0983161111533 -0.0676580041536 -0.00111764944723 -0.406137933997 0.121476536554 0.0222529024111 0.0116813832756 -0.463039567947 0.0328001152337 0.00128825107833 -0.308004586052 -0.010063152019 0.0172003817988
-0.383535592298 -0.00446077193773 -0.1835755733 -0.049311262938 0.0608130363085 -0.00487239127937 0.0114715996387 -0.302278163052 -0.0236051223356 0.0485715458212 0.0909486621205 -0.0174573321492 0.00454884107659 -0.493037455022 0.0970645475191 0.00368553634726 -0.0198617549522 -0.0125743114602 -0.267450449293 0.0870074519791 0.00378064171457 -0.00422097357721 -0.378644751127 0.0121111154852 0.00646589513366 -0.483235383117 0.00327754812714 -0.0267674395468