-0.0227510542047 0.0325355501735 -0.0877059170539 -0.133512266796 -0.00774963007487 -0.00648339223794 -0.00825097954207 -0.281771559799 0.195999516533 0.148360819139 0.584407314771 0.0642868939419 -0.0249055292111 -0.162738651837 0.0241608090906 -0.418039464158 0.141227507903 0.0326674776335 -0.0720827681545 0.174858074215 0.0298653887367 -0.0217727627443 -0.439980811976 -0.172111729398 -0.00910224428548 -0.0499044624185 -0.0294488290526 -0.00291569068517
-0.531865026519 0.0906360149269 -0.0305057581391 -0.189857969186 -0.0716000073798 0.0147638595967 -0.0159338618687 -0.470791466464 -0.00896512614713 0.130558448287 0.0377068862161 0.0259425784146 -0.0645199417162 0.0278610611272 0.0463620058019 -0.17645547421 0.056071177831 0.0154095806041 0.0437543837446 0.153962817122 0.0162681086917 -0.00619026555119 -0.585671509843 -0.0756779011369 -0.00961309466437 0.0912471502169 -0.020615722819 0.0188193727193
-0.417318567382 -0.0910966319873 -0.0627159833109 0.154096574184 0.0652136853391 0.0139554991546 0.00327834019443 -0.426463557313 -0.0514449647123 0.100869006522 0.145628801357 0.0402091874163 -0.0574418569305 -0.353925130015 -0.0580439607346 -0.193135480299 0.142212387339 -0.00427136174745 -0.16151215927 0.108556860689 -0.0285790876323 -0.0219635922216 -0.550581229735 -0.0755336042321 -0.0182660097258 -0.172586367194 -0.0120777358142 -0.0116746488795
-0.491080438604 0.0809509188014 -0.0524940776153 -0.175466936797 -0.0907127183404 0.0227091829607 0.00169805500679 -0.609572489416 0.0320029681144 0.0644354870991 0.285909055652 -0.0373151211982 0.0285167039642 -0.113640256736 0.0660697785526 -0.348266439308 0.00264741068964 0.0159026306994 -0.168786762973 0.0205411469279 0.0430164929046 -0.00309723540937 -0.257900490249 -0.113946044312 -0.0108676418167 -0.000173298093917 -0.00823792777939 -0.00298593859471
-0.422055307322 -0.0892841724914 -0.0329407437674 0.0662169624968 0.0775748193942 0.0116486842618 -0.00837649970306 -0.666562182258 -0.0161883057759 0.015325357333 0.288461217934 -0.0436055441959 0.0108628421643 -0.259654655394 -0.0866777983741 -0.325956240119 0.0635281348726 0.0112829235197 -0.139342084519 0.058224605959 0.0263851967378 -0.00732376691602 -0.16600698782 -0.139219224561 -0.0227574179601 -0.122946011388 -0.0172372721557 -0.0200349858438
-0.66907124302 0.101796736842 -0.0339726938166 -0.117782559467 -0.0436250011536 0.00258522018646 -0.00679237249081 -0.547358473674 -0.0305260611966 0.0844985435833 0.0128205397281 0.0069718514274 -0.0208247904937 0.0533771059587 0.0873890677367 -0.109910572465 0.0203870413796 0.000407686277115 -0.00573166525098 0.0914060589826 -0.00197151605507 0.000578237510724 -0.422450245662 -0.039898902008 0.0180574809557 0.0660084096674 -0.0232552703458 -0.00491047827867
-0.425510231597 0.0487768537755 0.0425511622361 -0.031480635446 -0.0104829504625 -0.0199906985234 0.0094020951054 -0.635749851515 -0.10110174525 0.144704778146 0.087359518873 -0.016573323136 -0.00416136166239 -0.299313674297 0.0223934304007 -0.100602973591 0.0955836419935 0.00694549789543 -0.251013936449 0.0487236138877 0.0196053833703 -0.010129120566 -0.415911892085 -0.0728408403695 -0.00666369164601 -0.12590808701 0.0169318434278 -0.0127579492047
-0.427150734145 -0.0299989318562 -0.0310512329581 -0.0244443871639 0.0165660369063 0.00690343881859 -0.00211477997752 -0.645250380508 -0.107830358719 0.103053449191 0.0761416997689 -0.0315923161981 -0.00406332119178 -0.213566116642 0.0438711145137 -0.210041320482 0.0524453728225 -0.00263544401432 -0.299027374827 0.0335133508465 -0.0144109725066 -0.0128998255663 -0.386034697476 -0.0765886213237 -0.00580591692513 -0.165729830495 0.0305018038554 -0.0265107561944
-0.535622049969 -0.139874090274 -0.0578292903928 0.0989914400315 0.0165324530383 0.0303576655361 -0.00182718321318 -0.597537194531 -0.0623448734991 0.0793939192777 0.0684219482867 -0.0333217654773 -0.00541000826526 -0.271062234869 -0.0429908538071 -0.145945910006 0.0752191412493 0.00462814058625 -0.0848811867827 0.0840406238582 -0.0252575211175 -0.0149455945691 -0.367239474667 -0.0902690041919 -0.00478067341362 -0.209573399452 0.0288290472401 -0.0303409796569
-0.624054071485 -0.00356598192316 -0.0727972242634 -0.0708808012999 -0.0694856408025 0.00564320853943 -0.00926135859937 -0.566373438139 0.0311548354912 -0.0583322107955 0.0898489654143 -0.0172797120452 -0.0222820433367 0.101159825941 0.0347911302415 -0.115411684598 0.0180832206738 0.0239373786698 -0.0651097403056 0.026760320015 -0.0110670721798 0.0217220227962 -0.467864149804 -0.0379940121022 -0.023661715078 0.0921961596433 0.00420733619564 0.0249583273189
-0.658010473662 0.0572124134269 0.0233800489567 -0.116819885885 0.08132403174 -0.028494954918 -0.0135989450494 -0.60250803767 0.0480419949799 0.0503820688431 -0.0430555694386 0.0281571148594 -0.0286384271549 -0.0311173582883 -0.0134752104564 -0.129671669269 0.0736108908063 -0.00243994846239 -0.0145973543975 0.141266127634 0.033310964021 0.0046999259379 -0.339005744205 -0.0345974097175 -0.00936753546195 0.0948395505201 -0.0226399187717 0.0144600293585
-0.418316501476 0.00493928110116 -0.0194525239834 0.0108642989291 0.0287651247532 0.00459288406546 0.00052943336459 -0.471678685249 0.0414570940783 0.0109434605961 0.0243938043947 0.0431106184526 -0.0271949275163 -0.272305685494 0.0212024293754 -0.072740690091 0.133956240317 -0.0208428814076 -0.384117435034 0.0494685542615 -0.0256904507406 0.000250022737072 -0.585398816824 -0.0551559262033 -0.00596221196156 0.00689964347777 -0.0372102519181 0.00208328730065
-0.584177021442 0.00699622723005 -0.0658419049039 0.122148453636 0.099609660762 -0.00377274077394 0.000226500357609 -0.414055099222 0.081367194516 0.00151803321882 0.0501135767374 0.0447071299509 -0.0148054773877 -0.396756232222 -0.0625057405146 0.0366144378407 0.0446356947787 -0.00538498851504 -0.107101719621 0.0434608906165 -0.0057230722454 0.00295679154767 -0.354868487891 -0.0130449509723 0.00234803377884 -0.37699929 -0.0184480539516 -0.00639978881435
-0.588323561999 0.0523639141983 -0.0187296569582 -0.1168832951 -0.00875433120747 0.00925458743852 -0.0012340717507 -0.623533475342 0.0324527360571 0.0779799510132 0.151085558527 0.00627644276467 0.0071524116802 -0.0577891331569 0.176268896688 -0.185839338678 -0.0188724915268 0.00761143168983 -0.25362912195 -0.0185333129191 0.059475141561 0.00565809921201 -0.282119267977 -0.0196072043273 -0.00551085456423 0.0219147552567 -0.00229464870725 -0.00434046346945
-0.550149364434 0.104648135852 -0.0124224924726 -0.0232792613367 -0.0766218781612 -0.0145772026816 0.00758717734831 -0.758532050684 -0.0330744089297 0.0194443350316 0.14338180817 -0.0206474354729 0.000893173505233 -0.0808498530226 -0.0597725017124 -0.188893100694 -0.00169295071849 0.0154463482266 -0.0913698052231 0.0696904986644 0.0284112792954 -0.014487297174 -0.125524649251 -0.0691280712575 -0.0194586279162 0.022263015438 0.00745387009063 -0.000366746188067
-0.476133056582 0.00361977238329 4.85150621894e-05 -0.0395245188615 0.0297630885485 0.012506490232 0.000319128478368 -0.806551613122 -0.0913497566523 0.0372115960758 0.0989653905583 -0.0150367204029 -0.00530917696171 -0.0740371184663 -0.0948214983434 -0.173252180819 0.00345021359429 0.00461950438601 -0.0899307502974 0.111279673419 -0.0152477571255 0.0165841626169 -0.168379339367 -0.0688173971999 -0.0278926358291 -0.0253414438206 -0.00366832308961 -0.0188348517599
-0.653275858666 -0.0940813281651 -0.0348269632993 0.0498336483168 0.0892312374294 -0.00342250745526 -0.0139345073414 -0.607788527156 0.0200184541155 0.0479873669322 0.0926494276065 -0.00498954681539 0.0207376684294 -0.171335815428 -0.0316953439791 -0.212882496902 0.0577638090602 0.0258762179933 -0.224207315078 0.11333480413 -0.00668463441036 0.00232819283664 -0.155102087823 -0.0494685570099 -0.0140251849134 -0.00894295625605 -0.0323125627564 -0.0262970181476
-0.585363889438 0.0567586363932 -0.05471457878 -0.125771534435 -0.0379959349924 -0.00409590740607 -0.00645917159049 -0.564232693269 0.0173529799833 0.101048604212 0.114500597997 -0.0261190818555 0.0051664455342 -0.0817123276795 0.0569320691341 -0.316934831001 0.0007047779769 0.0143643181937 -0.199290366321 -0.0691985165612 0.0145258821783 0.000449738306717 -0.36363691301 -0.0453867753904 -0.000470930155329 0.0353984764136 -0.0162755113058 -0.00495548772117
-0.430058717279 -0.00319186931959 -0.023904842336 -0.000595647658465 -0.0118427528729 -0.00303586078444 0.000424973756432 -0.539644158205 -0.0170658424358 0.0155914938081 0.127557942455 -0.0528902969142 0.022743398702 -0.350129951594 -0.0441010977723 -0.21018079542 0.0225318227314 -0.00462599326005 -0.192850090057 -0.105222939929 0.0638422601826 0.0114858563996 -0.471941330006 -0.0974353395437 0.00963216250457 -0.220981591622 -0.010311495376 -0.00401017214317
-0.430053466285 -0.00365155235827 0.0336289829459 -0.0014715536045 0.0143005044712 -0.00909603686283 0.000635419290698 -0.543752561186 -0.00170360406298 -0.00239632004517 0.160940779306 -0.0360524096254 0.0109664600505 -0.331232054615 -0.0236348186457 -0.17090215865 0.0447784268102 -7.31519944303e-05 -0.093608930105 -0.106656962157 0.0616225550866 -0.00948047586969 -0.505328501932 -0.0882734105532 0.0283278833744 -0.247062036301 -0.00414554035106 -0.0101293804342
-0.566042900201 -0.0315622595784 -0.0269329394847 0.146946807516 0.0678796654304 -0.000573048994383 -0.00260010336665 -0.505635014422 -0.0133303102715 0.0108328686912 0.0910603619364 -0.0394695311282 0.023232245147 -0.308821653046 0.0147229049647 -0.217618235403 0.0362873157693 -0.00784940214907 -0.198300658508 -0.068712595169 0.0399361124185 -0.00295910304282 -0.404722684048 -0.104272175347 0.0117584651602 -0.143058969041 -0.000656637209033 -0.00805050871733