-0.014512027505 -0.0355097109161 0.0582804868951 0.0947406440302 0.0314711515194 0.00687172163402 -0.00484213292557 -0.296588657935 -0.10187445922 0.252854301838 0.441368628999 0.0705995584035 -0.029764943167 -0.144438148466 0.228282607178 -0.347206380247 0.039478041232 0.00692644027702 -0.268853756382 0.370883623417 0.151227153849 -0.00958707469066 -0.439442169708 -0.00372736640199 -0.00257904864121 -0.0327638642198 -0.0015242440824 -0.00121974877951
-0.19484366884 -0.00122552209699 -0.0214616103602 -0.0380615461528 -0.00308941021114 -0.0153861335852 -0.00416753663203 -0.186522831335 -0.00426064971679 -0.00965876491719 0.0279459530847 0.000789004861256 -0.00640581666077 -0.330836476697 0.23864090585 0.0947427292488 0.00446482901499 -0.00712638803074 -0.397805386503 0.061475204381 0.0392506736358 -0.0066945289599 -0.752296168717 0.0153342448388 -0.00445071257041 -0.136193980233 -0.00215974983729 -0.0177711124703
-0.330123878897 -0.0131673937019 0.0874870600976 0.0426092449137 -0.0093672410711 0.023993561502 0.0104105635091 -0.299778634269 0.00231616881774 0.0310952153031 0.0444160691155 0.0208195651262 -0.0101244634289 -0.157865328036 0.139694132988 0.0436727059631 -0.0151142960891 0.00842717990203 -0.0278870334429 0.197305205034 0.0667737041921 0.000345043239424 -0.827903137899 0.0441437197638 -0.00137247490872 -0.0949156126294 0.00560484231863 -0.00566943152577
-0.419718928027 -0.0763069860678 -0.0215577614341 0.0619383632792 0.0535595732932 0.0331144412452 -0.0166372567312 -0.723860990338 -0.0993994252969 0.144632707375 0.260504466783 -0.0296981877299 -0.00597486643317 -0.0330876130657 0.089242220221 -0.239689843791 0.0590521602154 -0.000905063000136 -0.226595412876 0.150634273216 0.0789825869574 0.0010672261732 -0.182118561651 -0.0450998201686 -0.00158940283862 0.0156073741282 -0.00495011106525 0.0130697227309
-0.481394688064 0.0309753361619 0.0502999106562 0.00176848252102 -0.058906010703 -0.0462156705678 0.021333931632 -0.636394390599 -0.0566327232202 0.147647328405 0.191664890298 -0.0857940542197 0.00616791397505 0.0316220297321 0.098857822925 -0.294911613671 0.00671077322294 0.0176301783418 -0.307591614474 0.117342775518 0.0368922531556 0.00530571947962 -0.247133059872 -0.0639199416743 0.0258592301297 0.100662930635 0.0159830417689 0.0218236345051
-0.38341949993 0.00187519463922 -0.0332222584943 -0.043633712303 0.0106106131921 -0.0138251614686 -0.0101403645086 -0.350316450863 -0.0211471316278 0.0260189123732 0.00975918767415 -0.00201167021934 -0.00331122195027 -0.235959364722 0.228978856725 0.100548495804 0.00261968372191 -0.00942380912639 -0.312755306636 0.0809269405949 0.0365400817151 -0.0128912720335 -0.705779845967 0.0154690830313 -0.00748500907949 -0.0426140720096 -0.00345387892948 -0.0344547514476
-0.222381358761 -0.000568804145766 0.034610085791 0.0238747056476 0.0224160447975 0.00616254230564 -0.00438809003151 -0.216631425031 -0.0217060199303 0.0164917048492 0.0115611067328 0.00132451824329 0.000435263033853 -0.555205300935 0.0386344787913 0.0437444416943 0.00202435553433 -0.000923513305288 -0.365676503015 0.0189504454357 0.0122479563675 0.000999833651749 -0.478560730419 0.00828916293184 -0.00228475024742 -0.474785527542 0.00072230433455 -0.00104758184607
-0.211209492325 0.00196218987974 -0.03575117222 -0.0174169335478 -0.0331723359964 -0.0107997196895 0.000495049431887 -0.204845053335 0.00287470255638 0.00141735753645 0.017734267698 0.00150512010044 0.000636691732789 -0.55246489976 0.0215765319812 0.03182499484 -0.00361955120494 -1.06570958583e-05 -0.430034765989 -0.0484895881896 -0.0027703876113 -0.00132896948771 -0.47842815645 -0.0045181114914 0.00111743330127 -0.432673737044 0.000560694768221 -0.0133196322526
-0.482402535897 0.0012065200838 0.103980929417 -0.0103854840702 0.00879133361369 0.00524051639063 0.00522150587438 -0.399628424772 -0.0316123078625 0.0369345516368 0.0248473516189 0.00940207225427 -0.00720183572132 -0.230127818044 0.291258945298 0.110611514807 -0.0087188074073 0.0127860710042 -0.205129488457 0.0670523430604 0.0214936127845 0.00729782495675 -0.6282645861 0.0127216849013 0.0014284369837 -0.0240638240116 0.0240109045078 -0.00449255781465
-0.377700542039 -1.5642040674e-05 -0.0166733245395 -0.0685171171499 0.0345717059674 -0.010371171524 -0.00316830392496 -0.334499803662 -0.00523138733775 0.00420109496996 0.00301393765273 -0.000259462936679 -0.00271721808317 -0.228932612693 0.235129071328 0.0825604397182 0.00201663254426 -0.00833284503027 -0.314287800786 0.0792939672441 0.0365642344145 -0.0124612098444 -0.717682248621 0.0132281677318 -0.00319941130426 -0.0398643812657 -0.00286054024084 -0.0333574652965
-0.223244210574 0.000657888038681 0.0509496880536 0.0303355512545 0.0240967584992 0.00967474341451 0.00250364007757 -0.213463684817 -0.000750953313567 -0.0133501297764 0.00734898877051 0.0110310482975 -0.00355763067172 -0.567780010786 0.0113436003959 0.0365319174641 0.00794673436369 -0.000255965105491 -0.411530064351 -0.03173421041 -0.00397509452279 0.0020525044629 -0.452482537087 0.00874254204139 -6.32243488473e-05 -0.448249645081 0.000582799135493 -0.00119082014399
-0.345757652503 -0.0125126223583 0.0184679704246 0.0310281727787 0.0126710263094 0.0225930805761 -0.00317777786905 -0.34201348963 0.0149507179793 0.0269446690112 0.0228114826154 0.00981872387671 -0.00955694755162 -0.38197431849 0.178275184726 0.0794130821238 0.0139368622047 -0.00522161293474 -0.329951953928 0.0182562750894 0.0416206575238 -0.011931746198 -0.652012158056 0.0110170167761 -0.00149947731039 -0.196716297769 -0.0209293701691 -0.00314423499236
-0.555944211355 0.00432911113567 0.0488084260153 -0.00727626568128 -0.0467667503951 -0.0187695370124 0.0195761768626 -0.519770493375 -0.00423198697536 0.000437601884103 0.00543960823905 -0.000878084607596 -0.0103651310686 0.0126110023804 0.0690501477272 0.0248423664591 -0.0279275164089 0.00441201054898 0.164472730923 0.180456648906 0.0540587859292 -0.00280703668943 -0.583203996323 0.0499900471778 -0.00894073954062 0.0588944656693 0.00187005705824 0.0128314038163
-0.520757312064 -0.0391689860153 -0.0318778205244 0.0171261510185 0.0460147826366 0.019981973155 -0.0162763224965 -0.583855724178 -0.0284265053582 0.0529586406375 0.111235414792 0.018969776972 0.00308982026846 -0.11241898665 0.175375203132 -0.0690035274295 -0.00135526357553 -0.0207433466199 -0.2086701583 0.184252828206 0.0685664388059 -0.00413119369553 -0.48270302705 0.0270698012836 0.00915888664087 0.0256600307123 -0.0150116623907 -0.0210267497976
-0.48651654581 0.00541734115028 -0.0129988226301 0.010826151153 -0.0204916696083 -0.00171554623043 -0.00311565876618 -0.692130014966 -0.0102019489858 0.0664564975092 0.161707878871 0.0156267662809 0.0190678630957 -0.0233109207503 0.0399820111289 -0.115297406064 0.0468097087336 0.00148311923713 -0.140442002459 0.180095768893 0.0595838169602 0.0270490931522 -0.419232274999 0.00987521640148 0.0271368734212 0.0388250216654 0.0057189068963 0.00574480172842
-0.54982293555 -0.0229091408128 -0.0178315245615 -0.0439875998671 0.0279169873564 -0.00807838858025 0.00357245079415 -0.64771515899 -0.0506050677097 0.0313772177814 0.119427677612 -0.0121838682989 0.0220553732789 -0.0638616668914 0.0842702077723 -0.139508452145 0.0474935822379 -0.00887330249346 -0.284641369637 0.0887053742412 0.0280113583533 0.0192593677243 -0.359855854217 -0.0119967758229 0.0315606653783 0.0478958837578 0.00331159096586 0.0108893736305
-0.666586826905 0.014657971758 0.0415743170062 0.0763830678045 -0.0594736405155 -0.0226097973926 0.018955689637 -0.64574583218 0.00657684795131 0.0222043198094 0.103125388111 -0.00136631215818 0.00330420930648 0.104786103996 0.0709964615301 -0.121761498893 -0.0421499991089 0.0169116646639 -0.0443892348517 0.143249941327 0.0454561763394 0.00568771988078 -0.176602391291 0.00409385931874 0.00187888516967 0.161354437124 0.0228379434211 0.00639673672396
-0.62320565729 -0.0391987174566 -0.0732448917994 0.0407709950332 0.0300058503388 -0.00523772909229 -0.00327738157806 -0.68774792106 0.0294633520242 0.081901663213 0.121395851347 -0.0183299076719 -0.0186219926401 0.00368795094624 0.0731222779002 -0.144278013736 0.00201509630578 0.00865309891739 -0.238176735954 0.0114326837878 0.00890305403257 -0.00903444232879 -0.133548402216 -0.0543138586991 -0.0166221686769 0.0394311620931 -0.000852343195717 0.0150782401376
-0.503315383803 -0.0376822296062 0.0128643066058 0.0590214253138 0.0149080554886 0.0108866062669 -0.00484219944063 -0.606659171118 -0.0290584857682 0.136459179737 0.0111811743269 -0.0709365744332 -0.0100770386189 -0.381521360115 -0.0508885095933 -0.096935605182 0.022761359289 0.00297426242294 -0.22672280097 -0.000885923751483 0.0344794729055 -0.00781282061201 -0.230081361249 -0.0572248316756 0.00383485068729 -0.284827920918 -0.00569494858749 0.0192175155587
-0.429682403143 -0.0200381580663 0.00357035412179 -0.0231686796019 -0.0499901768272 -0.00709684249902 0.00148251064985 -0.518880176962 -0.0146347641242 0.0792257245309 -0.106523893096 -0.0175264604139 -0.00143251298654 -0.387899135677 -0.022508790471 -0.0900216066985 -0.0277461314352 0.00231730176815 -0.337669102205 -0.105410924311 0.00908263093708 -0.00785830905272 -0.288993757284 -0.00625424566484 0.0298083299104 -0.393206483214 -0.0115850756138 0.0129641311127
-0.594454938113 -0.00499698884114 0.0572399931713 0.00312347369493 -0.0602917313573 0.0064328421259 -0.00620832854855 -0.518638092545 0.00652132272327 0.0885167427132 0.0263111878259 -0.00500135122663 0.00237709506964 0.0296203882325 0.0285989054797 -0.267991519479 -0.017528580359 0.0153153310615 -0.381473274096 -0.127023062134 0.00646278634543 0.00749020894661 -0.352917846228 -0.0194772604064 0.00484659540439 0.0314769496826 0.0139357577209 0.00781217614004