-0.0444666833131 0.0689156822382 -0.0340436334332 -0.14843536798 -0.0710240074872 0.0203959555631 0.00166229591475 -0.115841989005 0.0763794903757 0.171401974166 0.177581069937 0.010887906528 0.00753664459718 -0.0403642372796 -0.0254155619893 0.139661666359 -0.0685874228506 0.0131682515824 -0.483172726335 0.601214611647 0.0698228831351 0.0573298829968 -0.497129881234 0.0620513870473 0.0540668781835 -0.0206821224583 -0.00777066088527 -0.0118741567559
-0.334306412663 0.0701186337953 -0.0614796987644 -0.0721528164535 -0.0815744417471 0.0321570887398 -0.00188212720138 -0.312987146871 0.0427421352643 0.114803696396 0.0214262714258 0.0109194137387 0.010895700473 -0.515388488531 0.119739394843 0.229935883135 -0.0619268748582 0.00967338497397 -0.4036586892 0.315158034557 0.0383828611361 0.0229411664796 -0.328893145296 0.0451309794505 0.023208258076 -0.200947978601 0.00178330466855 -0.0287112289639
-0.322172372276 0.00148720435398 0.0434496598533 -0.0585298327865 0.0105256942408 -0.00298707797335 0.0068050366806 -0.396436953076 0.0397118063557 -0.0257215889971 0.155644683542 0.0351064425744 -0.0038147603968 -0.457781299938 0.0734662184027 0.200801458999 -0.0360688550103 0.0175100352281 -0.316449104579 0.434376299496 0.0705246543947 0.0434942690432 -0.367275197918 0.0785813464299 0.0483583751793 -0.0991817083679 0.000908960847645 -0.00542230594176
-0.396076989758 0.0555719123792 -0.0998123999235 0.00116834579566 -0.0252805075258 0.0520885224311 0.00608781836262 -0.382491583484 0.0882905547599 0.00176575879363 -0.00557258183382 -0.045468589241 -0.00323014546213 0.152473674643 -0.064529376752 0.0352789867024 -0.0360648079454 0.00931970263631 -0.579390303408 0.219808840022 0.00310121072311 0.0173474717715 -0.495489152933 -0.00991363227049 0.0150654732756 0.100152696941 -0.0111177146454 -0.0110261292739
-0.39848840904 -0.0423734026854 0.0831099849427 -0.0621304111805 -0.0160395187896 -0.0426140175627 -0.00256388457604 -0.457597578662 0.145906318988 0.0589422656783 0.0521184101344 -0.0631644463434 -0.000718007534897 -0.0215517610369 -0.0946204209416 0.0589333147755 -0.0619592321926 -0.000950257264056 -0.395245616536 0.366308977883 0.0303546657763 0.0464219865334 -0.52086061342 0.0282863274933 0.0439862929989 0.0302654023018 -0.0157075101867 0.0172505845981
-0.515978238187 0.0262066402129 -0.0723183281449 -0.0456742140698 -0.0299968968997 0.0240465992584 -0.00675897672149 -0.413036510765 -0.00486903360839 0.0586449582686 -0.0110740195104 0.0146925699744 8.1849396594e-05 -0.385343945646 0.164976694652 0.188102538281 -0.0472097716303 0.0156331503338 -0.436011435697 0.28891721285 0.00838060459106 0.0147215173127 -0.234248322225 0.0321653841956 0.0139685968621 -0.0655567551089 -0.00229344179419 -0.0447796382083
-0.311260158678 0.0107616402944 0.0183617321911 -0.0259333391223 -0.0350145685864 0.0115550344386 0.0024835530809 -0.361321418189 0.0840438657793 0.0172966517456 0.0465108367582 0.00741279937201 0.0222695412735 -0.566817171956 0.0885842210628 0.117783609201 -0.00876671645771 0.0109998794478 -0.36868989515 0.0934877228023 0.0348108632765 0.00758088375281 -0.363046558885 0.0643258719873 0.0131452691655 -0.366927934433 -0.00339930074853 -0.00968527926861
-0.3087199344 0.0530679429895 -0.00850359419748 -0.0556776877092 -0.0558305884432 -0.0164728242044 -0.0021709935559 -0.368725073402 0.109910550114 -0.0083435665365 0.0822549920303 0.0301230567135 0.0129714062575 -0.55258157784 0.0886234177404 0.147118568599 0.0189021412798 0.00679563148152 -0.322063716479 0.092619499153 0.017716966853 -0.000194296370563 -0.364969301249 0.0246789332175 0.00761280573439 -0.396595152471 -0.000251484157569 -0.0183882497671
-0.396708737953 0.00701048955637 0.0031232291482 0.0489506611256 0.0197289474064 0.0143198892955 0.00330031062831 -0.421527433878 0.0652097385913 -0.107478288691 0.0605550278266 0.00202581531774 -0.00798979412451 -0.590248471323 0.138615305233 0.300960357922 -0.0124638488195 0.0189802375824 -0.265238783139 0.198335097851 0.0152890511094 0.0262681545591 -0.264115980804 0.0253350533799 0.030651550832 -0.0405633035555 -0.000557973289601 0.00640999402537
-0.489742906589 0.0168426596548 -0.140390479777 0.0580649465981 -0.0419715331757 0.0375722401142 0.00340896126201 -0.406036783284 0.036852902652 0.0521067601318 -0.0332686378345 -0.0205200320976 0.00777116810104 -0.469316840737 0.0874661828478 0.171340471094 -0.0530176256187 0.0046897639437 -0.398756264953 0.202230020675 0.00271144661567 0.013133155852 -0.266797076928 0.0223301566164 0.0155674808785 -0.172537679969 -0.00478075027393 -0.0343322818255
-0.440127938422 0.0884417830819 -0.0212612761099 -0.0427391066934 -0.0655874223189 -0.0174819541189 -0.00206411105098 -0.467486356468 0.0350204813475 0.0922478401427 0.0283149566067 -0.00502536047634 0.0113756338533 -0.478979618227 0.0801229145179 0.0711060312182 -0.0123753599894 0.0067828639531 -0.318709220502 0.246492375541 0.068437172012 0.0279929696944 -0.335179746383 0.0633518777078 0.0229490363813 -0.190853499669 0.00749102050888 -0.00864593328273
-0.470810559232 0.0108002745489 -0.0146415135043 -0.0603046054787 0.0502001297307 0.0272787563394 0.0202042485056 -0.65033521644 0.0582277413176 0.0832005928323 0.0567929127323 0.00443109025887 0.00371997054913 -0.243599717386 0.0254331521685 0.0407065988447 -0.0200870400921 -0.00335263936479 -0.22366546114 0.353087172449 0.0540838020243 0.0246063756764 -0.295156604925 0.0809272975128 0.0129106210765 -0.00483434129528 -0.00629709975657 0.00257763013594
-0.475628898473 -0.0083546096668 0.0882148368804 0.014261472648 -0.00165599759288 0.00424959075807 -0.0121955079792 -0.460962016507 -0.0111589214564 -0.00661213450336 0.0519042697212 0.0130300154997 0.00236984203187 -0.439290904111 0.10418202903 0.151180261932 -0.0214905707095 0.0163513553746 -0.289292748308 0.332571950727 0.0375781323016 0.0492143532668 -0.337537510001 0.0288053408962 0.0611600154454 -0.0766474980882 0.00815731566036 -0.00648158774126
-0.598570581508 -0.02053340347 -0.0756559788743 -0.042448129949 -0.0738903437682 0.0493105995203 -0.000378424936165 -0.465059742933 -0.0138959089189 -0.0778660909891 0.00419027374671 -0.0134972778917 0.00368081093918 -0.0741473869631 -0.024411700682 0.0662521025613 -0.0596061127831 0.00687186540581 -0.496848395947 0.210187100835 -0.00148293089159 0.00399700508929 -0.305427855666 -0.00555606073857 0.00639312720841 0.0504768901105 0.00206935441531 -0.0455629110254
-0.545055555582 0.010046536708 0.0190127711064 -0.0509124993367 0.0187494477865 -0.0195000645592 0.0176896538484 -0.571621486705 -0.030415615011 -0.0268596504439 -0.0827450622334 0.00737064318981 -0.0113784236868 0.136588639428 -0.018477338979 0.0217038639409 0.0699575904183 0.0213457683791 -0.370693929114 0.0552034317152 -0.00739108216874 0.00867197003179 -0.413063805197 0.00869459434024 0.0106287117671 0.161465916003 -0.00302236275847 0.0329618949525
-0.624558531094 -0.0365753750999 0.0368594150677 -0.0543885933377 -0.0355377826412 0.00105261731886 -0.0204724660331 -0.595585967143 0.00375979294387 -0.0127700530369 -0.0658843123719 -0.00806723834394 -0.0147196938164 0.102011270163 -0.107221814707 0.00532849426997 0.0210778512055 -0.0151804335239 -0.193154683525 0.215655854442 0.023079903969 0.0467498129887 -0.302721698088 0.0374459261326 0.041365592829 0.197011906697 0.00627909337445 0.0178730241868
-0.520648613954 -0.045938781879 0.0617431123402 -0.0035730224233 0.0275266259326 -0.0141701512641 0.0161833914226 -0.576929147092 0.0844559311997 0.095280271645 -0.0558950073193 -0.0218206373313 -0.000836331145599 -0.113100980025 0.00430482550853 0.0724121790537 -0.0585422783421 -0.00574974562048 -0.308317343228 0.309988967311 0.00899952303803 0.044905351703 -0.386324982693 0.0171221477723 0.0377942732879 -0.0545592567734 -0.0198453276022 0.00251113982951
-0.370414251566 0.0240876406126 -0.0349864666347 0.00897822284542 -0.0885889219781 0.0330556101747 0.00111962659111 -0.342541279773 -0.0102012566516 0.0607787293677 0.031044845956 0.00323890657028 0.012450271128 -0.570912553214 0.0405063772545 0.197142934177 -0.0380473145286 -9.06944322822e-05 -0.35649681109 0.146072940957 -0.00629497310966 0.0106675363003 -0.384987885045 -0.0215569363528 0.0074055995904 -0.250995913798 -0.0166832470159 -0.0348783669634
-0.460543067426 0.0286174336506 -0.0282924947499 -0.0124023091618 0.00359245092502 0.00644578167838 0.0017101151219 -0.537782147376 0.0643744489741 0.0390940780347 0.041795024441 -0.0210419619952 0.0106315539747 0.0748943329664 -0.0396797862393 0.0310090919173 -0.0278008733587 0.0121046012058 -0.484862143142 0.175763503467 -0.00308382622568 0.00768170475802 -0.454690291086 -0.0183805760339 0.00730243953275 0.0767076825106 -0.0252466263809 0.010566614411
-0.401350891872 -0.0130245399494 0.0168804074349 -0.00926479359927 0.0109116474312 -0.0208837099933 0.00312206609179 -0.43313136266 0.012005563563 -0.0293671490173 0.0941323160955 -0.0300738626951 0.00399009296712 -0.243156278247 -0.0418028394018 0.0941684896833 -0.0537404885772 0.0115987848393 -0.44659669156 0.138496282934 0.0154081892618 0.000236608698403 -0.586384594117 0.00509086968716 -0.00114564989571 -0.057378040926 -0.0240868043196 0.00670432729708
-0.333069881757 -0.00852543151723 0.0133743272469 -0.0182450491858 0.0373445700392 0.00373655652869 -0.00731475870004 -0.355992020538 -0.0236169105072 0.0282866973678 0.0610188158016 0.00485940674014 0.000366409540159 -0.589677364205 0.0640678013546 0.155645035565 -0.0124888974157 0.00645655542554 -0.377038551496 0.182845789321 0.00275356023604 0.0121280630734 -0.380831919226 0.00745462718943 0.0146461285314 -0.239968800965 -0.0105768262527 0.0137952848554