-0.00527854151792 -0.0253119988063 -0.0221176930325 0.0413307327441 0.0500984692085 0.0434973922801 0.0085865092176 -0.231101984873 -0.124733779235 0.0593257613439 0.564417013752 0.00967306166678 -0.0136540333776 -0.285238844348 -0.410281588596 -0.387362726782 -0.236599537168 0.024295599977 -0.135874259647 0.0489586169961 0.104954978972 0.00793916403149 -0.325092060226 -0.0561080985529 -0.0400007681745 -0.05072845249 -0.00811507016047 -0.00209252393625
-0.389929527619 -0.0159172440389 0.00801256563141 0.0312622941914 -0.017931173596 0.0255260086184 0.00397435805139 -0.464533368748 -0.0615815105989 0.0811130824933 0.00706063758035 0.0935385937562 0.00242080936001 -0.179147227412 -0.118394413907 -0.297914158379 -0.111162883339 0.00672584982442 0.0855405563681 0.0371937698294 0.0127292106935 0.00504645944658 -0.671570734255 0.00972547272277 0.00099279073659 0.0262396915526 0.00243507053636 -0.0524552671986
-0.344969981736 -0.00950097457015 -0.0291986347141 0.00622084971983 0.012031847711 0.00562132760424 1.11465386726e-05 -0.392666098232 -0.0381524736151 0.0604000004951 0.00433232293961 0.0788096984422 -0.000447539231501 -0.217818832881 -0.153511805347 -0.204859055559 -0.089492781819 0.0131434856216 -0.157479078847 0.0544373255714 0.0706333871999 -0.000619941866331 -0.747629192502 0.0182355184032 0.00590021120653 0.024393608007 -0.00369660125097 0.0218991683278
-0.635923871044 -0.00390872974223 -0.150482063252 0.0937422491254 0.161524898623 0.0642941230228 -0.00013080422234 -0.546092510291 0.0341348658796 -0.0788592343521 0.135684765497 -0.0985216659697 -0.0211114506815 -0.05215651875 -0.185588626109 -0.073385163158 -0.0856625706679 0.00667516246323 -0.347704877467 0.0128984318039 0.0384757041991 0.00418098261577 -0.0554228947126 -0.00203526477942 -0.0262514594027 -0.150219092657 -0.00526037756009 -0.0302107179428
-0.57040776284 -0.00227980980816 0.108449397078 -0.0302450552102 -0.120813077436 -0.052336965453 0.0128369116167 -0.642752145466 0.0791803077693 -0.114912879512 0.160522465765 -0.110098505985 -0.00645512981064 -0.240856592758 -0.235839578131 -0.138496230965 -0.0870064942064 0.0195462714842 -0.0339721761107 -0.0297740489703 0.0245848171777 0.0035770638534 -0.0746597313738 -0.0844684814455 -0.02988294268 -0.119529146285 -0.0132720088223 0.0492911973583
-0.350362851631 -0.0245183005251 -0.0178230155526 -0.018031247699 0.0115805973978 0.0203897360956 0.00983894897771 -0.373959671931 -0.0318681297119 -0.00852590019556 0.0340120764369 0.022095392729 0.00124970050194 -0.137187546099 0.0663266414823 -0.195390265043 -0.0517655212978 0.00255386325462 -0.718889298536 -0.0962406544194 0.00589176518337 0.000872122482832 -0.364064727703 0.0254258258099 -0.00119599659471 -0.0528082556765 0.0292524621764 -0.0758708589298
-0.239179715021 -0.0010081416696 -0.0154582169656 -0.0327170269957 0.0198799614805 0.00894123777369 0.000926434586533 -0.23752164194 -0.00238636046183 0.0153766633461 0.00911212541114 0.0179840331371 0.00467830861559 -0.386571043631 0.010622133866 -0.0311240590481 -0.0538348225187 -0.00024198274661 -0.56446084346 -0.0157212928538 0.00227248580812 0.000154097578479 -0.607904088754 0.0176645829027 -0.000447510810865 -0.203909358621 0.00346180940871 -0.0135530470858
-0.204196301132 -0.000861877777912 -0.0177602172587 -0.0283536390044 0.0131928200729 -0.000964976790534 0.00202768442566 -0.200836250546 -0.00939824432588 -0.0062635650858 -0.00484180248102 0.000452733291071 -0.000131305649157 -0.523843781312 0.0406562302565 -0.000892896888367 -0.00864578887989 6.24958687372e-05 -0.449745945634 -0.00962945187396 0.0066834696063 -0.00029779284881 -0.532235042659 0.010164745336 0.000680985877844 -0.393173604282 0.00039412367746 -0.00223718713672
-0.515356449928 0.0118846938855 0.00855871720093 0.00392838637808 0.0119344077918 -0.0210796534285 0.0138949454875 -0.577699831909 -0.0479752264771 0.03313997251 0.0254285663754 0.0507259384672 0.00621224200043 -0.154792502231 -0.0731476188631 -0.217678949952 -0.0749722221084 0.00213774290685 -0.280010004369 -0.0330835850757 0.0346089902291 0.00223266252799 -0.477704127372 0.0270800969252 0.00900369435982 -0.0159609560124 0.00365578190748 0.0263663419591
-0.661458655919 0.00249619255711 -0.0848442978483 0.0171310610321 -0.00135152896531 0.0530168249958 0.00775416788964 -0.593507365067 0.0382773266027 0.0595091103137 -0.0101992949775 0.0205821775623 0.0105056457167 -0.0335376768398 -0.0560811025196 -0.209452633809 -0.0610660205043 0.00212120373997 0.0628047073844 -0.0197020251372 0.0136791911411 0.0192672501737 -0.358055974489 0.00424769102165 0.00057890033278 0.0741682656935 -0.0283398086492 -0.0539873672116
-0.479817038873 0.0106408909935 0.0118153193243 -0.00513860564482 0.0154423787764 -0.0120076156667 -0.00769016130893 -0.569915654553 0.0146650628188 0.0675911648124 0.00211189540451 0.027508995544 -0.00703263761376 -0.114345938689 -0.140888211055 -0.0743889804373 -0.0456573325498 0.00901801083907 0.181565547397 0.135943213831 -0.00789319065589 -0.00143969976526 -0.581675284525 -0.00207767858292 -0.000104128795721 0.0883892425655 0.000109123877214 0.0189263230104
-0.434350566832 0.00187050024738 -0.0221108987597 -0.0204515184291 -0.00144412657256 0.0173431844305 -0.00651776266191 -0.474224151705 0.0130133436883 0.0608486626675 -0.00270584017423 0.0284581180758 -0.00312796599424 -0.242617207219 -0.122971097971 -0.0754870286987 -0.0560665852049 0.00936483118473 -0.0581189100038 0.116192482274 0.037730044135 0.00363883437587 -0.691406642585 0.00991361682189 0.0023521542597 0.0282030027033 -0.000650100314813 0.0179892305132
-0.581127197598 -0.00133323463168 0.0121643550371 -0.0234179366023 -0.0139743535609 -0.0362447597759 0.00879124990517 -0.558773218328 0.0197939859435 0.0035229386944 0.0445747712299 -0.00422926808247 -0.00170567897562 -0.0284570695887 -0.129780546452 -0.137198589123 -0.0396538013974 0.018624831551 -0.0132532101429 0.0674405598868 0.0473098589815 0.0033469535932 -0.534344623716 0.00166962299836 -0.00211155003779 0.116771351709 -0.0107665406425 0.0267507656059
-0.583165334359 -0.0207575713434 -0.0452056906772 -0.00160648495268 0.0801531666786 0.0305002988741 0.0162900518026 -0.50250617959 0.0312593739311 0.0308427689382 0.0574740139184 -0.0146039774249 -0.0166551813651 -0.109928244888 -0.113117352117 -0.126343017538 -0.089223909263 -0.0025908915571 -0.567902675833 0.0570209592268 -0.00247605983007 -0.0171406033237 -0.107530278696 0.0299787425404 -0.0214256300271 -0.0330184008793 -0.00285310197316 -0.0518902492766
-0.616183196324 0.0211605855198 -0.024341794804 0.0363649422471 0.00863408613491 0.025870862515 -0.0137987328914 -0.745699071222 -0.0483794258835 -0.0789428223745 0.117417817485 -0.0264853774952 -0.00493181955686 0.00510942797063 -0.126559813081 0.0217368068494 0.00249146079738 -0.00178346345832 0.0115732673311 -0.020609508817 0.0168718134046 0.00990753339869 -0.119891162406 -0.0727244622552 -0.0158261456443 0.00435125432497 -0.00286508546431 0.0214872294513
-0.56986442941 -0.0296980755308 -0.0138448119215 -0.0033305135874 0.0282728024101 -0.00609097588285 0.0084242577719 -0.774312309317 -0.0681322979924 -0.0969911996101 0.0927703738325 -0.0315551614189 -0.00235804216936 -0.0125916740653 -0.093680646199 0.0235300822007 0.0122205545366 0.00960388310206 0.170065898602 -0.00792646392325 0.00168621987981 0.000772685673411 -0.0756777382266 -0.0685757649705 -0.0165720146281 0.0116816287961 -0.0105707261829 0.0193586595764
-0.65805522853 0.0313900303824 0.0510287088729 -0.0265840581424 -0.0868355871627 -0.0262287847087 -0.00130214633607 -0.674820812492 0.0291845068186 -0.0575675823731 0.0994765397149 -0.0271144201865 0.00292762826516 -0.152526790534 -0.192463096129 -0.117865328361 -0.0727564361438 0.0124601213344 0.00922332321179 -0.0292400266983 0.000948991950807 0.00656358062571 -0.0103020167216 -0.0490739483467 -0.00637430735224 0.0223878482261 -0.00351010512247 0.0234308445596
-0.581426993993 0.0171280261343 -0.0722043405676 0.00518950435202 0.0943472420533 0.0211332961111 0.001295484362 -0.39296858352 0.0290032045519 -0.0356780183588 0.0163621555566 -0.00847979740531 -0.00465327510482 -0.113768164023 -0.114636704335 -0.062437625924 -0.0391913211574 0.0067349440985 -0.646462707778 0.0525731010124 0.0163248660585 0.00586402296685 -0.0325836329094 0.0288509286801 -0.0141712247475 -0.180882563257 -0.00251919363881 -0.0528805704693
-0.469658638137 0.0219965366286 -0.0202937803989 0.00526394177774 -0.014626232768 0.0135091161818 0.00228858569309 -0.540280842495 0.0689545426228 -0.0740936551839 0.0208173198687 -0.0307490926397 -0.0113280308924 -0.115528566341 -0.077781569321 0.164478478293 -0.012962036633 0.00567994895315 -0.51903921908 0.0504127153739 0.00353006242912 -0.00502446820814 -0.212749641246 -0.0190132597605 0.000164321935554 -0.33131819938 -0.0100357483732 0.0176916816098
-0.341515807748 -0.0065704725717 0.00834681398461 -0.0191713292806 0.0162426349054 0.00970673430426 -0.00314578586632 -0.372278288034 0.0678493597825 -0.0703739959175 0.0315299900378 -0.00443796434274 0.000405605803867 -0.398178679285 -0.0709541646243 -0.0989992800592 -0.0207449960343 0.00412367511562 -0.585923444323 0.00050447702687 -0.028832485658 0.00425002550475 -0.340879836925 -0.0212222197128 0.00657544413691 -0.31376359908 -0.0065301142044 0.0137720724117
-0.447083981131 -0.0139966424415 -0.00430728411534 -0.0308803904423 -0.0912136716729 0.00149775780153 0.00412105661024 -0.339176694971 0.0218769945036 -0.0147968747929 0.00169948820535 -0.000584616944138 -0.00177549546473 -0.412956031644 -0.0759552395314 -0.261417438301 -0.0154957551164 0.0114767301749 -0.618567675909 0.0812832131358 -0.00449143019814 -0.00510382014485 -0.141143713935 0.0150246397734 -0.0170540919979 -0.138963973511 -0.00687612707329 0.0278494266424