-0.0327473349278 0.0809153728483 -0.100014156937 -0.194715118652 0.00891491309872 -0.0315031090755 0.00850732269605 -0.221608795065 0.329014421899 0.477168544082 0.0653811932903 -0.0678073532965 -0.0263973120039 -0.298297521792 0.336232784855 -0.454799972243 -0.026717442739 0.0290230600215 -0.271624211465 -0.12318629944 0.0619968411654 0.00688893229912 -0.15052172813 -0.139641525216 -0.036342187459 -0.0183521473743 -0.0399795197825 -0.00281217059661
-0.580503665964 0.00791925607033 -0.108916566827 -0.0187223395548 0.0250993165757 0.000729471012149 -0.00339918733259 -0.696329082267 0.116281327136 0.00713965537394 0.259032065721 0.0288294128174 0.00395446847148 -0.0369217610934 0.182588994973 -0.139704653522 -0.0154865299044 0.00403693524131 -0.119897025778 0.0147135176512 0.0291960191308 0.0132986834791 -0.0719112530668 -0.0894530480037 0.00437195248461 0.01831043259 -0.0090670334485 0.000527892589289
-0.391523874028 0.0192621348943 -0.0781480538959 -0.0379093836683 -0.00343198544275 -0.0149158653744 0.0109855911905 -0.635285310453 0.0753878953702 0.101032899415 0.276062506764 0.012806917771 -0.00786925474851 -0.4767238663 0.0518835467925 -0.0937173979264 0.0552446367507 0.000913316431467 0.00946857993788 -0.0213983997098 0.0747145024065 0.00620863945634 -0.0198218827248 -0.0739442335458 -0.00751483241101 -0.297706304022 -0.00391738093239 -0.00090244895579
-0.483312245624 -0.0125326134536 -0.0664344356091 0.00740090565365 -0.168492148132 0.0369661556058 0.0149255842597 -0.509570789068 -0.017306031526 0.202517551196 -0.0734944338375 -0.068925195962 -0.03490678127 -0.097571523188 0.148032952464 -0.270680748452 -0.0522771653315 0.0103909182072 -0.498355400191 0.0176068201309 -0.00822316438316 -0.0137811186843 -0.242557373179 -0.0415486286319 -0.0315586005817 0.027595197053 -0.0233054189262 -0.0113880710363
-0.463516323149 0.0066741538973 -0.0611284891192 -0.0113243894581 0.109116282232 -0.0607137330205 -0.0130950902455 -0.535358474757 -0.00155251325801 0.224146920723 -0.0517555454924 -0.102023914243 -0.0241008657153 -0.2223962942 0.0982701980782 -0.280273912783 -0.0141235212381 0.0165763193355 -0.419386354463 -0.0909062839876 -0.0239444500231 0.000313235624071 -0.285956157646 -0.0620665573336 -0.0295974976736 0.0693697817486 -0.0277933119649 0.00261421020517
-0.606818138026 0.0402449705607 -0.053135052708 -0.0590005057308 -0.022530976665 0.0150996870355 -0.00322280914518 -0.640632143979 -0.00822062581142 0.0556016109232 0.118729730757 0.00477081239369 0.000589717520856 0.0880633020235 0.136306096839 -0.0646481911086 -0.0146427890192 -0.00626206891291 -0.240905813655 0.154002108128 -0.00093273660364 0.00534497176388 -0.281334237267 -0.0117115784729 0.0155710147331 0.0567870769772 -0.00766891814978 -0.00719586143362
-0.491536333098 -0.039656042222 -0.011791630157 0.0796528688873 -0.0360157259117 -0.0189552772382 -0.00301383989289 -0.758986841898 -0.0492926514566 0.0705654956109 0.16719815606 -0.0192664224986 0.00263547461881 -0.237072153672 0.0305609479464 -0.0148396133062 0.0665117265131 0.0034580420015 -0.0715003201374 0.10485741698 0.0244459770024 0.0113007425652 -0.167751117216 -0.0230428550373 0.00170971254587 -0.171155359828 -0.00412926194788 0.0159768219645
-0.48634357218 0.0603214303003 0.0147525737505 -0.0565303090283 0.0200102787394 -0.00832361318825 -0.00836515922373 -0.747505674079 -0.0148216515233 0.0858028591907 0.150120403155 0.0237871117185 -0.00494512918666 -0.260545393348 0.00577734011244 -0.0349993869343 0.0669926644078 -0.000262360765087 0.00149899775693 0.112180312305 0.03563497938 0.00982228041241 -0.239456087243 -0.0122668625543 -0.00234780440311 -0.145694145155 -0.00235700027648 0.00971820015565
-0.563988182481 -0.036980892742 -0.0519862712786 0.0417337022454 0.0183935417751 -0.00529246713585 0.00113898181356 -0.686990093608 0.0467069819559 0.0648702554008 0.113532717599 0.0584353772313 -0.000344655250659 -0.322575211656 -0.0265334101222 -0.0629625992436 0.0530987969275 0.00889468005576 0.0210223570265 0.0604849725562 0.0445999317131 0.00263102330716 -0.172014533994 -0.0424721357834 0.00554882692712 -0.17846722235 -0.00892044968646 0.00404348504378
-0.715044349851 -0.00667363448434 -0.0760571925418 -0.0533662730851 -0.0810880283566 0.022227431471 0.0104904919051 -0.631463374486 0.0057219693213 -0.0386681474707 0.00240512670653 -0.0162115980853 0.00220743479342 0.0050770915429 0.11330334114 -0.173230861024 -0.0465014193736 0.00390998399456 -0.0647371570024 -0.0355422397177 0.00759127707642 0.00230694041163 -0.0323857872365 -0.0803475128298 -0.00487216785396 0.118812801004 0.00503276826492 -0.0083868126719
-0.560583565463 0.0122394631277 0.00418708913506 0.00194726234185 0.0432434661968 -0.025030460242 -0.00131326653881 -0.638538894583 0.0217625496329 -0.110607710735 -0.0716247888678 0.0152597315927 0.00797060803888 -0.340850770212 0.0425083233222 -0.192758607084 0.0114121465136 0.0262361747983 -0.0763186184076 -0.157211003248 0.028106088309 0.00641897570824 -0.235215254986 -0.0689027937807 0.0148539207536 -0.0963951309328 -0.0153002441896 -0.00764085002706
-0.501949683912 0.00216555428241 -0.0227879486366 -0.0120749025913 -0.0101808369183 -0.00602039237523 -0.00433191046163 -0.516746010394 -0.0203016556507 0.0437737330437 0.0308155132041 0.00834984097507 -0.00127793544275 -0.493193250142 0.0747740865942 -0.157192026971 -0.0140707986961 0.00216968746071 -0.142807895298 -0.22095855782 0.0659261798673 0.00733466343816 -0.262189774711 -0.0487904466276 -0.00912228031401 -0.241125135895 0.00872781546257 -0.00762015413839
-0.499663532217 -0.0153054249982 -0.0857344670111 0.0215946117809 -0.0109919073119 -0.0166637855673 0.00550738962585 -0.529059094031 -0.0328998339987 0.0836727797875 0.0715301495023 -0.00413716977506 0.0112873225249 -0.450111554007 0.0794573298775 -0.158035365727 -0.00491483721885 0.00825728849648 -0.163406600764 -0.207096899396 0.0835916443499 0.00224686792379 -0.25394552063 -0.0412884221251 0.0108754100963 -0.267418010281 -0.00449019542432 -0.0141300849962
-0.609699769072 0.0240187122843 -0.090923220137 -0.0209766245022 -0.0757874109055 0.0135544220224 0.00367909749084 -0.6963721271 -0.0362073823011 0.163859742389 0.02858777975 -0.00544512641699 -0.00767871528373 0.0134160735406 0.09527086029 -0.219038825774 -0.0167503393825 0.00422722491781 -0.166499069734 -0.00298176941104 -0.000991078532157 -0.00214998585651 -0.094662938851 -0.0450952364976 -0.000265744302605 0.0499699033591 0.00144086213057 -0.0166446909175
-0.555804852211 0.0313721949546 0.0250256435859 -0.0431135619713 -0.0148034625265 0.0193100976599 -0.00963570567491 -0.645775742496 -0.123871950932 0.0729688887638 -0.0119086407584 -0.0168654709821 0.0191078161857 -0.148496062685 0.095873734872 -0.158006211564 -0.0363677814374 0.0133122663753 -0.37078348963 0.0678861366073 -0.00290530869518 0.0199801376789 -0.183871917911 -0.00730419829202 -0.0487981879536 0.0934830610864 -0.0526447866934 -0.0219351646642
-0.540249981419 -0.0197996742773 -0.00848377770106 0.0180717554762 0.00753682391831 -0.0100735257248 0.0122289310787 -0.645602108473 -0.0655450649455 0.118373442649 -0.0213106743778 -0.0412613887905 0.0247214028589 -0.12419356033 0.050966203222 -0.0854860279487 -0.0360262307107 0.00214605832583 -0.321640337162 0.018998840673 -0.00989826888458 0.0190580894023 -0.32638918798 -0.00602130038638 -0.0325965429236 0.170576758479 -0.0389414696603 -0.00225303230486
-0.638038459803 0.00758191218732 -0.0656580844079 0.0564366287318 0.0848331105637 -0.00555633604093 -0.00596965332176 -0.630322627406 -0.00346042550729 0.147970839044 0.000226150975156 -0.00642404833893 -0.00330756925715 -0.120512471705 0.0755256300428 -0.230705255176 0.0326104949764 0.0340731237158 -0.207594388626 -0.130943558596 0.0171956944356 0.00897356243331 -0.122876273846 -0.0582214062259 -0.0309755854449 0.0304863065405 -0.0439427048146 -0.0148737084837
-0.474817826037 0.00494478118375 -0.0820932964453 0.0646753984393 0.00108510119953 -0.0100386771909 0.00321861233383 -0.471682638397 0.0106914198424 0.0464918288851 -0.0901472913844 -0.0373389309279 0.00345368839796 -0.0902922478136 0.0792670307767 -0.0117536837245 -0.0519770862614 0.00896795799261 -0.497688795074 0.067528463988 -0.00718782657455 -0.00547510223179 -0.504991221294 0.0426995652459 -0.0119578394787 -0.0443296847582 -0.0124124912897 -0.02006252345
-0.449394490868 0.019757472505 -0.032203336151 -0.0208608295864 0.00262570121466 0.00171895725653 -0.00019575674559 -0.527355301925 0.0543747263937 0.024408981896 -0.0911767252209 -0.053187349424 -0.0071956966089 -0.157367894128 0.0890596078382 -0.045828912551 -0.0603221691114 -0.00186122237346 -0.428984284968 0.0772649699567 0.0104963991071 -0.0108671357899 -0.516505386415 0.0115264132124 0.00118966810731 -0.0878667193814 -0.00497357129591 0.000628512622116
-0.496637047003 -0.0278758030054 0.040820473156 -0.0255943594113 -0.0171274378703 -0.0117833901273 0.00222281353524 -0.555333704939 0.063842248106 0.00765860569671 -0.0251746845787 -0.0598343899671 -0.0157331369166 -0.157702578937 0.0535790750748 -0.0567286307781 -0.068694200117 0.00234258467722 -0.45800962716 0.110781272621 0.00732377452475 -0.00759680464074 -0.406106676658 0.0193602658706 0.00459490534897 -0.0966381625446 -0.00406760182747 0.0176226685435
-0.356340287365 0.0103247655556 -0.049705344042 0.00629953206854 0.00568230886769 -0.0349589010566 0.00211629761246 -0.399042298047 0.0571764493257 -0.0702592198705 -0.0764507014591 -0.00981258105001 0.00249864707499 -0.413294747028 -0.00722024638719 -0.0384433659177 -0.0552802878411 0.00154846852219 -0.467728941518 0.0476021263951 -0.00251100346213 0.00126467252984 -0.488717243852 0.0329812463074 -0.00454414648249 -0.243317287231 0.00920420657816 -0.0084979836586