-0.00202015519457 -0.00344349084509 0.0286239089766 0.0254177398107 -0.0332838588313 -0.0491450118588 -0.0175123233242 -0.0889635458523 0.0322501023672 0.38077031335 0.173483106125 -0.119111726192 0.0557898513987 -0.0199591401771 -0.0350956458383 -0.179142657146 -0.115755632949 0.0322525610597 -0.277343014039 0.72225409706 0.0286967861082 -0.0540000147415 -0.269546362838 -0.256257756256 -0.0346265961336 -0.0390511730407 -0.0426004957267 -0.00428497903934
-0.46904420297 0.00235527910686 -0.0138851057113 0.00835251406386 -0.0453827632413 -0.0192909204928 0.00129069804905 -0.539229845331 0.126713827174 0.114226994802 0.0502905808779 -0.0679043243741 -0.00544414083476 -0.156798704932 0.048391588088 -0.087274806809 -0.0226417048239 0.000203888478277 -0.554368754776 0.0361969756488 0.0159252769032 -0.00704804938 -0.324450751414 -0.0253097379809 -0.00815522645365 -0.00992308696415 -0.011273997789 0.00754215007421
-0.590700880935 -0.0107012912964 0.0654904703841 -0.0147757864416 0.0884751080661 -0.00114560179371 0.0133646275567 -0.633961770454 0.0684803463347 0.156395958614 0.0261416313163 -0.0488658630201 -0.0139142815372 0.012969915125 0.00236562135113 -0.113612801809 -0.0759544549956 0.0174763748558 -0.275313293924 0.135683719368 0.0112188776921 -0.0171064235256 -0.278105500904 -0.0238125718349 -0.00386880266287 -0.111081120407 -0.00847942104137 0.00185960752994
-0.511715029055 0.0456618358202 -0.0826643536061 0.00681255892016 -0.0734286390673 0.0370978365258 -0.0149610165972 -0.685852408167 -0.0411544106203 0.193021047884 0.145449125949 -0.0535006103736 0.010713738153 0.0155453716906 0.0500231094271 0.00497619267544 0.00054335587848 0.0115979629304 -0.275458212336 0.298362395462 -0.0612853256479 -0.0225832778493 0.0636687403036 -0.10947729441 -0.0129698264302 0.00300669838432 -0.0200921403024 0.00524117216793
-0.583970413415 -0.0186076941128 0.0939419505435 0.016022964169 0.0460881322306 -0.0685606954462 0.00545189029697 -0.645038319418 -0.0601096843595 -0.0449481978657 0.163590397245 -0.102215359873 0.0185755383619 0.0195431558987 -0.0857338245586 -0.0844900876581 -0.028633508031 0.0139271370785 0.210403554675 0.305318288747 0.0545277178646 -0.0240217543933 -0.129600959798 -0.0904804720231 -0.0165624955806 0.0150197880208 -0.0165499776619 -0.027431219409
-0.612178476189 0.0120172719236 -0.0345864701851 0.0146386283394 -0.0205441994929 -0.0152062107438 -0.0120364594081 -0.68449127104 0.0202267545754 0.0734851027672 0.102177186665 0.00788423074431 -0.00550831761967 0.0406052600877 0.0280583594091 -0.0477630978528 0.0103727531301 -0.00623718134733 -0.309636131709 0.0107216964562 0.0230515545975 -0.0177226506486 -0.135658058465 -0.00587721939238 -0.00819508941831 0.133380451234 0.00444629524326 -0.000710816203276
-0.603760364947 -0.0235555605646 0.0157200678298 -0.0375016100483 0.0198410562486 -0.0103205063337 0.00630788293543 -0.688580106104 -0.0236932251952 -0.0612959483598 0.0965602598073 -0.0314699990791 0.00698597818833 -0.24388568748 0.0278990432791 -0.0278038945495 0.029671818895 0.0011104139163 -0.242835146005 0.0284787995193 0.0382366748861 -0.00322577383117 -0.095448904201 -0.067506633299 -0.00723835664871 -0.0825079359084 2.25374048127e-05 0.014409708302
-0.539288115494 -0.0434208340016 0.00129215626793 -0.00705669236371 0.0512097434619 0.00775156550514 0.000250432242581 -0.668644223089 -0.0130251119876 -0.0443096850556 0.123975694077 -0.0622909263305 -0.000803345584469 -0.304326169531 0.115236301038 0.0168405489753 0.0180851701528 0.00218985333797 -0.288509783394 0.118408994389 -0.000295489463251 -0.0100467278901 -0.0751233874263 -0.0487021305325 0.0101271818942 -0.154427648983 -0.00609119006004 0.0144271536122
-0.686618654451 0.0017742226735 0.0598928750346 -0.0702641489078 -0.061310045206 -0.0123541004959 0.00438430077623 -0.620731996402 -0.00312125537388 -0.023763460335 0.0154282901546 -0.0102407730624 -0.0110386032141 0.118915241353 0.0589466910529 -0.0528254685286 -0.0163764462919 0.00879420581582 -0.289312834897 -0.0213443203678 0.00922360787832 -0.00488116593006 -0.14922240303 -0.000211232174474 -0.0230696687608 0.0408695139457 0.0135872701887 -0.00876228537877
-0.528931536419 -0.0173013135313 -0.0360245507755 0.110403992187 -0.0643129344193 -0.0163852709601 0.00722507887309 -0.498345916836 0.0203376170123 0.072036265059 -0.0266230186264 0.0135579663549 -0.00267996082028 -0.0917134859156 -0.0371409631565 -0.0784872815839 -0.0169617002798 0.00864789173901 -0.525596515469 0.0748341053615 0.0104763758226 0.00368471395904 -0.384085396407 0.028510042891 -0.00735553135894 -0.0175914807587 -0.012038090699 0.0023563128806
-0.407904117361 0.00348016781902 0.00506434935024 -0.0322088096464 0.0140187172457 0.02471105326 -6.54747389787e-06 -0.439699590118 0.0640153370442 0.0264660617884 -0.0649360844356 0.00854524803042 0.00964930018033 -0.448386915208 -0.00831323832557 -0.0566058166959 -0.0425798234941 0.0037094095766 -0.494637055152 0.0677932833274 -0.0327914903626 0.00549151488405 -0.325521187938 -0.0257338471727 0.00591513067288 -0.254933132913 -0.032231774753 -0.00239597472554
-0.451708772905 0.00263407576038 -0.0242247221396 0.0257476704831 0.00976759594155 0.0254411655535 0.00298024988611 -0.520106247705 0.0435046900428 0.0806648419815 -0.0955873512439 0.00677093956099 -0.00489661383882 -0.30581363707 -0.0516441754361 -0.104507837771 -0.0528975657476 -0.0108319128814 -0.399853400831 -0.068168452675 -0.0113328806757 -0.00213160436057 -0.418637153094 0.00555819218685 0.00738193824667 -0.235296270951 -0.0208768123597 -0.00155515860036
-0.733833269677 -0.00580985043547 0.116726739286 -0.0202788675105 0.0119670392729 -0.0212314134342 0.00809567820158 -0.61212410966 0.0134761988562 0.0722637649651 -0.0397161926197 -0.0176418120876 0.00167917514905 0.0910481373311 -0.0583383345576 -0.0871288894494 -0.0586270312699 0.0214344558083 0.0138851955179 0.106520892599 -0.00285437618046 -0.0104577704204 -0.172020063329 0.00212386235681 -0.00473688561087 0.0142530102333 -0.00735166223194 -0.00740849921537
-0.686994935505 -0.0341863789318 -0.0723702785897 0.00477559735518 -0.0827044582306 0.0171745708014 -0.00151471712766 -0.64798427586 -0.0747606990775 -0.0429355509568 0.0175258898652 0.0116275739022 0.00948431293682 0.023604677705 0.0568971788235 -0.0617589883132 -0.012130506576 -0.00814270661128 -0.221841475308 0.0915328691581 -0.0112826336924 -0.0259961836138 0.124240398073 -0.046776463627 -0.0116968425687 0.0512009888301 -0.00423043849225 -0.00246474225508
-0.621583808595 -0.027746947129 -0.0282924237094 -0.0575630598137 0.0248357154006 0.0113193636239 -0.0131666233375 -0.724128389897 -0.109642374925 -0.00501406088775 -0.0391676557435 -0.00258036726536 0.00547475737485 0.0864027330627 0.0107711307293 -0.00978652467265 0.0439302965337 -0.0010285205168 -0.1614961069 0.109262663488 0.00496432390722 -0.0106424581982 -0.119763947329 -0.00897337293039 -0.0376996705386 0.0788900342899 -0.00347481545114 0.00242295509167
-0.605386053571 -0.00347191480245 -0.0251904838107 0.0258272378202 -0.0314667845048 -0.00458829658098 -0.0140573823181 -0.73018755144 -0.0966443747107 -0.0518512086228 0.0510045033157 -0.000584433656517 0.0397059643528 0.0665312927721 0.00844609819595 -0.0723263842247 -0.0146783799372 0.00154506467274 -0.184776650386 0.155866280665 0.0150943211838 -0.0404231648803 -0.0601039384584 -0.0337668570385 -0.0387988174591 0.0709406708619 -0.00814088864517 -0.00147483967165
-0.707684802053 -0.00322980414523 0.0899632924382 -0.0252980289426 -0.0376093521915 -0.0355778561288 0.0138872681569 -0.564379786675 -0.0124925547867 -0.0298968201431 0.0485045219761 -0.00644338959183 0.0298200289897 0.00110316367463 -0.0728646516686 -0.103128484787 -0.0262957714159 0.0108003353773 0.307559779738 0.117725329224 0.0576308650803 -0.0119805024937 -0.185139384766 0.00357572684547 0.0165292791837 0.0341156358699 -0.0032161582401 -0.0173039088707
-0.502369163535 0.0160939530417 -0.0468888219317 0.059029563061 -0.0201826325912 -0.00441039264327 -0.00327494054537 -0.636073450706 0.0661934576495 0.023408479015 0.115028837527 -0.00821662419769 0.00774653656515 -0.0761912717875 -0.0898635281091 0.00862639215889 -0.0118330199726 0.0185099201329 -0.451383039974 0.270690578115 -0.0286982010118 0.00613462580318 -0.146211987946 -0.0434318910945 0.0195583122335 -0.0444927043621 -0.0176089725584 0.0105909589698
-0.454678074464 0.019344969303 -0.0370256316495 -0.0422695856316 0.0348461661601 -0.000742994084651 -0.00844851259575 -0.6839884888 0.0462543394235 0.0475635355539 0.101455534384 -0.059228651443 0.0104626288475 -0.200602709228 0.0995832234186 0.14154645658 -0.0388864222658 0.00410823507858 -0.357648426827 0.153079410791 -0.0409456057106 0.005587828888 -0.156626317597 -0.0550606682144 0.00933182018211 -0.22013797154 -0.0349657526822 -0.0136758668525
-0.501129124266 0.032972180435 0.00559840137079 -0.0521664759611 -0.0318379255456 -0.0218464687211 0.00803369429242 -0.581026282036 0.0659753155913 0.0451327011613 0.0678904506376 -0.0435587229734 -0.00270711319717 -0.360749378403 0.0840724755336 0.0897187060492 -0.0409201114673 0.00442332552457 -0.371317476121 0.13127662918 -0.0188468293566 -0.0114978027848 -0.143822993717 -0.00650508416514 0.00734145609563 -0.260424243529 -0.040032760271 -0.0150060539182
-0.457430416616 -0.00283300600264 0.059292509117 -0.00263591711098 -0.049764633858 0.0147811879926 0.0038095457353 -0.394570529015 0.00912069933924 0.0322068968192 -0.00277341701073 -0.000858525214592 -0.00361115250732 0.00318454833099 -0.118857291949 -0.0849422528903 0.00446511020926 0.00983333098288 -0.58870050873 0.0707764046414 -0.000540079330879 -0.00169304556911 -0.503497808826 -0.00976987077125 0.00425986321504 -0.0223591836067 -0.00280541323223 -0.0225449539492