-0.00856270809563 -0.00708652228994 0.0937188373333 -0.0648935332686 0.0209426879003 -0.0180442095917 0.0271449626157 -0.305929574374 0.428894657185 0.48642875842 0.373145344091 -0.0659584454974 0.0114248456118 -0.130898430897 -0.261741409042 -0.132843723825 0.068659269961 0.0504953512162 -0.240551883448 0.328251395594 -0.0474505495063 -0.036701055 -0.176489242503 -0.111373745955 -0.053467691623 -0.0167240305068 -0.0319166314774 -0.00541703422851
-0.473402952685 -0.0383774879003 0.0205921426546 0.00611099272885 0.0446427126114 -0.0252043430766 -0.00240512823841 -0.719126402109 0.0632695105806 0.159254977096 0.23649299085 -0.0354474670297 0.00109408081285 -0.280123268418 -0.0546453231785 0.0652011322857 0.087661400577 0.0022351972374 -0.120327486442 0.210927269973 -0.00660367419026 0.000468123392599 -0.102019872383 -0.0530425648894 -0.00131167714717 0.0441024706531 0.00308313060849 -0.00634606562684
-0.58446102727 0.00938629691487 0.098475557643 0.0339635027091 -0.0940375067638 -0.0170380788472 0.0167416689627 -0.705770720118 0.125519326972 0.116873714438 0.214611549111 -0.0119188269931 -0.00556820762038 0.13490279819 -0.14343218702 -0.0273368709315 0.0318523353248 0.0229382676683 -0.0906238618484 0.0989872214065 -0.000567535083887 -0.00365422571711 -0.0518328977261 -0.0231432276802 -0.0075381707133 -0.0403237516227 -0.0174609968118 0.000401077469162
-0.512392980582 0.010286692089 -0.0563836674327 0.0137286346686 -0.12601347755 0.0159618221811 -0.00372225687872 -0.595127451464 0.0399847956239 0.207322244046 0.023676986119 -0.0776943962475 -0.00546665589974 -0.311435583424 -0.178266095346 -0.160914057639 0.0324431335455 0.000787232882362 -0.200876290896 0.111635689335 -0.0601541593367 -0.0221808919947 -0.295636921143 -0.0974464184112 -0.0300677579849 0.0386025000902 -0.018893118008 -0.0125372373307
-0.563624959438 -0.00362020022473 0.132229701432 -0.0462835701272 0.0945515141404 -0.013436998797 0.00928203000993 -0.641231449017 0.0819218970889 0.2189699083 0.0656181607094 -0.0716351985009 0.00127122382826 -0.152928786534 -0.181688250473 -0.238243234778 -0.0690070340723 0.0297633327474 -0.118403644259 0.080621201932 -0.0185180923122 -0.0429481505853 -0.0853974905236 -0.066011882274 -0.0608643007319 -0.143841357195 -0.025223322476 0.00331802614832
-0.582486723167 -0.0525425048191 0.0301226526785 0.0155845326135 0.0337881875267 -0.0361981531015 -0.002659711668 -0.736625332367 0.00618070137746 0.0486040910701 0.130152308348 -0.0027682941287 0.00337773213201 -0.120647182584 -0.0613393566035 0.0308910197286 0.064718643388 0.00860377758576 -0.0163725010984 0.184103583495 0.0182785609977 0.0117721406899 -0.135857665299 -0.0168179053228 -0.0137844643398 0.123342638028 -0.00483981502758 0.0051171699328
-0.574160341395 0.00867697271725 -0.00707621975844 -0.0214689528465 0.00860401601349 0.0136926526127 -0.00124581677415 -0.742488344638 0.0114500501166 0.136439160858 0.0474891811517 0.0415021724097 -0.00682455714544 -0.114075181975 -0.0984029115825 -0.0498206524013 0.0747248211157 -0.0116320701951 -0.157172731988 0.133782693981 0.0299506335711 0.00134361107469 -0.134411733794 0.0221695420317 -0.0333055449595 -0.0354284918349 0.00997400597924 0.00336323231397
-0.581221575096 -0.0179610525516 -0.0241857013213 0.0316600220184 -0.0182042569169 -0.0188200856451 0.00395220703119 -0.723397379257 -0.00420711843102 0.139774356276 0.0171234079025 0.0460768043297 -0.0117314409492 -0.0852775819387 -0.0689426978526 -0.0187256591059 0.10030879546 -0.0161596654641 -0.133901459771 0.0831016403248 0.0517057271603 -0.0190035291509 -0.22743314433 0.047263934491 -0.0348637719799 -0.0912058962472 -0.00202456157342 0.00955010024161
-0.640582508765 -0.0302833728231 0.0771896754391 0.0400990351238 0.0175596831371 -0.006295445656 0.00733269953901 -0.694670998517 0.015601953979 0.0917054003026 0.0601126558995 0.00870710391196 -0.00707593902476 0.15997023502 -0.126842256013 -0.0551846757922 0.00566518909207 0.00987583210874 0.0974459738704 0.0670017219263 -0.0397120714071 0.00150305027278 -0.148205463289 0.0167534973927 -0.0212935756811 0.0517497706877 -0.00259531284264 0.00247750120795
-0.609907721571 0.00329160745815 0.0288023290502 0.0514897443357 0.00934779450664 -0.0316724237477 -0.0101534739143 -0.623874511819 -0.0486321408637 -0.00624013195957 0.0786169654266 0.0191437419043 0.00163070900825 -0.366290551508 0.000418244179941 0.0392259345304 0.103902897973 -0.00167429472186 -0.207483966994 0.0221081690358 -0.0158902748641 0.00537292792497 -0.161547379514 -0.0391683680793 0.00259353114303 0.083535113037 0.00338391470007 -0.0141482515378
-0.471448200724 0.00466508531606 0.0139045409159 0.00295384731277 0.0139282826019 0.0242436760486 0.00107564593212 -0.571138377378 -0.10423075234 -0.090358281757 0.0552494433997 -0.0427548503577 -0.00257986584098 -0.336221994942 -0.0146270749847 0.0875025711625 0.0261708068549 -0.00199053072501 -0.330024454034 -0.0959221989083 -0.00627188739138 -0.00440173220352 -0.129247832303 -0.0247083998417 0.0278751622565 -0.410324346871 0.0130862629265 -0.0142997967518
-0.563091077739 -0.00414982062802 0.0084456460343 -0.0179764440452 -0.000253048780347 0.0306820327486 0.000865305295859 -0.640894359624 -0.0870470039181 -0.099496412255 0.0362229432519 0.0154566895812 -0.00813220571339 -0.259283402823 0.00547637403936 0.0453237993213 0.0683867890237 0.00699619722371 -0.332506368051 -0.0768611928053 -0.00525255257423 0.0165609486648 -0.102396979227 -0.051913573417 0.0361966975894 -0.214507643242 0.00242906226303 -0.0204328667307
-0.67402756908 0.0118242913382 0.0478820781884 -0.00511870112547 0.00678574311243 -0.0437037306744 0.0131727136158 -0.663131730707 -0.0403964903965 -0.053885918466 -0.00642031840748 0.00637204991987 -0.0077881739652 -0.0283223246045 -0.0785867608492 -0.133507595877 0.00116974261174 0.0209793552765 -0.256763860201 0.0371907531415 0.0411071322678 0.0139917367022 -0.0250806403989 -0.027902504928 -0.00462453578119 0.022856176758 -0.0168862774309 -0.000263020913606
-0.557794181329 -0.0100994265288 0.0154244371586 -0.0254652282907 -0.0620531243793 -0.0069762091438 0.00407754957208 -0.679406666167 -0.0386940048487 0.118192208454 -0.0960385242427 -0.00786153184736 0.0169173764778 -0.262263167598 -0.0629085931065 -0.205697658746 0.059816613564 0.0116026349579 -0.12094401292 -0.0392201699298 -0.0304708472058 -0.0024362466656 -0.217398636773 -0.0516009201367 -0.014200490083 0.104764194236 -0.0173160130771 -0.00802246349883
-0.619957247373 -0.00204558475673 -0.0135946858913 -0.0183601907316 0.00156577258725 -0.000962937043408 0.0058285416764 -0.715340159683 -0.0957508972806 0.0414153791326 -0.0618976868148 -0.0176572203291 0.0266960692166 -0.0619572606476 -0.137427478878 -0.137400681518 0.00231652373113 -0.00595666315722 -0.0307303617116 0.0683285334272 -0.0106436550948 -0.0199688221825 -0.189159967956 -0.0140285348668 -0.0339234645215 0.046847031495 -0.0183856357121 -0.014387699989
-0.594655945442 0.0204289355475 0.0274159480766 0.0366891995389 0.0235044602778 -0.00991834077282 0.00128637766015 -0.750500258645 -0.136519800284 0.00472190059086 -0.076902336933 -0.0230848710756 0.0256982871678 -0.0226453469894 -0.138965818622 -0.102766943373 -0.0161585629843 -0.00551584506766 -0.0257711683622 0.0388371823847 -0.0104918545898 -0.0260779430019 -0.0987496052375 -0.023345639341 -0.0780200461788 -0.0278053901065 -0.0342355835227 -0.0472284853656
-0.691174849969 0.00304860975969 0.101011265828 -0.0385191129986 0.0298957219108 -0.0116076918483 0.0177862418639 -0.642829737916 0.0452186898853 0.0641899762446 0.043679236224 0.0108706830276 -7.01238148322e-06 -0.12096652408 -0.0922580156714 -0.229057848011 -0.0409652322985 0.0351364400352 -0.0515152902257 -0.0304596972446 0.0353185419892 -0.0200946006653 -0.0206987664851 -0.0492285345549 -0.0164399294739 -0.0220857490261 -0.00151440433218 0.0211018323511
-0.455534841863 0.000491629807645 -0.00493201004496 0.0727297880771 0.0162849281566 -0.010817837813 -0.00850210968558 -0.452972786141 -0.0058133333584 0.0267231463849 -0.0738615467801 -0.00639384398997 -0.0043365943334 -0.419613577385 -0.0659931784043 -0.0103660273755 0.0615513567922 -0.00285721869474 -0.485143044154 0.0921507111438 -0.0625326620714 0.00522478109774 -0.37516210162 -0.0445743869989 0.0140626260738 -0.013956054532 -0.00273119208303 -0.00321865556567
-0.525763333758 0.0283361846921 -0.0419755411095 0.0268203277931 0.000834421693591 0.0355375615446 -0.00551918185796 -0.549073864797 0.0679389590922 0.0146432389865 -0.00799740888166 -0.0706216959987 -0.0113795152939 -0.270382764194 -0.183025877767 0.0294912402701 -0.0551612504933 -0.00192406635032 -0.290887674478 0.116844982535 0.00613935909983 -0.0168498473199 -0.310474474079 0.00061971803779 -0.00731451949225 -0.319062129435 -0.0082867203721 -0.00850931735028
-0.548917203925 -0.0129285849603 0.0182967508218 -0.0487394274089 0.0206647834097 -0.000409296684894 -0.00202023933881 -0.620605794654 0.10535680099 0.0268348544063 0.0262585015817 -0.0646839402601 -0.000207659874443 -0.213649902165 -0.116583679163 0.00536652440101 -0.0615254167943 0.00902881369424 -0.246828424673 0.011764310155 -0.030118062619 0.00208107790639 -0.301749201373 -0.0412440411429 0.00869649425184 -0.274107542256 -0.0207498197693 -0.00576875358964
-0.592629053662 0.00222554055597 0.0161934824642 -0.090698504709 -0.0554381709906 0.00101156424418 0.00104790079151 -0.554349784495 0.0403185015961 0.0897746121169 -0.0483579818953 -0.0188841200442 -0.000877986244592 -0.295204118715 -0.16711028581 -0.27391655521 -0.0472793223136 0.0304324132676 -0.271955454816 0.0398734066465 -0.0230424043309 -0.0198068908021 -0.196497763507 -0.0164196136148 -0.0109084287694 -0.09243143345 -0.00521937125313 0.0151823023333