-0.00264513936064 0.00204406004284 -0.0342579538816 -0.022524811365 -0.00450729221124 -0.00402908312386 -0.00325540996005 -0.00295265354814 0.0107115966225 0.0349161104923 0.00760191156638 0.0168055491263 -0.00338231329966 -0.0133969035777 2.16252979565e-05 -0.0808561918065 0.0625955494987 -0.00276771481928 -0.502736979875 0.658346545384 0.168749243356 -0.00259145846187 -0.493174739047 0.139020113133 0.000519317454588 -0.0923317381065 -0.0142214408273 -0.000375423846757
-0.379799790631 -0.0245837017537 -0.0431685849875 0.0180398252157 0.0495386441204 0.0326238837773 -0.00636127610286 -0.396947056019 0.0153383710708 0.0637901203748 0.0520591751513 0.0486471739237 -0.00281863484551 -0.340689541059 -0.0257416764899 -0.198809898867 0.048671126961 -0.00425807932801 -0.347231228137 0.448455197236 0.119264140951 -0.00301092090433 -0.383619261453 0.121946033729 -0.00567879382797 -0.159719678155 0.00908742276239 -0.0150041750588
-0.210749991417 0.0101197246881 -0.00870850693858 -0.0345763706003 -0.0256938372678 -0.0109922114768 0.00101378835387 -0.217539245888 0.00670416439075 0.0436679693787 0.02214665287 0.0323779986467 -0.00488838983203 -0.332738618294 -0.00360767285419 -0.0258993169193 0.0360917403199 -0.00186678845836 -0.577426830937 0.323496740024 0.11187598849 -0.00185351744736 -0.531938213143 0.0709022440579 -0.00139828999797 -0.226430439768 -0.00565081492038 0.00207752943986
-0.414203117086 0.0499089484132 -9.79912866911e-05 0.054178215411 0.0484260446246 0.0282643579197 -0.0128108589679 -0.465841571607 -0.0332111975265 -0.0767665147928 -0.0769724382656 -0.0487412671769 0.0123562199363 0.112658994882 0.0649657928136 0.043841573901 0.0443067370071 -0.00842891649259 -0.323001366747 0.529130438205 0.152683869255 0.00190969916689 -0.378653973421 0.108182549845 0.0068189701185 0.0561029009938 -0.0205737924262 0.00711139472308
-0.362241740914 -0.0741225645345 0.003776287895 -0.083470900014 -0.0364643133252 -0.0433858682445 0.00490050123887 -0.408339505027 -0.0166825574098 -0.0813042980714 -0.089326581157 -0.052069174215 0.000440779621818 0.0795379134512 -0.0616965556716 -0.100529684729 0.0412742982852 0.00584802749321 -0.440298927378 0.549585262854 0.0823980645418 -3.43220113802e-06 -0.368889697962 0.0863585407912 0.00422591437974 -0.0173330916164 -0.0147926492678 0.000916798594356
-0.159918555323 -0.0010452291028 0.0226600123604 0.00837737261243 -0.00940879476264 -0.00499414254714 -0.00282696262253 -0.159684690825 0.013175970856 0.00467901844106 0.0040552657431 -0.00603159555528 0.00147767104006 -0.413182683463 0.0949129321275 0.0354884875743 -0.00262506102421 -0.000380634498838 -0.649619035252 0.00893603700573 -0.00134935113095 -0.000124724605985 -0.462362215326 0.00531680608508 -0.000256234330982 -0.361935482292 -0.000250766699272 -0.00917538109056
-0.358805053934 0.00196316029478 0.00204601610428 -0.0033913448556 6.11721928511e-05 -0.00357996594923 -0.00520384253243 -0.378150541195 -0.00493758731573 0.0229039345188 0.0211082025386 0.0274198946935 0.00114319662686 -0.306534947388 -0.0678686179427 -0.116823006027 -0.00545924524096 -0.00601972964547 -0.544238156487 0.314233595514 0.0731101235809 0.00374077110199 -0.420518186126 0.0415725415993 0.00718922579094 -0.187415001691 0.00321501099047 -0.0111025083436
-0.163765138496 0.000515335698494 -0.00992983859696 -0.00347019978301 -0.00404472419038 -0.000399913377052 0.00219715159341 -0.164967866867 0.00589657219048 0.00188554554985 0.0108978202035 0.00173775739375 -0.00119790517957 -0.383848400283 0.113139024063 0.0496390270721 0.00266002345797 -0.000316274251334 -0.667840096252 0.0144705628163 0.000718464622652 -0.00010484263818 -0.476145209107 0.00204187328477 -0.000284333557464 -0.33184553012 -0.00111290490739 -0.000135376977056
-0.157282335093 0.00136078796674 -0.0233892457888 -0.0112442122141 -0.00831326264827 -0.00254137087489 -0.00217515233415 -0.1557709893 0.00853159556195 0.00784809895319 0.00364702207255 -0.0013415239174 0.000583205579559 -0.365716097175 0.0647806398553 0.0962671501369 -0.00315145914773 0.000719791797863 -0.530419138908 0.0472135336724 0.00168286417071 0.00043031990108 -0.650136710742 -0.000835516658513 0.000272320947561 -0.310818916131 -0.00231542736767 -0.000849642817979
-0.57628771213 -0.0382844565538 0.00640850821913 0.0453204793583 0.00528887825849 0.0363105549453 -5.26046303742e-05 -0.5667542361 0.0153348183132 0.0392566971031 0.0152069922772 0.0166082078446 0.00364460363595 -0.272148566788 -0.00290854289556 -0.0205283373492 0.0685745574983 -0.00284195330302 -0.104646828943 0.342380938214 0.0877145892972 -0.00151832877107 -0.332943624427 0.114059634422 0.00117213475148 -0.0227589118054 0.0039772488519 -0.00224732098807
-0.579673582022 -0.00245212908084 -0.0262196978437 0.0117102466072 0.0449183098781 0.0304296021422 0.00749981749428 -0.528939309055 0.0283887069171 0.0300021041356 -0.00229924228102 0.00264460888292 -0.00500068789376 -0.141630839179 -0.102337684338 -0.157266381384 0.0131100125109 -0.0059449153261 -0.358863783415 0.398269293616 0.0640753174968 -0.00782362961704 -0.16520953936 0.0603124453268 -0.0105808574587 -0.0189144654688 0.0136082054517 0.000729067583067
-0.443612182942 0.0288514306516 0.0157253180272 -0.02460102479 -0.0383235459236 -0.00833683738813 -0.00442549861835 -0.466953717322 -0.00718681377872 0.0618804834512 0.00863089632403 0.0310002269138 -0.00660769076612 -0.207314916311 -0.0280440239873 -0.0494893601144 0.0286628322112 0.000426844689151 -0.466579702106 0.351903156589 0.106935275463 -0.00307855389778 -0.400181708973 0.0698621009996 -0.000773531189329 -0.108492851311 -0.00711840665087 0.00988532899858
-0.325475936738 0.00816193829985 -0.016010301617 -0.0244950991447 -0.00939460108549 -0.0141274826996 0.00354387015335 -0.327325976779 0.0106336226071 0.014400796569 0.0112223225059 0.0212379552116 -0.00103384446894 -0.353663844812 0.0815373126155 0.0725784523546 0.0192367338259 -0.0044923278779 -0.529944193512 0.149684021539 0.110884476523 -0.000538187604713 -0.535635108998 0.083901167336 -0.000247056562483 -0.194713228858 -0.00417276849134 0.000165809336104
-0.625551750138 0.0169524692844 0.0219813301738 0.0423222907773 0.0449039768398 0.0362414096214 -0.00286365577614 -0.515713980984 -0.00329849856047 -0.0124840887468 -0.00692997973139 0.00359388117375 0.0141844081731 -0.0300516691452 0.00276392092981 0.130337725661 0.0341615746803 -0.00711386369797 -0.10270027715 0.357306030311 0.11471336955 -0.00119620575844 -0.390230331818 0.0960358460362 -4.55075157499e-05 0.0649886374335 -0.00884717322321 0.00996322372658
-0.531249587001 -0.0262267256944 -0.018894080936 -0.0336608064429 0.0372764237211 0.00285771265875 -0.000337032399139 -0.589831001194 -0.034798518663 -0.01522807413 0.0827271423004 0.000934375955462 0.00426005378281 0.301070862909 0.0369814957534 -0.00259212061355 0.01847338549 -0.00615257686508 -0.247528019764 0.348360367566 0.0343726458014 0.0210289867243 -0.201142903869 0.0165292615581 0.0281551003215 0.198655594126 -0.0165922300622 -0.00907224261599
-0.533748984839 -0.0185886886174 -0.00540238285304 -0.0307325207672 -0.0363375065311 -0.00428180904987 0.00880266340249 -0.582685659367 -0.0539640524246 -0.0435748367092 -0.00659479737467 -0.00920668623041 -0.00451280094855 0.255154453637 -0.0280462862214 -0.0551198227396 0.0733496684725 -0.00131355807393 -0.3039392799 0.356178793815 0.000125086045039 0.00634051805999 -0.235331379886 0.00393672598288 0.010208820626 0.137016613709 -0.00521675664432 -0.000163644271479
-0.556197218513 -0.0481625161542 -0.00353323041771 -0.0724805307892 -0.0265382731954 -0.0360225244885 0.00524944653562 -0.49346327969 -0.0192036325432 -0.0345358780565 -0.0212527763707 -0.0157754944121 4.07326532419e-05 0.0379281763648 -0.021147072265 -0.0650502324928 -0.00112438021312 0.011931726707 -0.362253767157 0.422441568299 0.0705050301983 0.00178806516722 -0.32792866148 0.0575990741094 0.00863077475427 -0.0552639336661 -0.0174131583356 -0.0074287773505
-0.227394843573 -0.00319375732801 0.0159156784257 0.015189551135 -0.0384389292531 0.0125062747517 0.0001578537681 -0.226684037282 0.0114198741635 -0.0121497204832 -0.0316706854414 -0.00951946262545 0.000422263789363 -0.484323854675 0.0385147180233 0.0349251411778 -0.00116921596948 -0.000234782437043 -0.559626742657 -0.0051426859517 0.0190520508051 0.000145129548975 -0.428772016198 -0.00906201786918 0.00116063201429 -0.39827579465 -0.00231679144184 0.00150506271103
-0.249437013416 -0.000314060221538 0.00576507169403 -0.0173321890462 -0.00674011383791 0.00318776958926 -0.00037580369623 -0.256679798962 0.00193727977964 0.00390517372901 -0.0291174505413 -0.0271736291812 0.000397428483621 -0.491849646522 0.0238739525626 0.0405252578243 -0.00752160911472 -0.000782519349959 -0.497201814659 0.0401120601063 0.0442245602297 -0.0008254834605 -0.52838779926 0.0488572563963 -0.00170164790855 -0.305476141761 -0.00479829417407 0.00434313356687
-0.419563674249 0.00416058067812 0.00117215938549 -0.00469549974507 0.0217090709484 -0.00293814992228 -0.000851441002339 -0.464325218724 0.0149717926659 -0.0199145349145 -0.031484261742 -0.0509325817456 0.00215524522991 -0.226180665008 -0.118772183846 -0.113006688623 -0.0424302656433 0.00241849549966 -0.495020909667 0.283384983313 0.0469842720298 -0.000577240330345 -0.413537786455 0.0610629326391 -0.0008586377436 -0.145361220133 -0.0151881725087 0.0114439214341
-0.212456448918 0.00139472105472 -0.02048119129 -0.00339880581985 0.0207582634777 -0.0141628256127 -0.00248701163733 -0.212456628828 0.015655216609 0.00307529006328 -0.015227505069 -0.00803746119522 -0.000290815129584 -0.48674007829 0.0373275536214 0.0285860624674 0.000823765832899 0.000714507406881 -0.551139993302 0.00204277076774 -0.000118854296765 4.70287645428e-05 -0.425565941499 -0.00966082258592 0.00100268040773 -0.428959982166 -0.000645679652426 -0.00279388058541