-0.0238087282969 -0.0351539776175 0.0913856661255 0.0882768817904 0.0659450096325 -0.0243611314971 0.00782357279666 -0.203356614309 -0.0899750153977 0.12418080764 0.398391678375 0.04493938942 0.0164415554624 -0.0327163587653 0.0699716100727 -0.0990931876233 -0.0480676564049 0.0231449722584 -0.365302087794 0.56769834808 0.167402030737 0.0124173258069 -0.492909474442 0.0589185211367 0.00423042006419 -0.0454442010684 -0.0110046507706 -0.00129377670325
-0.231259709887 0.0124951161443 -0.0262201064245 -0.0113370481508 -0.0569717277532 -0.00706648043905 0.000553848567766 -0.252039418967 -0.0560038735874 0.0838758759469 0.0745541756415 -0.0083513522357 0.0076317657935 -0.336080216632 0.171968052168 0.138909601276 -0.0168350590724 -0.0040528894936 -0.453869826174 0.245774665542 0.0145916163748 0.00830401740043 -0.608612846698 0.0309419056184 0.00781478855244 -0.250061559797 -0.00431857081873 0.00937929059686
-0.393506981259 -0.0160066382066 0.141493443005 0.0262300923831 0.0498914771572 -0.0160188705676 0.0112718493524 -0.349537146511 -0.011894121174 0.0451309596679 0.062468528557 0.00570905509677 -0.000587868677076 -0.213386943503 -0.00634586099949 0.0719938073515 -0.0494522245018 0.0264839846276 -0.189618814054 0.495102430625 0.0567071175399 -0.00238346791237 -0.557338120052 0.0653135003244 0.00769282671411 -0.198862968432 -0.0146161275178 -0.0103325995019
-0.524208414887 -0.0636054088231 -0.000421816642029 0.0927913875288 0.148617717103 0.0483421647679 -0.000575170288785 -0.609851324619 -0.146603394918 -0.0111165730641 0.194915275382 -0.0688216881265 -0.00730655678967 0.133028917383 -0.0236311641784 -0.086801296139 -0.0108379484406 -0.0012944874416 -0.259853341332 0.243186034305 0.0899273067698 0.0128035020788 -0.284584885446 -0.00587835427568 -0.011626869791 0.0982168192189 -0.0107297478689 -0.00810256112779
-0.526037877351 0.0377625985791 0.134432718816 -0.0151631107068 -0.0878570508376 -0.0824304934557 0.00834525766892 -0.524700246216 -0.0577821489082 -0.0497014098932 0.181465892017 -0.0969364583253 0.0124294213279 0.0493931776993 0.037868098803 -0.139655454233 -0.0481742230195 0.0270828939445 -0.389611983902 0.242356190619 0.0833727230478 -0.00114490959401 -0.340294555354 -0.0277226921212 0.00113090737511 0.0698046610613 -0.00233122961754 -0.00247695658732
-0.502143023871 0.0422152883217 0.0200021514938 -0.0714423608844 -0.121703353013 -0.00701538138207 0.000628578706305 -0.389301152094 -0.038828450718 0.0499934139683 0.0319909347152 -0.00745366580639 0.00639044759138 -0.241548810464 0.165968053037 0.170515931312 -0.0212202309465 -0.00132296429132 -0.331752796116 0.225202138985 0.0105370767827 0.00972511582316 -0.524790364173 0.0329264792375 0.00836174323613 -0.126732884044 -0.00117376733829 -0.000751542213409
-0.300332749514 -0.0102893213309 0.0382102714568 0.0333014117308 0.0283422166321 0.0069790857567 0.00256637091803 -0.292467433564 0.0125777903072 0.0311683080044 0.0123648448307 -0.00430279881492 -0.00427951750423 -0.536230670167 0.0585696897894 0.0612002692042 0.0137157486997 -0.0016159718183 -0.329821015256 0.113622484605 0.0255891848858 0.00317653174092 -0.45877854759 0.0283916150341 0.00215319772544 -0.436665185104 -0.00810258405814 0.0106197034278
-0.331817298293 0.00306257428645 -0.0115744929713 0.0228311376688 0.0244432923217 0.0183496279096 0.00107704612917 -0.330425575082 -0.0173102588076 -0.000376387955251 -0.0102639745584 -0.0230660073736 0.00348245276908 -0.53066072665 0.055728980618 0.0538769070435 0.00771680345171 0.00294143700211 -0.325947279735 0.14896511557 0.0419423862835 0.0178263257021 -0.469364796133 0.00303488559235 0.014941528742 -0.373027627762 -0.0169527543306 -0.00274952748027
-0.563744797024 0.00908578856548 0.125774457395 0.000232647819523 0.00589846193933 -0.0216557804457 -0.00212727566615 -0.421973037652 -0.00892570057501 -0.00233467674307 0.0214665792446 0.0139062012053 -0.0118000948541 -0.103880695782 0.0496508663503 0.0977079706429 -0.0477614244424 0.0175907658526 -0.223593028191 0.368022392169 0.0264023399372 0.00161798390302 -0.513854599937 0.0313873295204 0.00625342721226 -0.0982037231241 0.0106116728469 -0.0220595768069
-0.432522138884 0.0142665813969 -0.00371947829596 -0.0356572670872 -0.131835104338 -0.00190818492804 -0.00157570309263 -0.348713145216 -0.0175106573875 0.00600489632957 0.0377923400545 -0.00538501858607 -0.00107685495795 -0.214062187501 0.198116484079 0.128599927668 -0.0125753178367 -0.00501801425783 -0.45366734196 0.187100237525 0.0119615082064 -0.00110136568537 -0.558844843056 0.0219509994372 0.00181509007105 -0.122526852499 -0.00138832020827 0.00899368479401
-0.290530189731 0.000755708529781 0.0210276061715 0.00982762580501 0.0183794152278 -0.00757309021412 -0.000604552838425 -0.294014684943 -0.0336591450292 0.0152436117356 0.00984981448662 0.00682989488109 0.00160672708316 -0.52119117071 0.034467967477 0.0259647344083 0.0157817400295 -2.56968636278e-06 -0.407266250804 0.0759804375861 0.019006566062 0.00608034575777 -0.4725785866 0.0278117281069 0.00607010984625 -0.395914944698 -0.0013061019904 0.00462863603526
-0.543293769812 -0.0403114616501 -0.0152103668018 0.0505388285956 0.0193811495804 0.0562864871799 -0.00720749800764 -0.489793668116 -0.0493575871463 0.00407736197495 0.0559622471303 -0.00469273844924 0.00384044309455 -0.465366230271 -0.0404682804838 0.014255373671 0.0741135353117 0.00555803397477 -0.0876709109325 0.333430295358 0.0584051142957 0.00445363954432 -0.285708380184 0.0701880227633 0.00762627440252 -0.134308020349 -0.0204677482299 0.00343040602194
-0.653744969778 0.0126202015426 0.139700282959 -0.0257501043288 0.00900439472941 -0.0351267124762 -0.00303005462114 -0.456505975777 -0.0166600555559 -0.000872143435661 0.00277428780331 -0.0167862647759 0.00657094736852 -0.0648935176416 -0.0383360655023 0.0430195295727 -0.0446503124222 0.0276676010265 -0.094141162543 0.352153734663 0.0264520743097 -0.015554885106 -0.434362520447 0.0281842137196 -0.0101782421934 -0.0881300820313 -0.0156414416614 -0.0160855930221
-0.420609136715 -0.00858560821136 -0.00875246517146 0.0239975648415 0.00637148588098 0.0247557580363 0.0082918219809 -0.4244719783 -0.00453298073074 0.0343375052663 0.0135149021789 0.00895361523209 0.0174695312293 -0.118531728448 0.171731484152 0.121189127396 -0.0337941064468 -0.00455600707692 -0.428913588938 0.21088812319 0.0241885340186 0.00357442939504 -0.591536222448 0.0307758466104 0.00163596283992 0.0132110532855 -0.0136953852244 -0.00623259940269
-0.559003346652 0.00604908342472 0.0180057649113 0.0196398014214 0.03371510616 0.0107490985221 -0.0083446904225 -0.586358321367 -0.0606949295533 0.0216019163331 -0.0147297047247 -0.016727785777 0.0276271933102 -0.0809591543208 -0.0626129014165 -0.0338053935068 -0.0415547880929 -0.00851930216888 -0.191224824316 0.323283814762 0.0380887220581 0.00261539328641 -0.408700644897 0.0226291488591 0.0215234146109 0.108595429179 -0.020835030977 0.0052628432039
-0.525370749795 -0.00600130491431 -0.00139816914596 0.00506515417325 -0.0410660299681 -0.0100055394128 -0.0153474705306 -0.634436724271 -0.0872422748286 -0.0529846362337 -0.00887253569413 -0.0022587291694 0.0131188743315 0.088078022174 0.0122228667861 -0.0497447188684 0.00940878347806 0.00354147357581 -0.17250663868 0.314262036066 0.0428968188382 -0.00629313019846 -0.38951077773 0.0123069331573 0.00732787154555 0.125818847172 -0.00722154181465 0.0052360558257
-0.61099475001 -0.035615257918 0.103957464559 -0.00178398965078 0.0218147654843 -0.0459450132668 0.0105048738732 -0.49402438962 0.0290043244952 0.0241911371144 0.0384349203096 0.00926190601076 0.00411223224645 -0.0439499673642 0.0459296146885 0.0286959907403 -0.0702734018144 0.0261281668065 -0.256117309053 0.31248109081 0.0185063283113 -0.00638711875814 -0.434502894366 0.0383455881942 0.00840070891176 0.0196618301012 -0.0010030431469 -0.00349737364107
-0.613259814296 -0.0408915436982 -0.0451008910478 -0.0282571882183 0.075996249934 0.00515157410569 -0.00264764198054 -0.643825793263 -0.0444752208883 0.0993134371453 0.0302307122788 -0.0179079731898 -0.00467372815932 0.16515886078 -0.0434072922878 -0.0272274046441 -0.0255224865435 -0.00546645836565 -0.340766706452 0.0914308440623 0.0035499658328 -0.018244310448 -0.159606009336 0.00869363913577 0.00637139027594 0.0641766226827 0.00546128203627 -0.0289737473994
-0.565420192043 0.0166950779919 -0.00691822326836 0.0541933698779 0.0191971526836 0.0158723209478 0.000149053133497 -0.639189221716 0.0511033228778 -0.017210989826 0.0792343847822 -0.0701737365435 -0.018167858471 -0.130509912498 -0.0924978964489 -0.0118943803782 -0.0172903965939 -0.0011081458061 -0.217843859207 0.0270211261511 0.0750802520298 0.0274587461403 -0.386630659973 -0.0825522337516 -0.00335347584945 -0.128368964305 -0.00414361958516 -0.000502788755714
-0.489893455192 -0.0111229263562 0.0377808489333 -0.0276358816011 -0.00575035104011 -0.0207647155129 0.0073988113729 -0.537566170228 0.0437399362536 0.0831790453043 0.0396221180181 -0.057528429278 -3.21073574066e-05 -0.191366234246 -0.084584143221 -0.00311857573171 -0.0497993983506 0.00619156356968 -0.495086189451 -0.015476048382 -0.00314113987376 -0.00266700571193 -0.361509394424 -0.0817164141974 0.00474468535967 -0.159346238759 0.00556378617555 0.000356296516698
-0.632084148761 0.00423828257591 0.0984861550983 0.0119272058132 -0.0591837216801 -0.00532797232123 -0.00544747008158 -0.458008699242 -0.00719284166235 0.00857338021298 -0.00319088722109 -0.0156562316543 0.000490860536393 -0.0330254966776 -0.0544585929987 -0.201626696435 -0.0552557230219 0.022859071872 -0.482599718992 -0.0136042235487 0.0286663097474 -0.00342015108626 -0.301652372562 0.000219213914837 -0.00838695958763 -0.0587625739513 0.0058476872607 -0.0117509771218