-0.0114056917537 0.00100262534194 -0.0444566779495 -0.0272391780085 -0.0583685968053 -0.00648206483497 -0.028392842969 -0.00527272730805 -0.0205822864181 0.0146544902408 0.0324257326708 0.00285062225558 -0.0384502154683 -0.0106651833944 0.0196418859774 -0.0833007248582 0.0221792772008 0.00800019624704 -0.489292424312 0.67346660852 0.123511559252 0.0280024740549 -0.503820493249 0.121758690415 0.000760766742032 -0.057444371645 -0.0265264927637 -0.0053738178418
-0.379515729584 0.0106236357103 -0.0495877868998 0.070935538657 -0.09686120485 -0.0149926138072 0.019674026754 -0.377917005854 -0.0208075973552 0.00287375919971 0.0538424348307 0.044336334033 -0.0349887474327 -0.0839994455188 0.100974533256 0.07897007204 -0.0223679485935 0.0119518636893 -0.387757541714 0.497806820715 0.0914695564185 0.00641549626414 -0.49295476732 0.103551540705 -0.00772907693606 -0.0280990639193 -0.0185334761689 0.0582417784845
-0.191766859576 -0.00954021684498 -0.0634423859499 -0.0722182051023 -0.0302994989868 0.00125449377742 -0.0149113991952 -0.15837488099 -0.0181960476621 -0.01328319439 -0.00223361479598 0.0214307158776 -0.0190072958114 -0.616109654917 0.11430039719 0.0750558304407 -0.0409737531493 0.00802253104941 -0.326642576842 0.152921394087 0.0439325037738 0.0197368547828 -0.523901516104 0.0472228783275 0.00857942815423 -0.33838133211 -0.00433204657335 -0.0510595340838
-0.431873926978 0.0518063134428 -0.106324647769 0.032196678097 0.0220655618616 0.0365742630554 -0.0298174374499 -0.424849764057 0.022331647879 -0.0586607807555 -0.0619634399817 -0.0585406242126 0.000849014933768 0.161561757562 -0.0233537128077 -0.110920449664 0.00105983987778 0.00467400719297 -0.33386941208 0.596153143161 0.0637237107132 0.0104487322003 -0.296154422391 0.0683319312586 0.0083478040514 0.0295252370594 -0.0149217151895 0.0221263908929
-0.378995655283 -0.0672862889542 -0.00550009807379 -0.0541684252812 -0.0617333786232 -0.033214811894 0.0133573292888 -0.468985197387 -0.0328111681203 -0.0735663352116 -0.102147220118 -0.0916724519623 0.00690902031838 -0.0422586375926 0.00271089099902 -0.0539414917049 0.0623977242653 -0.00688907013239 -0.407467960249 0.475802106198 0.121759936503 0.0400195872094 -0.410714440253 0.10164705195 0.0190663843528 0.018592106496 -0.0264872392789 -0.0232071187176
-0.458101067038 0.00456876700013 -0.0226263893842 -0.0321721912059 -0.0283191712772 -0.0127108565282 -0.00218755208979 -0.420539733375 -0.020934556635 0.0159202099305 0.0130248724745 0.00625383068428 -0.0104518039391 -0.239767924715 0.204571603271 0.236251671052 -0.0235674302697 0.00522420922907 -0.362261705298 0.304190008401 0.0370870840742 0.00258516430588 -0.471088336529 0.0469610653603 0.0072724359853 -0.0561567867284 -0.00563896074392 0.0386392968635
-0.300104939771 0.0457172491304 0.0383132137614 0.0859759095053 0.00895541361203 -0.00243071141863 0.00188997535054 -0.292159569974 -0.0493605970237 -0.048785101077 -0.0431861770301 -0.0157898745594 -0.00574783069302 -0.526918679221 0.0747977913716 0.0840277457825 0.00622574127315 0.00400432405819 -0.281831184119 0.0937335202242 0.00836343801713 0.00688622160404 -0.403826506919 0.0035035323413 0.00657840158437 -0.514537260966 0.00255094474594 0.00208124714076
-0.301276684859 -0.0209415139101 -0.0272116651276 -0.0479029674974 -0.0234402320338 -0.00234448103369 -0.0177480386919 -0.276962977642 -0.046290749132 -0.0143795393592 -0.02040033608 0.0110112996254 0.00752569769876 -0.545967314007 0.113336503774 0.0982159883433 -0.00159932438267 0.00667333014536 -0.21201658637 0.125779671017 0.00814329347054 0.0147367882996 -0.412814165125 0.00363806347055 0.0105784394967 -0.5219768762 0.000478521505945 -0.0237024402276
-0.195456423401 0.00173378568842 -0.0467451182342 -0.0219607519551 -0.000677224161733 0.00105874626319 -0.00642919133829 -0.190339362902 0.00965861341925 0.00710614456163 0.00791547617193 0.00472331146771 0.000869303760473 -0.488404031697 0.0274463139636 -0.00708195470156 -0.0112927726983 0.00115579670201 -0.520680451336 0.0198125511566 0.0116413306638 0.000309421638663 -0.448195454409 0.0161214933327 -0.00119144173326 -0.455006794808 0.00427150119972 -0.0576878590491
-0.616001264722 0.0192334008035 -0.0700342960981 0.0444951412324 -0.0150252764298 0.0407402648947 -0.018196962227 -0.547149744589 0.0170244698671 0.0189497484616 -0.0330175574392 -0.0152717010333 -0.0012536846297 0.0721879522523 0.0664992406726 0.0498447036797 -0.0161015786546 0.0152085331257 -0.201461448312 0.398960683018 0.057302925256 -0.0075663416109 -0.284909296924 0.0650796432855 -0.00946967839334 0.0708925499734 -0.012233026746 0.0578381581914
-0.574075038531 0.0428245065423 -0.0139486164084 -0.0216888797522 -0.0498058645918 -0.0378681972653 -0.00142018720062 -0.560420402518 -0.00787140488584 0.010590526302 0.056895479069 0.0197653645447 -0.012427318951 -0.118799942063 -0.0241844579343 -0.0225514496234 0.0350821923529 -0.00301559939661 -0.292580166781 0.303241841462 0.119962616994 0.00568153144165 -0.352252168574 0.110654724483 0.0025817822902 0.0148714428915 -0.0079861201695 0.0307973045728
-0.259475036921 0.000809892147494 -0.0228773179311 -0.0455745222822 -0.0204624078642 0.0219660542794 -0.00557714693304 -0.262094621084 0.0129592954587 0.0173883394235 -0.00194977276332 0.0381856723655 -0.00943363616524 -0.562300380929 0.00889884649899 0.0240930175189 -0.00390790161904 -0.000950308475194 -0.433283664735 0.0222134066204 0.0914557312121 0.00431767105191 -0.471001341505 0.0421115955028 0.00112947987268 -0.345466408587 0.00586188652711 -0.0442452674862
-0.240179905107 0.0117114490126 -0.0673226780471 -0.0321969597875 -0.0230429917119 -0.00233171987942 0.00296070414246 -0.235359106597 0.0223363143853 0.0412161096825 0.0153687462031 0.01056009148 0.00120373139454 -0.561109329607 0.0159968048722 0.019808071695 -0.00146281248894 -0.00238874325876 -0.390829965881 0.065930551227 0.073393849194 0.00264396449073 -0.475852563494 0.0578269782411 -0.00114696351305 -0.4092911731 0.00106503400171 -0.0532153062386
-0.533308042751 0.00360158302247 -0.0756054429178 0.0141484344185 -0.00289406254623 0.014310573912 -0.0194958758398 -0.494515789465 0.0138392440136 -0.0393835332229 0.00985679524543 -0.00751687328676 0.000954155607258 -0.117311670152 0.183347628421 0.139190697625 -0.0385286088979 0.00239211423184 -0.353580460103 0.346930436098 0.0529061115159 0.00877600879082 -0.372145112513 0.0758340983516 -3.57555006516e-05 -0.00437671528401 -0.00358516830372 0.0429367116478
-0.562389752817 0.0209120607049 -0.0106345217212 0.0155562147813 0.0379301988072 0.0038497717645 0.00361830327566 -0.643297040136 -0.0630682594881 -0.0419807592882 -0.0553688959765 -0.0339379893148 -0.0105245797093 0.175329396632 -0.0768841837457 -0.135671237047 0.0553265218365 0.00181341237546 -0.19734062936 0.342904743012 0.00211818899047 0.017034276105 -0.156272914445 -0.00427684582611 0.0199379107066 0.122783037024 -0.00593819956403 0.0516451935786
-0.523626960759 -0.0156743715601 0.00438775530755 -0.00117432472334 -0.049357408164 -0.00201604119339 0.0147535429326 -0.670532484014 -0.0609986918197 -0.0790615361769 -0.0090272168271 -0.0489034980507 0.000235850547957 0.160893908606 -0.00840477000138 -0.0520916499196 0.0497179991155 -0.00790834950115 -0.247652452248 0.310345456113 0.0263186480337 0.0602944327748 -0.201495132674 0.00371400391565 0.0167290385333 0.159539125914 -0.0228035860174 0.0280333056282
-0.636736932299 -0.0273089104463 0.0039581823292 -0.0644056219573 -0.052882385372 -0.0469704873824 -0.000702998514067 -0.529968140286 -0.035968171845 0.0144860618592 -0.0197100217631 -0.0246588272719 -7.6955209687e-05 -0.0189881159643 0.021236654654 0.00572545169174 0.0448812632963 -0.00558208603257 -0.262561548851 0.335658270923 0.0865270737723 0.0265627971003 -0.314763542307 0.0860274598126 0.0303989613837 0.0141033159726 -0.0192037488079 0.0251193802711
-0.41698047772 0.00447781474785 0.00744716142989 -0.0574849406667 -0.0379141559523 -0.0136387418345 -0.0207229750124 -0.361751368589 -0.00419851686566 0.0308915865555 -0.0249825000316 0.000659372050435 0.00315114658351 -0.290391407167 0.218180680573 0.259580703862 -0.0168259347328 -0.00298626746951 -0.40004003857 0.266509067363 0.0234416657264 0.00432486666386 -0.500198908539 0.0464150946566 0.000240827378691 -0.0675998722082 -0.00376024368183 0.0074242925964
-0.508874035987 0.0301395462684 -0.0127360687505 0.0235795975388 0.0220609016067 0.038221906591 -0.00366207150549 -0.517311357757 0.0233043696175 -0.00110210892859 -0.0344264350468 -0.0367986316505 -0.00433616169486 -0.126539923502 -0.110434040826 -0.177954405604 -0.0632657153688 0.00876941313135 -0.410465747907 0.255660649364 0.0496722686744 -0.00780866280616 -0.376135814326 0.0477621587908 -0.00790512755982 -0.13498412303 -0.027241815322 -0.0602775539596
-0.266691251322 -0.00439152075117 -0.0260117658622 0.0184981904161 -0.00307037297213 -0.0332436984952 -0.00321092629442 -0.267234991352 0.00185865424324 0.0217136478087 0.00675078757295 -0.0272250144657 0.00150319911632 -0.608933196068 -0.0108177145499 0.00465876506076 -0.0387793063029 0.00261110739057 -0.378236551727 0.0173349169985 0.046557821149 -0.00572199997393 -0.473633829283 0.0579342911449 -0.000430432492322 -0.325448726319 -0.00308707383728 -0.0490871789167
-0.324159850157 -0.00363294487002 -0.0279984631368 -0.0141633901961 0.00629758906027 -0.0235608069157 0.00540848250052 -0.329665870269 -0.00759171918019 -0.00641986604265 -0.0123004948726 -0.0355110791679 -0.00798468307138 -0.414654447393 0.0411571207017 0.0114204888511 -0.0722725856019 0.00273562374744 -0.436020491511 0.0508456035902 0.0203980112621 0.0116989663541 -0.552343185563 0.0608095092294 -0.000896854027861 -0.318189484507 -0.00685939500662 -0.0269329682011