-0.00718889129388 0.00869743514523 -0.0784416628574 0.00251826410586 -0.0559095226251 0.00826282059759 0.0464293757906 -0.0308152895035 0.0639002479355 0.101206423912 0.147276958995 -0.00225569054433 -0.0647145363795 -0.400428334157 -0.102088885139 -0.716220979361 0.00799404268801 -0.000247933062642 -0.0693137848551 0.0945371224065 0.183024925097 -0.0169297041866 -0.440758398942 0.137748524269 -0.00506810447134 -0.0502402706327 -0.00631293461531 -0.00664647072952
-0.499144330714 -0.00469156655032 -0.142694654048 0.0808366577319 -0.0432963174222 -0.0204316614692 0.0157311177649 -0.482122459765 0.027123771388 0.0361045952035 0.108272995489 0.0761468394706 -0.00141050621834 -0.248093962217 -0.0685137226095 -0.314093210457 0.00531962373991 -0.023143668743 -0.0511489679243 0.174113458673 0.119219760142 0.00101300412468 -0.493253957118 0.0825796502824 -0.0102557796686 -0.0702866410875 -0.00277755069581 -0.0401390746606
-0.288758775643 0.0204188072984 0.0460594840618 -0.107698393533 -0.0965958175371 -0.00538409488051 0.0214097569494 -0.24806665964 0.0145337707741 0.0600842928758 0.0312144388187 0.0392290847349 -0.013523735203 -0.307198236064 -0.0985342955122 -0.0871009207438 0.048009714321 0.00290957270289 -0.475080518211 0.056109529953 0.0210685728435 -0.0141809549471 -0.679740522033 0.0161070706485 -0.00995002706327 -0.136817775405 0.00191743669429 -0.00233164753036
-0.538974383145 0.0744605659759 -0.134116104554 0.0547283881871 0.0779063701168 0.0221929613151 -0.0148582564397 -0.496391317766 0.0617056211526 0.0147516956165 -0.0799864320707 -0.101728184286 0.0218982515428 -0.240198623187 -0.0751486867016 -0.508101020896 -0.0260527910609 -0.000720793791919 -0.00156491346063 0.0213543725208 0.0863983249742 0.00870611915903 -0.257450313394 0.0601159004631 0.0167514560235 -0.0790528035247 0.00185750191774 -0.0438879860949
-0.538928642886 -0.0701212304141 0.0562668297362 -0.034441645226 -0.130795379236 -0.045392551986 0.0323195203557 -0.525433474802 0.00132101864082 -0.0354006729609 -0.0879450822945 -0.125673447255 -0.0192685122693 -0.204415404521 -0.016128155053 -0.520019995224 -0.00474043245977 0.00919678121281 0.0896939394969 0.00219949279157 0.118481957884 -0.00929280146929 -0.165789968221 0.0446968281564 0.0221306103293 0.109502459038 -0.00316752041841 0.0460115667074
-0.537648361888 -0.00809460663915 -0.0495260033017 0.141852363576 0.0348878512149 0.00192412159502 0.00414558023487 -0.41843640123 0.0274653938869 0.0229810678121 0.034617375792 0.0103540265832 -0.00131415984958 -0.14664525918 -0.0616874154691 -0.14456697456 0.014623352432 -0.00405276291065 -0.37413495744 0.0751218059744 0.00311742137155 0.00896060081855 -0.551294704186 0.000229301976178 -0.00121569319714 -0.111940532287 -0.00267397101153 -0.0275940109741
-0.265879866144 0.00190321290324 -0.0312553132701 -0.0125099771476 -0.00290123524821 -0.017926402264 -0.00597902340497 -0.276012243791 -0.0239926171412 0.043169807452 0.0357178698501 0.0115990746052 0.00371502635536 -0.602108316055 -0.0104681918331 0.00244628560232 0.0557654080188 -0.000729669090276 -0.332120797179 -0.00871951115241 -0.00438621074294 0.00334974827699 -0.470328130268 0.00841707726145 -0.0016338700373 -0.387278883538 -0.00117870805859 -0.0178831691343
-0.193328490321 0.00103772562131 0.0109534482782 -0.00359055073359 -0.00162263775526 -0.00432777649402 0.00303461620053 -0.202117240355 -0.0183940265155 0.0343636523075 -0.00450230138989 -0.00396354799576 0.00175188860434 -0.519228961707 -0.0112282786227 -0.00575232728935 0.00475478324206 -0.000160178107209 -0.249329011371 -0.0506211795526 -0.00872758287483 -0.000469837131198 -0.633726865716 -0.00104636251231 -0.000173247358432 -0.428543076069 0.00172992114509 -0.0142322974068
-0.503861929798 0.0225634142452 0.05459895839 -0.0581077230097 -0.148678159169 0.0145329278614 0.00820604047759 -0.393336750607 -0.00100927981367 0.0135755571882 0.03931064076 0.00145496064889 -0.00152208384615 -0.221353340704 -0.104260557872 -0.0770096060291 0.0208860858169 0.00478228508176 -0.393288106795 0.0167359324471 -0.0131593995214 -0.00624363263945 -0.556426404415 -0.00923452690949 -0.00248267081455 -0.168816012382 0.0253463794894 -0.0124855472115
-0.665564789636 -0.0242810798176 -0.0307522985719 0.0790280135762 0.0297100790735 0.0135792938351 0.0129857545085 -0.589638753025 -0.0140780013197 -0.00937525648732 0.042736492344 0.0272210330343 -0.013568071268 -0.0962077323141 -0.0426347656203 -0.217346780865 -0.0140648828489 -0.016437097691 0.00567973882158 0.147728559038 0.0649762488317 -0.000171043785741 -0.331207493874 0.0403078358415 -0.00273479506955 0.0114442173117 0.00738889270284 -0.0303363005431
-0.661675632314 0.0578557530284 -0.0883056238544 -0.0428366497502 -0.0595967037361 -0.0283551420449 0.0140095614908 -0.638979947107 0.0400242023592 -0.0043884195887 0.0868940978634 0.0380880200025 -0.0215545636997 -0.0985611994045 -0.0216977103609 -0.219040541531 0.00518475954071 -0.019637694642 0.127612527028 0.0952621149446 0.0894312255448 -0.00640651594662 -0.156972790726 0.0584720901386 -0.0126587203987 0.07055545063 -0.00433962497766 -0.00888398637619
-0.348090372897 0.000133913279834 0.0132099417855 -0.00894650408648 -0.011615733502 -0.00238175195482 -0.0019940098772 -0.404552796861 0.0391832418258 0.0578637003439 0.0498049802768 0.0419499640025 -0.0168119448584 -0.274074286701 -0.00774509129355 -0.0176866410673 0.0676857905255 -0.00456616124703 -0.498323540166 -0.0278014441949 0.0261721749828 -0.000384658942716 -0.609925160451 0.0233797862113 -0.00280944485837 -0.0523348707787 -0.0129855170926 -0.00419211908288
-0.507968474337 0.0402899018007 0.033420909813 -0.0898868403596 -0.143038976822 0.00131219169051 0.0151476285926 -0.409665124722 0.0278208138829 0.0841886378147 0.0239982701452 0.0122241682718 -0.0083200924389 -0.200623703094 -0.102793588742 -0.0833673891054 0.0280111339234 0.00494830434325 -0.380970436548 0.0565278656207 -0.0026124663511 -0.0120730827676 -0.558164481473 -0.00361311558161 -0.00742365821576 -0.121908226583 0.00575843394453 0.0200601788413
-0.609872606461 0.0177110489183 -0.086111814012 0.0733926970646 0.00702852172907 0.00396835290102 -0.0057059762847 -0.536973812068 0.0720896799464 0.0985992976828 -0.0201089076693 -0.0178563096703 -0.0211671413335 -0.180141671951 -0.176392967341 -0.223215576294 -0.0289731703148 0.00231274003522 -0.325141146646 0.0879715002986 0.00965746414274 -0.0122561693708 -0.275101850817 0.0227859607612 0.00323455416688 -0.062090209437 0.00789220538136 -0.0484614489291
-0.63519039824 0.0204730291093 -0.0203045591109 -0.0386933076538 0.0577194700707 0.0152454851531 -0.000118450769262 -0.632813485541 -0.0743817144077 -0.0149978354308 -0.092926916992 -0.0401523366092 -0.0259953269467 -0.037053033281 0.00889755142387 -0.332035173913 0.0145545722711 -0.00213256546002 0.216219596046 -0.0115288281903 0.0640644363661 0.00435934504202 -0.0200872157656 -0.00825661142988 0.00256729995057 0.100187154156 -0.00640046392748 -0.00520775932728
-0.57468489707 0.0478105828867 0.00951137561069 0.0415738626136 -0.0138300941111 -0.016528886767 -0.00262788939465 -0.687388929536 -0.0628925517522 -0.0348094006732 0.0173002368084 -0.0327177082117 -0.0147466340357 -0.0225692325891 0.0326456298108 -0.300176729632 0.0396980729041 -0.00613367414931 0.235653980213 -0.0271493421418 0.067473326326 -0.00384261627902 -0.0242691704043 -0.0738314145208 0.00798298396669 0.15843922229 -0.0235262100254 0.0033108361758
-0.703708995319 -0.000548517578448 0.0272569036309 -0.0466841542147 -0.0921894531095 -0.0402240173077 0.0192004493992 -0.56981122129 -0.0239487599921 -0.0290369191885 0.0212396238126 -0.0157228844324 -0.000232665179413 -0.128363910427 -0.0732588195236 -0.233427118462 0.00176483772772 0.0197969590321 0.0126876218087 0.0620181443177 0.0732573787144 -0.00261321584144 -0.255382224517 0.0577495271225 -0.00154418063893 0.0880972422356 0.00399842411766 0.0462913866873
-0.432138003356 0.0101154580032 -0.0417321559456 0.0703052223007 0.03498394701 -0.01097087677 -0.0141961881142 -0.354787471069 -0.0181578356049 -0.0288043024603 -0.00208543136166 -0.00385931569137 0.0208264456674 -0.326513923458 -0.219040375604 -0.156615831684 -0.0139376257482 -0.0114829921346 -0.366090094741 0.145736788203 -0.03011253315 0.00947985398928 -0.564667562343 -0.0113860551721 0.00154021840712 -0.146908654099 -0.00264103378768 -0.034127208542
-0.276109507625 0.0110557349114 -0.0565693934616 -0.0342257345396 0.00044296260892 0.000557205864849 -0.00469781833124 -0.27569745825 0.0574626122305 0.0177336176946 -0.00472439193249 -0.00637673750617 0.00301864572831 -0.529048679059 -0.0159478628252 -0.0513167910182 -0.0557025268564 0.00154845481446 -0.364847821423 -0.0357620077658 -0.00344827514219 0.000654316360238 -0.556360715131 0.0268921670234 -0.00052445869165 -0.329883413291 -0.0019157413029 -0.0130989002166
-0.485572132471 -0.0178821496667 0.0172653943255 0.0186980814166 0.00760751687753 -0.0192954980336 0.000208409624837 -0.550452944766 0.0357068137893 0.0382527397719 -0.0359253502413 -0.0477659198923 0.00231107728285 -0.335669047094 0.0388746055579 -0.379672383244 -0.0619459007349 -0.00320110056099 -0.286811378011 -0.0557388374742 0.00821689918838 -0.00565165833164 -0.303902019856 0.0314678648119 0.00215579461761 -0.110242095186 -0.0171364090756 -0.00766834085544
-0.455042937362 0.00177084059646 0.0107068187263 -0.0602213532307 -0.126112093571 0.00598172718905 0.0107632460598 -0.378329248627 0.034618388576 0.0415716153391 -0.000520446714718 -0.00610357420149 0.00764548821094 -0.301875205029 -0.186363506751 -0.156363843257 -0.0185400493375 0.0150012787327 -0.366491265232 0.0448562725892 -0.0457584083314 -0.00642731335781 -0.566285916904 -9.22791193518e-05 -0.0101768853122 -0.126471425687 0.00633491946383 0.0286366665481