-0.0102318546408 0.0393644211786 0.0378468589934 -0.0636938386081 -0.0765363854838 -0.00792073480608 0.0119338285534 -0.255890426695 0.130553372985 0.383827919002 0.386221777286 -0.101017901623 0.032380314379 -0.251255764804 0.239994564243 -0.540086895888 -0.0738767832632 0.0190185307577 -0.188814806845 0.134202390941 -0.0468481210838 -0.0380803334378 -0.337180363515 -0.0637493486824 -0.0433453407807 -0.0218000116362 -0.0291805381258 -0.00431989136599
-0.525143779787 -0.0115263521095 -0.0393313267989 0.0547625732606 0.00387518003498 -0.0280619722924 0.00924934030287 -0.656100550741 0.0305042334664 0.104410462181 0.258213958048 0.0279532957052 0.00230468402298 -0.0913900197069 0.20315599682 -0.312205563393 0.00441468540738 -0.0058871157961 -0.117756373803 -0.0693211584813 0.0572697760692 -0.0122150275462 -0.182920923814 -0.0166445611933 -0.0127025623194 0.0747798687486 -0.012267806972 -0.00176687681304
-0.49943718131 0.0470826489682 0.105543243183 -0.0780924582938 -0.0359422712788 0.000375626680124 0.00386882822311 -0.540397203952 -0.0772733399493 0.0509655623002 0.152981992883 -0.0468172930034 0.0100305856796 -0.072971473659 0.0938601152984 -0.322189321985 -0.0525311892489 0.01145200202 -0.394252407858 -0.0685440400765 0.00389507351074 -0.019213760728 -0.346348651203 -0.0158755417701 -0.028927515503 0.028699192733 -0.0158836390727 0.00602258649057
-0.399357311361 0.0222536842574 -0.0782224808623 0.00796705213447 -0.0745023500373 0.0125130240766 -0.00377469711023 -0.522230310941 0.0582744236831 0.198817812169 0.11390725198 -0.0626354441354 0.00919138944304 -0.416559934663 0.0259161842798 -0.318747312668 -0.0492883875866 -0.00374475722526 -0.295874833449 0.0885033518396 -0.0952183883325 -0.0222685345147 -0.291566818535 -0.0554174677085 -0.0251835889518 -0.152339198841 -0.0111119923231 -0.0161840733568
-0.518773653369 0.00176535893904 0.0902859548451 -0.0231191635141 -0.0166261911944 -0.0441551287988 0.0110808037317 -0.587133891219 0.0724487873842 0.12453925983 0.148250305711 -0.0531781419962 0.0395068762854 -0.246609370433 0.0651824878916 -0.422982801202 -0.0781095837098 0.0254625904465 -0.128245498104 0.134727490104 -0.0377456688968 -0.0465158560197 -0.175511479884 -0.023540273309 -0.0378214732958 -0.0749645666941 -0.0256812345802 0.000340155097409
-0.553569475612 -0.00854319590402 -0.031699468288 0.0641893495516 -0.0269803035122 -0.0178455666463 -0.00397152738109 -0.612939476667 0.0667077128679 0.0810956607442 0.0297636156587 0.000673270601525 -0.000687233911404 -0.0574045702344 0.16271241247 -0.116120981353 0.00932988516675 -0.0171169094083 -0.36387156224 -0.041988317164 0.0216946753778 -0.0295551088422 -0.345776193245 0.000539268399517 -0.0179580855677 0.0148502920394 -0.0186935303128 -0.00970333553733
-0.609438865926 -0.0082951784347 0.0288700291822 0.0375211209188 -0.00823023295767 -0.0116211768475 0.0157280663351 -0.599625856959 0.0206489176523 0.0183909766897 0.0319155307057 0.0198290820487 0.00626875288699 -0.0550221485238 0.113498079028 -0.126297448092 0.000368358475658 0.00413516638988 -0.132083215344 0.0558654234321 0.0590999917299 0.0119210707422 -0.452033732286 0.0286562810158 -0.00400673842902 0.0460466778844 -0.0141465709101 0.0220361701652
-0.524017688435 0.0299350751934 0.0331658248558 0.0295075561378 -0.00509153944802 -0.0116305382028 0.00322551452721 -0.583283839765 -0.0746574235413 -0.0605485139301 -0.0125892273323 -0.0256038433888 0.0161049115613 -0.0717983244175 0.137682174099 -0.114883587337 -0.0213364564659 -0.00463257706537 -0.435507796273 -0.0150849634508 0.00931995726785 -0.00667303144801 -0.376959050009 -6.40926976257e-05 -0.0220401902455 0.0354547967683 -0.0133013793521 0.00189816947259
-0.566166678586 0.0196319179553 0.0469770501824 -0.0663251856786 -0.0321716228048 -0.0124837317264 0.00259183947726 -0.545066698996 -0.0299122295394 -0.019457437114 0.0444346917899 -0.00337845798579 0.0190406551446 -0.0133920948449 0.0558170579901 -0.199121000256 -0.0533270488435 0.00824965536186 -0.344272634844 -0.012489356426 0.0149914283134 -0.00240824017328 -0.44910387882 -0.00240438010511 -0.00795656152475 0.063269971071 -0.00359540994657 0.00123376347384
-0.644984069328 0.0439151982514 -0.0250289442219 -0.0284326985996 -0.063435523088 -0.0152869320832 0.0020256442638 -0.69158508475 0.0378719580271 0.0321712342532 0.10172832578 -0.00758055043255 -0.0285342629551 -0.0411412867297 0.0733034135023 -0.201096617229 -0.0136420063862 0.00773593170342 -0.140185832886 -0.0325440449764 -0.000975303887826 -0.0103340896358 -0.0300941383149 -0.0410149690173 -0.00689943850508 0.114163845952 0.00501514048414 -0.0112255063417
-0.636765889593 -0.0105318361031 -0.0558347803498 0.0409060625308 -0.0348366222546 -0.00323517048151 -0.00658952930151 -0.64262865867 -0.00638579220174 0.0480762027852 0.0404455287623 -0.0325789147754 -0.0218889581489 -0.169046211672 0.150549417486 -0.24554578181 -0.00152343526642 -0.00817532328695 0.0617452423139 -0.119672013831 0.0255623753857 -0.0195211921882 -0.170686459568 -0.0520394664537 -0.0288861788285 -0.0764979528249 -0.014186336568 -0.0189299095142
-0.576227642854 0.00104917682198 0.00380317380522 -0.0290809313682 0.0190141655493 -0.0266891050172 -1.70510339044e-05 -0.616431190177 -0.00636891651372 0.0830455995378 0.0283590321493 -0.0555817139385 0.00516396107474 -0.295887414107 0.0920355084787 -0.210497302056 0.020224181557 0.000576547132941 -0.216895735095 -0.119899181535 -0.0307171978325 -0.0274191378957 -0.225121854375 -0.0235801888161 -0.0139072025992 -0.140686470375 -0.00988440719793 0.00297605081835
-0.69385628569 0.00744944149294 0.0983007494925 -0.0314149893847 -0.0263411953119 0.0196323878481 0.00311884307366 -0.622350051588 0.0338548616128 0.0532675908525 0.0628943588376 -0.0167562940886 0.0160134698542 -0.0329285117776 0.0262637488956 -0.230617511376 -0.0378531236416 0.0181430024178 -0.151091015183 -0.0221235286867 -0.000892578945809 -0.00440478155303 -0.171336791292 -0.00140198409476 -0.0118029170012 0.0325042763355 -0.0149196121397 0.0117282916088
-0.544750626243 -0.0436742897788 -0.0150924913301 0.057451845131 0.00650803253148 -0.0126474695298 0.00959950066209 -0.658386030103 0.0870879066746 0.130439671769 0.0842619785772 -0.0237767579987 -0.00442204012381 -0.317345622022 -0.0208551423565 -0.250269427467 -0.00101242251709 -0.00277542068538 -0.169863072508 -0.0473553275982 -0.0537677848224 -0.0233228523236 -0.169031174489 -0.0301459641033 -0.0202642960199 -0.0575920148991 0.00141039817213 -0.0152643638508
-0.557533690915 0.0318789918436 -0.00282319883025 -0.0568605939212 0.00453799058685 0.0234624041701 -0.0155533179575 -0.708149111636 -0.0473236070529 0.0930885952823 0.0847435620458 -0.0105392971108 0.0133592620436 -0.167062686438 0.0237530489438 -0.233189432402 -0.0523240925205 -0.0142361073564 -0.225470244553 0.0985455259016 -0.0257826737986 -0.0255522715166 -0.113167019168 -0.0304540840812 -0.0224091928877 -0.0452358211778 -0.0161565399314 -0.00576844440216
-0.622684386255 -0.00487505585682 -0.018430352493 0.0228669603087 0.0036206100557 -0.00281851826935 0.00302668464269 -0.69323232559 -0.0418808180335 -0.0360489236346 0.0503341903134 0.0162513213773 0.0415622251988 -0.122007774819 0.111344079713 -0.263374328502 -0.0161990674379 0.00460246133352 -0.121264808205 -0.0264757474313 -0.000784560495202 -0.037203728682 -0.0743471152157 -0.0511598878925 -0.0199726664958 0.0256236048523 -0.0164641474402 0.00164466813004
-0.667761866272 -0.0299074539363 0.122979328583 -0.0042638736492 0.0247841576714 -0.00816400596011 0.000150681796631 -0.620960770419 0.0566645212138 0.056412196337 0.0430332040753 0.0186284137221 0.0316732062578 -0.129898883142 -0.0300950930291 -0.204869504832 -0.0328943666964 0.0319934626884 -0.215397522909 0.102210581297 -0.0212421440039 -0.023480172931 -0.126536945152 0.0142843660095 -0.0288659158805 -0.070005818762 -0.0225663475879 0.00528313331738
-0.407606927159 -0.00722153692675 -0.0109352720309 0.0810178969318 -0.0106937212314 -0.0233974575956 -0.00486932473881 -0.372596747137 0.0332332681692 0.0252863814266 0.0121195224686 -0.00464951290385 0.00225921891911 -0.531612022019 -0.158917256443 -0.147822022332 0.0150092839662 0.00260082702746 -0.406908167625 0.155637618836 -0.0546316622267 -0.00144617364673 -0.375751299257 -0.0327774204029 -0.00984565516749 -0.142994691499 -0.00616575583886 -0.0105054877544
-0.466580926961 0.0242080129397 -0.0198685441913 -0.0520131953237 -0.0213171995195 0.015275946838 -0.000752629228871 -0.495235012545 0.0369958269715 0.0445143990801 0.0209728096792 -0.0668184260698 0.00383224288498 -0.333282125754 0.0924243571635 -0.167546963685 -0.0619118468232 0.00385629905117 -0.324984848738 0.0211868443863 -0.0292514966605 -0.00456979739124 -0.468673492719 0.0229572522922 -0.00185184158444 -0.213375822628 -0.00781539372152 -0.0120490956717
-0.514303065796 -0.0011232163393 -0.00127346161239 -0.0162866240058 -0.0134913327843 -0.00547039909594 -0.00250806823021 -0.587562222671 0.0211037912511 0.0656599911056 -0.03172836815 -0.0747366430843 0.0061425704126 -0.321837062961 0.0723881837668 -0.243277104461 -0.0695147054032 0.00395820748513 -0.32675950698 0.00136230451707 -0.0436456075883 -0.0303990940944 -0.243871720134 0.0318504320647 -0.0165747493617 -0.185224876325 -0.0214706760055 -0.0201163457258
-0.67845770531 -0.0309674934013 0.0488974112371 -0.0302631292787 -0.0804934440388 -0.0107693014431 0.0109422415325 -0.574007154142 -0.00493628120819 0.0111671329337 -0.034860341519 -0.044096402943 0.00222739309494 -0.166547931852 0.000635178328129 -0.315055626662 -0.0615290965673 0.0140015540755 -0.0190181081533 0.0900341516853 -0.0123170416354 -0.0263434657611 -0.226398999138 0.0190165309165 -0.0415145947881 -0.0455907837814 0.00175200627672 0.0141140601397