-0.00377125358051 -0.00279465608204 -0.0148901623472 0.0450306197056 -0.0444111043145 -0.0168221940034 0.0142708495488 -0.149251573595 -0.102893915313 0.220194987292 0.225133175844 0.0412010546567 0.0489085296925 -0.394582623581 -0.51220046995 -0.268876559241 -0.171388972996 -0.00236590100962 -0.421213639229 0.28251333917 -0.0899654779906 -0.00542564185081 -0.263945012087 0.0518734834007 0.000877452026397 -0.0331295850071 0.0245308469139 -0.00330801690886
-0.351524097676 0.00318272699979 -0.0094615954949 0.0105907094073 -0.0152134730765 -0.0201407940424 0.00314014621536 -0.378232531838 0.0178617606845 0.0926571217957 0.0212603908055 0.066242860526 0.0282223211171 -0.26529375502 -0.165025914777 0.0913093223917 -0.110856052606 -0.00117705201762 -0.640973968251 0.117175474354 -0.0165258527914 0.00602806900117 -0.414077317576 0.0159602638595 -0.00267206568932 -0.0507455756323 0.021379218836 -0.00936842769256
-0.157548625194 -0.00123460523628 0.016612571017 -0.014302828516 -0.00778524169388 -0.00861916970145 0.00901789123724 -0.16835566315 0.0510065546972 0.0201804890806 0.0176824964326 0.0314451871547 0.0125405067872 -0.351235224008 -0.0131996224676 0.0510262590023 -0.0293305145033 0.00240935116207 -0.724324273038 0.0173335017554 0.0283779061661 0.0013773807154 -0.49457877828 0.0350168525428 -0.00125471560955 -0.207434306557 0.00628677677376 -0.000965465483592
-0.563314929786 0.0347725122848 -0.135861942541 0.0744960120304 0.0331446572293 0.0725191848343 0.0276256484336 -0.537034961985 0.052919573401 0.0978105574613 -0.0755487959781 -0.106839577382 -0.00567025305016 -0.296087029657 -0.270492257633 -0.244060179344 -0.0975844342393 -0.00212434932902 -0.236888377578 0.176359634405 -0.095153904607 -0.0212760891274 -0.0545124295806 0.00818911962607 -0.0144037010508 0.038308508814 -0.00770381627688 -0.0313827307788
-0.531500482717 -0.0237195808267 0.12659308319 -0.0432649106547 -0.0202459018824 -0.0525493598326 0.00155216182392 -0.527468806101 0.0482608240913 0.0362837201974 0.0295930461927 -0.135278106972 0.00375541295487 -0.273414655252 -0.418654652365 -0.168351666262 -0.0652622629724 0.00939899511334 -0.103689921814 0.141425579925 -0.109306073285 -0.0107421907372 -0.245689791494 -0.00759621814217 -0.0130130494507 0.0872624636288 0.0151347405749 0.0291005473833
-0.404949784469 0.0237675456658 -0.0899042009096 0.0339809874134 -0.0393060369393 0.0169540640745 -0.0324529241833 -0.378336561126 0.044571268043 -0.0357570651476 -0.0286888711102 0.0229791697758 0.0331954735193 -0.31861642989 0.133725712211 0.0142399207994 -0.0425923131714 0.024209447107 -0.505906119582 -0.0242509060609 -0.0403205121882 -0.0146942990026 -0.514853691569 0.0290306180321 0.0165498840019 -0.14920332852 0.0213821976555 -0.072030376972
-0.212559781275 -0.00649014233426 0.0159610317225 0.0312909665465 -0.0245143812835 -0.010037126915 0.00143170130338 -0.22710702671 0.0706766516447 0.0179995063122 -0.00957024658035 -0.00127927725353 -0.00117274234323 -0.396417895635 -0.000642521351892 -0.0373785416588 -0.00828899047646 -0.0018791346437 -0.596877263287 -0.0305791813883 -0.0103889362677 0.000952615586937 -0.468860739189 0.00640175207994 0.00143326383217 -0.399632270145 -0.00679859976439 0.0172704280594
-0.221985741975 0.00675895868971 -0.0547617534942 0.00111590449163 0.0264408860512 0.00383421487049 -0.00421538312177 -0.223602738885 0.0468964850114 0.0222313231803 0.0143885906905 0.0271387295728 -0.00668226233429 -0.403011747003 0.0174450091788 -0.0257993243377 0.0107272024442 -0.00215373382933 -0.615293490741 -0.0184577027351 -0.00329957191753 -0.000301307454877 -0.455597232392 0.00580892954974 -0.00132739224661 -0.378265310207 -0.0113513248727 -0.00117056522823
-0.281478731295 -0.0185258668763 0.0829024920296 -0.00225206942608 0.0253206025991 0.00207680955304 0.00684055464564 -0.253908054014 0.0470947663538 0.0163961837105 -0.0208631209474 0.00355991477741 0.00706217560929 -0.295775613525 0.000528659631206 0.0845766326498 -0.010406697956 0.0117445763044 -0.69547140323 -0.0411888502382 0.00397139224139 -0.000483028979391 -0.466487598259 -0.00303083260907 0.00340853158914 -0.217792818201 -0.00480383032719 0.00618930682722
-0.637801681425 -0.032507756038 -0.0705471355126 0.016582584922 0.0189470089275 0.0402022669723 -0.00296572308523 -0.592891680558 -0.0200959114518 0.054954118926 0.0410189229223 0.00207413660573 -0.000155359066767 -0.00798764655772 -0.181187152935 0.103274119342 -0.0767982367615 -0.00848383053343 -0.343041888931 0.129507463505 -0.0212104175335 0.00736373493473 -0.0987222963429 -0.000492496653021 -0.0174993786207 0.168478970196 0.0169756806948 -0.0712541064471
-0.338731758587 0.00374221197057 0.0187559634459 -0.015835553517 -0.0213772621847 -0.00920572074195 0.00952744020015 -0.39414303549 0.0775318513491 0.0568845102791 0.0683037003191 0.0356225439217 0.0253190813982 -0.433003946455 -0.0881179470514 -0.0730481400552 -0.0487026550695 0.00791153187917 -0.541357608358 0.04374572001 0.0212397112021 0.00800081958274 -0.429399997655 0.065970963522 0.00780659968455 -0.157282867111 0.0107753454728 0.0257764444421
-0.274222021456 0.00826898748111 -0.024560343672 -0.00235691732098 -0.00803507629368 -0.00570578568213 -0.00482975442956 -0.313988709243 0.0482290762697 0.0242259528107 0.0586075543006 0.0381271233854 0.020673339237 -0.412819705411 -0.0346590616624 -0.0301813010722 -0.0482970998568 0.0031744404718 -0.598901101215 0.0222104665212 0.0280413451518 0.00177256586121 -0.515361364927 0.0372762307445 0.00738910469408 -0.122717778987 0.0156338087788 0.00107880011664
-0.278164442116 0.00297902958288 0.0415057153417 -0.0387227116555 0.024387642266 -0.00799118708304 0.00778298479223 -0.277258135192 -0.0236632516529 -0.00229015531482 0.0377931948291 0.0175955678935 -0.0168684968898 -0.322144271827 -0.00549472234039 0.0830947064679 -0.021749125138 -0.00933874744086 -0.707293641879 0.000705093536339 0.00632269053324 0.00223332688584 -0.431328051424 0.0163221438527 -0.0166007561209 -0.199842634232 0.0113476881991 -0.0313205890243
-0.703409659778 0.0275200595376 -0.0738190420689 0.010909045639 0.0500728915523 0.0292978011873 0.0111376534231 -0.588289644836 0.0460435520674 0.0510490656972 0.00275011057555 -0.0258138519911 0.00362561376543 -0.0608003719844 -0.181824402362 -0.130335961023 -0.0620127234638 -0.00471377204704 -0.202392377891 0.128376413159 -0.019423537155 -0.0100652176412 0.133755738571 0.0217005136958 -0.0238438060317 0.0658217346555 0.00851809064981 -0.0709424811629
-0.616563201356 0.0124958341675 0.00110778945785 0.00617301868472 -0.0381845466796 0.0113441361542 -0.00739922302272 -0.716037769784 0.0483371746404 0.0718797773521 0.0119292821427 -0.0564373031031 -0.0164615823742 -0.155236817878 -0.125774430378 -0.12554674546 -0.0152200486578 0.0215264283332 0.0470123085833 0.0694133048887 -0.107696957262 -0.0250856191144 -0.0426168133322 -0.0744495781309 -0.0219617078882 0.0996159591817 -0.0260792864704 0.0111984348143
-0.616318057382 -0.00383848535152 -0.00806540405266 -0.00194908224086 0.0160797406063 0.00189646847757 0.0130304120473 -0.681440638837 -0.00220514965751 0.0364788610812 0.0510223264204 -0.0367626544515 -0.0153595412755 -0.0909041676421 -0.248183610212 -0.0641496286366 0.0387681135655 0.00471681205245 0.113236562743 0.0392886958756 -0.108892677789 -0.0137499249786 -0.186300505981 -0.0268928003534 -0.00720980395271 0.105835128909 0.00109450542327 0.0339368323853
-0.682001620557 0.0180183697273 0.102064588843 0.00307759069227 0.00665103260304 -0.0373772084351 -0.0060793125067 -0.625027612899 -0.000819559052589 0.0606820899595 0.0114126371716 -0.0160467462671 0.000807539688192 -0.0973992176809 -0.232826444386 -0.113118218369 -0.0706505142058 0.00266378991445 -0.0740542079267 0.143378130757 -0.0567919209133 0.000899093592673 0.00409665198111 -0.00946933572337 -0.0153614455055 0.128011872325 0.0183453413544 0.00952781622127
-0.573680716637 -0.0036541251522 -0.0816759579232 0.0822425513551 0.0193014365956 0.00711021980099 0.00291928307664 -0.406755974616 -0.0165638363227 0.00868066135934 -0.0300752575002 0.0039050832785 0.00809576475687 -0.25059771842 -0.221723135777 -0.143698367671 -0.0386975359683 0.00335093317275 -0.446671896497 0.216781354274 0.00059684574463 -0.00280780124895 -0.320360700499 0.0086409970537 0.00115102314098 -0.0658687792003 -0.00593359647663 -0.0500783796368
-0.401915837037 -0.000333191158005 0.0116594502787 -0.00253367424896 -0.0162150832841 0.0138479634098 0.00330759656497 -0.425159594147 -0.00611089976437 -0.040852440928 -0.0224374283566 -0.0426989245716 0.0146358674066 -0.479621748371 -0.180380125915 -0.0769523520866 -0.036782188983 0.00234780730718 -0.468346329838 0.104273295609 0.00214141609344 -0.000651474778199 -0.342212279171 -0.0134040919341 0.00914944177422 -0.187113826446 -0.00877452475081 0.0174993211399
-0.462727366865 -0.00687862856106 -0.00953749354018 -0.0271564480139 0.045372175011 -0.0247484734773 -0.00149177313226 -0.527852327509 0.0552119893435 -0.032329921096 -0.0257554075756 -0.0665750080167 0.0214839397261 -0.402027766575 -0.268739240928 -0.0572514743139 -0.0436555818941 0.0185129345138 -0.241961641718 0.0638563098478 -0.00730987643959 -0.000744423828781 -0.347510093255 0.0187156740401 -0.00254173532724 -0.265799786675 -0.00560087546539 0.0142884625561
-0.55106741124 -6.52681115364e-07 0.0696039272168 -0.0311034312197 -0.0623768693172 0.000327381189553 0.00127746152776 -0.437574245285 0.00358432790012 0.023462927688 -0.0185654692704 -0.0170244689941 0.00822322173607 -0.301461248794 -0.297068140335 -0.146555910503 -0.0321242247155 0.00928464390315 -0.383215232796 0.159215806961 -0.0149486508758 -0.00138658789518 -0.342797090021 0.0103457924403 0.00566152042408 -0.0451392844607 0.00622327807217 0.00197441636875