-0.0153317980908 0.0049610087172 -0.0794795528857 -0.0364541124468 -0.0215421102354 -0.00311769743942 -0.00802088686317 -0.00286603061744 0.0119442679076 0.0240775919101 0.0234409922638 0.00489903602875 -0.000953776825258 -0.0389221592457 0.16209152882 -0.105158881046 0.0148385086318 -0.002361499913 -0.517441068761 0.667291074831 0.0897458411509 -0.00809973041106 -0.473818102467 0.0685961185699 -0.00426906278445 -0.0278053107858 -0.00595696229105 -0.000362577443326
-0.260124363857 0.0107019864219 -0.0339609178158 -0.0457975107639 -0.0450149444159 -0.00822011214648 -0.00425266905556 -0.225478646692 -0.00191352147888 0.0241391719485 0.00830319010199 0.0173523433596 -0.00294703919622 -0.35627420106 0.289146408908 0.255382887967 -0.015262778821 -0.00216254792979 -0.412183069193 0.287072859003 0.0244754556135 -0.00518399555154 -0.58229334755 0.0478321386588 -0.00196257723497 -0.0665804902517 -0.00697799194761 -0.0169328077977
-0.376037628731 0.0628533093221 0.0450148707318 -0.0633860445388 -0.0783112630377 -0.0320769089711 -0.000742003748006 -0.374323005186 0.011649615907 0.100168912815 0.0562267631112 0.0436915274174 -0.00660858834822 -0.199250361678 -0.0373130582851 -0.160823049942 0.0834152078753 -0.0078303755821 -0.462706546066 0.479601466573 0.103673138193 -0.00110157518411 -0.349831544892 0.0542552961919 0.00371830314525 -0.178268237508 -0.003964188551 0.00787763261225
-0.353679293203 -0.00477245809289 -0.0491526963823 -0.0104080632981 -0.029565642617 0.0256875408793 -0.0132924220182 -0.387730086874 0.0101362749198 -0.0919184819107 -0.0181643284601 -0.0604798593298 0.00705963192397 -0.0240366731443 0.22842926819 0.011430171237 -0.0103789828216 0.000258696356089 -0.415853386488 0.503473918371 0.0750063494068 -0.0125540399219 -0.450871163647 0.0644280317406 -0.00934793814963 0.122467569757 0.000112750051745 -0.00283570005859
-0.387063055298 -0.0644140864121 -0.00123890783255 -0.0671779197739 -0.0773300989807 -0.0167983086847 0.00428268033015 -0.409195490104 -0.0262470563291 -0.0901883451175 -0.0740797187292 -0.0444969209841 0.00322616187941 -0.0560770739319 0.036972404466 -0.161693084278 0.0221868031556 0.00516836088981 -0.447553277261 0.542000920713 0.0892290245979 -0.00302529723026 -0.329043241206 0.0579487610827 -0.00487351487871 -0.079900636969 -0.00532628890792 0.0147407250353
-0.454602643619 0.00165865427282 -0.0221923327505 -0.0436477818648 -0.0345663173514 -0.0131561013919 -0.00677491070956 -0.37005639403 -0.0136540018788 0.0140455863454 0.00163679424382 -0.000376046981753 -0.00277463182304 -0.335681985123 0.303494663517 0.268206490784 -0.011020104353 -0.00390523315013 -0.322549071085 0.219842536204 0.00618593843066 -0.00754189083224 -0.469115777063 0.0356872306377 -0.00132717481252 -0.0103377076687 -0.000868399230538 -0.0375112573681
-0.197435132592 -0.000427842240192 0.0125360657697 -0.000889999665926 0.0102524764332 0.0104765738108 0.000418761016199 -0.200497610753 0.0077054814744 0.0328633170848 -2.71322970387e-05 0.00583121817618 0.00104945243945 -0.514371084214 0.0287021148987 0.035907716298 0.00344235597959 0.00043466598587 -0.485384972444 -0.00838516106108 -0.00303552680295 0.000560351353254 -0.483645442858 0.000148992459773 0.000557897745031 -0.427721039482 0.000240184506515 -0.00570906712428
-0.426432386227 0.0281624392781 0.00552946542891 -0.0398509053759 -0.0165569260181 -0.025122723974 0.00305058110996 -0.442171052135 -0.00677201537053 0.0438406824981 0.0326599214775 0.0199898109325 0.00129443473769 -0.406650445768 -0.109278114889 -0.171852386061 0.0237153574428 -0.00863046516123 -0.434649854159 0.269197026955 0.0462045594157 0.00509083493208 -0.295510724812 0.042482840241 0.00497604204205 -0.235771297066 0.0102703597199 -0.00187579224728
-0.185274756471 0.00117078117842 -0.0131325832535 -0.0133683032271 -0.000646664065868 0.00064824839133 0.000388433829378 -0.187083972067 0.0135074210063 0.0185526364363 -0.0130046342022 0.00114125811293 -0.00161703101021 -0.486912676246 0.0773876353928 0.0504903012 -0.00052021707472 0.00020894297999 -0.55866406226 -0.026572072795 -0.000602950622188 0.000210886183846 -0.453762835411 -0.00631661079981 0.000771787965665 -0.406495335437 -0.00102305247433 -0.00212463726174
-0.475076429675 0.0196035190044 -0.0231319673521 -0.0357732709641 -0.0217625490071 0.00367999767056 -0.00887270097712 -0.438442368166 0.00352317741146 0.0100301190178 0.020154743284 0.0146771884987 0.00318454695602 -0.234030406382 0.27506783895 0.241812594307 -0.0177693790437 -0.0010143820004 -0.304679938834 0.27495659202 0.0205504214837 -0.00633438553974 -0.464499502918 0.0406113737057 -0.00273199402458 0.0522238562707 -0.0136720307797 -0.0106775666834
-0.3101667382 -0.00640849577558 0.00438308389102 0.0138187299722 0.0132394716068 0.0207828921378 -3.11719325152e-05 -0.313335105926 0.0139585060723 0.0244130094022 0.0123887503498 0.016768688059 -0.00274708557066 -0.430251343524 0.0336784762506 0.0428098715504 0.0237044272071 -0.000466356825238 -0.489895473316 0.0951972549911 0.0856982677061 3.91438275344e-05 -0.554808822414 0.0793492916629 -0.000852470734199 -0.210563438686 -0.00500268927717 -0.0021911947841
-0.591758405969 0.04258398395 0.037210532885 0.00850815379701 -0.0707872469813 -0.0001737135634 -0.000121601882927 -0.610814350987 0.0325445334342 0.0398399083335 0.0592021089106 0.0299029766896 -0.00959048100218 0.0189587771816 -0.0364504264135 -0.118180882359 0.0801537649999 -0.0051190194474 -0.256960884372 0.373118611242 0.0566007614359 -0.00214616364145 -0.169196939971 0.0088920849277 0.00143642068321 0.0344994760616 -0.00580845292552 0.0285684210929
-0.372184857183 0.0215915818707 -0.0046603809075 -0.0398239492402 -0.00958974293429 -0.0213697092853 0.00370430324951 -0.377249622642 0.00472851354512 0.0366569658504 0.0260377314035 0.0179921475542 -0.00217666165688 -0.363247521754 0.114217218392 0.097141340903 0.0286113588378 -0.00177288519184 -0.41900451451 0.227677321113 0.111409549928 -0.00502790760532 -0.517196526679 0.0886554060267 -0.00394779056508 -0.208786344282 -0.0100448621772 0.000734855964608
-0.586250105672 -0.000164846985051 -0.0689892439167 -0.0259883790556 0.0357609691052 0.0207272129719 -0.0134039145037 -0.536175682285 0.00461661063616 -0.0322542450443 -0.0192267501249 -0.0169662256853 -0.0171755249716 0.0896499223128 0.1499138492 -0.0044817335221 -0.0127608339951 5.78427509531e-05 -0.24810291107 0.408946006105 0.0240484302997 -0.0132489801686 -0.280606775133 0.0427025398564 -0.00974757983698 0.136108070921 0.00580579677482 -0.00560928000886
-0.541112644351 0.023913465001 0.0118851301752 0.0287933823899 0.0194395429856 -0.00798739577321 0.000985050105371 -0.590679168712 -0.0271774805787 -0.0671201848283 0.00698777803242 -0.0223705797006 0.00266598516322 0.0583054702355 0.134206735772 -0.0331579151998 0.00240210252247 0.00696681802513 -0.291712404443 0.344775692908 0.0859268871931 0.00183493392075 -0.261725371252 0.0508959843451 -0.000899608398476 0.212818516049 0.00734122395949 0.0124639988978
-0.53911424763 0.0154672116817 -0.000402626404043 -0.00770515507741 0.031454964935 0.0208857684381 0.00436470861104 -0.625355632377 -0.0579378566279 -0.052391640609 -0.058942881412 -0.0123894166579 -0.00458312190023 0.139589670411 0.0439522097191 -0.14214994435 0.0355832003075 0.00617554916843 -0.30450315973 0.33025008762 0.0188099880905 0.00857637409974 -0.222652897379 -0.00687094536309 0.013897076483 0.107630180548 0.000547318618069 0.0158245599739
-0.512118760211 -0.0452077094089 -0.0078529318719 -0.0387475124316 -0.0472953685772 -0.0206672400784 0.00690040050272 -0.497987467383 -0.0233270127225 -0.0306730468846 -0.0367655480323 -0.0126595524065 0.0038195289403 -0.109175266212 0.128154102152 -0.0218461156122 -0.0114905615659 0.00178208420334 -0.421676542477 0.381346502734 0.0901174310643 -0.000460703144244 -0.335805235804 0.0548822022534 -0.0109028836362 -0.0639595265101 -0.000163393328117 0.0106397254029
-0.450097399694 0.00363489740732 -0.0269617979001 -0.0417638911769 -0.034667497833 -0.0126437153222 -0.00494055022114 -0.374727206543 -0.026642271928 -0.00847982766887 0.0524019711464 -0.0029245754442 -0.000885275754033 -0.333457152053 0.310336304235 0.254214518221 -0.00861263909872 -0.00579443210191 -0.332902516066 0.200102006453 0.00805964344396 -0.00507608206296 -0.47418948243 0.0272766632747 -0.00483386862075 -0.0187869556648 -0.00123073280552 -0.0203996344856
-0.202532493184 0.000178351840058 0.0163793719336 0.0172806337129 -0.00464719971235 0.00363408584607 -0.000536200841312 -0.220473129398 -0.00504065007234 0.023196393722 0.0732915489404 -0.0011432257941 -0.00174502176916 -0.510745692807 0.0503318837811 0.0262889700851 -0.00292049205116 8.76274026658e-05 -0.53952406621 -0.0163190515089 0.00933877128155 -0.000178599801653 -0.402164124106 0.0019263889728 0.000505657992419 -0.431921313944 0.0002536778147 0.000872095315018
-0.468487483488 0.0165625955765 -0.0209996191381 -0.000255791965322 0.0080106027264 0.0235365395748 -8.03828871533e-06 -0.506683750271 0.0268410599891 -0.0449666475648 -0.0149972864035 -0.0364622210318 0.00255777901883 -0.257339338654 -0.105508858467 -0.133962550359 -0.063106911108 0.00457713477507 -0.40605561536 0.33299113295 0.0299449024067 -0.0053244863818 -0.269063819812 0.02448856441 -0.00898364397876 -0.261953453467 -0.0150026336749 0.015471560574
-0.210336657025 0.00542473499425 -0.0221446824371 -0.017464480076 -0.0224448228625 -0.00776065101789 0.000471518517893 -0.217604843904 0.0147746564586 0.0216928067493 0.0530966282097 -0.00631635239252 0.00219202700937 -0.509271424503 0.0344846085767 0.0367223269794 -0.00514033353031 4.08268666395e-05 -0.493046165783 -0.0228549298653 0.00129278052608 -0.000331640117659 -0.455041575905 0.0127577658174 9.88675953323e-05 -0.436690472035 -0.000565579099001 -0.000295050261988