-0.0311319003678 -0.00528416567911 0.100881466392 0.0372066026942 0.0970572816803 0.00294895682494 0.00633164704011 -0.00364299420417 -0.0133988198425 0.0429942630955 0.0188749984237 -0.00232637977868 -0.00347167609552 -0.0358282513552 0.14540459639 -0.104659555545 -0.0144313649271 0.0273698375202 -0.48738060621 0.675698460898 0.110570302308 0.0202853579877 -0.472719972902 0.0963206383684 0.0167270162121 -0.0374011536207 -0.00693714977284 -0.00249653108956
-0.257181769876 -0.0174899589303 0.0466600837204 0.0290411554107 -0.014215627643 0.000390904749826 -0.0216701835886 -0.310908462087 0.0321966814021 0.0711401707073 0.0555324061759 0.0437501077939 -0.00467775706047 -0.32675276809 0.145995958922 0.118931468337 0.0287741031937 -0.0127529323772 -0.426589056676 0.344741924112 0.130990507859 0.00670505010695 -0.584437367726 0.0836751365802 0.0140628894599 -0.108676300534 -0.0159476283031 0.00068825024925
-0.461566166736 -0.0265401478314 0.0946547072917 0.035551434658 0.0930012211416 -0.00271284973471 0.034993014821 -0.437689901185 -0.0502131233306 0.0451417383635 0.0912179558397 0.0521410740755 -0.0106926528977 -0.0640933831761 0.179135045423 0.0568517632034 -0.0433095837486 0.0285186512067 -0.296498397986 0.499212068124 0.0617045231547 0.00664070882922 -0.409664495436 0.0703324338891 0.023025138629 0.0236876161805 0.0222574124953 -0.0375517378403
-0.381959051601 0.0584627863647 -0.0294449020614 0.036704991269 0.0597725977687 0.0574283514287 0.00146179228677 -0.431241872688 0.0614714639114 -0.0567317097851 -0.0755385481682 -0.0791048990043 -0.00812362322675 -0.236675285996 -0.0806796028349 -0.255973665058 0.0281089897509 0.00867806576736 -0.411245483199 0.396926907868 0.0865312944719 0.0218589225779 -0.37470756457 0.0837044087976 -8.22614986675e-05 -0.155750247824 -0.0120673505313 0.0351880637408
-0.468289153106 -0.0394763067654 0.162619120701 -0.0247618739021 0.026995838879 -0.0248197567553 0.0349341042439 -0.456312822907 0.0555788298939 -0.0546724129457 -0.099994982262 -0.0572015631176 0.0102638087522 0.0752000738965 0.129149534106 -0.0898702048161 -0.0244921032036 0.0384302972994 -0.352439264003 0.530680176535 0.0450720916187 0.0270854578167 -0.271311258721 0.0588285312723 0.0150693994324 0.0528523990159 -0.00369361495685 -0.0255926341594
-0.222373330063 -0.0071789039229 0.0906121645903 0.0344778594263 0.00182850979875 -0.00919322441343 -0.00672586918738 -0.200384008398 0.00952420332891 0.0346710564808 0.010161011804 0.00690052084698 -0.00580783346809 -0.463411939165 0.0488209036861 0.0132192589064 -0.00916114411007 -0.00247988562287 -0.529613741261 -0.034516195154 -0.00313585643672 -0.00179047082224 -0.432340128172 0.0186821593211 0.00135518304275 -0.461442871414 0.00244261433544 0.00605435368548
-0.173205797582 -0.00024475572428 0.00966079761409 0.0037033571778 0.00339379103799 0.00524275279718 0.00887987724892 -0.175361147032 0.00892548900008 0.0213688508656 0.00892810824195 0.00437641207248 -0.00176109848213 -0.530353282372 0.0140760801041 0.0270392307075 -0.000799780066112 0.000727981706798 -0.46653774691 -0.0306764660508 -0.0068633028723 -0.000223371937455 -0.489210532092 0.00476107053847 0.000255952393433 -0.444290951936 0.00227723328403 -0.0280176124052
-0.183745068594 -0.000116839405537 -0.00690704443981 -0.00598250108837 -0.00147300779539 0.0040006778275 -0.00667118885601 -0.187988466976 0.0109532464753 0.0157437505239 0.0155260615105 0.0156380953926 -0.00341691148684 -0.556639894215 0.0263474995036 0.0245523481241 -0.01723810545 0.000656387450891 -0.531323549957 -0.0398527794636 0.0132159596594 9.04799348306e-05 -0.421469981928 0.0083149676295 -0.0005128755232 -0.392136593455 0.00133851612793 -0.0538268772922
-0.586811875545 -0.00341081840229 0.0437618943621 0.0118742647752 0.0896070511327 -0.00961924858623 0.0148853636886 -0.445618156186 -0.0259727837148 0.0225091699867 0.0108268811164 0.0119799060996 -0.00328813802205 -0.190161611975 0.249433525363 0.187740513537 -0.0328767945281 0.011251098879 -0.286858262362 0.278830779888 0.0120372716946 0.0109228499345 -0.380226786198 0.0334577467863 0.0226746695535 0.04699549874 0.0326950025819 -0.0244488055341
-0.489027211013 -0.0464359824768 0.0445558089775 0.0513204746149 -0.00498298056586 0.016880873676 -0.0236438256681 -0.491386076817 0.00434797540052 0.0317708975231 0.0542329866882 0.0224108325026 0.00560068191551 -0.244931292449 0.138042237933 0.0954936675352 0.00824033619466 -0.0189068128395 -0.320590054118 0.295316562437 0.115216990452 0.00396780108132 -0.454891091455 0.0754159306189 0.012040111242 -0.0285359171132 -0.021042914658 0.0368422694178
-0.417565716991 0.0355876812583 0.016485659003 -0.0126625812379 -0.0212649391769 -0.0179558261298 -0.00474652835107 -0.590559300297 0.0191451026307 0.0788369859833 0.0577850916177 0.0216465436476 -0.0133155302157 -0.256563115301 0.161196722503 0.169335237573 0.0225441950167 0.0008246707882 -0.285009610377 0.253492717848 0.0933785155722 0.0175510832115 -0.428580883703 0.0568605244955 0.0180961132714 0.0243856451219 -0.0184536594819 -0.0113887804029
-0.535216058679 -0.0603106332776 -0.0608564152897 0.0271994601412 0.0235276622384 0.0278559155049 0.00672988493662 -0.59841691786 -0.00994260616985 0.0649350318394 0.0566966137568 0.024149431744 -0.0125329248119 -0.157769586688 0.0428265494293 -0.0997005351288 0.04813309095 -0.00734590317764 -0.340394951454 0.332618476266 0.0954425550004 0.0023466335765 -0.244831035727 0.053242194898 0.0119298637851 -0.00695178443352 -0.00798093137501 -0.00539542897328
-0.717320573982 0.0203576854204 0.130713392172 -0.052207112789 0.0274042170771 -0.026469378397 0.0154186543442 -0.524445695812 -0.0215553372776 -0.035060981295 0.0595022879964 -0.00155116169164 0.00382283283263 0.0527428790738 0.0878776473534 0.0638325297996 -0.0475422266188 0.0264140697451 -0.0558475667718 0.305479405519 0.0196048649792 -0.00486668982433 -0.240656321878 0.0447993735901 0.000419536758206 0.090206455447 0.0178866784365 0.0219050045187
-0.541640285378 0.0469463551771 -0.040458846384 -0.000471918369777 0.0410815705983 0.0515320752415 0.00264491273844 -0.550772745942 0.0810215777444 0.0184884314215 -0.0236499548555 -0.0201341376483 -0.0219819320482 -0.265609924062 -0.109022914633 -0.182440455801 -0.0317956198202 -0.0135950547818 -0.270265108409 0.257746502309 0.0387229312631 0.00335218807906 -0.301535020481 0.0591713740287 -0.00103577693801 -0.181312735182 -0.0166626909973 0.0353530437859
-0.573566305252 0.0513345128694 0.00514714722097 0.0192926908692 0.0532057880841 0.0174546767981 -4.57696982943e-05 -0.681871259582 -0.0362616778922 -0.126458531655 -0.00363511123207 -0.0156827269753 -0.0192437352345 0.0251211900923 -0.0166252926505 -0.151230289863 0.0764092855498 0.0154327927717 -0.197150003637 0.280410529169 0.0458365457695 0.0461359413887 -0.16229772406 0.0099447970092 -0.00114418716836 0.059382498312 0.000715376874805 0.0204398834145
-0.558642292561 -0.0452911533083 0.0152637390828 -0.0107853927163 -0.0471535025519 -0.000203399949167 0.000616509737174 -0.695301509981 -0.049382900428 -0.0652840523244 -0.0830772398675 -0.0300459831012 -0.0182499163147 0.0559626817782 -0.00692831308932 -0.131845218447 0.0654505199023 0.0146217409656 -0.22116871052 0.274346783347 0.0417099153083 0.0467091518311 -0.14557660126 0.00218339091519 0.0173512337399 0.096139272851 -0.0257541846666 0.0210622265754
-0.663948348907 -0.0254238899883 0.121000025029 -0.0193845471172 0.0300850939828 -0.011312703309 0.0212667489455 -0.508008375994 0.0290342135466 -0.0107109297234 -0.0386436472094 -0.008749294122 0.00433444641859 0.0148081926711 0.181056663827 -0.0165882730375 -0.035244377914 0.0319007153447 -0.262928203818 0.358564251445 0.00961842739864 0.00855300561737 -0.204723243098 0.0367897154606 0.00526717455814 0.0652362353708 0.00907987512204 0.0193165993962
-0.30861809786 0.00271600342638 0.0627869390835 -0.0371297015613 -0.101681037799 -0.0283479434843 -0.0084653286228 -0.250246755358 -0.0221963797437 0.00609914162728 0.00175441738818 -0.00100980457979 -0.0147117726434 -0.534125133237 0.0283243658961 0.000829110262556 0.00916849347412 -0.000334093912303 -0.32549879786 0.118365906221 0.0145040074947 0.00176514796159 -0.415008896551 0.0211046404192 0.00338106499323 -0.495685446739 0.000837199552407 0.00971165794038
-0.380940606198 0.00500599133321 0.00734724176091 0.0535854124925 0.0344035159998 0.0252075606434 0.00943998308861 -0.379856081065 0.0211840490607 0.0429700698207 -0.0171167538797 -0.0442973957849 -0.00476949631824 -0.344466177204 -0.0137798772209 -0.106741396254 -0.0332755334834 -8.47268839176e-06 -0.536299226474 0.1516825948 0.0466781295547 0.00304156288638 -0.4344999082 0.0641181642097 -0.00211865820867 -0.25248207145 -0.0141495699608 0.012176352617
-0.350110937851 -0.0102761017116 -0.00464499344358 -0.0587856193345 -0.0169399089565 -0.0326175856045 -0.0107441616923 -0.341489126925 0.00977632572617 -0.0156521386329 -0.00470200765423 -0.0286555306323 -0.00258204421411 -0.341479341667 -0.0296555448077 -0.0537136190915 -0.0552890443373 0.00697013711241 -0.546265677614 0.103526443627 0.0321955579626 0.0053718546871 -0.492059463891 0.0696783490194 0.0005305738882 -0.258520260247 -0.0160544793793 -0.0826554612174
-0.536518083584 -0.00410876586363 -0.0174084736288 0.0552920823502 0.104978084099 0.00244912708992 0.00512551769693 -0.383364892343 -0.0143552038683 0.0103688513916 0.00664869583204 -0.00133800311106 0.000543787262706 -0.321374944555 0.318407910494 0.231161517239 -0.0256410428545 0.00812438518876 -0.340960612139 0.195321092817 0.00823737667314 0.0160216989756 -0.365078923516 0.036030628845 0.0202933080647 0.0157804437842 0.025800356003 -0.0304811279008