-0.0234573146414 0.00422446388779 -0.0678760964863 -0.0735161676024 -0.0668455044077 -0.0155454916869 -0.0247660545756 -0.0123211770069 -0.0185770884104 0.115859550341 -0.0525483571663 -0.0396592020295 0.00900390125101 -0.0202138610233 0.0702984224663 0.0240629179681 0.0450757820322 0.0393127679534 -0.488356634159 0.672033792245 0.184058878017 0.015035217849 -0.450523156339 0.142124595692 0.020446623533 -0.0850109780951 -0.0344931012394 -0.00487726307888
-0.439613239504 0.00737515214173 -0.0579591311321 -0.030387757873 0.00429151591752 0.0280820119936 -0.0334072780986 -0.502185609412 0.0132856267837 0.0843940604703 0.0605595694119 0.0619173057286 -0.0301734252485 0.0157253294498 0.0507114290131 0.202715212036 0.0182130582436 0.0262757519518 -0.117518575714 0.478040533892 0.143067153881 0.0104080073301 -0.44611266554 0.105002455514 0.0281257050019 0.107507078961 -0.0251617246295 0.0413614863756
-0.368589052221 0.0468265518711 -0.0246503381304 -0.0790514940052 -0.0423629510997 -0.0118144585784 0.00450449080455 -0.398631134333 -0.00689481777188 0.121183842413 0.0474364261476 0.0155609457177 -0.0280104038025 -0.150122482697 0.092303560751 0.0646516186422 0.0707520905061 0.0126978156922 -0.489099566862 0.453162267962 0.14649946579 0.0121234653543 -0.395153373989 0.0948267702344 0.0161485045568 -0.0487439362553 -0.0139979803231 -0.0407824248292
-0.435777119009 0.0310089787427 -0.114442804743 0.0241843842828 -0.00624624337557 0.00953324920177 -0.0219139555552 -0.479589985826 0.0339944723858 -0.0412188383766 -0.114432538215 -0.0644630384635 0.0180010001825 0.14984521714 0.0165474812233 -0.0682849604045 -0.00885157482583 0.0374027223654 -0.412343919068 0.543063443976 0.0563772334941 0.0155993318029 -0.1864586018 0.0794691249522 0.016370592358 -0.0537401606282 -0.0259179332692 0.0475867169001
-0.180932217538 0.00654380319524 -0.0470555141777 -0.0603889813233 -0.0218872982385 -0.0179830534059 -0.00350184525022 -0.175251709874 0.0215295507285 0.0415920213677 0.00395509214399 -0.0299677702848 0.0104989428668 -0.554077875483 -0.00480219379013 -0.0518021259181 -0.0528680441899 0.00187868570118 -0.452582506887 0.079467859708 0.0313696341384 -0.00215798917262 -0.455965888449 0.0648362574863 -0.00176615843637 -0.434446156347 -0.0051669164047 -0.0330208346744
-0.424223684221 -0.000396317573196 -0.023782413089 -0.0300078120103 -0.0293896136343 -0.0127110474293 -0.0183192495472 -0.371134984737 -0.0130155026637 0.0340017330794 -0.0113149291007 -0.00244453872066 -0.0125492384649 -0.262857814027 0.237411642667 0.293771759356 -0.0147721407746 0.0204798966586 -0.399186858485 0.231184131487 0.0278687595754 0.0182664283644 -0.496595152846 0.0395711965101 0.0140752280124 -0.0557976117963 -0.00765319295161 0.00129088373699
-0.204220420375 -0.000890191506789 -0.000349139370477 0.00815090632252 -0.0050849358601 0.00589341801212 0.00255306971319 -0.218043401797 0.0134041810625 0.0582647175133 0.00673298894646 0.00598791419922 -0.0070750948232 -0.500698691276 0.0337820744618 0.0305887208087 -0.00278142460723 0.000547069029339 -0.476077365 -0.0229804635833 -0.00408456070127 -0.00143854112673 -0.46630101174 -0.00155922963232 -0.00191949258608 -0.457642215609 -2.75606980736e-05 0.0071532079779
-0.251929596051 -0.0018343005639 -0.0155909878208 0.000229893513894 -0.020080363068 0.0218145867284 -0.00115679431357 -0.27215042649 0.0132744783656 0.0617215714458 0.00111408080336 0.0275655033209 -0.0132194361375 -0.580598993392 0.0147827946045 0.0204612111993 0.0018678848284 0.000441367876484 -0.401150314559 -0.00560174002318 0.0169641630585 -0.00437247025765 -0.401350751256 -0.00572421448801 0.000210238838314 -0.442974045746 -0.000786215783015 0.00890471439297
-0.250735383826 0.00502289888171 -0.0410796314065 -0.0572961672775 0.0257986036307 -0.0104921837995 0.00224084606705 -0.246418041626 0.0125320952156 0.027984107187 0.03598675986 0.0123765174994 -0.0109320803074 -0.573598466753 0.018848184927 0.0280622799476 0.000184264329328 -0.000163330436835 -0.424827430317 -0.00507669034534 0.059625638008 -0.00195898061658 -0.407628219188 0.0172268582932 -0.000403613325031 -0.429885483291 0.00176752211978 -0.0514023325415
-0.610753024365 -0.0316467327348 -0.0351368858373 0.0601701204106 -0.0637215298353 0.036786063199 -0.0270746374424 -0.538676024867 -0.00530184159947 0.0284675363497 -0.00438463991982 0.00908504835205 -0.00928731638434 0.0897190577714 -0.033787694225 0.155885731296 -0.00305230972342 0.026634178751 0.0677214911479 0.364342231656 0.0927065243533 0.00602503430564 -0.335787172768 0.0525204209795 0.0200002159251 0.158386495294 -0.0320105972058 0.0398030860231
-0.50000201638 -0.0318505183557 -0.0125350702743 -0.0204642335558 0.0531083751611 -0.000630105399415 -0.00160669677471 -0.701363044981 0.0168982326237 0.0720517729684 0.0773836954762 0.0197699005046 -0.00744230512961 0.0423715491323 0.0769808022643 0.0651263915061 0.0289011809329 -0.00851812820965 -0.258876129245 0.296366228133 0.0784338839779 0.0138055544726 -0.209587248091 0.0760827163846 0.0140244870645 0.131526128148 0.000520812585335 0.022093575164
-0.542631030985 0.00394824708178 -0.0108625158065 0.033936735201 -0.0341578182233 0.00844745386046 -0.00183476631774 -0.583326021568 -0.0357833326477 5.78808207967e-05 0.0590462176499 -0.0147704106827 -0.0128121713822 0.107832713709 0.0552209534796 0.024707896875 0.0350198930195 0.0176691388172 -0.362309638346 0.376304632669 0.0651066558856 0.0307336954384 -0.18961789657 0.0378057835955 0.0245614973403 0.155547272479 -0.0169251616338 0.0159440829917
-0.526925330288 -0.0200092292401 -0.00612257420888 -0.109749474902 0.00712710525722 -0.017157485267 0.00560570549039 -0.466845672106 -0.00687103828181 0.00535953816169 -0.0279716443431 -0.0207697795867 0.00373399490851 -0.195744394685 0.029813492639 0.0767331963804 0.0724104856971 0.00956643376459 -0.394098992591 0.301560619696 0.123940742105 0.0208576755108 -0.401367447571 0.087023418733 0.0139618259533 -0.059066436965 -0.00361175411909 -0.0734802638998
-0.592867233655 0.000983162058093 -0.0597180700345 0.048933090861 -0.0243716464065 0.0267148086894 -0.0179455746727 -0.569068337582 -0.00369584545852 -0.00400505022134 -0.0350903028915 -0.0252606142354 0.00508681974697 -0.00524649431469 0.113637251586 0.203263591515 -0.016557924758 0.0284136331863 -0.218815402488 0.290176314537 0.0688956159675 0.00771100739521 -0.335255508079 0.0788649214237 0.026845370275 0.03971871512 -0.0231533247711 0.0384183286329
-0.544651169065 -0.0218957861603 0.00186201876746 -0.0084209217117 -0.00807533932793 -0.0194068476092 -0.00473661136777 -0.704613261913 -0.0448923946356 -0.0323226811478 -0.100467126749 -0.0130466603697 -0.00446517080956 0.101211636432 -0.0586426633131 -0.1315753031 0.010608055726 0.00904283583049 -0.195934344445 0.33792534202 0.00303403692776 0.0132712473713 -0.0570240687516 0.012182483609 0.0155751666271 0.0585738080699 -0.00772864383518 0.0377051177303
-0.409104276623 -0.0127773388492 -0.0129911331822 -0.0328486292929 -0.0227163241568 -0.0248961236456 0.00305451813682 -0.421186559396 0.0150001723076 -0.00300436246018 -0.0236686713473 -0.0478215743686 0.00951455530469 -0.457544907012 -0.0170382112195 -0.0833115379502 -0.0577330684505 0.00119920248259 -0.432040811213 0.175717352549 0.0248772994227 -0.0057076192667 -0.327874093089 0.0698974702656 -0.00756019179947 -0.314200756055 -0.0149208974365 -0.00428664995032
-0.237359136572 0.0114167417949 -0.042069435762 -0.0855781989969 0.00697139382968 0.000478177410065 0.00377786939287 -0.208582269777 0.0215872123158 0.0258387305497 0.0207478691024 0.00123384034866 0.000350541479084 -0.537842781389 0.00959759177726 0.0349691860965 -0.00213965773761 -0.000130422992752 -0.318216895144 -0.0170841606196 0.00510466626805 -0.00379646990662 -0.507110027274 -0.00729027285257 0.000379551999155 -0.488998651976 -0.00102003967183 -0.0278938170946
-0.458096005445 0.00233686500111 -0.0207154646157 0.0503398290825 -0.114119719226 -0.00802389859838 -0.0102697966742 -0.371544337713 0.00651259176952 -0.0102657125696 0.0022702047857 -0.00108535812333 -0.00320513138397 -0.259566896195 0.222220098256 0.317877869053 -0.0113725005734 0.0209919174509 -0.411165416037 0.171679364566 0.0136394069636 0.0192263720148 -0.458917276599 0.05143067789 0.0152984502645 -0.067652755796 -0.00854399787472 0.0135244385397
-0.27543105717 0.00268370635051 0.0164260251886 -0.00379753958795 0.0167254429621 0.0112759328776 -0.00303492890451 -0.283884481347 0.00183105494729 0.016014156532 -0.00830431443492 -0.0340342194773 0.00733087824152 -0.561666070694 0.00747946059257 0.0260682349452 -0.045668121912 0.000661899195958 -0.479325224652 0.0369255705068 0.0337427501531 -5.04954924013e-06 -0.423253549376 0.050333144268 -0.00327617544485 -0.329853285462 -0.00363682717166 0.0158047741951
-0.164541219533 0.000771647769133 -0.0145458250959 0.00555557158336 -0.00821900891109 -0.00438680315927 -0.00355220419524 -0.166766878968 0.0132885511074 0.0115327643098 0.00221534248431 0.00523691840263 0.00288667340398 -0.450817715253 0.024293849962 0.0872216476469 -0.00614167452433 0.000755038923294 -0.437741832478 -0.0602263596021 0.00788793944926 -0.000615602236241 -0.61032459655 -0.00544533694868 0.000529036026365 -0.405976383322 0.000885545378547 -0.0172683711949
-0.225050806651 0.00998618649973 -0.0561256218781 -0.0418223707017 -0.0393665126104 0.00309105861515 -0.0055952030264 -0.215419963002 0.00994891715375 0.0345066878483 0.0225101407534 -0.00166482238145 0.00540210056974 -0.566515135116 0.00176838014345 0.0333850760017 -0.00368193803204 0.00134354547358 -0.356205626941 -0.0184033495441 0.000277715763645 0.00445387463737 -0.446203235939 -0.0082155292092 0.00146972555145 -0.495149981893 -0.000140219497863 -0.0295721797051