-0.0435425389844 0.018558445018 -0.169738696236 -0.0917126907219 -0.0233156236085 0.0507414311864 -0.00830136943556 -0.349055313578 -0.20208166577 0.271848107052 0.523583043012 0.00955436923254 -0.0189989292869 -0.119763216202 0.241121724305 0.122099691069 0.0351990015619 -0.0217315187114 -0.285980614084 0.321072248388 0.127717077367 -0.00349550764732 -0.389082475705 0.050381707798 -0.0307454502949 -0.0254590419002 -0.0189202178861 -0.00263712749104
-0.429008384079 0.0355221028061 0.0111447067559 -0.148818385113 -0.158740875131 0.00772902055071 -0.00950275513022 -0.291628241501 -0.0667608903229 0.0617094359308 0.0574684087463 0.0018843081886 -0.00809082113528 -0.165902485697 0.267697966012 0.209242268661 -0.0269587059755 -0.0120543741931 -0.460879916191 0.235885105342 0.0312519138284 -0.00760315146675 -0.502299454823 0.0352698665418 -0.00558905908522 -0.0620066553553 -0.00590116377247 -0.000165992322845
-0.319083211671 0.00474891533804 -0.0576910774269 0.00855056849895 -0.00561146719811 0.00710574439467 0.00825091131446 -0.412327758839 -0.0245219470734 0.103913488747 0.126836669925 0.040733442434 -0.0144804841648 -0.443067785834 0.172130542241 0.155133300865 0.0472292885099 -0.00732648538598 -0.423624056115 0.289075932301 0.0623865898504 -0.0104575102705 -0.401176798967 0.0918670990943 -0.00941494628106 -0.0739892333472 -0.0235646788458 -0.0207108926515
-0.519865613354 -0.0526623725569 -0.132071564163 0.0499432982372 0.043877061955 0.0537174527948 -0.016353584435 -0.623918443098 -0.122930078983 0.0204425864578 0.26332076048 -0.068623862286 0.0111713200943 0.128435259993 0.0821787391715 0.0144215587067 -0.000558158704346 -0.0166650160764 -0.0494891510055 -0.0747449310915 0.0407002674311 0.0387671402197 -0.424334612883 -0.0394848006391 0.00396094256473 0.078180744772 0.000131461122395 -0.017262515656
-0.439055221495 -0.00010343603585 -0.0568201851291 -0.108832627315 -0.0455949582134 -0.03949704987 0.00914881918968 -0.60906302379 -0.149705754483 0.020249136882 0.267572443756 -0.0802048770358 0.0011195009007 -0.192577244293 0.0986210095632 0.00812963121922 0.0815671468181 -0.00183804438922 -0.375099942967 0.127289627515 0.069254026346 -0.019172574116 -0.310908414643 -0.013320084474 -0.0256320251577 -0.05398695939 -8.57864367513e-05 0.0247377344768
-0.614417143535 0.00232684395913 -0.00978062037294 -0.0790031478591 -0.103770593409 0.00632817222623 -0.00229915785284 -0.395324085289 0.000621516066087 -0.00843625667017 0.00952306773084 -0.000221887735155 -0.00386276948115 -0.118037338233 0.258066088418 0.178776904256 -0.0253463319577 -0.0159658924427 -0.403296789598 0.189985498835 0.0271257440467 -0.00243232999525 -0.365717499215 0.0224922037475 -0.00995902996789 0.0386346522435 -0.00382654426091 -0.0118901860439
-0.257082340574 -0.000343761872607 0.0356911601609 -0.0619907875279 -0.0561034144878 -0.000908089519706 -0.00261034840669 -0.233447061016 -0.00449356947253 -0.00754957896935 0.00510597916792 0.00820379354516 0.00160733989074 -0.584269445376 0.000263955309038 0.0251762128014 -0.000753321992398 0.000155549334997 -0.3750712992 -0.0238830858342 -0.0155583933795 0.000853020214008 -0.382428436467 -0.000607248610853 -0.000650908287631 -0.491102009924 0.000632372712719 0.00592304042644
-0.220603955061 0.00450082040658 -0.000963783488237 0.000987655099738 -0.0191880203365 -0.0132213317626 -0.00270681978566 -0.234840418546 -0.00960938535156 0.0165765674889 0.0580802429311 0.0117274927747 -0.00344348528928 -0.621671975709 0.0101459698735 0.0213891049471 0.00368947137211 -0.000459733014751 -0.396179885438 -0.0160136119116 0.0082920629131 0.00225098492825 -0.337893709432 -0.021161991391 -0.00240157317573 -0.481443379509 0.00151259142736 -0.0310923354423
-0.439258652909 0.00542971972183 -0.130277924852 0.0647957008999 0.0437133923685 -0.0170614204743 0.00502273565899 -0.394915394329 0.013860286493 0.0139254893408 0.0244688779396 0.0217901819406 -0.0035844647567 -0.449201878257 0.130981780368 0.130354409999 0.0491238460127 -0.00373685829226 -0.410000593392 0.116807577752 0.0365786587747 -0.0050826495917 -0.420282369143 0.0499321076756 4.93644489022e-05 -0.156654191755 -0.0229695517524 -0.0229973046537
-0.587884498678 -0.008675423791 -0.0453582575232 -0.0324595751449 -0.0926211232402 0.00364382105708 0.00113182646967 -0.415550917239 -0.0212759635806 0.0450472482968 -0.021491069151 -0.00308913018828 -0.000923612265227 -0.0694884225551 0.257148758243 0.192329108833 -0.0273398514754 -0.0149172637352 -0.363458812794 0.150001862872 0.0234088252595 -0.00981441755812 -0.445765208181 0.0313236306901 -0.000313826419114 0.0526398920534 -0.00283879350172 -0.0186254216348
-0.410840516524 0.0361272566674 0.110589949359 -0.048916399921 -0.020236754422 0.018516772114 -0.00454768062139 -0.42299046823 -0.0473156708436 0.113029378875 -0.000686572182798 0.0194156477083 -0.0049480748985 -0.459213762221 -0.00373759888021 0.0515125268923 0.0293911053324 -0.00327282883003 -0.37120310749 0.0940427947505 0.0251109420729 -0.00483513516928 -0.380699597883 0.0326784525613 -0.00550340020746 -0.335023789434 -0.00625235547605 0.0123343436341
-0.453533866717 -0.0060501300318 -0.0114976953632 0.0219946991228 -0.026771735172 0.044505834667 0.00658609816691 -0.652746452747 -0.0116731560639 0.069145947335 0.104088410273 0.01766534243 -0.0145114237786 -0.311509787183 0.151102870642 0.115936889683 0.00997344506801 -0.0102421353429 -0.28477475273 0.266482318479 0.0402448812328 -0.0109408082447 -0.239440710199 0.0502571682977 -0.00228621835117 -0.0282769380511 -0.0159238310745 0.0167385765474
-0.637513852828 0.0344590697322 -0.053047974608 -0.0618527021994 -0.0311463911208 -0.0494316295077 0.00449343241973 -0.556666542831 -0.0453918912014 0.0469967395194 0.0659674481403 -0.00384434908779 -0.00577972196082 -0.221423143249 0.137312621134 0.126091002565 0.0398259328433 -0.00100419891164 -0.275358113899 0.153019382286 0.0369283915166 -0.00249739776038 -0.25789654114 0.0774689524347 -0.00856083536423 0.0697030670933 -0.0186121711568 0.0014589492691
-0.632513227337 -0.026910339172 -0.0836216024124 0.0305907223493 -0.00308384575586 0.0244723696476 0.000811138864401 -0.634909099157 -0.0458254410904 0.0679374864081 0.10522388906 -0.00600116862759 0.0103378465298 0.0872651057987 0.0720627933731 0.143926619835 -0.0341094161001 -0.00778677055375 -0.0448294291048 0.0717179146769 0.0233905453206 0.0138347476729 -0.328264179231 0.0159748776898 0.0122187215694 0.133156463581 -0.00953088951829 -0.0316737662919
-0.499884100678 0.0331636165251 0.0193580965846 -0.00120759736446 -0.0552148213804 0.00195065477613 -0.00376348919125 -0.7207678621 -0.0942689536645 0.0921167045899 0.137061931257 -0.00142683846825 0.0304415992378 -0.102810928801 -0.0498897204277 0.0883601133597 -0.0109498417055 -0.00671764996161 0.0666715385224 -0.0632356189151 -0.0209141591335 0.0461493239471 -0.393696067975 -0.00477032654005 0.0355378423887 0.0152522780836 0.0182558608588 0.00944901885735
-0.543157379877 -0.0303475053487 -0.0466208553393 -0.0051604673403 0.0282913878284 0.0142634054239 0.00382350265523 -0.581404952415 -0.0625621292289 0.0512799356853 0.0746495726778 -0.000442948590387 0.0188478259449 0.0242051147001 0.0533492488442 0.0306818354652 0.0129491136587 -0.00806960564165 -0.361786644275 -0.0284415928705 0.017624407811 0.0162750565572 -0.447332991722 -0.00545038775336 0.0116618630414 0.112087667116 0.0059304444629 0.0241990816764
-0.672695064712 0.0307137610085 0.0163840285607 -0.101018199405 -0.0809131047653 -0.0424445783251 0.00854923413314 -0.57151974368 -0.0489104435512 -0.0101447000758 0.0907098001328 -0.0180699246124 0.0147206769396 -0.160073635995 0.118705418941 0.0850265385799 0.0357751594465 -0.00699591876504 -0.274071616952 0.132893507285 0.0653136099332 -0.0157375733528 -0.203269280877 0.04836472913 -0.0154862113269 -0.00565267757863 -0.0154617387801 -0.00334096496472
-0.623695469674 -0.0174982950457 -0.0896028507565 -0.00435929421181 0.111284413772 0.00424567265345 0.00252449810272 -0.429192218008 0.00311138850673 0.000140933925503 0.0521152724167 -0.00346600958061 -0.00189784809678 0.102221047184 0.102768532111 -0.0456682302052 -0.0131129562099 -0.0061106861309 -0.38730342086 -0.0155742701376 0.00859083800166 0.00717618655996 -0.473073082002 -0.00840808186332 -0.00337572498593 0.0607516494409 -0.000857726491286 -0.0452247704217
-0.445601438227 0.0216180003045 -0.0166053353392 0.0252192032261 -0.00797931817683 0.0158868038334 -0.00327832444408 -0.546599739292 0.0268804165361 -0.0389362116644 0.1041192196 -0.0292270663851 -0.0107436352738 -0.491007753879 0.0411794406657 0.0645059317806 0.00662489999914 0.00503482312473 -0.100064559791 -0.045377872433 0.0613565688843 0.0115898231111 -0.178350541049 -0.056126207058 -0.0168294439727 -0.434219944067 0.00432568658744 0.0109336756731
-0.453285090244 0.00838558626593 -0.0234608359445 0.0220699760709 -0.00420502954544 -0.0153613400907 -0.000576863133916 -0.530303753728 0.0301118536551 -0.0481620368173 0.107324113117 -0.0233283397693 0.00356455765545 -0.492779465927 0.039332035391 0.057594916865 0.0301113765155 -0.000219679955495 -0.254099959496 0.0168990099235 0.0295961420399 -0.0120842453831 -0.224248409136 -0.00578703512078 0.000105016586727 -0.362529530701 0.000434798144722 0.0205308091683
-0.438670453245 0.011495834374 -0.0662950354421 -0.00405228646359 -0.0239312425102 -0.027512941234 -0.00519621208017 -0.448920633448 0.00811887602541 0.0404014534893 0.062497200525 -0.00880393706085 0.00923894697414 -0.501529827097 0.0661699974464 0.0242377719861 0.0310808162854 -0.000375738710793 -0.240569250929 0.0301323639376 0.023707659145 -0.0050805440878 -0.346861206148 0.0128309002228 -0.00909974551462 -0.396097852283 0.000718699677611 0.00913518941747