-0.0113186969007 0.0285758332178 0.0226162676274 0.0554801192998 -0.10528962505 -0.0190547177349 -0.0169015497804 -0.262463293248 0.0968810087072 0.218410332972 0.529027209892 0.0938368748794 -0.0298953651396 -0.170795897584 0.192733689057 -0.476315331296 0.0492749446252 0.0218255835788 -0.132397371035 0.251263999291 0.0974160460828 -0.0199558560323 -0.42522306295 0.0133565846435 -0.0101668448501 -0.0204943262312 -0.00406220984793 -0.00208615877043
-0.420956212257 0.00713645835824 -0.07768541031 -0.00745680288933 -0.023747283151 -0.0196777043124 -0.00868566544595 -0.441305862869 0.00547047097076 0.0270024287399 0.116409553527 0.0430680395234 -0.0118385280621 -0.198689758135 0.0612249289768 -0.203480669399 0.0472124607667 0.00433471669157 0.193990351659 0.158967106899 0.053082175671 0.00233570156444 -0.666683844797 0.084714795395 0.000950499407475 0.0153794324336 0.00626533498786 -0.00683452129214
-0.20458393661 0.00205195761686 0.0501668397692 -0.00789401897976 -0.0074482786975 0.0165672474959 0.00686178392665 -0.210132053233 -0.0131850667698 0.0397960639562 0.0861749287041 0.00810848213787 -0.00564034893963 -0.249611845543 0.212334447212 -0.0359832316248 0.00388782333017 0.0108424243495 -0.509697860732 -0.00610936533666 0.0394965605402 0.003346886418 -0.693575796991 -0.0112160753062 -0.000674647376195 -0.224330570169 0.00327184630361 0.0044706211529
-0.455861466801 -0.00960182323832 -0.00437834205759 0.0640998454861 0.00742365564175 0.0566627309702 -0.00873441951478 -0.713537058074 -0.00582830294949 0.0708123735295 0.279154983256 -0.0652095938368 -0.00655819189418 -0.0662616006674 0.146802696682 -0.310416306038 0.0220454798424 0.00480282905721 -0.223543548299 0.108407483248 0.034096201937 -0.0330713264781 -0.0146845122735 -0.0251371823458 -0.00811676904305 0.00236460168718 -0.0114121492731 -0.019581361196
-0.439739723454 0.0424368124621 0.0157324545969 -0.0738417453414 -0.0579352576264 -0.0460108740601 0.0117342218392 -0.616650957757 0.0513644337861 0.191907380715 0.19211423851 -0.0915418807308 -0.0148294249481 0.0535844420741 0.0735609150902 -0.286206062227 -0.00542502626933 0.0163457419371 -0.360045172777 0.137083806993 -0.0337518461972 -0.0155130351102 -0.28675805233 -0.0513300054225 -0.0111259944144 0.0540124016215 -0.00469542184842 0.00764495926332
-0.46315162242 0.00109515948054 -0.0585478551562 -0.0129492284751 -0.00765638099737 0.0100537986644 -0.00211700928633 -0.442381561827 -0.00545835934475 0.024864157322 0.0547138294725 0.0226956802319 -0.00542487158809 -0.128060881958 0.238724491024 -0.0528409125107 0.0204602260383 0.00196359360062 -0.424100914734 0.00648334674439 0.0179976463946 -0.00503121543767 -0.568175301022 0.0243160697346 0.00227937194232 -0.0362052182116 -0.00521219855929 -0.0150991741474
-0.204927500159 0.0030739439447 0.0219026314394 0.00794939715711 -0.013359997359 0.00118752893057 0.00196132586454 -0.21558168927 -0.00379937596495 -0.00968713116538 0.06150864601 0.00792826447562 0.000108372215713 -0.497652292569 0.014756585435 0.0156497082499 0.00180706490298 0.000721946109919 -0.52321680909 -0.0606040588534 0.00158467168077 -0.00203679353437 -0.426192635356 -0.000828298781843 0.0025478945636 -0.446793973156 -0.000182226929053 -0.00261773991524
-0.219198096678 0.0001973694474 -0.0180310200528 -0.011979195905 0.00260390879421 -0.000115947976383 -0.003256102135 -0.227332625163 -0.00486681008634 0.023756520175 0.0526108193881 0.000929407286895 -0.000270263393579 -0.509945858779 0.0111112796565 0.00737591759539 0.000918862032608 0.000548339791773 -0.458376351067 -0.00963567163456 -0.00381527242854 -3.80949563719e-05 -0.443214125634 -0.0029084333113 -0.00029426985892 -0.479102634456 -0.000982487997889 0.00120285919762
-0.384729465016 -0.000598477990888 0.0462950449517 0.0161841787539 0.00470207977573 0.0173543364426 0.00793928049239 -0.368048842449 -0.00373711329422 0.0133721724287 0.0772922235319 3.65359339788e-05 -0.00180140238684 -0.170542813817 0.205205156767 -0.0113762132679 0.00480102303576 0.00779743368048 -0.42628624014 -0.0362149714098 0.0422930112506 0.00604546149834 -0.65926873894 -0.000868195725578 -0.000615036629812 -0.12835424718 0.013472691355 -0.00214667089738
-0.652945587938 -0.0186594194029 -0.058837180488 0.00898267421245 0.0624693304515 0.0492517866804 0.00261231213657 -0.540023447192 -0.000191854850389 0.0193421723268 0.0158970991757 -0.00466493010667 0.00918249215092 0.024000672951 0.0256957440368 -0.154258522539 0.0285729966079 0.00371255876651 0.372216857275 0.106927227416 0.0304188034821 0.00171891467695 -0.249517826716 0.0491960503219 -0.00372419728905 0.171225003778 0.0128713395614 -0.0114852881818
-0.456432779162 0.0126687928461 0.00440960200783 0.0267301926482 -0.0219404051265 -0.0419405847591 0.0010785438165 -0.466981777329 -0.00326885155985 0.0473032490757 0.064378779726 0.030115061742 -0.0071582207777 -0.368612907106 0.068562891066 -0.07627009572 0.0633091913795 0.00406626035442 -0.399423074787 -0.0252112740825 0.0270535760365 0.00127153432879 -0.497110214927 0.0352432567611 0.000273689667195 -0.0573952442133 -0.00108127141144 0.0113128871402
-0.278066805058 -0.00225321835456 -0.0151873492651 -0.01300902486 0.00939332609438 0.0121397843111 -0.00452066249846 -0.298796055541 -0.00643130235234 0.0446345991355 0.0519011724094 0.0415524812792 -0.00868446824726 -0.553441651336 0.0155357751266 -0.00822242589612 0.0062492625362 0.00052700961145 -0.440540099042 0.0264871593584 0.0196514296271 -0.00381079266642 -0.459912952502 -0.0459675955593 0.000324834876285 -0.332586720403 -0.011105854528 0.00390651119298
-0.372431344678 0.00338862869603 0.0543475049566 -0.0147974460301 -0.0464128676838 0.013059505555 0.00382443865836 -0.34426424899 -0.00215940513365 0.00851157756398 0.0348384057565 0.00348815828632 -0.000521962698866 -0.161355605895 0.194241177018 -0.0350315527049 0.00649299072417 0.00936524694966 -0.413600241399 -0.0366411535171 0.0367169005342 0.00237907707808 -0.695394357466 -0.0102407152058 -0.000372554606347 -0.115437888523 0.00358552356052 0.00702661821275
-0.573205447228 0.00162705772934 -0.0447660307302 0.00867989091503 0.0796470875901 0.0348737896744 -0.00414717791249 -0.529763028692 -0.00944166977594 -0.0321492251149 0.0097832136291 -0.0229931174269 0.0100798085814 -0.040805428841 0.138336460174 -0.169647837173 0.009011091132 -0.00242765224921 -0.159993882129 0.105927976762 0.0616815068542 -0.0260564240913 -0.535542631503 0.000435878502405 -0.0121742721088 0.0205727446079 -0.00964645765971 -0.0289212583198
-0.54455879096 0.0138670562818 0.0184741974195 0.00740513912266 0.0133820215911 0.00871661725705 -0.00558110593531 -0.659161398154 -0.0803081737671 0.0576482457346 0.0399534755824 -0.0393979932894 0.0201312474423 -0.0129861366888 0.090175978159 -0.241696268423 -0.00269424158218 -0.0140088278592 -0.231952455562 -0.00170373690544 -0.0200782925906 0.00233208128464 -0.352863105035 0.00952350909918 0.00934999570899 0.0907320146224 -0.0195393591671 -0.0179424821232
-0.584572285818 0.0140277075253 0.031625274772 0.017986274906 0.0226926431332 0.0184031654441 0.0146462998664 -0.643992493779 -0.0385095866177 0.0350327143675 0.0437295387616 -0.0336723511486 0.0193844104211 0.0957363942153 0.0176915773738 -0.274822638703 0.00993221030547 -0.00179682299918 -0.211362739746 0.0585239522127 -0.0151885349165 -0.00212284682471 -0.287071232024 -0.0217851890423 0.0155205455527 0.134860268542 -0.00140832879298 -0.00844223362102
-0.540151683162 0.0343706675895 -0.00731125349739 -0.0109510558742 -0.0419654807879 -0.0310076308863 0.00901257801734 -0.671973859689 -0.034431429826 0.111872689261 0.104287385137 0.0146777047525 0.0086154305851 0.0186259120598 0.104356418749 -0.149223118301 0.00907060142704 0.0252818945143 -0.223733540479 0.109193387223 0.0011651268051 0.0113149284085 -0.352925171159 0.00603765922265 0.00926965468824 0.0801701952099 -0.0108640931697 0.010145282882
-0.654791770516 -0.0197658815963 -0.0745586124282 0.0204087387933 0.0216628828882 -0.0105755708124 -0.00855763706236 -0.665442777755 0.050417505834 -0.0466738833195 0.0953126054837 -0.0263104414563 -0.00684708093186 -0.0851035877593 0.0912482123058 -0.264598894283 -0.0196796717312 0.0179979092697 -0.0997803281953 0.0279476040195 0.055767148107 0.000712756143318 -0.0238648513399 -0.030259258945 0.00222742038888 -0.0719530064268 -0.00397708933147 -0.00675479523959
-0.537952587422 -0.00899344400995 0.0365820562382 0.0798119376563 -0.00548283962075 -0.00119750905743 0.00616338706963 -0.615442493784 0.0800712850874 0.0479056725247 0.146697522972 0.00792840303692 -0.0105016426083 -0.251011044776 0.0616125476856 -0.181152792595 0.0290000384303 0.0143683305452 -0.298924988708 -0.07435766185 0.0173598114529 -0.0356456675579 -0.163395828893 -0.00286351136898 0.0319733885939 -0.26191759844 0.00907112619857 -0.00662499404464
-0.507006581188 -0.0142347375626 0.0117500713943 -0.0684566533931 -0.0213140796092 -0.0302645199988 -0.00519021335506 -0.659340236859 0.115449288273 0.0779996920425 0.0145590534552 -0.0576261923008 0.00788605329537 -0.0219260472043 -0.026634053494 -0.153856680266 -0.0570959134907 0.0047249079786 -0.354820325809 -0.0581838650528 -0.0129277046222 -0.00909996322225 -0.262446895483 -0.0243024082223 0.000964255055472 -0.226934415486 -0.0108130541229 -0.00448194814559
-0.518839358125 -0.0245174032895 0.036466918198 -0.0576548105392 -0.0453803737369 0.0134355698248 0.00746419580931 -0.580756501524 0.0774662805466 0.0888610245907 -0.0110323957405 -0.0322732197696 0.000719841719683 -0.110395183016 0.0390396762165 -0.211870618959 -0.0275190648967 0.0206391174561 -0.476549245444 -0.0465270523467 -0.0142380473868 -0.0200812139431 -0.254388303956 -0.00943455879871 -0.00325245732764 -0.127708357785 -0.0104637403044 0.00551541576598