-0.00443973317115 0.0223054645518 0.0526894356662 -0.0197533485321 -0.0149920504245 0.0133780951938 0.00207217083311 -0.325065596238 -0.18663236157 0.197889541214 0.425418402993 0.0242174453599 -0.00372699442059 -0.106522822843 0.257701243384 0.0228338753998 0.04832276687 0.00299015987757 -0.392350861385 0.416030157538 0.107638852009 -0.00372820325654 -0.463404796639 -0.00202174186116 -0.00994609775536 -0.0232266650171 -0.00618362533333 -0.000326248324381
-0.337458013218 0.0676164576755 0.0186936828925 -0.0613331503318 -0.108370373019 0.00942544111211 0.0111432618307 -0.391427548216 -0.0340358268183 0.118118543226 0.122247125071 0.016730246774 -0.000143663900253 -0.196399004537 0.195143842224 0.13488061576 0.0328035701846 -0.00170324938803 -0.367701622147 0.355175772447 0.0726713148238 -0.00587447407736 -0.563498304613 0.0391424146041 -0.00231809776679 -0.00627206650031 -0.00693109796123 0.013450099155
-0.275630354783 -0.0339076355962 0.0515288092107 -0.00190655532158 0.0398410660542 0.0262036492365 -0.00263956540008 -0.328760585676 0.0075480135753 0.0724422888981 0.086000889933 0.0425060810437 -0.00335655747306 -0.317218508818 0.251584973794 0.205838523355 -0.000112647194509 -0.0049270667637 -0.35741034132 0.3472277922 0.0480802872507 -0.00369635096186 -0.563778129672 0.0324261000055 -0.00128291053261 -0.1379874342 -0.0210294727641 -0.0017793479984
-0.368269756668 0.0235026232721 0.0318186596105 -0.0118944341388 0.00361562103354 0.0481023309683 -0.00297059842375 -0.54797884079 -0.156068594093 0.0580423214418 0.233004151104 -0.0537949907625 -0.0049953266791 -0.103669118794 0.173019510124 -0.0206061992067 0.0221067528308 0.0127962487686 -0.441435777255 0.155015142799 0.0120223717801 0.00426132070001 -0.443273834232 -0.076990559461 -0.00988026268022 -0.107653373586 0.00911500303625 -0.0105465531803
-0.355892229758 -0.024246437186 0.00933512736292 0.00768444537452 0.0460828765792 -0.029764515022 0.0014772271654 -0.59039936263 -0.154775300265 -0.0508718761835 0.249329000811 -0.0731064329881 -0.00044391365063 0.0417976410182 0.136584196075 -0.020002579344 0.039842467407 0.00364765950475 -0.336643435391 0.102730825382 0.0393564659882 0.000365155077084 -0.518624955206 -0.0700201773909 -0.000716194674133 0.072050405565 0.00297713328774 -0.00778049187188
-0.448549663999 -0.0143540783008 0.0567875636258 0.0296115464041 -0.0508699270741 0.014364057215 0.00754791266338 -0.488345137373 -0.00194181303824 0.0615853574333 0.067901782023 0.0222653310296 -0.0050270513824 -0.266072151444 0.128537761875 0.0795975914506 0.0481039052634 0.000682156745028 -0.360954925172 0.211876596971 0.0719542083948 -0.00273647226059 -0.509378779681 0.0698602771006 0.00244406410769 -0.0587475510306 -0.0032657130948 0.00940959430455
-0.303936352159 0.00506780725336 0.0102703692491 -0.0192312683591 -0.0128508444003 -0.0143916861051 0.00565469589052 -0.313995584208 -0.043515968564 0.0112020618645 0.0480106750834 0.021685392586 0.00314136664779 -0.407344729818 0.0777506139081 0.0441453313057 0.0146724539724 -0.0023213332575 -0.527079448041 0.0139047289088 0.0338670324319 -0.00126365406166 -0.55472038291 0.0361603456685 0.0032166274635 -0.20241370344 0.00202859336976 0.00358861949365
-0.255824850086 -0.000540082012357 0.00168061093885 0.00847523316685 -0.00336570501871 0.0189648692822 -0.000694761703461 -0.260521902406 -0.0242479101053 -0.00322517289715 0.0443865774005 0.01350273736 -0.000853318981613 -0.47762485514 0.0394749984581 0.0287370270614 0.0167946361717 0.000607154981112 -0.494530112124 0.0600202035604 -0.0217592062994 0.000377612671836 -0.508742491159 0.00905122493927 0.000304143246532 -0.353746656077 -0.00405115813181 0.00135843121298
-0.301880987336 -0.0074590094709 -0.0481680844627 -0.0261568975703 0.0322803423302 -0.019791095131 0.000547210761897 -0.338290022187 -0.0340191589992 -0.0674162836488 -0.0483769121308 0.0391504482842 0.000342822399719 -0.514467650057 0.0899746889615 0.0610187399311 0.00766748927688 0.000769865170838 -0.354641111633 0.0866302074196 -0.0207958535417 0.00197647088524 -0.426135610157 -0.0134455435495 0.00355816874979 -0.433799722442 0.00134133639401 -0.0110777830997
-0.568516817181 -0.014702192359 0.0724684412728 0.0382624015806 -0.0216944704124 0.0452452518234 -0.00506379389825 -0.503977603087 0.00443024426897 0.0407956832207 0.0387371193117 -0.00512181288349 0.00738228319249 -0.109912143841 0.0968608935086 0.0825889074927 0.0210045092901 0.00372958449451 -0.341284177535 0.169363699858 0.0394390224921 -0.00257250609654 -0.478440988669 0.00209244495292 -0.00380780302484 0.0736122953799 -0.000689993150449 0.0158454682027
-0.503151743724 0.0596620374897 -0.0126613429394 -0.0544364732006 -0.050237225372 -0.00877079574853 -0.000817406471487 -0.477466806037 0.00970062689206 0.039400192515 0.0476009044193 0.00870572096241 -0.00388159267852 -0.105511357585 0.21816399982 0.169014550988 0.00583703796488 -0.00449273757593 -0.32398585858 0.217049076252 0.060725200998 -0.00182915717786 -0.508238259543 0.0399057287886 -0.00109654861918 0.048156682991 -0.0125536332584 0.00912014416636
-0.477896780685 -0.0288485958162 0.00200718908661 0.0573648895324 0.0497575699595 0.0129739475103 -0.000364548766127 -0.461274868048 -0.0482863647088 0.0308107023842 0.056701415392 0.0406130963252 -0.00509271383169 -0.336939999751 0.189009209498 0.164011625273 0.0181853352792 -0.00753493026212 -0.341735384785 0.203417109764 0.0277295468855 -0.00377504187585 -0.442404724655 0.0151686418862 -0.000512902378427 -0.10901235717 -0.0173368080095 0.0166116218677
-0.438880587744 0.00743283466476 0.0138350332962 -0.0175962636787 0.00244468114444 0.0311552471311 0.00229812837521 -0.58072342917 0.0158470176818 0.0797879107354 0.0456916097512 -0.0078419570408 0.00412372551471 -0.145688209473 0.182508760324 0.158497271588 -0.0252187285177 0.000865626635325 -0.24595277909 0.336730725253 0.0256569261471 0.00153193076217 -0.450792428262 0.0146809524416 0.00189964487727 0.0260550632827 -0.0270364090134 -0.0120868507548
-0.50611370064 0.0273015090401 0.0420096534169 -0.0414043454983 0.00259248481734 0.00935285179029 -0.000172179348309 -0.647675225255 -0.109121489554 -0.0412236060338 0.102599405141 -0.00494866997409 -0.00199093098802 -0.0936792294085 0.17303826365 -0.0127409460849 0.0177611404566 0.018779606654 -0.377628458849 0.139810442193 -0.0118272865313 0.012962300338 -0.287038480375 -0.0408851337414 -0.00359270885351 -0.0970974701498 0.0158010083602 -0.0111900144728
-0.522916565338 0.00539351233538 -0.0149587486175 -0.0216242165318 -0.0343390107128 0.0294484787724 -0.00719907965642 -0.620380314994 -0.0636830808197 -0.0399686918709 0.130193410548 -0.0111186782642 0.0137434176044 0.0610264895193 0.179978825245 0.0345359825833 -0.00727912627698 0.00498149224537 -0.397667655491 0.068930296685 0.0251057701823 0.00781781172738 -0.324106219325 -0.0372913324295 0.000208443437187 0.0917629330758 0.00387700040972 -0.0105589884954
-0.484630708332 0.0114248183834 0.0255154289889 0.0223466476697 0.0106192361135 -0.00785649167339 0.00479983144289 -0.580002276201 -0.0651745059374 0.0127102913669 0.123431162471 -0.0254190748134 0.0196672610148 0.0943820853273 0.137214957198 0.0455592271255 -0.000477930206145 -0.00950988892276 -0.425867736123 0.0690597353998 0.0137561961696 0.00525434080607 -0.407644697492 -0.0288246951479 0.0144818885725 0.151792004869 -0.00785516058093 -0.00235925326851
-0.530719122773 -0.0497637899175 -0.0319207990175 -0.0198768487329 0.0273175494317 -0.014207560784 -0.00330362534111 -0.642554671698 -0.0944411280867 -0.032108579458 0.0764806980042 -0.00229834378747 0.00687456749903 0.0751811601148 0.0812434395606 0.00179770966645 -0.0109087478151 0.00712675715295 -0.136855601565 0.0594249190438 0.0357035992246 0.00756423734638 -0.490924711735 -0.0270956052072 0.00178388391253 0.0813297072468 0.0152975440492 -0.0121602059497
-0.441246612116 -0.0141892979404 0.0708414168223 -0.0185016931674 0.0327222556789 9.72796051201e-05 -0.00048278439405 -0.463569468211 0.0375790141356 0.0571362643306 0.0550322571002 -0.0355278080799 -0.0043282707742 -0.427793296439 0.062917416079 0.0310129577586 0.00869746490887 0.00175630757359 -0.253132962015 0.0640281989972 0.0175502336009 -0.00458940365229 -0.404646739791 -0.0131457423102 -0.0109647269763 -0.3927212552 0.00151039331363 -0.00314373999508
-0.437267579148 0.000815663706544 -0.00647889661303 -0.0104840880803 0.000420556156581 -0.012658303677 0.000405148191322 -0.448459135631 0.00415513812854 0.0203698556773 0.0464930443715 -0.0241871926028 -0.00411886372443 -0.478330506181 0.070850229622 0.0341374696308 0.00365619173431 -0.00346811860666 -0.232375728489 0.0836589041201 0.017368639015 0.00212927321493 -0.393744284415 0.00544546227775 -0.00749328876604 -0.39079253194 -0.00068946969538 -0.00433869105134
-0.448873192769 -0.0030001845738 0.0101433162278 -0.0228071428689 -0.00333092324236 -0.00895447026096 0.000306729674156 -0.484196480651 0.0244985393955 -0.0343008994528 0.0966190779251 -0.0307461302567 -0.00107029401132 -0.427100776213 0.0904641373589 0.0430847707708 -0.0144251904015 0.00255853208161 -0.22791415602 0.0791053236434 0.0345290936974 -0.00927112762655 -0.40118165625 0.00272373093046 -0.00544489044148 -0.37160038556 -0.00334909415656 -0.00723972086745
-0.499703637683 0.00538493255768 -0.0241245996914 0.012999956872 -0.0117834786056 -0.00132257758748 -0.000415482330213 -0.539367090192 0.0181088536544 -0.0319641007814 0.103764897133 -0.0368537796893 -0.00338747462188 -0.392968608964 0.0780127179198 0.0121936547432 0.0621303066037 -0.000910984549636 -0.292252408 0.0993875962604 0.0314446364738 -0.00813152021905 -0.390136332333 0.0243104768599 0.00217955520807 -0.176888047191 -0.0004027658534 -0.00403526818507