-0.00739581002517 0.0105912933847 -0.0340250014326 -0.0354019522422 -0.0658317964988 -0.00304648300341 -0.0225137309706 -0.0330149092235 -0.0523782494505 -0.00357966036208 0.18173619002 0.0553754355825 0.0346660249309 -0.011511699428 0.053878589914 -0.0201268442987 -0.0813567482848 -0.00485366653546 -0.411108856346 0.752287787706 0.0692858440685 -0.0511823401959 -0.439888898865 0.0445649648959 0.019426321118 -0.0190919976925 -0.0521092972591 -0.00579281311365
-0.49493294223 -0.00918662526694 -0.0724491682295 -0.000945719682688 -0.230986863997 0.012689391124 -0.0238771896955 -0.342885065971 -0.0361513919999 -0.00152455515081 0.00392904460403 0.0321004708282 -0.0162105057206 -0.215293485832 0.195731815574 0.0181969734032 -0.0514618705861 -0.0373928698591 -0.381395456772 0.410773730383 0.0208881717944 -0.0263112155469 -0.376810916326 0.0372871103951 -0.00329765978949 -0.162395015407 -0.00344261880449 0.0359909217838
-0.495669515167 -0.0322968121942 0.0612071660472 0.034274262006 0.151716583782 -0.0158888420438 0.00307908425621 -0.484431099224 -0.0799348930895 0.0781879965342 0.0742175117877 0.0650930578826 0.00268033421083 -0.139183611304 0.0555736159265 -0.00360428779774 -0.0657567045496 0.0256215667407 -0.408946861605 0.428434579626 0.0685034833823 0.0182046126438 -0.279760759067 0.0102409317759 0.0360986743084 -0.0709530649472 0.0107989189616 -0.00647973494698
-0.604518369083 0.0420365307379 -0.179655161756 -0.0235787114056 -0.0444753144024 0.020052450908 0.0207534474664 -0.561388219344 0.105931486719 -0.0958279342177 0.0406399013425 0.000675378005235 0.0524726199255 0.110337330528 0.022952840352 -0.00895159965019 -0.0547236615786 -0.0164651175983 -0.0921728655952 0.417120236455 0.031420270348 -0.0614989832246 -0.17946640121 -0.000181035764187 -0.00253799874507 0.121173172316 -0.0808094168414 -0.0212536995681
-0.5023551559 -0.0446921844648 0.149025521067 -0.0962879074775 0.093610535342 -0.018714546384 0.0156262265761 -0.461010715752 0.0768279394426 -0.0906901212498 0.00547062562217 0.012678911401 0.014417278288 -0.0147696599113 -0.00899206243729 -0.097691503773 0.00119163660554 0.0192685038421 -0.257202434184 0.465432340491 0.0231750078779 -0.0121899354977 -0.41455506853 0.0623096111703 -0.0163704028763 0.0228222876821 -0.0402006680261 -0.0769626728142
-0.559698151613 -0.0220908643024 -0.0158866059596 -0.036068360566 -0.1322874204 -0.00218664211043 -9.6934171992e-05 -0.419735197839 0.0552902439499 -0.0701205893538 -0.012435876576 0.00217826948853 -0.0119845618053 -0.304430880638 0.255146517117 0.191854669207 -0.0215011987218 -0.0437583216146 -0.275093311152 0.150524788147 -0.000191416901553 -0.0291249502974 -0.426495606757 0.0241170188736 -0.0275554575983 -0.0561245588611 -0.00897029368532 -0.0110416068587
-0.356773109355 -0.0394508500569 0.0727694916785 -0.0713890082503 -0.0912033686548 0.00774235610465 -0.00726923430182 -0.255837555113 0.00767524174168 -0.0262419320193 -0.0339882941867 -0.0092679661488 -0.00158307729416 -0.604947301942 0.0152962003997 0.00691540074293 0.00033880162161 -0.00223195066701 -0.311833443109 0.104361386176 -0.00564804418316 0.00416499124709 -0.244482234106 0.0022189251349 0.00606044765174 -0.500258820075 -0.0018451004637 0.0196382302001
-0.300361413696 -0.0044074913414 -0.0434851809724 0.0705592162356 0.081879209223 -0.00221012113376 -0.00490279987856 -0.241629448801 0.0496086146586 0.0212341694485 -0.00171681344179 -0.00315572151416 -0.00470404826913 -0.592109328639 0.0193258537753 0.0254497845747 -0.0022543238531 0.000634204484506 -0.369561024108 0.0776738673243 0.00668140606895 -0.00206329360304 -0.306815616889 0.00458575034756 -0.00383311239864 -0.496290564678 -0.000414139076778 0.00869104743502
-0.483733297818 -0.0123479295865 -0.0126457401695 0.00919996781682 0.100853007894 0.00426031839919 0.0136941143756 -0.408532684739 -0.020453687762 0.0288771692284 0.00855359935219 -0.00039837344052 -0.00490430904719 -0.380358432379 0.243134881492 0.165618481723 -0.0226892747698 0.0266826440196 -0.391276186004 0.272364383376 0.0100995008234 0.0202416664707 -0.343442303312 0.0358916634717 0.0298987549364 -0.0705641230073 0.0235631406827 -0.0327981298125
-0.592560606726 -0.00359082126426 -0.0279137079312 -0.0443198538651 -0.0828096094084 0.00286220043578 0.00469839053932 -0.446173097464 -0.0320055689501 0.0134532252424 0.0114839449855 0.00705568457829 -0.00679869105554 -0.298808457153 0.260422441915 0.215083796158 -0.0327214571334 -0.0156494346017 -0.237472888317 0.210039842808 0.00483171931636 -0.0339508472427 -0.360974549751 0.0155035270581 -0.0200106786812 -0.0363504524293 -0.00526829694179 0.00791386692449
-0.494201910969 -0.00338534997618 -0.00656002746968 0.0384585133365 -0.045848000713 0.0185220281833 -0.00528067561646 -0.526639580996 -0.012414706761 0.0362039659245 0.0348263153399 0.0387761253495 -0.00827533780893 -0.314393580234 -0.127761644919 -0.172554519372 -0.0348670048352 -0.00406450191057 -0.405519891139 0.249914903476 0.0497720830299 -0.00583654067775 -0.280347635169 0.0446648444298 -0.00306109126335 -0.109097533686 0.00889859981717 0.0446037806389
-0.613361529505 -0.105496943121 -0.0430993393963 0.0552884398437 0.0363467782885 0.0121582344033 0.00296367448093 -0.689761272944 -0.0805880221994 0.0288571688404 0.04984588229 0.0546293360645 0.00478007364658 -0.0929129569606 -0.0889343766171 -0.0694408487555 -0.0405073276396 -0.00630860313291 -0.216795022048 0.199458424407 0.042038602257 -0.00486436494928 -0.0325520369213 -0.0166196872474 0.0179389823802 0.0629816777128 -0.00160246672962 0.0207360671281
-0.665176540941 0.0183472387696 0.110182519908 -0.0214195632447 0.0528391399742 -0.0107239478946 0.0060980523946 -0.553349261525 -0.0246128690278 0.00884786928929 0.0166961784611 0.00824611215658 0.00311020067984 -0.00354406889774 0.0478338774186 0.00170705912313 -0.0398577445742 0.0258985740776 -0.240957673823 0.314940338585 0.031782781389 0.0130700480059 -0.264484279029 0.0190589638365 0.022715076221 -0.00349634178218 -0.000336374787851 -0.02427080857
-0.756622016873 0.0266543334919 -0.123033297015 0.00763175778021 -0.0634709276489 0.0255336718854 0.0061812677823 -0.54195460993 -0.00258121657045 0.00659835221529 0.0517789006496 -0.00175763376546 0.0341922420184 0.0717236379514 0.0442232174911 0.0535357716034 -0.0469697797309 -0.00747011079637 -0.0196459001281 0.210752811157 0.019194577237 -0.00838379902537 -0.225037689385 0.00116494404306 -0.00307708594108 0.0290542500364 -0.00815807361431 -0.0157261362078
-0.674646618534 -0.0151416285824 0.00218487688216 -0.0265711466399 0.0604678283972 -0.0152061249664 -0.00784353172477 -0.65442080115 0.0343252929782 -0.00907334459985 0.0304574558265 -0.00510917963523 -0.004537276838 0.0398519187549 -0.0920400606506 -0.0625129120543 -0.00092653850468 0.0140509138469 0.0338204791146 0.260043859368 -0.00103425601046 -0.00911563706061 0.130401967052 -0.0133280340564 0.0273432258848 0.0839990802769 -0.0322768078706 0.0204251362183
-0.624045994801 -0.0943386132361 0.0175741729578 -0.0298251878415 -0.0561389328003 -0.021061232176 0.00296025362986 -0.642988287633 0.0067939376367 -0.0336916100253 -0.0706680742474 -0.0325448239139 -0.00820118673383 -0.0904945909227 -0.217109863732 -0.195661555392 -0.0128749552356 0.00827493739331 -0.127807627201 0.214525109589 -0.022445411841 -0.0145102740823 -0.128229202955 0.0292726967933 -0.00898808797666 -0.000267732880093 -0.0428252240213 0.000779874409466
-0.518772809721 -0.00306724514557 -0.0120108111275 0.00352480083666 0.154172279292 0.00902590265907 0.0036066186245 -0.405727982987 0.0105836728344 -0.041784080073 0.0242852784789 -0.000484390417425 0.00964029300643 -0.369394698738 0.266515629316 0.170208374581 -0.0168421112915 0.0101891216578 -0.324150271754 0.174664928655 0.0241243382737 0.0106365902146 -0.396785626977 0.017753856106 0.00829321655847 -0.067531299719 0.0246793833203 -0.0598242753071
-0.562519342139 0.0134013355951 -0.022212243275 -0.0872879547378 -0.0351638698345 0.0153383632189 0.0152142563226 -0.447122322724 -0.00903775333418 0.00676630862657 0.0194657658431 0.0257947447613 -0.025546932827 -0.198338240234 0.253329950019 0.167808953691 -0.0272373317934 -0.0336114537698 -0.263595819945 0.162216618288 0.0116085602203 -0.044683216588 -0.478921966774 0.0133838922405 -0.0233440747216 0.0830144824025 -0.0371037646277 -0.0447381030657
-0.419673503127 0.0095385841815 0.0657795490676 -7.75353368963e-05 -0.0823168008928 -0.00112858425716 -0.0111196763036 -0.431122212216 0.00261085886834 -0.0795051220641 0.0390790172128 0.0392755466675 -0.00666737159243 -0.405001474176 0.142906416468 0.117240870047 0.0236857925153 -0.0153949791489 -0.391509481655 0.0630619671661 0.0405394487153 -0.00918544045947 -0.50185395471 0.0511867121662 -0.0239565348088 -0.0136851641783 -0.0497264482551 -0.0394869908882
-0.385000046451 0.0047893077457 -0.0137040840472 -0.0425403223595 0.00764818977537 0.00435894115164 -0.0076243379502 -0.477131200278 -0.0607299442721 0.0257739000793 0.152519167316 0.0229049024858 0.0185060429773 -0.375276203316 0.103762612852 0.0827698066772 0.0298768987789 -0.0112272854345 -0.43933687139 0.139047416046 0.03566752223 -0.00490435327648 -0.462302042528 0.0544801018757 -0.00984725517431 -0.0249818580861 -0.0408777568991 -0.0358339877819
-0.47688436647 -0.0149090878989 0.0149015945093 0.00685378484085 0.0985482071074 -0.0027571595241 0.0145677904267 -0.429618924907 -0.0300709657522 0.00733893346787 0.0501563999896 0.0187660789525 -0.00854142024297 -0.29864083409 0.270893562352 0.183260408265 -0.00540260707855 -0.00593718287541 -0.305784208183 0.183876404164 0.0196518857387 0.00771525664442 -0.486900097736 0.0356854528617 -0.0140210732646 0.0774574477343 -0.0122165006816 -0.0708358631486