-0.0525825939982 -0.0839674889888 0.193732784531 0.140060192523 0.0753338206128 -0.0570789199494 -0.00597661963537 -0.207398344114 0.167862433845 0.280366213983 0.366127145837 0.0256730647706 -0.0158735442151 -0.0500422024644 0.00743077560631 0.0204865183072 -0.0071046602689 0.0246958473457 -0.350513268902 0.600728899064 0.0261550801797 -0.0184784328283 -0.382554054035 -0.0317702772668 -0.0249112006529 -0.00604541237117 -0.0536691227333 -0.00385802423956
-0.4929936268 -0.0104556102309 0.103413748301 -0.0376272358856 -0.0212772606244 0.0116387403321 0.00115897744572 -0.540368194499 0.0452363764879 0.0646889921931 -0.0353602982546 0.146856305595 -0.0277121536337 -0.39353708269 -0.036038274381 -0.0346867624929 0.113088746789 0.010939660518 -0.131537643753 0.351509115488 0.0422294184676 0.000895835561413 -0.315259084939 -0.0222607588339 0.00397850745835 -0.0914201470465 -0.0289353225462 0.0176849896828
-0.599449081984 -0.0232674476342 0.126242309999 0.0726248588141 0.0951734196057 -0.049228695582 -0.0024672414934 -0.584358901097 0.0326631913611 0.0816004889925 0.0532326780389 0.114204093944 -0.0286467350852 0.115267855605 0.0273220715495 -0.00211858879376 0.00345772506445 0.0162809945268 -0.159573819129 0.2548656108 0.00908342894297 -0.0196480815454 -0.354730633011 0.00166534668049 -0.00136022797271 0.0985184502691 -0.0276063802827 0.00355705400151
-0.490402774517 0.010027769131 -0.0117413857262 0.0321183773557 -0.0697925252041 -0.0458089784983 0.0106551335713 -0.65807438763 0.00947141067007 0.13692311188 0.192038882255 -0.130329814016 0.010709606551 -0.0433771824317 -0.0463439412686 0.0364856994711 -0.0220779077227 0.0109962208515 -0.381826432105 0.241242336757 -0.043215712114 -0.0193259321377 -0.141260881322 0.0147335620941 -0.0382839482314 -0.101845077898 -0.0318793757859 -0.00690802075933
-0.555813124862 -0.00893016410207 0.195105007054 0.0461242788698 0.0335752222495 -0.0438717664138 -0.00268838346385 -0.516707713603 -0.0238539134363 -0.00505264532043 0.127916680903 -0.0990302020158 -0.0144853456494 -0.0729132811734 -0.0578782834202 -0.0852882543287 -0.064833785163 0.0156601481213 -0.364424298924 0.258143608926 0.0233390269519 -0.0144272970782 -0.359243658026 -0.0425044399991 -0.0218068424801 -0.0255022439139 -0.0255683825874 -0.0234766952932
-0.410232378597 0.0122483257215 0.00117026581271 -0.0143317488068 0.00171662751922 0.00213277839639 0.000309653197377 -0.606105642938 -0.0615872770667 0.0584865622361 0.125356570803 0.0328774120186 -0.00850522846614 -0.449379497645 -0.0432171603596 -0.014185486858 0.0376986195764 0.00206940049975 -0.094555194828 0.139977399582 0.0247452693439 0.000625193607451 -0.293605249379 0.0362947521546 -0.000471391254371 -0.343200698811 -0.00262585680382 -0.00106903715511
-0.403768325609 -0.00441844842981 -0.0223711031784 -0.00644071677744 -0.00151762142103 0.018783608528 -0.00387558545071 -0.61041153664 -0.0715811306548 0.102048232907 0.0985788171762 0.047900268518 -0.0127794300693 -0.4111952643 -0.0133806324985 -0.0221211134302 0.0586059965833 0.00615371114802 -0.286069253813 0.186745903534 0.0219291085549 0.00288134415996 -0.296708409971 0.000891190732763 0.0156894892419 -0.238752964229 0.00131103056066 -0.00390024426062
-0.483258318706 -0.0603857304292 -0.0561052770771 0.0229950722003 0.00700567609361 0.0453061200098 -0.003865300949 -0.641266158665 -0.0461840721232 0.0928039982068 0.0693470334792 0.0310417980247 0.00106744132037 -0.355133907256 -0.0694935823754 -0.0238306318696 0.0310145795241 -0.00276509382461 -0.202250219389 0.201519639896 0.039666061553 -0.0103600081253 -0.182060586934 0.0353901599289 -0.0140985062865 -0.280819258696 -0.00984518711043 -0.00659744761948
-0.662461662568 -0.00606306290227 0.105577487264 0.00742265931446 0.0445511525104 0.000486514245572 0.00224868742797 -0.618632057587 -0.0197872353394 0.0777636066562 0.0642383143574 -0.00706005411015 -0.00370095167874 0.116952469228 0.00527448570541 0.00474709050869 -0.0165731432322 0.00819716356308 -0.0409329821523 0.185376940006 -0.00245238513031 -0.0113705416777 -0.320673265808 0.0106435409306 0.0103502750736 0.0348027047242 0.00741845367795 -0.00424359748701
-0.660954000727 -0.0584132800962 0.0272615472703 -0.0306993159184 -0.0617484273846 0.0316223098706 -0.00253358656896 -0.670861576934 0.026298238393 -0.0414660826048 -0.031432732856 0.0533775753247 0.00718644555969 -0.227102562355 -0.0399595427921 -0.0221182618588 0.0952957023288 0.00116862276981 0.00982978069454 0.157268468681 -0.00357817656376 -0.00155525951155 -0.0899998888082 -0.0152742096604 0.000199677147527 -0.00152785938807 -0.00847802657585 0.0295083082475
-0.641309352072 -0.0519881764301 0.087365285146 0.0389006807429 -0.0284847776597 0.0273084755875 0.0117845914046 -0.638289069888 0.065300714296 0.0456229382914 -0.0867172973202 2.89469193701e-05 -0.00271980237652 -0.0931782971752 0.00339763235298 -0.00181891519056 0.0566535877575 0.00864447172924 -0.0653018688183 0.311744950425 0.037894077892 0.00859049547294 -0.1868689228 -0.0195216320524 -0.00781267150114 0.0555457530957 -0.0191213340281 0.0117568911428
-0.635496461582 -0.00115924295842 -0.00765199971394 0.032631573427 0.0203187355858 0.0116961263605 -0.0103185312532 -0.665439642934 0.0540519588054 0.00162273430781 0.00532020954019 0.0258855598662 0.00730407776298 -0.0200139949523 -0.00522585711764 0.0141692442632 0.0751331997285 0.0167918042263 -0.163362675637 0.0894154170574 0.0212192641642 -0.0150998336166 -0.304286578612 -0.00799922133287 0.00394603210712 0.109931455241 -0.029219104104 0.018778239822
-0.732835085092 -0.0043829610484 0.110639162921 0.028834965256 -0.00505841820092 -0.0137640355872 0.00708689732036 -0.619554232719 0.0199932539822 -0.0537902248688 -0.046885351863 0.0245401425607 -0.00212071935353 0.141140829716 0.0346242926347 0.00392006611556 -0.0381026521162 0.0139293844848 -0.113410154843 0.0507413516786 -0.0394187076868 0.00817013505549 -0.125524525775 -0.00771279967771 0.00661792680288 0.0624251114611 -0.000514783737905 -0.00745006749539
-0.650787562567 -0.0455776997751 -0.0201081255965 0.0225881935138 -0.0860205847178 -0.0203667624621 -0.0037184488133 -0.69567974144 -0.0889634335204 0.0528625043301 -0.0359902389915 -0.0200855436387 0.0213533424671 -0.086111131138 -0.040882909277 0.0636480048441 0.0721947152596 -0.0010266597717 -0.13062824892 0.145384318432 0.00870309932699 0.00132658288582 -0.101389670252 0.03772688392 -0.00960274664294 0.00382616904041 -0.011806724703 0.0156057225224
-0.5521609205 0.00722657760639 0.00842054252912 -0.00191904550958 0.026872967786 -0.0258358477699 -0.00356386389447 -0.752345489183 -0.124109666159 0.0347388283037 0.0442982420447 0.026410767862 0.0011345802149 0.0462411274621 -0.0695596449678 -0.0129110419114 -0.00156441079349 0.00687486255663 -0.212503445491 0.0990844501593 -0.0275869287211 -0.0236829149965 -0.193641607645 0.0366433399818 -0.0309469046398 -0.0693796101823 -0.0124781525201 -0.00608037311584
-0.610082134544 -0.00853442385958 0.0265616563529 0.0595970563667 0.0422450374173 0.0011864775494 0.0167385041569 -0.69871885185 -0.0766752749 -0.045083339969 0.118266379426 -0.0171841482558 0.004983835094 0.0143412197337 -0.0480568273092 -0.0442968795289 -0.00593898013575 0.00438720231619 -0.116663502286 0.179657065346 0.0304473351738 -0.0272246952675 -0.228037749718 0.0122937606625 -0.0418897357442 0.06096402206 -0.0310840071502 -0.0173099683787
-0.739443837829 -0.0483611925628 0.138492254159 -0.0429308091086 -0.000660116050518 -0.0300279426593 0.000854485111992 -0.58343650487 0.0288986741892 -0.0102917011327 0.0576182218509 -0.0379396202284 0.00635908888651 -0.0344036528561 -0.0141541719721 -0.0654283328926 -0.0732891224293 0.0209396721982 -0.0905232628905 0.126131622014 0.0159643182967 0.00498844174976 -0.212111814224 -0.0321461065543 -0.00307779277139 0.0207647226309 -0.017829856708 -0.0133328275955
-0.482516580791 0.00940498669501 -0.00484569689651 -0.0091039447769 -0.0252446030412 0.0144382860186 0.0120105121324 -0.642668142922 0.114183698734 0.0635121657795 -0.0152181415604 -0.0519170227248 0.00782183442113 -0.0926953048661 0.0232408599007 -0.0171797823471 -0.0546678136012 0.0152734942591 -0.458848873057 -0.0289147311905 -0.0341751546691 0.00283332273149 -0.302460648178 0.00314291488983 -0.0222738577316 -0.120283647114 -0.034421563668 -0.00808736596517
-0.54478291477 0.0101791205049 -0.0236674363312 0.0522447221418 -0.0620826298058 0.00773277689355 -0.00389686861306 -0.617283458009 0.0553709630445 -0.0658960608736 -0.0584824234876 -0.064643710076 0.00746991962852 -0.115508508472 -0.0411643222078 -0.0107101936125 -0.0342368866711 0.00206886640399 -0.398423221562 0.0105446463633 0.014890904049 -0.0266027588864 -0.310710378575 0.0569875900557 -0.0133679611867 -0.150857501978 -0.0240460547164 -0.0193434534781
-0.489352700074 0.00107944077533 0.0535862996061 0.0525285145826 -0.026736588565 -0.0202111208327 -0.00928157343821 -0.520171026703 -0.0144208709676 -0.0645185624481 -0.0554225053151 -0.0386828646312 -0.0169698250827 -0.295285999016 -0.0214083103943 0.0356192581231 -0.0217851130148 0.0050107762585 -0.483172063655 0.0806937145179 0.0393116728723 0.00406836929425 -0.295650667928 0.0409070958811 0.00851182646628 -0.231872748378 -0.00135353976629 -0.00410446057981
-0.581337982303 -0.00751110287596 0.096050283457 -0.0557348844012 -0.0494185915359 0.001226817971 0.00321969389892 -0.458193667838 0.0263418757423 -0.019293693161 0.056382940404 0.00309816399811 -0.00779786949307 -0.052831035896 -0.050740349292 -0.0958776899878 -0.0306762779385 0.00568819633382 -0.510742868253 0.15151495932 -0.00715250229854 0.00718649122953 -0.360439878909 0.00112482389809 0.000844829330087 -0.0509648684461 -0.013002954843 -0.0284911280142