-0.0383537988774 -0.0214406837472 -0.0807125348394 -0.0499615434354 -0.146318752815 0.00608825582454 -0.0316629139174 -0.0160998522838 -0.0709125927709 -0.00882479615621 -0.0929606891313 0.0277207794954 0.0208493761919 -0.0622499884773 -0.0584692586989 -0.115474265164 -0.131741400236 -0.0100118512599 -0.450503712182 0.663322990123 0.115549695726 -0.00652060417722 -0.493507129209 0.0941407864611 -0.00904322988887 -0.0637910874837 -0.0200149653774 -0.00256487019821
-0.505712401598 0.00778609821999 -0.0796598488522 -0.0908854221243 -0.0503942283699 0.01938802993 -0.0096305356169 -0.494386046718 -0.0436704377468 0.0610054733788 0.0188954523849 0.0678145414871 -0.0213985678698 -0.0840990969147 -0.0384343836144 0.00833549620934 -0.166744207071 -0.00586652782617 -0.201443229429 0.467230269048 0.103725571283 -0.00214620011147 -0.398926100302 0.0710968905385 0.00532567483431 0.0155803875613 0.0138027866381 -0.0189015311476
-0.167043982126 -0.0103592182605 -0.0325849557212 -0.0203194628489 -0.0724870675704 0.00570311087817 -0.00340739430657 -0.151270990196 -0.0207843100882 0.00460269508471 -0.0381887444032 0.0182982094818 0.00957546238246 -0.622732347569 0.0607825670223 0.120164561421 -0.0172032683369 0.000692685319098 -0.452481252591 0.078470637636 0.0379791810013 -0.000299840597288 -0.363942880538 0.0244798138254 -0.00158725383221 -0.433973250446 -0.0051017661598 -0.00378809343565
-0.436412816672 -0.0108016804913 -0.129911301228 -0.0367390258707 -0.0485908232328 0.0445851168003 -0.0058826063081 -0.44650213764 0.018944070622 -0.0862774860818 -0.0871284230024 -0.0287805060636 0.0235594809033 0.0826411186564 -0.0240258070053 -0.0894467384521 -0.0801673148293 -0.00729763203663 -0.324844363578 0.574333525156 0.0384319616595 -0.0249105294579 -0.321979452694 0.0454933987097 -0.0225764279785 -0.0495410782232 -0.0317876590648 -0.0399066086869
-0.419289804261 -0.0573531516606 0.002445334953 -0.0188455708319 -0.0995193902048 -0.0354854994297 -0.0208052760592 -0.446276777276 -0.0229226798648 -0.060040325924 -0.0997963124247 -0.0549353818283 -0.00863417265435 -0.0104365814556 -0.0745632112343 -0.145635410272 -0.0456179322579 -0.0057424374551 -0.394643020729 0.507085089601 0.103596425283 0.0144218208669 -0.35051360216 0.0995238249886 0.00217496690132 0.0666129209562 -0.0290393080552 0.0417544192802
-0.522845617388 0.000617542699395 -0.0229364016575 -0.0996229946362 -0.0117974517703 0.00538302265809 -0.00321062134769 -0.413350554972 -0.0151382877215 0.0238953468345 -0.0192260046973 0.0225316096194 -0.00822168995526 -0.358044242495 0.128226780299 0.089291666648 -0.0780309771205 -0.00537492397228 -0.334414867324 0.375378704999 0.00171506062234 -0.00927732908184 -0.328626679825 0.0375821926118 -0.00860761843431 -0.149130171408 0.00111890402715 -0.0107696071985
-0.210221299198 0.00539385575843 0.015756416532 0.00814901319722 0.0256187681095 -0.00901937401712 -0.00332857371591 -0.218600492351 -0.0233698964468 0.00187936932074 -0.0475978672799 0.0140780013801 -0.00393232766365 -0.553625235 0.0102934956938 0.0178213792196 0.00170761837663 0.00132621185408 -0.484048961846 -0.000193431393027 0.0215881667907 0.000664363807392 -0.382397264393 -0.00540567937517 0.000887521194982 -0.4642299998 0.000622694256643 -0.0208039754268
-0.257932286868 0.014841190322 -0.0270084595643 -0.0196381950662 -0.0824294348902 0.00534688592606 0.00236529408073 -0.229711798744 0.00831164143871 0.045189881648 0.0217950074811 0.00319637135076 -0.0024767020014 -0.535551657327 0.0406610682962 0.0757517210735 -0.00271660681595 -0.000138586765093 -0.481690042274 0.0415625281367 -0.00671370748613 -0.00125571699172 -0.316734381216 0.00034300271351 -0.00263283363128 -0.491515633914 0.00130280103546 -0.00237142883724
-0.265210294188 0.00647512697316 -0.0361906406089 0.00571302974306 -0.0400591991349 0.0177602306379 -0.00562026728614 -0.265327302807 0.0151531759623 0.0480803041368 0.000574011349959 -0.014647548928 0.0145050295147 -0.567811847641 0.0566707941568 0.126541533095 0.00631563889991 0.00276745187967 -0.399439920053 0.0520569653105 0.000821372681611 0.00441043926447 -0.304955539256 -0.000972160677946 0.0040675562642 -0.505894883028 -0.004959137099 0.00530575697914
-0.726499912126 0.0263544821437 -0.094841753683 0.00346565836289 -0.0682391191189 0.0537816578458 -0.00264324960297 -0.569878081951 0.0238369941675 0.0162902211912 -0.0279947022557 -0.0137552319371 0.00744174203576 0.0056282327165 -0.0505651960235 0.0278823174341 -0.115979587916 0.00804582902537 0.0654826680818 0.261885258328 0.0647587020212 0.00208430084271 -0.162519962532 0.0315684611531 0.0167132508468 0.0811075747111 0.00442717668024 0.00888305125551
-0.554986813446 0.049502458934 0.0206667763069 -0.0295523652349 -0.00131919543975 -0.0285111259246 0.00159042185202 -0.63860794177 -0.00968927972014 0.0828693816581 0.0450898827458 0.0227490155473 0.000884094300607 0.0547396120604 -0.0528002346348 -0.0530002001544 -0.0668284093479 -0.01281498399 -0.306057089578 0.280233284564 0.0778335776463 0.009450128851 -0.242271653949 0.0643237439291 0.00153688214755 0.123774282296 0.018562621339 -0.00401655920508
-0.281725780937 -0.00776463457772 -0.00706527026784 -0.0133304146803 -0.0294115736174 -0.0117521809979 0.00296026042558 -0.319356030217 -0.0516418170986 0.014194456212 -0.0751541152803 0.0612086067156 0.00214799034802 -0.588175720713 0.036453501576 0.0832327179125 0.00344072615619 -0.00296923266917 -0.426085527763 0.0667040241937 0.0564605104922 -0.00521198034267 -0.355127696134 0.0535921253445 -0.00870046091099 -0.363710967863 -0.00895888151995 -0.0142940002308
-0.239906845985 -0.0197711096253 -0.0213435953037 -0.0159533168015 -0.0411105374442 0.017269634666 -0.00228508770176 -0.270946762404 -0.0384749369474 -0.0506184968546 -0.0717960657502 0.013175657441 -0.0073067979351 -0.517249236981 0.037047783652 0.0708330502557 -0.00723064496633 0.000871354220294 -0.407518168293 0.0468908235156 -0.00600798749585 -0.00018083145959 -0.41260108461 0.0148913446455 0.00519758038258 -0.493601224731 0.00128193033722 -0.00927392996778
-0.507504491125 -0.000965860013519 -0.044971114017 -0.0874504660212 -0.0112661011238 -0.00110176103826 -0.00907584256618 -0.404601246049 0.0113908187684 -0.000810109242284 -0.0085350603575 -0.00995553136874 0.00848382127698 -0.395140158009 0.123219889352 0.105593428328 -0.0574309331606 -0.00114651878982 -0.325343989805 0.346351798219 -0.00561767196786 -0.00735434156636 -0.327810893243 0.03698236832 -0.00747018828297 -0.218534918523 -0.00515964900646 -0.012297599062
-0.53962470267 0.089007017803 -0.00118531721146 0.0352265173353 0.0274295555011 0.0232693435967 0.00737731158478 -0.667808413825 -0.00834352549282 -0.0512621606822 -0.0887892336247 -0.0186359060016 0.00209542321353 0.157422771172 -0.133549223005 -0.16735632592 -0.0248604988489 0.0139690951011 -0.198412449681 0.265553324669 0.0286883627524 0.0178540391862 -0.159147171895 0.0234977368945 0.0150262954199 0.177708793914 -0.0338892640838 0.00951209113826
-0.557864448737 -0.0110094951113 0.00217637707976 0.00116429137447 -0.033652679178 -0.00433848773006 0.0104598118551 -0.620321082242 -0.0596547002059 -0.0328374286143 -0.0579381299529 -0.0150658376695 0.00449763171192 0.207524260522 -0.0718932968472 -0.137659922398 -0.0194293145581 4.39396317592e-05 -0.21168223781 0.294420879452 0.0308724823102 0.0346773336088 -0.185535024284 0.00478517703489 0.0167655475003 0.238234525102 -0.0289036689032 0.0288141263174
-0.607111508953 0.0173288809303 0.0134803181964 0.0128066301107 -0.0849469940865 -0.0430955747201 0.0127119981631 -0.547877961764 -0.0377354752212 -0.000762141372968 -0.0102955222731 0.0277356820452 0.00119515376635 -0.0991226105007 -0.0409584655211 -0.0215772077657 -0.0574608734335 -0.00284213965727 -0.296085995045 0.352818967623 0.0728933349684 0.017864294346 -0.268286140392 0.103045786745 0.00495086520936 -0.0341666020767 -0.0313357597627 0.0351367242909
-0.415294086622 -0.0272184447138 -0.0196061752825 -0.0458436379873 -0.0320335692608 -0.00988893612977 0.0074368906241 -0.332186680676 0.00714575424202 -0.0382163493572 0.00886814534783 0.00549616763836 -0.00486008061265 -0.585783343023 0.134991107801 0.207942106483 -0.0268487312402 -0.00633540211504 -0.261950332044 0.31927793858 -0.0147826675597 -0.0222538768942 -0.295580519679 0.0264370232102 -0.0199694276212 -0.208717159491 -0.00614470547761 -0.049302639086
-0.255893837718 -0.00582812131982 -0.0117499067867 0.00968651613206 -0.0146297546033 0.00975794561429 -0.00473874798483 -0.43547248706 -0.0474918255427 -0.0912103314759 -0.0540461479262 0.0250920609679 0.015869486953 -0.551387633382 0.0898062160046 0.115625420232 -0.0117463830688 -0.00582933622178 -0.235511340281 0.164206863943 -0.00243859811448 -0.0117855560854 -0.323873100466 0.00894797235881 -0.0109808645705 -0.464234895056 0.0110137392417 -0.031120472478
-0.262625465542 0.00619467139486 -0.0133455659244 0.0260588891843 -0.00554754290119 -0.0152188365646 -0.00526555542523 -0.309532091953 -0.0329290605457 -0.0374638258167 -0.0698830485607 -0.00963981694708 0.0110664462747 -0.577316740842 0.0660018440324 0.0907845769267 -0.00523022223933 -0.00423842752015 -0.287848300684 0.113513917167 -0.0150654420788 -0.00729743515634 -0.394807915426 -0.00772387360058 -0.00823377610606 -0.477931260736 0.00188504283501 -0.00789396857511
-0.383448810684 0.0393354265599 -0.0230348604749 -0.00603124421319 -0.0769498970925 -0.00606125625686 -0.00680158027876 -0.449715234567 0.0458361567702 0.096557831221 0.0783775147796 -0.0276496507619 0.00948747700792 -0.41897111231 0.056095273943 0.0238488641727 -0.0802500459429 -0.00502780329541 -0.441587034224 0.13571874405 0.0122242701132 0.00714140528777 -0.41184887833 0.059205796667 -0.00438855021208 -0.226889438884 -0.00291809350853 0.0146502608542