-0.0705007695959 0.031328558682 0.0829386224261 0.180478315065 0.0982668520884 -0.0558121337716 -0.00556337043494 -0.0169696779099 -0.0733462934666 -0.0592998618796 -0.051234667654 0.0349053272289 -0.0179102310328 -0.0203026040374 -0.0705963542206 -0.0275370028995 0.00990068673793 -0.00116744570522 -0.495657278155 0.644942929387 0.111829131684 0.00334695662243 -0.471984980971 0.14815216633 0.005243185604 -0.0554827507036 -0.0149253370415 -0.000815418325823
-0.364389028022 -0.00391765107787 0.046611704296 0.0795337347038 0.0201326094031 -0.00888798356879 0.00417389547682 -0.361122246556 0.00314353684469 -0.0127235067532 0.029031116788 0.0621916146487 -0.0216767613865 -0.258561149978 0.0385460196036 0.0605217434058 -0.0105245813218 -0.00404544608915 -0.441203350255 0.414725556302 0.119184706567 -0.0021415983134 -0.501211801721 0.133538543015 -0.00122142841378 -0.0181081978568 -0.00840966333913 0.000935958391461
-0.277370032679 0.0275582160716 -0.0199197330099 0.0793537885051 0.06406749696 -0.0487545304178 0.00324859996206 -0.260835999878 0.0153104792807 -0.0327470558792 -0.042686399493 0.0706489924986 -0.00754410879695 -0.510284915786 0.104910312607 0.139499424631 0.0392918506999 -0.0071628090988 -0.464271250419 0.313323532179 0.0162647929517 0.00254404764556 -0.412067745504 0.0404815282353 0.000484697137604 -0.234006500378 -0.0159351363311 0.00367704929298
-0.426738978768 0.0833900067052 -0.0140614455709 0.0934112716867 0.0612543035462 0.0300454561921 -0.00698844191204 -0.477022407256 -0.00635900357676 -0.0822666693998 -0.118376170817 -0.0460411547931 -0.00627079088503 0.0403314046685 -0.0967789350673 -0.0283711761926 0.00956672089258 0.00398937062058 -0.403945430096 0.509107073393 0.0912271259028 0.00929899240928 -0.294171236081 0.116880344277 0.00868204650474 -0.0613346615333 -0.00753267300157 -0.00381279236501
-0.468406558652 -0.0666701691581 0.0484703249955 -0.0306175099143 -0.0621845902775 -0.0565178529961 0.0103194455929 -0.54401080112 0.0169316957748 -0.0743872300265 -0.129648273081 -0.0744920119819 -0.0119933145407 0.1504813023 -0.119528733634 -0.0934524314488 0.0364368831139 -0.000826474130072 -0.269810015886 0.444230374574 0.0837829523572 0.00565423967551 -0.313266358546 0.119431321503 0.00889107547619 0.067959211705 -0.00548880180238 -0.0107747142266
-0.391580142238 0.00960854640239 0.0234856415987 0.106131106026 0.0409384457967 0.00415611769176 0.00697197772199 -0.341413367763 -0.0118296033545 -0.0224433517789 -0.0052166875002 0.0249328062977 -0.00291556655471 -0.422858055306 0.0285142744182 0.052017001889 -0.036233830441 0.000472862573271 -0.439389550674 0.134957178985 0.048094517387 0.00291885676694 -0.512809293126 0.0526030738597 0.00156535709505 -0.228358379573 0.000569632311989 0.00463384810718
-0.29614558026 0.0546735422533 0.0234917420444 0.0383282566884 0.0216515831724 -0.00487043964177 -0.00359574127269 -0.442648286432 -0.0259953404086 -0.114313203872 -0.0798229500987 0.000949067647667 -0.0022513852241 -0.51845100979 0.0785243383056 0.0778633084287 0.00211465299844 0.00178169433885 -0.317454433326 0.144851789057 -0.00342066895344 0.002615916879 -0.339469434983 0.00894445021226 0.00233250545728 -0.41539089867 0.0014489710649 -0.00643366992886
-0.441720830139 0.0639779112353 0.0247164577205 0.0799985692511 0.0705119700694 -0.00385254285923 -0.00020495531692 -0.319840496543 0.000758620910305 -0.0383509293119 -0.0283374594993 -0.00650355334361 -0.0068748367553 -0.532717303507 0.0866239299321 0.104396989104 -0.00500114257602 0.00209448432983 -0.287896428023 0.190183718396 -0.00935921622491 0.00397292187393 -0.265996949612 0.00325974979456 0.00290792365576 -0.43809758029 0.000242198356963 0.00707162851855
-0.376682073447 -0.0409617768835 -0.0349221208255 -0.0639920780595 -0.0834768428275 -0.00299222770327 0.000297791452897 -0.305167709562 -0.0356216327472 -0.0215286142696 -0.0325424695598 0.00789142986362 0.000263692611233 -0.495542923595 0.0565811059678 0.0839459532385 -0.00784180938885 -0.000590109909164 -0.392257739421 0.159995056223 -0.0105113330706 0.0037071803634 -0.323901615654 -0.0157795503028 0.00180836176149 -0.455536529471 -0.00218448059585 -0.00388984847219
-0.593585840163 -0.0203484199252 -0.0162911686883 0.0745736047441 0.0253603090749 0.0282212059259 -0.00294107825232 -0.540307219107 0.0416658463134 0.0374015178707 0.0119524254087 -0.00247944885871 -0.00791068628376 -0.14545250426 -0.0392366814581 -0.0430965240382 0.00902865016078 -0.00618779367067 -0.303541286371 0.26957332213 0.126107422237 -0.00152856101051 -0.354677617664 0.113950692681 -0.00039386527603 0.0216605210891 -0.0015871321497 0.0070813422136
-0.592046683312 0.059842769699 0.00203308281986 -0.024772663669 -0.0722518896148 -0.0164247360339 -0.00107324279888 -0.575391563089 0.0180315346401 0.00736915796732 0.0701454072742 0.00582948115186 -0.00460127610619 -0.0893929763505 0.0446316755199 0.0665931522275 -0.00174717537852 -0.00426614011976 -0.252703737963 0.32790058427 0.0912802933667 -0.0103523355665 -0.282885326349 0.106812247398 -0.00256277333708 0.132758212173 -0.00441760498622 -0.00447765100325
-0.549133063676 -0.0105862751245 -0.0308528014527 0.113861060159 0.067585893331 -0.0378108569725 0.00449772234152 -0.469451280006 0.0379131845674 0.00935853674881 -0.00120057866525 0.0626033869444 -0.00143428012825 -0.32970071442 0.0931777444541 0.131175425427 0.0363314751431 -0.0105668837684 -0.344289247047 0.26143113709 0.036241912882 -0.00123574043706 -0.342588035446 0.0726956048893 -0.000561064613713 -0.0704405205626 -0.0263022891132 0.00705951020795
-0.356117530214 0.00293487547813 0.00891606565795 0.0036761652514 -0.0142767575753 -0.0319952986806 -0.00231808883683 -0.385508171038 0.0135920096169 -0.037199488598 -0.0617366606545 0.0432075337548 -0.000409528167858 -0.461325932422 0.0660203011792 0.0955420730334 0.0404774931252 -0.00201377877361 -0.459030716722 0.150480331892 0.0071587480991 -0.000685336266622 -0.414101149896 0.0249046778044 -0.000433109724972 -0.287223233508 -0.00526781349041 -0.000878619589118
-0.513991017922 0.053658977776 0.00485235144534 0.0818356115805 0.0293885235008 0.0213535054705 0.00534757828356 -0.503083865323 -0.00526603017772 -0.0606287997208 -0.0370939006746 -0.0158148941894 -0.00330866426182 -0.214886452284 -0.0178731533955 -0.0742970138431 -0.0103553901468 0.0056442281707 -0.441037197123 0.277732185078 0.0915941012704 -1.39258263035e-05 -0.321070466478 0.0912721654748 0.00149697711561 -0.15104520006 -0.00201149580021 0.000291545904625
-0.509083662865 0.00301462353852 -0.0285079466272 -0.00902671929859 0.0309084500965 0.00255968890675 -0.00935004472258 -0.731346926961 -0.050708040101 -0.0363341383447 -0.105258443488 -0.00724321408309 0.00391780732226 0.257151886391 -0.0470106908646 0.00893935555553 0.0204654778928 0.000967153000729 -0.13111018317 0.264655995178 0.0124933041547 0.0200704902698 -0.0791402086991 0.0252586433828 0.0213066467476 0.156491021994 -0.00661820132623 -0.0213901510631
-0.54633289263 -0.0218679722614 0.00174313948565 0.0261070582454 -0.045100060223 -0.0116492637579 0.00194450030904 -0.710774563072 -0.0575683283809 -0.0494211702972 -0.0828898429125 -0.0114880795719 -0.0119252540917 0.2904603206 -0.0529573635039 -0.0205461066133 0.0650649364986 -0.00855153554366 -0.0130471248566 0.183022116383 0.0196262499483 0.010687065934 -0.102817509108 0.022935278301 0.0153415680878 0.205907455682 0.00292056275531 -0.0166048698075
-0.663233326586 -0.0539581967441 0.011194269034 -0.109267611738 -0.0790766502765 -0.0170120981068 0.0125536026794 -0.488125248984 -0.0125857734555 -0.0218914096247 -0.029212098862 -0.0129857608305 -0.0130753424562 0.0124186792558 -0.0307723724025 -0.0422894990155 0.0137251589136 -1.8418807236e-05 -0.361009601171 0.280558298558 0.0489609498739 -0.000318481744792 -0.271018445192 0.0879554667102 0.0023264687176 0.0508988627272 -0.00202813100653 -0.00670037067351
-0.230107667323 -0.00435270447359 0.0228419522941 0.0417162534753 0.037591616329 -5.27128792258e-05 -0.000708273215079 -0.22209944894 0.0137954837871 0.00632073156825 0.0173795726802 -0.00169726964012 -0.000796849867537 -0.466952459203 0.0588431498439 0.0468017866469 0.00162289955007 0.000288263725301 -0.533303262912 0.0480861765334 -0.00244666431963 0.000114036835795 -0.481220589412 0.00314428479934 0.000591136752537 -0.389196436573 -0.00116878716589 0.00150664848532
-0.256558099858 -0.000935005170209 0.0304829238456 0.0084696633397 -0.0170729184077 0.0149685127144 0.00138619348405 -0.257647485172 0.0120293774428 0.00167342362593 -0.0214194768322 -0.0144205398886 -0.000370510424076 -0.490035515233 0.037709989254 0.0463631790829 -0.0077769247305 -0.000345266427985 -0.496570572666 0.0293847119286 0.0203632572851 0.000190331214447 -0.489543667982 0.0256999445881 1.9915392043e-05 -0.365385295632 -0.00367762450425 0.0010621337773
-0.566719009106 -0.0325323755827 0.0321642158225 0.0942361122203 0.100783836942 -0.0307871638312 9.09657568914e-05 -0.430152750778 0.0310607212382 0.0255658025058 -0.00255613552665 -0.038534789731 0.00388383832994 -0.268353736114 0.0190033421255 0.0342888430569 -0.0737497249332 0.00102285225235 -0.344912227015 0.250612622798 0.0230900613304 -0.00445009974269 -0.397716853651 0.0166190138522 0.00107397295503 -0.220529207851 -0.0138096036056 -0.000249065296973
-0.369276050415 -0.000803259480068 -0.00677728978112 -0.0685156295698 -0.0520862562746 -0.00417815873365 -0.00260705677804 -0.308266723772 0.000307241552968 0.00755196001947 -0.00983097498026 0.00298044154297 -0.0020442104637 -0.564635707288 0.0292026420081 0.0462405868641 0.00373578906288 0.000402755243683 -0.298253641994 0.176434267134 -0.013008178721 0.00160523073351 -0.310754279222 -0.0104295754156 -0.00180175633219 -0.471352214123 -0.00182407070822 -0.00553588794381