-0.00742712829974 0.0368974008671 -0.0247040091282 -0.0406108886038 -0.0555819648973 -0.0024669150075 -0.00966193916145 -0.209378730367 0.0770112282806 0.347326333231 0.168389666672 0.0261962672643 0.00109173125567 -0.0359535521613 0.0569844943427 -0.184800120757 -0.0154047037915 -0.00777779893142 -0.501552122253 0.565538123831 0.0471387240388 -0.0183005822829 -0.422880518413 0.038539944981 -0.01796688884 -0.00857020963152 -0.00649182122133 -0.00122742558234
-0.388681058268 0.052827402634 -0.0500401671072 -0.0288771125781 -0.0527801783777 -0.0102036585913 0.00192562230606 -0.593812715705 -0.00281654333316 0.160553346948 0.138916060657 0.0800898786373 -0.00109787343568 -0.0481149597243 0.0932492476895 -0.188374250839 0.00539229350713 -0.00862367741633 -0.364425985792 0.448344160474 0.0485975138341 -0.0179566664628 -0.219374142271 0.0274060688022 -0.0197862066135 -0.0472439683031 -0.00068894763571 0.0345096950998
-0.312940543105 -0.0248554791581 -0.0313496362477 0.0170863988698 0.0439360427975 -0.0277859472133 -0.00354101235654 -0.495805241239 0.0312015547659 0.173253593475 0.109983283961 0.0668441598682 0.011321981587 -0.333735444835 0.0815261817838 -0.0871512040719 -0.0316174783449 -0.00534988536704 -0.4127094446 0.373724454007 0.0606231212314 -0.00176757136777 -0.340703603975 0.082395459089 -0.0102523132596 -0.197718785662 -0.00352382201596 -0.0393680395873
-0.408988136114 0.0216872263953 -0.0133040546462 -0.057578672848 -0.0712441234234 0.0359362810649 0.00207100458514 -0.427216554565 0.00842606382257 0.0895615272088 -0.012713453086 -0.0878044139838 -0.0012155319951 -0.00219311668361 -0.0921367081724 -0.206863000016 -0.0495467721202 -0.00733336471377 -0.528069562175 0.271327485781 -0.0437395524049 -0.0095789175078 -0.462416380651 -0.0363787043479 -0.00670342581791 0.0181611904087 -0.00741718858434 0.00759262060257
-0.411700204141 -0.0319733902904 -0.0474264780543 0.0132246886385 0.068710421603 -0.0373268341993 -0.00144321232795 -0.456224523299 -0.0189066890509 0.0952712655679 0.0539454481809 -0.0974990610345 0.00259586543769 0.0692500371917 0.00755650409791 -0.129417624611 -0.0298426010645 0.00103470560419 -0.441703851977 0.303474494992 -0.0327210527768 -0.0162073111554 -0.522872731925 -0.0517369431245 -0.0172184873758 0.0586707226243 -0.0083028330217 -0.0060211666795
-0.531843244588 0.0209917677013 0.000774913862081 -0.00896972361805 -0.176506850596 0.00653628396058 0.00115209778963 -0.419308896938 0.00470433954113 -0.00308670194292 0.0292985203998 0.0200195190006 0.00463376721729 -0.16351656637 0.236398227589 0.106629450758 -0.0066649301253 -0.00880356730074 -0.401826955207 0.150221781144 0.0284950383191 -0.00360656170096 -0.472656996665 0.0239580694871 0.000892766905767 -0.0591646807505 -0.00191527406488 0.0428544550856
-0.317541969167 0.0089676525776 0.0567480953816 -0.043658501427 -0.0394864759624 0.0128996794424 -0.00763347920814 -0.307746469445 0.00784756349394 0.0518998627911 0.0135224704751 0.00906852236233 0.0028646327664 -0.512020959274 -0.00804930440771 0.00162131176591 -0.0610419712978 -0.00291464659055 -0.407724707492 0.0124963565322 0.021138872876 0.00410227915574 -0.487978990706 0.0666089218578 0.00153370797484 -0.344924605183 0.00636365954167 0.00609846137554
-0.264770979089 -0.00508550620224 0.00855497324788 0.0164865209754 0.0217545623146 0.0132280907162 -0.000453128112912 -0.289786415614 0.00840804919737 0.0901127882743 -0.00873969887545 -0.00223332667332 0.00251744594036 -0.48604537639 0.00217810721756 0.0051778194239 -0.0465572190136 -0.00315926499476 -0.403112136703 0.00745985725127 0.0261123719791 0.00610752654761 -0.560003453766 0.0560727354612 0.00698544390166 -0.340958980186 0.00992695588916 -0.0418369924838
-0.380774865485 0.00346681739893 -0.118381953426 0.0204941333469 0.104006276963 -0.0403791390684 0.000783113363604 -0.300579116033 0.0182234510604 0.0407076211092 0.00604276432125 -0.0122233405874 0.00334073958728 -0.471598826091 0.0307155604175 -0.0552044615022 -0.0253089090125 0.000386006538429 -0.438984723667 -0.0287021522071 0.0187107288514 0.0088554021906 -0.431241894331 0.0358495681394 -0.00423304210775 -0.353907375808 0.00736001450392 -0.0448038392595
-0.575685025233 0.021990804523 -0.0303276800861 0.0365162974131 -0.0666574069604 0.0388582827895 0.00211938996505 -0.639622159429 0.027444191716 0.099187111319 0.0514707039178 0.00375192720006 -0.00208682565016 0.104413543297 0.0550418455991 -0.179496139788 -0.00603147606117 -0.00715788430806 -0.287328344008 0.263735981356 -0.00413526038352 -0.0127087804449 -0.175729389203 -0.0490113082507 -0.00769503863118 0.0740409739238 0.00376340403437 0.0121384798883
-0.534532984721 0.00506970890268 -0.0132646802144 -0.0173620749358 0.0271042608056 -0.0130586825108 0.0096676279821 -0.724485685449 0.0554971767089 0.118344441511 0.0435186207054 0.0503229803571 -0.00414782124342 -0.120844675616 0.0289212091558 -0.158060405698 0.0290856581904 -0.00936874090899 -0.181859751944 0.277004669864 -0.00324525405597 -0.0167148482864 -0.10598242853 0.00674586607044 -0.0221034920571 -0.0540797084777 -0.00223741658127 0.014740306763
-0.509413719694 -0.00830290737577 0.0587810187264 0.0216569131676 -0.0160413929209 0.00529717802395 -0.00131074456087 -0.685027904413 0.0124830630705 0.0836523012005 0.0881762415242 0.0441589227538 0.0110666900408 -0.152771606446 0.0615697062361 -0.0732980157898 -0.0130528731664 -0.00775067605071 -0.285302188058 0.284242511124 0.042364358399 -0.0120564303808 -0.215312968881 0.0500382014576 -0.0144502094967 -0.0622730967132 -0.0104235390495 0.00546973937893
-0.494012310418 -0.000961543502657 -0.026582534977 -0.0222439035266 0.0408791852581 -0.0331866530845 -0.000939194464196 -0.684213005012 0.0389274321004 0.114282893991 0.0668204437387 0.0234651429632 0.00634832678566 -0.170642319251 0.0626002332767 -0.0742374953646 -0.0469793411715 -0.00304790004359 -0.278709698647 0.297657074411 0.016935643505 -0.00283234242253 -0.225510989874 0.0443264412566 -0.00595694550641 -0.0628566863369 -0.00714935851288 0.000696734946647
-0.638993002841 0.00143331870688 -0.0345865280855 -0.00219483264973 -0.0325777094174 0.0276086005337 -0.00181969152417 -0.640003063238 0.000675851461649 0.0282710389759 -0.0546501316857 -0.0230281889541 -0.0158902155335 0.10619879619 -0.0386807094153 -0.149064844354 -0.0361455273958 -0.00427433800738 -0.236623012788 0.198824584366 -0.015086089759 -0.0043360182369 -0.192390158025 -0.0205346962313 0.0152102170812 0.0687656882028 -0.000468262869213 -0.00120624461054
-0.511314143514 0.000574514900696 -0.00766168636297 -0.0550381353017 0.022776435114 -0.0014775775916 0.00227895119631 -0.597011193147 -0.0654618102722 0.0365826467549 0.0353796392168 -0.0162864991473 0.0223087400211 0.0491688646818 -0.0758513257214 -0.124507677435 -0.0323060288429 -0.0156122801146 -0.43760971697 0.201959815292 -0.0128968612214 -0.0126163088449 -0.323142313814 -0.0266311552715 -0.0205466178196 0.0866110380587 -0.00809384107775 0.0136926114108
-0.56650774181 0.000136261984574 -0.00133848419565 0.0652932229638 0.0284934566759 0.000783640812257 0.00435855075715 -0.671313064689 -0.0963559247629 -0.0230196858174 -0.00756062132974 0.000242350470528 0.0278870214244 0.160873863706 -0.0123953136339 -0.0665708322195 -0.0148090453501 -0.00964083101882 -0.259020364494 0.191496467105 0.0120265133964 -0.00680855053947 -0.235319699153 -0.0346694170254 -0.00603929412367 0.145568167942 -0.00785121790492 0.00806341022465
-0.584800859542 -0.0101330325135 -0.0358979127882 -0.0298307378534 0.0452290383937 -0.0192993306872 -0.0120004534303 -0.612831591818 -0.00601946822419 0.0734348314633 0.0214576965869 -0.0332342043857 -0.0028721783066 0.110799917198 0.0335831390492 -0.0984662185613 -0.0116963644646 0.00920116465535 -0.199876625316 0.250292627821 -0.0382707183526 -0.0168124501765 -0.369382948246 -0.0292147887478 -0.023071249437 0.0713851512191 0.00180978433551 0.00232221650548
-0.407544201848 0.00174495365177 -0.0637811853364 0.00800326034156 -0.0186986560569 4.17786909347e-05 -0.0025144253675 -0.38366625603 -0.00722324013862 -0.042878706038 0.0129082016771 -0.00299849851731 -0.0054738043359 -0.193178004728 -0.158356092686 -0.176534884716 -0.00900658226618 -0.00490062282562 -0.509264905904 0.0632210011032 -0.015652250981 0.00376413708948 -0.55475487567 -0.0104901847249 -0.000329065123094 -0.12237119963 -0.0029742483614 0.00170805104615
-0.448114077815 0.00528605770956 -0.0410770177241 -0.0492145444433 -0.0139464861396 0.0220241146079 -0.000993028234105 -0.463692622972 0.0343450167813 -0.0554119395403 -0.0377179163731 -0.0214287272631 0.00278797719374 -0.172668175345 -0.0401166378149 -0.123902339694 -0.0432494689394 0.00244890982527 -0.530403815965 0.106672879123 -0.00828170972974 -0.00604012064365 -0.466918588062 0.00666943526777 -0.00466563989951 -0.116442631806 -0.01104717168 -0.000947585848514
-0.435264607773 -0.0156185471163 0.0229620529899 0.0248448301115 0.00253693932443 -0.0117975560361 0.000770452315798 -0.492285644202 0.0518211698487 -0.00704913896022 -0.0375087030177 -0.0461323506728 0.00291444005001 -0.0843667755104 -0.0399877610691 -0.0901442803868 -0.0451324227315 0.000534674032667 -0.541443461005 0.149150368184 0.0165362615188 -0.0065676188227 -0.468209912382 0.0416133457829 -0.00747106149962 -0.0670677457191 -0.0162717229443 -0.00344904858567
-0.420873460303 0.00107482458273 -0.0325457548452 0.0851314862698 0.0531157239407 -0.0439939067501 -0.000707925361518 -0.383862495775 0.00309383937483 -0.000374160958354 -0.0431387186314 -0.0326402185228 -0.0075622861353 -0.303225501112 -0.0406055644543 -0.0917021895219 -0.0412263691334 0.00468030986332 -0.485965749431 0.0294832360563 -0.0180604513109 -0.0029639144502 -0.518813156255 0.0165876281191 0.00467152671297 -0.220106964666 -0.00730077853911 -0.0200045527906