-0.00643535762001 0.0342459146332 -0.043225369401 -0.0197789488766 -0.0658191837813 -0.0315782654846 -0.0180899273551 -0.229220556447 0.0831919696578 0.227441292419 0.406331143697 0.161844583177 -0.00655291018169 -0.0204776680659 -0.0221248212062 -0.143988899733 0.026450606388 0.00728238459943 -0.34222559207 0.586015780774 0.107965873414 -0.0168043574036 -0.436111577149 -0.0279458933703 -0.0234798359532 -0.0346952412588 -0.0271287015401 -0.0019898211439
-0.486621181837 0.00205649607151 -0.122538361486 0.0779770987229 0.145505298302 -0.0139635638624 -0.0266685879035 -0.382925595423 0.042119323595 0.0301824130644 0.0230990945383 0.0427219317997 -0.0130275951137 -0.062599953094 0.00646470849328 -0.0688305187895 0.0198739853325 0.00323467574456 -0.496030146651 0.288021640786 0.0403904456893 -0.010340458064 -0.470560358432 -0.00424231990188 -0.0144010145131 -0.0764573822902 -0.0109150682498 0.0267289517349
-0.318011847094 0.00196770211334 0.0479300537534 -0.116180594892 -0.0942969722798 -0.00364824138119 0.00328113018318 -0.231475930784 -0.00358245870363 0.00829175161374 -0.00437441864758 0.00436890666102 0.000177006071999 -0.351578601264 -0.0483204405699 -0.107720679756 -0.0505717406045 0.00594851984522 -0.573993097815 0.261945564687 0.00284220880398 -0.00731863941787 -0.371624982044 0.0230709568454 -0.00915106289835 -0.378716759903 -0.000557695873109 -0.00451578501209
-0.546378561013 0.00491610079317 0.0585450750491 0.0776848743196 -0.0474967142377 0.0480627564397 -0.00294235227475 -0.670720828807 0.0214005876958 0.0720037139193 0.242892134918 -0.0145413538719 -0.00937517674206 0.159901231974 -0.0153171298851 -0.114770555121 -0.00547915800791 0.00614444772269 -0.00968562959961 0.28553983218 0.0378872909825 -0.00481097739265 -0.182535344304 -0.0807355585682 -0.0096751252146 0.0985824225448 -0.0197908119412 -0.0208492690196
-0.485704239189 0.00862320385561 -0.0615244553718 -0.043698474026 -0.0011091841964 -0.0499791571919 0.0144221006973 -0.705039122315 -0.0302491949864 0.0722412408862 0.28477408876 -0.0190145232483 -0.00292409166464 0.0711094481375 -0.0346908536505 -0.0354645572952 0.0073786440245 -0.00425039436309 -0.0661668185741 0.332510498551 0.0355030868193 -0.0124202302949 -0.197028376211 -0.0429626094251 -0.00664663236987 0.0744275808098 -0.0216742605688 -0.0164032697409
-0.425329025002 0.00443817822517 -0.0328892163111 -0.00870354665054 -0.0439208648272 0.00718901567875 -0.0110975701868 -0.415900845003 0.0260625988514 -0.0213191967615 -0.00177172423747 0.0119442021495 -0.00513502150354 -0.113569794535 0.144826712967 0.0351202484412 0.00250680083518 -0.00271550208269 -0.569568022759 0.111712395594 0.02791902942 -0.00336245154771 -0.5139289566 0.0296315986071 -0.000608250704259 -0.0538311672714 -0.0137118948418 0.0254837047995
-0.57586442215 -0.0115999914436 -0.0691084869323 0.092821876219 0.0697393715022 0.00258135412288 -0.00791039330533 -0.407807754292 -0.0241577236808 0.0086750470955 -0.0150298995939 0.00656443043939 -0.00656063594972 -0.188925975516 -0.0498049667542 -0.0719135637997 -0.0672600987251 0.00688252298303 -0.459874265453 0.254033783553 -0.00735949282018 -0.00621439506337 -0.267813929382 0.00131283293226 -0.0126583107754 -0.294391538078 0.000412472338748 -0.00795986686647
-0.573060516993 0.00581173358778 0.069979389117 -0.0894960720741 -0.0737880637958 0.0170874057036 0.00397370391867 -0.413081601558 -0.029289333533 0.00454701904336 -0.0175724247754 0.00528821721052 -0.00114966636687 -0.2399182138 -0.0402914262387 -0.0917744722876 -0.0578452063704 0.0079158633036 -0.43254139915 0.221563328788 -0.0107098972484 -0.00906216380247 -0.243722321686 0.00927889889505 -0.0129466547132 -0.33692669444 -0.0042278824897 0.0216644414036
-0.310523198267 0.0016117230676 -0.038496786113 -0.0205614908318 0.019028990975 0.0258804950066 -0.00669610874574 -0.302324822468 0.00309429453953 -0.0183838310472 0.00634735918778 -0.0149122279275 0.00210525193682 -0.426290478867 0.0395706943592 -0.000830754967247 -0.0492911371929 0.00401701333668 -0.582545269698 0.00895815518146 0.0104199760522 -0.000189847874231 -0.446844370082 0.047931735158 -0.00168697132578 -0.283847941031 -0.00252715926364 -0.0273195719503
-0.599767669881 0.00275314614174 0.0183206407468 0.0254117343371 -0.0364865425067 0.0406670247463 -0.00744749595344 -0.584398396633 0.000976336816658 -0.000433317987594 0.0375655302296 0.00110377469403 0.00908801164324 0.0184084766869 0.0359280944166 0.0321750446193 -0.000102496934886 -0.00501585173993 -0.210865482839 0.137059279837 0.047639973637 -0.00241445678012 -0.464328778678 0.00616683520554 0.00642925222052 0.0869269954974 0.00105189030276 0.0421737794931
-0.627774016998 0.0139777208831 -0.0785267138882 0.0691869230559 0.0927873793653 -0.0103255345057 -0.00719092353456 -0.474978012492 0.0280722768897 0.0325497289738 -0.00902695123367 0.0422427710422 -0.0121484425133 -0.0791848209332 -0.0603065281471 -0.0434687857853 0.0160834720379 0.00079255711227 -0.431118743396 0.230687148851 -1.40624003361e-05 -0.00514003930576 -0.299575420349 0.00377356921763 -0.00829517300309 -0.123310154683 -0.0177112483186 0.00287481289363
-0.554989478798 -0.00909473101549 0.0635196942662 -0.0420397408987 -0.11052900175 0.00131253977607 0.00166543337812 -0.402959610951 -0.0150764519527 0.0206058676717 -0.0345845691203 0.0177098771311 -0.00713807464308 -0.227533208952 -0.0398222499154 -0.0808798893876 -0.0341339406598 0.00171480275409 -0.455559755533 0.255086840491 0.0112530774191 -0.00547698605754 -0.30106182813 0.00596051880481 -0.00488553889703 -0.290520251966 -0.000875909112917 0.0190752766991
-0.293035296876 0.00180903835266 -0.0236221834212 -0.0510436318788 0.00847439566715 0.0181045803302 0.00346770398847 -0.288263228125 -0.00710783377588 0.0318799613863 0.0112812343068 0.00962253629944 0.0044217877512 -0.401056896629 0.0555322862699 0.0267793444901 -0.0426051790691 -0.000943047644222 -0.574948507696 0.0330157979214 0.0121901891139 -0.00101413870824 -0.504863129051 0.0230613317792 0.000747443122445 -0.267960150017 0.00735347220799 -0.0245963920543
-0.581909230744 0.00572562159564 -0.0143190960065 0.0713346388133 -0.0462501523692 0.024106782417 -0.00415980672035 -0.63709950491 -0.0254912298853 0.0488588130161 0.0860277813121 -0.00263574199089 -0.00493778078938 0.0752747697507 0.0523920457994 -0.12737382896 0.0212205662957 -0.00699785131092 -0.398835124777 0.127671248597 0.0165574146769 -0.0184382006554 -0.185834186276 -0.0299557491277 -0.00378209746745 0.0196218721 -0.000829291269332 0.00172997549036
-0.621908055521 0.0302257837319 0.0443300474908 0.0209332466877 -0.0338253204875 0.0153349933673 -0.00298834930097 -0.674420067148 -0.0571310141321 0.0056491326925 0.0635843605916 0.00107829116236 0.0243213414094 0.0273984240762 -0.0831256738419 0.00171256642132 -0.0110151489747 -0.00518641814152 0.192525921447 0.234150900795 0.0283414028824 0.00320045585507 -0.149926576915 -0.0519626123503 0.00926272628807 0.139664659847 -0.0151702798607 -0.0152612777448
-0.631341021296 -0.00285917318728 -0.00329631299365 0.0455273197026 -0.0345950528765 0.0044863114156 0.00763796412953 -0.685846285271 -0.0485386174459 0.0165973029226 0.0630568932015 -0.0148234633202 0.0281443315135 0.0255646069546 -0.0448547138064 -0.0287313822359 -0.0134206502624 -0.01568330789 -0.0725107357722 0.214463696218 -0.000527182136134 0.00451936233265 -0.221953945011 -0.0539858771683 -0.00746993465428 0.111666440645 -0.0113567564619 -0.00379441084705
-0.634278219734 -0.000191661870721 -0.0595830022102 -0.0588280179031 0.0394146869684 -0.0465543947585 0.00436241764447 -0.596323070025 -0.0511565051979 -0.00878286916285 0.0766917158712 0.0393140997533 -0.00620631078705 -0.121728019618 -0.00373678033522 0.0247034358864 0.0543245064892 -0.0062251383164 0.0992110629294 0.192106198775 0.0622001346002 -0.00893344942666 -0.389391898462 0.00346069765362 0.00924349321282 0.00774747620285 -0.0152727903731 -0.00586752521715
-0.609101628745 0.0193191154038 -0.0103718974637 -0.0155347793342 0.0827831639506 -0.00363352777615 -0.00737420554786 -0.64066359166 0.0342852016605 0.109260027025 -0.0438039175464 0.00691747280133 -0.00132140627601 0.116391596624 -0.00695648860423 -0.0698661601756 -0.0282642050096 0.0107387877236 -0.308622794397 0.148765468833 0.00191067198726 -8.4605093379e-05 -0.238127194327 -0.00350785822732 -0.00483862920637 0.0397701748599 -0.0210786729434 -0.016763668671
-0.601989007455 -0.018399913035 0.00124004913838 0.0427690332249 -0.0354379619256 0.0111438379642 0.000927902146723 -0.648912559839 0.0321406297871 0.104543641365 -0.0208673026903 0.0112487304505 0.00592033293338 0.0279125979066 -0.0342351883916 0.018158376761 -0.036687259507 0.00490211156439 -0.263206852448 0.125866478631 0.0046277225621 -0.00833148457058 -0.330871766365 -0.00763925904473 0.0149689746489 -0.0289659294203 -0.0233755273452 -0.0201545945816
-0.556186952186 -0.0124783210906 0.00863378227134 0.0213167902221 -0.00923466470904 0.00306601138038 0.00163375970842 -0.641192495464 0.0452590948539 0.133497164619 -0.0128741889314 0.00274086214231 0.00064682964919 0.0585456421712 -0.0333842265839 0.0152839657682 -0.0283237047764 -0.00443468240098 -0.350778257344 0.179502893145 -0.00591197742192 -0.00176023801272 -0.311774198371 2.29729328718e-06 0.0159402562702 -0.00714996534228 -0.0121540464327 -0.012012167757
-0.560848668862 0.00353223462278 -0.00636730241547 -0.00789254925305 0.0133019663877 -0.00745907932176 0.00047712004044 -0.645724769829 0.0485302205658 0.133636800618 -0.0153626982831 -0.00629054614927 -0.00211103869237 0.0702654395998 -0.0397185641197 0.0346064619104 -0.0272399894391 0.000398544362158 -0.382036927083 0.178029918997 -0.0196988756812 -0.00518910085052 -0.244664358749 0.00311909272898 0.0157876934255 0.0180953792861 -0.0144369614282 -0.0217770867805