-0.016801495369 0.020662280873 -0.135020660403 0.0473030758715 0.0441888637833 -0.00372821849719 0.0288944500271 -0.0327409055157 0.108422646325 -0.137574063642 -0.111721176892 0.00086032085947 -0.0309077672078 -0.42542118823 -0.713576968306 0.318798684129 -0.100803597279 0.00792057073494 -0.341477507182 -0.0291470004247 -0.0522620411744 -0.0387980668615 -0.0766720996376 0.00453485632295 -0.016988854052 -0.00694317117155 -0.0293180526729 -0.00298092325725
-0.574776085949 -0.0111019462083 -0.137953249136 0.0879193927318 0.0768146397473 0.0514979109963 0.0154165639588 -0.553467572444 -0.0705011959192 -0.0383245734005 -0.125354433383 0.0508681373734 -0.027929490275 -0.165475894808 -0.410847053247 0.170927105661 -0.0355261367342 -0.00882715659223 -0.221108198498 -0.130661649243 -0.0482065164535 -0.0180419386185 0.0644504031248 0.013314294587 -0.00786134087022 0.0322179795182 0.00416267859137 -0.0363121886833
-0.530740536642 -0.0024337968112 0.0308431174602 0.0473528146572 -0.00518605299783 -0.0206271209051 0.0260617668029 -0.609184090356 -0.0125820858367 0.0564276798707 -0.145379928779 0.0341211281984 -0.0192943541907 -0.228581641884 -0.345223854165 0.255343044672 0.0287045633605 0.012098371109 0.128483203269 0.0401312764657 -0.0292347313165 -0.0215783961261 0.23593000109 -0.0117315316468 0.00418720553948 0.01268413385 -0.0361651093265 0.0503859111559
-0.373228303839 -0.0203448595547 -0.136300125578 -0.0115408819953 -0.0803297215658 0.0462042735275 0.0068265164566 -0.322400402504 -0.0784091365909 0.00067306239266 0.033530764546 -0.0205947892757 -0.00345012759868 -0.284733398444 -0.288406095963 0.0104436253889 -0.0748483044072 -0.00166801150043 -0.469056860817 0.0961107767365 0.00554968484913 -0.0217106872928 -0.56423153713 -0.0171695551589 -0.0288140572509 -0.0264256001153 -0.00276380888414 -0.0371937835605
-0.331226299055 -0.00370174692983 0.0759818266711 0.0347447706914 0.0673072129519 -0.00609986523458 -0.0122469912185 -0.320877898841 -0.0243000471966 -0.00630729027166 0.0614870004873 -0.0112453570679 -0.00600131988339 -0.342573490519 -0.214551066815 -0.0316100764189 -0.0541921272425 0.0189550034797 -0.549108244513 0.0763445063178 -0.00589669291978 -0.0190670465526 -0.541043887661 -0.0157183053559 -0.0130920867193 -0.0423722390433 -0.0181640254306 0.0183988381492
-0.601043893866 -0.0127205333677 -0.0827309005995 0.0823937425681 0.0265258447784 0.0250995826826 0.00195397643178 -0.525106387833 -0.0620948853664 -0.0204985198935 -0.0693855295112 -0.00648538663909 -0.00705467895657 -0.168027414933 -0.221448287005 0.0291992321859 -0.0528729873174 -0.00187018388736 -0.475703721322 0.133143854198 0.0227143607294 0.00998357020457 -0.0734962933602 -0.01190730144 -0.0106743214008 -0.0462828876219 0.0194932758313 -0.070387136469
-0.481098018569 -0.0122857985557 0.000399534042488 -0.006030131718 -0.0180826583629 0.00595147815472 0.00170980017309 -0.716331301795 -0.155432139846 -0.0183712152567 -0.067276567372 -0.0301828128278 0.00688735482923 -0.225189959488 -0.153338988009 0.111282230262 0.0557946593717 -0.0189483146165 -0.327663412379 -0.0358388793714 -0.0216211123136 0.0117715899675 -0.0719541548323 -0.0321157516538 -0.00688198319806 -0.13780002663 0.0171322557373 -0.00293973393591
-0.512450249164 -0.000922777207202 -0.0734256928356 -0.0147701980559 0.0571626921508 -0.00388373761787 -0.00217933675976 -0.681537407115 -0.123504861611 -0.00137511236768 -0.087207648306 -0.0311262095306 0.0135269574871 -0.29843399511 -0.13690552391 0.129561166413 0.0320914577484 -0.0114260437095 -0.299994538903 0.0203502936333 -0.00248571960859 -0.00270548490255 -0.0694092386468 0.00704458175427 -0.00526827157784 -0.136565552733 0.0139286967397 0.00868323223387
-0.580858571708 0.0440138307795 0.0957818364164 0.035450100786 -0.0230190697959 -0.000960073049937 0.0137445381875 -0.662579114881 -0.0995484429025 -0.0486316970052 -0.0587198954094 -0.0171006749433 0.0119985199059 -0.175077261935 -0.162037407676 0.0982733601912 0.00452269006959 -0.000453931838598 -0.324626095425 0.0915964427859 -0.0047201576253 -0.00591702466661 0.104286459156 -0.0303069334958 0.00140843691662 -0.0384339119721 0.00873217270871 0.0240773530294
-0.692260827248 -0.0139110701646 -0.116482894954 0.00713287211374 0.0227361434329 0.0315203978955 -0.000282044220414 -0.588949997795 -0.000125821380894 0.0578447692631 0.0819981239561 0.00728468854157 -0.00413122483063 -0.038966625467 -0.225346453431 0.153868712937 -0.0408720475347 -0.00268309250665 -0.167108231802 -0.0843013246133 -0.0154292139961 -0.0179157032693 -0.122852659129 0.0284855956119 -0.0311088061934 0.120428613108 -0.00360668742992 -0.0617909757113
-0.570796617434 -0.00539058002885 0.0266802699129 0.0169302340269 0.00527325581199 -0.00355865456289 0.00401881727159 -0.714786085037 0.00451753142799 -0.0499763816154 0.0831789351802 -0.00135367211943 0.0124885161855 -0.177368493234 -0.287186918741 0.0838861832404 0.0331318402995 0.00843926739232 -0.0338915392144 -0.137160928252 -0.0655705134378 -0.0146750832255 0.058073778954 0.0365416233375 -0.0179319380061 0.00118040948692 -0.00352914673532 0.0305244550616
-0.654323253399 0.0233622321551 -0.0337647136294 -0.0481032033099 -0.0374045762857 0.0377699777535 -0.0113225906931 -0.682980847319 0.0077348522379 -0.0147981468086 0.0888213248197 0.00779846464826 -0.00947191717785 -0.126706108926 -0.222663048751 0.125919715658 0.0131687554849 0.00920472462788 0.0285866069864 0.0024685973759 -0.0245293144743 -0.0142707383576 0.0217272450444 0.00218776385995 -0.0114750249941 0.0617144278917 -0.0451167589599 0.0172475758201
-0.627607198269 -0.00506784903763 0.0156873602442 0.0141277876778 0.0132270333304 -0.0288228347989 0.0181019672233 -0.638534457861 -0.00115531204391 -0.0197406895991 0.0459814386626 -0.00164403227024 -0.0066985083398 -0.0754068237279 -0.219065011959 0.17966463893 0.0238481678603 0.0181497502443 0.256125281871 0.0863184719672 -0.0288755358792 -0.00875758357646 0.154854854919 0.0282076956159 -0.00629747777263 0.0724492860897 -0.0333644495306 0.045090126625
-0.481560923815 0.0172715104257 -0.0946921447525 0.0145365489416 -0.044259763874 0.0353893885395 0.0168197157082 -0.410251660055 0.0146078286577 0.0146876488977 0.0331138550208 -0.0229864939371 0.00570528763624 -0.287564993205 -0.200012067842 -0.0260593738796 -0.0584600421666 0.0030537516386 -0.439985092093 0.0528420509474 0.00719680677512 -0.0221978746942 -0.502179674927 -0.00503223381956 -0.0172857459872 -0.0688985131959 -0.0209389512512 -0.0575628608
-0.482157902466 -0.0183472649034 -0.0412802140806 -0.0183435200164 -0.00830617934522 -0.00366100304038 -0.000776564644636 -0.5363177326 -0.0974724032282 -0.00327574388264 0.0151625620422 -0.0375789524844 0.00632449393791 -0.254847790685 -0.220278694774 0.0235483790962 -0.0382383243301 0.000112083766349 -0.376996933192 0.061791294323 0.0181124990138 -0.0171707814054 -0.44815118157 0.0139866702329 -0.0163495557898 0.0438812208613 -0.0296035542181 0.00861967209605
-0.49276303119 -0.0137218341896 0.00620299501387 0.0174474551777 0.0321661736933 -0.0255091461611 -0.0311181973894 -0.527795779567 -0.0553363606591 0.0417175272035 0.0494822380992 -0.0340562190373 0.012775422902 -0.29204504248 -0.165039317274 -0.044562149338 -0.0447384469054 0.000975749938718 -0.47793208605 0.105831173685 0.0101950386885 -0.0212131313621 -0.319857791647 -0.00101017668107 -0.00763498091115 -0.0523942115747 -0.0643569768059 -0.0302029767522
-0.468011232532 -0.0208687082111 0.0477070088442 0.00119765337746 -0.00852862154661 -0.0112347611339 0.0034705768623 -0.500159548198 0.0506852430835 0.0231579224087 0.0379750705624 -0.0485193536519 0.000287567647118 -0.218010865709 -0.20145552754 0.00849158673855 -0.0386650427066 0.0191328974987 -0.442668626109 -0.062148723205 -0.00567889215772 -0.0148521098783 -0.47805081557 -0.0328706196754 -0.0102406971394 0.0164926111964 -0.00961053372107 0.027947729972
-0.509519303005 -0.00842766230767 -0.0890492054295 0.0568091869274 0.0267320715079 0.0141564814927 -0.00855361955767 -0.432655558598 -0.0542219902694 -0.0757075089179 -0.0468187436762 0.00947768148363 -0.000789364232166 -0.197112970014 -0.181752322676 0.00931734325929 -0.0766141355101 0.00432581650943 -0.402191308802 0.0199066249041 0.0185685812995 -0.00111154141201 -0.530299871849 -0.00665910070927 -0.00655365827626 -0.05076614187 0.026083360955 -0.0714372829353
-0.517953204552 0.0062055813798 -0.0415436228696 0.0122886356971 -0.0250312934504 0.00995383139605 -0.00807484492801 -0.56470202155 -0.0179586431323 -0.0971156368783 -0.0720605602144 -0.0159592590435 -0.00370555651797 -0.24965735569 -0.236467974712 0.00983210955191 -0.026985459392 -0.0112726960298 -0.320360790828 0.052275850511 -0.015880178954 -0.0142906192216 -0.403744680666 -0.0250522567521 -0.0223063600484 -0.0725583302407 0.0215848154864 -0.00557848452696
-0.440983699086 0.00826213058604 0.0301491282127 -0.0125737277475 0.03302224007 -0.00966193777758 0.0132718447818 -0.522123738982 -0.0527194522405 -0.131600577596 -0.0598118821105 0.0265274019102 -0.0245831628706 -0.306769850128 -0.129109042455 -0.058505024107 -0.0193043764578 0.00636754912171 -0.389182021559 0.0741913171043 -0.00618131280247 0.000931220449095 -0.471587885257 -0.00635321499853 -0.02092790486 -0.104046991116 0.00748771924136 0.00818639078682
-0.449979942473 -0.005526729846 0.0688846261948 -0.0449147047643 0.035339670697 0.0152816951029 -0.000613955089058 -0.46185718544 -0.0492584597642 -0.100735778984 0.00495355941486 0.0360641019443 -0.0145980757076 -0.253845197734 -0.119697431223 -0.0680994130188 -0.0385965899069 0.012045264005 -0.467103736663 0.0381072765764 -0.000547251770838 -0.00956682163861 -0.506019395271 -0.000123817074125 -0.0028088578733 -0.0226862588322 0.00236234772552 0.0216108069613