-0.011371637186 0.0402038728358 0.0549140474078 -0.0770239148792 -0.0157440261052 0.00913311749818 0.0404215623401 -0.283043978842 -0.308161106382 0.160865866164 0.444017256174 0.0656156169068 -0.0268843196043 -0.238998589432 -0.38248540434 0.308897885093 -0.0555203871004 0.0293925024633 -0.2695289719 0.337481568929 0.0795422976404 -0.0203328409711 -0.292012309705 -0.00776298537115 -0.0473899691306 -0.0162093733809 0.0161094698123 -0.00686110436064
-0.342203852303 -0.0454352467939 -0.0447517660387 0.0750898189175 -0.0174179049336 0.00342927081572 0.0143666942956 -0.406111380063 -0.147631751254 0.0208981907861 0.0115442662133 0.0470199749085 0.0274100926783 -0.18622976048 -0.231450672788 0.279199128761 -0.0273493310339 -0.0117857527385 -0.25031047672 0.0826595552938 0.0877967470367 0.00710353664103 -0.656653954001 0.050627480121 0.000409286105909 -0.0586524788409 0.0263882901929 -0.0135943333695
-0.353148705981 0.0478733666676 0.0155933898743 -0.109717646251 -0.059766179045 -0.0167372366995 0.00744670487178 -0.381614227117 -0.0990740480207 0.0669555270313 0.00213257551157 0.0602554638301 -0.0121035598618 -0.259412147762 -0.191517500405 0.164757326542 -0.0603057793409 0.0126796261135 -0.112871270905 0.0465137011388 0.0363287546472 -0.0137472082172 -0.735140302253 0.0183336616274 0.00771152336324 0.0112052708776 0.0186779214756 -0.021584649379
-0.442757037042 0.0429698634469 -0.142273880772 0.0414117086816 0.00421354729953 -0.000772651714012 -0.0154430742698 -0.668657161232 0.144040357834 0.0957057419346 0.202382473406 -0.0374583570094 -0.00944582659674 -0.258870768496 -0.113725807531 0.220886152089 0.0400627657755 0.0189451386852 -0.217020165381 0.269368726308 -0.0111124237953 -0.0156467180062 -0.081242592948 0.00815877216499 -0.026395804794 -0.0474036960153 -0.0078690013462 -0.00670873109033
-0.546419856122 0.00524586530846 0.174779024781 -0.128283891384 -0.0580430411631 -0.00237298892939 0.0146637785077 -0.650973633429 0.0981134119817 0.00776442349013 0.2472160266 -0.0596562382139 0.00272498944426 -0.21729880774 -0.15024690669 0.149246917086 0.00875115920337 0.0150628725293 -0.154738675577 0.182514517089 0.00837867134483 -0.00658361088622 -0.0317836132203 -0.0223349137131 -0.0295534330012 0.0131281851911 -0.0108263810202 0.0160082966444
-0.260309423441 -0.000388435052681 -0.0562137520384 0.0575061502641 0.0211797541139 0.00768776183903 -0.00909542605346 -0.245728347826 0.0437826272139 0.00303314061354 0.05062364825 0.00773915565843 0.00280698001018 -0.658064634798 -0.0262571480917 -0.0132122917805 -0.00930367424785 0.00236486045801 -0.311632388315 0.0381157608287 0.0103235038329 -0.00565237415572 -0.431283210342 0.00571228723274 -0.00366305300048 -0.375575345208 -0.0011143197547 -0.0205377144851
-0.223910923733 -0.00352837015232 0.0177668674566 0.014297364167 0.0269441674852 -0.0185187337219 0.011112259263 -0.225709947006 0.0154941074926 0.0353189275297 0.0174688336652 0.0219963528362 0.0052886980723 -0.661063338949 -0.00156786946281 0.0224107023794 -0.00469642721522 0.00130102181544 -0.405341125067 0.0174051375672 0.00601055390145 0.0013926210255 -0.44277455456 0.0177913531302 0.00360349362606 -0.309909543242 0.00148718766705 0.0169981337291
-0.166772715712 0.00215530120306 0.0117865553858 -0.0254523511147 0.000841163697606 0.000104187295058 0.0018531953207 -0.167386514296 -0.00388884366087 0.0230626910257 -0.0016112900786 0.0129239108451 -0.00274414946369 -0.586835812788 -0.0163074840205 -0.00702695427169 -0.00588329034939 0.000346649500902 -0.39244598068 -0.0131897662394 -0.0107487061705 -0.000641919167614 -0.570839954228 0.00656566179064 0.000149745230462 -0.342955824801 0.00105574643964 -0.00988084245016
-0.227438838256 0.0112187695676 0.0203424618418 -0.0817948450776 -0.0686550207752 -0.0165783410568 -0.00518848751429 -0.186821956347 -0.00373700327112 0.0191571636026 0.0200306705212 0.00862341438481 -0.000557948787836 -0.675956573189 -0.0359416281586 -0.00401261128616 -0.00662825501165 -0.000165946430904 -0.343420680378 0.00329225785393 -0.00724792427747 0.00239492841058 -0.415132432666 0.00663212954878 0.0010573684743 -0.389121453255 0.00644134658687 -0.0124040876162
-0.588608117068 -0.0334067533621 -0.0651228112262 0.0639280728579 0.0149240336194 0.0351047702857 0.00310369386805 -0.471050794228 -0.0506424309993 -0.0159146239559 -0.00522952343537 0.00477164332109 -0.00394406715535 -0.199552196873 -0.238313377357 0.199803704533 -0.0287392428768 -0.000118906467064 -0.174714418639 0.0616496096239 0.0591664267338 -0.00511838135116 -0.484868388035 0.0271616161028 0.00638232947379 0.0629162153425 0.000371943031475 -0.053015243244
-0.534701571649 0.0982504953976 0.041702142392 -0.00853295409548 0.0714089201308 -0.0260389314132 9.227537228e-05 -0.687747929014 -0.122073595476 -0.000679354091995 -0.052579003278 -0.0106995471309 -0.00109580788003 -0.0656756408311 -0.096022357849 0.198866247236 0.042374834677 -0.00179791599238 -0.0693196212974 0.0822958030456 0.0386589028383 0.00208853695466 -0.364092088225 0.0524570545454 0.000251908117902 0.027840956247 0.0407519571749 -0.0190904809211
-0.530836787144 0.0115713274188 -0.0469600295149 -0.0571316601853 -0.0519123658634 0.00140729821419 -0.00386802422846 -0.665194242416 -0.0956387055305 0.0539376343934 -0.0230632020282 0.0249135445006 -0.00299245451081 -0.120439152954 -0.144694679862 0.0914396158948 -0.021229307628 0.00640655067843 0.0915828287562 0.0253756093839 0.0128097836054 -0.00644111059539 -0.432558701551 0.0205703748813 0.0144766336811 0.111412966105 0.0214701117794 -0.00712728595147
-0.534280555094 0.042744292288 0.0667800933472 -0.0783894094444 -0.0168065296214 -0.0289089363694 0.00319602413581 -0.439057139649 -0.0307134296704 0.0268156203152 0.0168429042354 0.00787076055155 0.00199884655387 -0.121859111687 -0.174462599903 0.154806941113 -0.0324757814546 0.00911108522871 -0.409783873654 0.00124749349929 0.0209234536299 -0.0123715520974 -0.507058580911 0.0109625221075 0.00200354127502 0.0973249458847 0.0231749939736 -0.00737397050427
-0.619606129902 -0.0058891491714 -0.083937796126 0.0530977335358 0.0190514599135 0.00189721924522 -0.00743591637021 -0.636552042266 0.0305074250254 0.0194474954234 0.116116111582 -0.0305328940145 -0.0209092995845 -0.135710164594 -0.165891305142 0.0352463404229 0.021339699307 0.014453409925 -0.282924136621 0.0662224652537 -0.0125456086166 -0.0219893037249 -0.19257058894 0.0224642673306 -0.031197416684 0.112477098794 0.00827454688385 -0.0144873836873
-0.545577311155 -0.0214832146771 0.010256212303 0.0133279779443 -0.000736670001278 0.0239151796813 0.0014497759423 -0.678384475242 0.0360003323745 0.042389380468 0.0953441638479 0.0298059836071 -0.00952782690073 -0.303152468878 -0.0304620626354 0.212084003499 0.102760313382 -0.00827397725146 -0.0995654023564 0.109664878454 0.0352178406517 0.00120478831753 -0.177893155728 0.0701085259805 -0.0187210694429 -0.137379707266 -0.0157189707666 0.0028186837442
-0.539749787828 0.0131022124563 0.0207961417671 -0.00932161490807 -0.0244464947041 -0.00484842013446 -0.00636894914469 -0.741635661664 0.0140743465771 -0.0477697623279 0.151589155052 -0.00974009878763 -0.00872627256714 -0.261704046692 -0.0136469826634 0.200468234463 0.0793580738233 -0.00775062308796 0.0546194371139 0.0290588636029 0.0154335178944 0.0191947856054 -0.106815395954 0.00916605718531 -0.0199162276448 0.00461096187649 -0.00977104153298 -0.0013552266891
-0.683737454125 -0.0176139564502 0.133818735404 -0.0319556201896 -0.0078656610626 -0.0248205259714 0.00508695615514 -0.566846743171 0.0319127064678 0.05704462686 0.0812150905361 -0.00801642216679 -0.00540478851129 -0.0656017218748 -0.159177817888 0.10933663701 0.00293164783222 0.00866688324769 -0.244204179208 0.147466374394 0.0259253241255 -0.0133585763889 -0.19898422909 0.0258815009731 -0.0166637158896 0.124996531353 -0.0039827255761 0.0137515972108
-0.489490526812 -0.00399921303258 -0.0699510965097 0.01575963529 0.0508235505363 -0.0117419858112 -0.0047931140511 -0.452167142478 0.0968756456007 0.00201784305444 0.0688912130943 9.53167201658e-05 -0.00510648972207 -0.553539437078 -0.11263242269 -0.190924455856 -0.0175432455148 0.00804628426852 -0.152482215601 0.227897787884 -0.00923129527044 -0.0157178529147 -0.314233239851 -0.0161685579501 -0.0255256729371 -0.0513918376708 -0.00942531112936 -0.00767228733839
-0.42122977005 -0.0099057919954 0.00589885253239 -0.0527588235578 0.0394416982642 0.0176672850149 -0.00455037689479 -0.423498468799 0.0483023513612 -0.0122035401197 0.0523568671939 0.0133676704201 -0.00610733641423 -0.529418394214 -0.038074216125 0.000795432337152 -0.0596701761709 0.00474930502457 -0.342168194486 0.0555208101682 0.0088089462909 -0.00407969068103 -0.387856668319 -0.0832469982657 0.00958084420676 -0.264386797405 -0.00550660405555 -0.00345252504387
-0.364553278971 0.00592020268336 0.0154731262223 -0.0357417053072 -0.0172555488461 -0.00545678949098 0.00384311508075 -0.379874497998 0.0610992884417 0.033063239923 0.0448732897493 0.0187824911746 0.00463722430757 -0.555354679575 -0.00315404704656 -0.0298469487929 -0.022107347491 0.00123238919908 -0.347627549195 0.04941944823 -0.00795430130543 -0.00420695468511 -0.423570543428 -0.0136314934232 0.00857967172408 -0.317362856547 -0.0109073795625 0.000473463943906
-0.53423707326 -0.0012758927648 0.0698996817207 -0.104343162098 -0.0116868391609 -0.00387461803073 0.00040132412511 -0.384136078535 0.038001519122 0.00646993756758 0.0148187207508 0.00555368573829 0.000379483764191 -0.528933292677 -0.0864332643231 -0.215824492826 -0.021982517142 0.00917688307474 -0.310273358485 0.246029219656 -0.0148093878768 -0.0148647116069 -0.230017918984 0.0166604218145 -0.0163544282126 -0.0639722491074 -0.000412207328287 0.0138533416501