-0.00849346541357 0.00558291142968 -0.107174845574 -0.02133308149 0.0140532758759 0.00377747194141 0.0257448340189 -0.104074449828 0.0912728635281 0.339382508517 0.151682345645 -0.0614383213795 -0.0131183583884 -0.112603908506 -0.207667843191 -0.30285083939 0.0106635698169 0.00107494603904 -0.378933765715 0.622236315978 0.0534017016653 -0.029722984069 -0.358252949772 0.117468101174 -0.0351978125282 -0.0136976060205 -0.00797917854578 -0.00252353830652
-0.526578515257 0.0506925215483 -0.160201319488 -0.0667041973423 0.0183674407912 0.0541166176882 -0.00362404219135 -0.56577292301 0.15422640695 0.134189571952 0.100309794705 0.0474530840144 -0.0178493065706 -0.136180368077 -0.0569556871051 -0.225203444613 -0.0146331825064 -0.0058036180641 -0.220483852877 0.31015750505 0.0358014124916 -0.0140822270653 -0.299434839731 0.0441511291784 -0.0131131212268 -0.0333457711602 -0.0153060658119 -0.00743131023919
-0.585035530596 -0.00819167406953 0.129630984765 0.00960204838427 -0.0122116142005 -0.0223259327358 0.00674505457364 -0.668394926984 0.0777399050547 0.0928121254269 0.101506583207 0.135977119387 -0.00909161174001 -0.163905726332 -0.000821362281042 -0.086049138817 0.0383196806188 0.0252200989414 0.025627744458 0.297660474108 0.0876191094478 -0.0291076764683 -0.0694543688576 0.0948097254433 -0.0200296786974 -0.0212371422533 -0.0135692305372 0.0280141086453
-0.504315297446 -0.0219145670143 -0.0177123206439 0.0500801630193 0.0940542044776 0.0420218182633 -0.037207796814 -0.503808334357 -0.0373640578071 0.0616445007132 0.0579405150999 -0.084087417466 0.00849689666777 -0.130553315604 -0.204025087874 -0.239790587783 -0.0398327553755 -3.31616501889e-05 -0.399495583391 0.344949536885 -0.00771728915251 0.00873924424756 -0.245760269498 0.0296642728897 -0.00158732704043 0.0373266786481 0.0194907315175 -0.0362698744629
-0.513218033689 0.0216139430729 0.0625400324622 -0.0940344461008 -0.00839490475813 -0.0479085705281 0.0366748433105 -0.53085952159 -0.0474491793207 0.133419343486 -0.0325744297939 -0.0890547707324 0.0238612375318 -0.0544218872925 -0.234604768964 -0.0732254377851 -0.00799977912457 -0.00184305053507 -0.459436157005 0.274139435441 -0.0426658921982 -0.00632187775066 -0.214534897241 0.0392594247018 -0.0202139968012 -0.0934764663762 0.00347575815156 0.000712635405418
-0.704509007839 0.00213411524704 -0.100807612246 -0.0345436663268 0.0649166426543 0.0255004609657 0.00642428720206 -0.589349105612 0.0356690600686 0.0619421002828 0.0147738521593 0.0329941994471 -0.00274672756827 -0.0155612657843 -0.0739688312093 -0.160133019251 -0.0146646716546 0.00576631328771 -0.16452672935 0.215819325009 0.00121553055315 0.000690444751393 -0.162635057439 0.0325287872407 0.0018354606285 0.0210639514839 -0.00878945971578 -0.0189589246719
-0.524906121078 0.0439314150207 0.0400044627142 -0.0424198642154 -0.0182586177897 -0.00808622838641 -0.0120387990279 -0.63686416013 -0.0205948835836 0.0699468063792 0.0804728842238 0.0651487400006 -0.0157547644416 -0.36321603797 0.00459687000799 -0.0442909774624 0.0508681690715 -0.0128778644084 -0.17454739757 0.140611951371 0.0467930953663 -0.00947955145948 -0.235093359851 0.0458806580369 -0.00142275658531 -0.221714674126 -0.0237603494967 0.0209996690158
-0.505679528972 -0.000244298132921 -0.0243795097681 0.038923029146 -0.0437212064641 0.0180896608927 0.00199199507789 -0.683761538271 0.0903127478735 0.0290296737072 0.147021340053 0.043743948048 -0.0179353913973 -0.278656683212 0.0156626322186 -0.0601241244168 0.0728280259298 0.00312795285017 0.086064157569 0.122539116383 0.0425095341237 -0.0242803744676 -0.306415509345 0.0205018849769 -4.38843170358e-06 -0.180167167356 -0.0337204294015 0.00236284709148
-0.600269592011 0.0386685830043 0.0791419109868 -0.0371202985954 -0.0103376859879 -0.00909743130488 0.0129284590717 -0.673518091408 0.0447220053303 0.0283889901754 0.143742564392 0.0262265259645 -0.00578285107726 -0.0900137986689 0.0299835755276 -0.162392767118 0.01056454263 0.0168670801696 0.0254606711957 0.156508001381 0.0495815617509 -0.021268859077 -0.293170075931 0.0233735942076 -0.0214972334761 -0.0392519204981 0.00129808837373 0.00670469743983
-0.640421752793 -0.0111211828945 -0.0489938654353 0.062520274954 0.0567563985276 0.0317234826107 -0.000695265078456 -0.563306592661 0.0450582769757 0.0832247036513 0.00825216844423 -0.0461881260374 -0.000902087895358 -0.167241095585 -0.0553246378712 -0.199332296516 -0.052796870365 0.00918297707835 -0.308687347265 0.231224637581 -0.0183486310453 -0.00646858988722 -0.16221374369 0.0156644846044 -0.0104153666178 -0.0210462996935 -0.00342746904912 -0.0289329382066
-0.61287586882 0.0286058130378 -0.016624432787 -0.0325692538754 -0.0477497047099 -0.0073041466836 0.0113697438962 -0.644286928715 -0.0187277659441 0.050851164232 0.0526984422609 -0.00762808264289 0.00281980387135 -0.157861445811 -0.0809568255433 -0.134246203705 -0.0209537737144 -0.00836828158706 -0.071341475094 0.163092647241 0.00513938024463 -0.00961928432727 -0.34150865603 -0.00386062227225 -0.0134743812514 -0.0146132416693 0.00433826317955 0.00307919890823
-0.651980196559 -0.00819853911682 -0.0149359887717 -0.0354488506195 0.0494385075676 0.0161464087182 0.00106797917356 -0.695714173057 -0.0959485634193 0.00227888657915 -0.00649184062835 0.0304721579219 -0.0114301602992 -0.128416702815 -0.0558710270796 -0.00766323454007 0.0188709183976 0.0118803051741 -0.123823249788 0.17909719339 0.0101807387642 0.00808314677143 -0.0885738999666 0.0203538362681 -0.0127754041383 -0.0124185071029 -0.00123379198303 0.00374974072184
-0.712391497728 0.00722983961477 0.0607191485326 -0.0162201906598 -0.0648765500864 -0.030086591587 0.00309618318808 -0.617838343577 -0.0356257227513 -0.0441186391596 0.0034855456821 0.0151569520418 0.0130875199551 -0.0842013991064 -0.0713744621927 -0.0532316886978 -0.0344597973091 0.0278510069042 -0.145502115717 0.203052266632 0.022322792061 0.00624576667712 0.107745605336 0.0517122101776 -0.0115005532994 0.0494710172389 -0.00137118203885 0.0351458508258
-0.676248370496 -0.0256704381206 -0.0504302812681 0.0115755941644 0.0531906630083 0.0390826575476 -0.0136908228457 -0.597421817455 -0.0163878051998 0.041393306651 0.00121371604149 -0.0125358990234 0.00311055881362 -0.0746632116892 -0.177292111026 -0.174631788764 -0.0117361030149 0.00407422793281 -0.232353342783 0.190031199513 0.0230905040428 0.00703394952591 -0.0965752234504 0.065163853585 0.00233423394759 0.0463169298158 -0.000581492040423 -0.0409917037452
-0.573360541433 0.0258612999682 0.0446321547758 0.0140584039466 -0.000915615715878 0.00771710203775 -0.00873396936415 -0.666664910538 -0.0677545393399 0.0724105783889 -0.0178231960842 0.0341365209831 0.03802176181 -0.00618397135091 -0.0920421686314 -0.0990675221636 -0.00436150140959 -0.0152349034348 -0.329583214808 0.189522343709 0.00937893292887 0.0222376106259 -0.187614918406 0.0304516112778 0.0250866441321 0.0904923828663 0.0439885789958 -0.0218217724212
-0.618547013688 -0.0291427924939 -0.0427473355404 0.00128468858111 0.0268365627566 0.0167228319524 -0.00306061617522 -0.675501962113 -0.0205485057243 0.0983041293763 -0.000941144334851 -0.00106826123903 0.0349471413575 0.028799928423 -0.198509764003 -0.0539686154529 0.0268775527401 -0.0330316356128 -0.266493550006 0.128891376843 -0.00366930860198 0.0234494539179 -0.0551612848443 0.0736474805495 0.0126594913237 0.0485977657148 0.0273809062626 -0.0347082935453
-0.630231988784 -0.0465065064017 0.112512351934 -0.0076014596374 -0.0075212708946 -0.0214525070941 0.00530230420798 -0.5907012166 0.0661084063316 0.0476291861628 0.00478407189219 -0.0266245414797 0.0126963234414 -0.171150748606 0.00168231443402 -0.146895936202 -0.0450986902842 0.0278920852486 -0.262252007556 0.255711907411 -0.030472850038 -0.0175840993944 -0.175030611309 -0.0196938674702 -0.0189848918323 -0.100770602657 -0.00538940008384 0.0163528742648
-0.683570146617 0.0087956302525 -0.0621100724338 0.0146251884904 0.082326671097 -0.000237993924159 -0.00213639207627 -0.551195110419 0.00702999378255 -0.0339336650933 0.022497910808 -0.0310786986962 -0.0108931916 -0.166166280452 -0.129580074264 -0.21653253818 -0.0692609015779 0.0189574342232 -0.210301555904 0.214221923989 0.0189753401999 -0.0108804435968 -0.157283835228 -0.0064992263781 0.00242336198902 -0.0462461651433 -0.00505080186306 -0.0346580372415
-0.549005188184 0.0189060496916 -0.0230632838006 0.0375269764543 -0.0227269531575 0.0311113447812 -0.00698359787585 -0.574782588756 0.0450000955739 -0.0235443981238 0.0114823525754 -0.0592076172654 -0.0163106560139 -0.248284066907 -0.020699640641 -0.0026376218847 -0.0436102770248 0.00283089156865 -0.319698896201 0.13050748235 -0.0542052459669 0.011101559474 -0.380474893818 -0.0377326783929 -0.0196539991234 -0.157836902817 -0.000635836885285 -0.0113704376657
-0.503471692871 0.0224865674926 -0.0198179436473 -0.0597385154227 -0.0250794198213 -0.0324878718468 0.0093768671512 -0.576704709905 0.0985429573329 0.0477635888178 0.0276776448147 -0.0585632287246 -0.0195475399046 -0.227021486394 -0.0559412506257 0.129160133956 -0.0343399500401 -0.00935857963588 -0.339423133122 0.0604962625143 -0.00441037766903 -0.0176432493702 -0.301081068944 -0.0122780875621 -0.0182425075524 -0.327945634808 -0.0229846324521 -0.00962711020084
-0.636438260814 0.00414864822892 0.0777719043936 -0.0627456338467 -0.0107076460224 0.01356553961 -0.00605778114283 -0.569485264765 0.0297575169871 0.07392387358 -0.0343610167247 -0.0268070538875 -0.00778279364316 -0.0671167289996 -0.150647443748 -0.0875001398086 -0.0183330997411 0.0283808667839 -0.36223346237 0.204595399278 -0.0435105999169 -0.00589816616331 -0.185224797581 0.00580825201076 -0.00963902073226 -0.0808110378744 0.00164729004455 0.00438162655103