-0.0174273201115 0.0165455105682 -0.0710203979758 -0.144982787195 -0.0236529929642 0.0304038641811 -0.00301731481183 -0.0332107995215 0.113411095333 0.0753235830666 0.197104976369 -0.0236446464942 -0.00638668679583 -0.204439459133 -0.0181514845365 -0.560083342591 -0.0860562136388 0.0583824639035 -0.215235051888 0.541120813138 0.123808306924 0.0179677252402 -0.420115414194 0.109509654603 0.0345456841119 -0.030488970699 -0.0270675628339 -0.0031776420541
-0.544498002517 0.0212375991223 -0.176236434182 0.0190944355209 -0.156691668014 0.0299783862074 0.030438918965 -0.495175425994 0.0217258027687 0.0463709218215 0.075435644966 0.0582308692768 -0.0153053242956 -0.180764224615 -0.124543036093 -0.17154444789 -0.0327181686954 0.00299490956338 0.227384670504 0.378512944887 0.0651760193136 0.00216807681164 -0.319384707806 0.089555343794 -0.00559604270893 -0.00688623026354 -0.00269427444692 -0.00990382429701
-0.329510932038 -0.021915474889 0.053121771997 -0.0108253288465 0.136880033627 -0.0255246768301 0.00338157956837 -0.330712546701 0.00921831589025 0.0649896198762 0.0808352796562 0.0616707902869 0.00374020426108 -0.206873682582 0.218370422322 -0.0315425112473 -0.00875994948837 0.030684344044 -0.664491204088 0.120198627526 0.062477218874 0.0181294552544 -0.433416203849 0.0616853500099 0.0114149039049 0.00505055562368 -0.00576258753759 0.00232662343561
-0.425973981324 0.0407785721361 -0.115347643253 -0.0101878234058 0.0253435670133 0.0261031855248 -0.0359983807063 -0.417435352674 0.0413259002042 -0.0280395056102 -0.0832138420399 -0.0485734048096 0.0258555030281 -0.131117271444 -0.00870751741672 -0.291666297253 -0.0537668741344 0.00128028553044 -0.651355738884 0.169401623882 0.0170755632849 0.00472545699456 -0.207407868202 0.0268052509458 -0.00494464554816 -0.107726494839 -0.0165857392625 -0.00325691994807
-0.448039525635 -0.0518769361878 0.0778650281511 -0.0705837264267 -0.0501424150857 -0.0302195575734 0.0348016511586 -0.484095436051 0.0965468734586 0.0732574492041 -0.0870050290399 -0.068890659345 -0.0103699281675 -0.022752092231 0.0880918456616 -0.279166469123 -0.0508347568328 0.0325218993987 -0.59299323962 0.245464381619 0.041141069356 0.0150201207152 -0.113776645246 -0.00427742726653 0.0508463359382 0.00180181624148 -0.0107751928365 -0.00961105015843
-0.532349042639 0.0315307287143 -0.042847666394 -0.102869037666 -0.055987991311 0.0111941983957 0.0106434080389 -0.49773259283 -0.0143734020962 0.0859009457132 -0.00640440848768 0.0281913925903 -0.0163123308399 -0.152311494815 0.1199464692 -0.00820088622322 -0.0168445367135 0.0121196066151 -0.430107151796 0.0673801010949 0.0371816932315 -0.00734762245992 -0.46128345759 0.0376135443843 0.000187570942132 0.00817008811703 0.00188846639629 0.00859344837769
-0.445597101697 0.00712269674787 -0.0437468262822 -0.0244978403243 -0.0251700142849 -0.0192880846255 0.0012189324154 -0.451852276077 -0.044824528913 0.0239137902971 -0.014322396989 0.0278481950063 -0.000313845115792 -0.525163454213 -0.104991099214 -0.0765530046268 -0.00254821352682 0.00111038028914 -0.148290019218 0.232462813848 0.112582329941 -0.0001920208068 -0.389942986946 0.0385829840447 -0.00191604701595 -0.234683337673 -0.000653265063221 -0.0110927564614
-0.257417908213 -0.00314565986932 -0.0126860945409 0.0320568496003 0.030733894001 0.00123258555838 -0.0042949570591 -0.256814948734 -0.0306132903445 0.0174050215712 0.0105495295533 0.000839875040532 0.00178111827793 -0.535210039396 0.0179446123648 0.00907528610375 0.0040628749984 -0.000704492420529 -0.504924137881 -0.0347226755142 -0.000319038853761 -0.000350893274502 -0.349509135095 0.0132509263226 -0.00195272307736 -0.445984375183 -0.000518960985769 0.000102591699548
-0.434218693525 0.0124786118577 0.0208455752331 0.0713234424338 0.0870427531051 0.0128110614309 0.00628786034652 -0.382200160371 0.00793797170173 0.00221548268418 -0.0516733119094 0.0012237056112 -0.00974523400815 -0.147756935914 0.243803520826 0.0304419766483 0.00824302641594 0.0384864643848 -0.584733758753 0.0261058886592 0.0132530578749 0.015650857955 -0.469021106129 0.0103652456602 0.00393458599959 -0.0470604627642 -0.00167792220779 0.000469086198047
-0.657717651969 -0.00971767719738 -0.119151407144 -0.0877239850666 -0.101359857664 0.00184874607217 -0.00412196052913 -0.468094895069 0.0111793798686 -0.0165760908871 -0.0180916441602 -0.0150899079488 6.8206689991e-05 -0.141596404683 0.0453297534616 -0.0249747516202 -0.0193668575597 -0.00259058806329 -0.364631657368 0.15488309478 0.0254284150398 0.00805142327119 -0.353059262231 0.00757847938315 0.00386197027863 -0.0960009347585 -0.00729811844802 -0.0173131390019
-0.634147559945 0.0433002425707 0.0336876366159 0.00449556474003 -0.0682031018805 -0.0166080751209 0.00434205089983 -0.598693460959 0.0350516753774 -0.00419524733539 0.0527372336155 0.0402762123254 -0.00711832885347 -0.0483279949986 -0.0915697835272 -0.144988405469 0.00915409557872 0.0108946367041 0.357485184553 0.226902194914 0.0238642089544 0.000995677798481 -0.017217768615 0.0582943571209 -0.00158166517399 0.100941405309 -0.00248914173164 -0.00763920728678
-0.477351349659 -0.0551125310468 0.00231407593038 0.0172658080311 0.0894348792198 -0.00924628138052 0.00134508003091 -0.615612644049 0.00733990918746 0.123821963463 0.0757220998773 0.0552122537444 -0.0017834941998 -0.178130949693 0.0999839782855 -0.0195029547449 -0.0129278603808 -0.00568582447781 -0.472340736369 0.0946287083253 0.0652809430905 0.00019571890975 -0.269904648448 0.059160711499 0.0152602833482 0.0457597379145 -0.0159390684919 -0.000438997757616
-0.473371805025 0.00109772411786 0.022121380672 0.0187931978707 -0.012774480819 -0.0216398476821 0.0170410204647 -0.475769162453 0.00187636478429 0.0209618834983 0.0286447817019 0.0204752081365 0.0169875793276 -0.099974059679 0.218952578732 -0.0456814379862 -0.00804027058733 0.0363019806547 -0.549095700054 0.097108559284 0.031056484247 0.0233098271621 -0.404282510895 0.0374841923638 0.0141535640183 0.0832147129077 -0.00161669030756 0.00077453337434
-0.417227123109 -0.00111935811498 -0.0426190011778 -0.0326831419035 -0.00572591830817 -0.0185507757463 -0.0265920743798 -0.396530263822 -0.0127083495567 0.024521600979 -0.0102619179954 -0.00143987231798 -0.000204002824849 -0.187263421661 0.0900044284501 -0.0151815321991 0.0141485288374 -0.0179296657462 -0.557706853744 0.0584224110518 0.010908852494 8.10916144377e-05 -0.542390856928 -0.00302875411996 0.00601426784221 -0.104549646403 -0.00527388896274 -0.012802288718
-0.62693803667 0.0755770845247 -0.0601959015124 0.0196426702706 0.017480868525 0.0387044680019 0.00353411003419 -0.647833356882 -0.00113707244115 0.0269670755452 -0.0783035594891 -0.0510299841932 -0.01272001614 0.00508015294461 -0.0704006183471 -0.234771338247 -0.0307517346332 -0.00675082671573 -0.293501749484 0.0981443921188 -0.00195989528293 0.0119394858228 0.0600529044027 -0.0070233139918 0.00406190932603 0.0699962243257 -0.000307582022834 -0.0226455574852
-0.599029437468 -0.0210835761423 0.00652674017459 -0.0839415555723 -0.00759939916231 -0.0342837010865 0.00417923589182 -0.621292765784 -0.0246173488933 0.0248631654985 -0.0742955336072 -0.0320933218393 -0.0332104639953 -0.0422993792292 -0.0367507058958 -0.214728079125 0.00311027844838 -0.00407070878876 -0.368712483427 0.170242174296 0.0361093051066 -0.0261147320073 0.0550657355617 -0.0533733368105 0.0519268675786 0.109638664311 -0.00712512577899 -0.0256526542923
-0.638864440614 -0.0221661171106 0.0983667940037 -0.0219983739394 -0.011174940298 -0.016889716846 0.00593371806403 -0.576275494308 -0.00545210521758 0.00182644449994 -0.0650254872425 -0.00974651408366 -0.0179670554622 0.00389809460234 0.123324703967 -0.146687880477 -0.0244631967774 0.0441243233211 -0.414367038578 0.143777926252 0.0412819948361 0.0257994517623 -0.0766516069054 0.027837798602 0.0381906165466 0.0411823732043 -0.0113331447253 -0.00455252012981
-0.370691134746 0.0072582739737 -0.0359220671501 0.0584699363993 0.0339233026486 -0.0206393304223 0.00212151898956 -0.360870340563 0.00621319895573 -0.0464448904661 -0.000965801844438 0.00180976247177 0.00916743375393 -0.149780748895 0.103267965371 0.00638219263287 0.0130901769079 -0.0066879458386 -0.473843660168 -0.00867705690714 0.00860866479287 -0.00166841332036 -0.678249315132 0.0066926257515 -0.000519437719565 -0.0743477569379 -0.00633984575871 0.00795484786933
-0.376544680265 0.0104523103935 -0.00633468519429 -0.0373930909363 -0.0368084682049 0.0183372074271 -0.00709920071956 -0.38103106879 0.00138074632526 0.00629226988128 0.0480397577675 -0.0215081140793 0.0162367688518 -0.406868171885 0.0313034811661 0.0135324116029 -0.0910123116 0.00362432385248 -0.42490016314 0.0465973136313 0.0171367409481 0.00404770840011 -0.509328749273 -0.0205789840115 0.00836723836953 -0.297708091345 -0.00967954192176 -0.00300507858514
-0.45344448338 -0.0151531407203 0.00497488437313 0.0340492089356 -0.0307709179167 -0.0180720510744 0.00534309696707 -0.539076729388 0.0692724696621 0.106112626581 0.0366948269781 -0.0260707693243 0.0296158756354 -0.158490409811 0.00551006799705 -0.114851246081 -0.0713048080653 0.00441484941992 -0.492855715836 0.136454038571 0.00711752175648 0.0167245504809 -0.36566218429 -0.00988137163468 0.00510525169852 -0.206599281957 -0.0123060560565 -0.0117681728891
-0.437676693471 -0.00797758342869 0.0396676437013 0.0404676580979 0.0140634175483 0.0139996836515 0.00312747408757 -0.426884628316 -0.00822275509119 0.0332602459357 0.0436106324924 -0.00480965884605 0.0190541467012 -0.133261634544 0.141214535061 0.00658458791315 0.00883968518114 0.0374549400118 -0.44488273557 0.0411357667758 0.00972827783892 0.0162696827236 -0.610905887282 0.00964818534898 0.00824512694006 -0.0802590598126 0.00270241224548 -0.00746519418387