-0.0212264385271 0.0177194027901 -0.039919669642 -0.0584144301044 -0.0568509572204 -0.0147819466895 -0.0914618963628 -0.0253909925589 0.00240772401269 0.10130141449 0.0850681957615 0.0020911517376 0.0207990640366 -0.00670411069615 -0.0732165112947 0.0314555068294 0.0294964064572 -0.00930149881506 -0.472129484513 0.69198139574 0.137405943988 -0.0242311079991 -0.46112864884 0.131234373594 0.0128377238121 -0.0551328363431 -0.0451203374625 -0.012718043052
-0.424375679459 0.0013711697653 -0.0291423310109 0.00796186126435 -0.12412113772 -0.0030169007083 -0.0498081983718 -0.3914791405 -0.0407942443033 0.0437295369975 0.00541218717599 0.0348682242778 -0.0145712152888 -0.0940352387033 0.102784900647 0.0295325479235 -0.016437025605 -0.00352669268227 -0.508213074606 0.439550238223 0.0682544329328 -0.00624272595936 -0.358947256488 0.0476295112808 0.0236002218216 -0.181500434289 -0.0183350736746 0.0333612349807
-0.312379262311 0.00455694708223 -0.0365450786201 -0.068076247771 0.0565855206336 -0.0339191333773 -0.0222596294966 -0.312736922048 -0.0163976379972 0.0303959710243 0.0161592809918 0.060032150019 -0.0149544379137 -0.401783156983 -0.0679412349328 -0.0744836245764 0.0149361784736 -0.0127167749118 -0.492477308413 0.350799104384 0.0791338090277 -0.0048995007266 -0.383913802714 0.0495900208002 -0.000363927957181 -0.293493728771 0.00089845412932 -0.0929940904242
-0.451157582605 0.0175186400237 -0.0232317597769 -0.00284472369709 0.000247464279155 0.045502159328 -0.0381006587259 -0.477195650494 -0.00451539542901 -0.0574379458488 -0.00146192428668 -0.0712113656278 0.0452614320508 0.174205059506 0.0122505754755 0.0738337756302 0.0251585333143 -0.0281686442822 -0.362398486671 0.513968440789 0.0854241802709 -0.0263968900441 -0.268385096705 0.0776842874948 -0.00449251015378 0.169429584024 -0.051175956664 0.0603852465824
-0.494734565437 -0.0746634576684 -0.0409204294343 -0.128207970227 -0.0641176210551 -0.0320170004342 0.000260697399429 -0.500124956734 -0.00675684126343 -0.0916293532012 -0.0582778129617 -0.0891936241913 0.0310455303126 -0.0042054721278 -0.198677506053 -0.0479492289068 0.0492694889341 0.0235175052142 -0.238764086126 0.447210248996 0.0927675962051 -0.00883336960394 -0.35017251131 0.130818272446 0.00575663325603 -0.0321522747837 -0.0273548218688 -0.0593651071238
-0.597031924743 -0.0113473176949 0.0416962024866 -0.0966099540048 -0.198005216039 -0.00460638750639 -0.00725475677151 -0.385917134241 0.00850165994242 -0.0253001149427 -5.82962241362e-05 0.00121085060707 -0.00119966465094 -0.06715121503 0.181897854897 0.128485627661 0.00311275823484 -0.00814717611083 -0.440314579738 0.114356234653 0.0243059881157 -0.0059318654743 -0.422067018083 0.0267138893486 0.00812811581533 -0.0426269024079 -0.0119980161369 0.0279745465423
-0.272427306649 0.00582358132937 0.0501285829616 -0.0597368330836 -0.0715106552417 -0.00442601466558 -0.011527201896 -0.222999530734 -0.00302228211701 0.0183827605755 0.00497398954726 0.000732398743479 -0.000972687630784 -0.55707553678 -0.00474993064679 -0.0403181768564 -0.00357279779572 -0.00146930898429 -0.433663232166 0.00473164284828 -0.00191047062609 0.00419419062443 -0.258602520621 0.00291817685395 0.00886626700655 -0.544993476509 0.00811375916765 -0.0122488749786
-0.207421793767 0.0015318641504 0.00232676737436 -0.000528942566457 0.0223817091476 0.00418817567484 -0.00197704467525 -0.211465227118 -0.0384036527638 0.000539034153191 -0.0171644436968 0.00202123163782 0.00132202371261 -0.562137359943 -0.0172205309188 0.00370419086169 -0.00559352313314 0.000694571723345 -0.404435187792 -0.00555748492909 0.0112730264401 -0.00159166256953 -0.400764901497 0.00720374660223 -0.00260955134378 -0.517434946261 0.00363221179011 -0.0382171066183
-0.355872281719 0.0178378767349 -0.14520784514 0.0661988170734 0.0931788482176 -0.00288734529465 -1.91493493012e-05 -0.241846848841 -0.0228822684827 -0.0372804899126 -0.0311524308034 0.00161393316963 0.00388701454593 -0.52452513842 -0.0471366009396 -0.0252933149626 0.00534879632718 -0.000147728449732 -0.370506349616 0.00889323219615 0.00132424153307 0.00203571063817 -0.287545108295 -0.00363471661574 0.00028991323827 -0.525424241206 0.000691320351002 -0.0578236313389
-0.653943326753 -0.0230894592112 -0.0364130667946 -0.00688170743504 -0.130898258854 0.00917603272295 -0.00898352804479 -0.511779620547 -0.0150682703903 0.0331708107708 -0.0290893509086 0.0132287550399 0.00343551957229 -0.00992553083266 0.167691435894 0.13194540301 -0.00800775407193 0.0028973445539 -0.354148094123 0.182565437087 0.0321651330882 -0.00212237486553 -0.283568075961 -0.00426530077529 0.018721842302 -0.0084019640179 -0.0209211872158 0.045768442374
-0.544874713533 -0.00917273554026 0.0485674748386 0.0449881686882 0.0133501870437 0.0108832100965 -0.0296104448523 -0.528266501081 -0.029548635902 0.0198599509008 0.00395503868527 0.0223166243928 -0.0053225189251 -0.333608593405 -0.0719736060298 -0.0804185250473 0.00626575245288 0.00287832715165 -0.279201939781 0.342809481209 0.0564817912033 -0.00829273095376 -0.174867334532 0.0875247434207 0.0034373491511 -0.237787925205 0.00349784439563 0.00832270781806
-0.577170031978 0.0294674954178 0.0401068586966 -0.0351024959085 -0.0167226861571 0.00268054988316 -0.0261187514026 -0.607847313 -0.00168981152834 0.0146468091209 0.0430040125614 0.0628082639329 -0.00657844339276 -0.1811714131 -0.0847129560917 -0.0681783120668 -0.00992202123956 -0.0264810391278 -0.268936374733 0.368885987723 0.0607030092755 -0.00967968977614 -0.153723918159 0.0400300402325 -0.00269277653357 -0.0581806038679 0.00622873401318 -0.0192197307742
-0.439179736804 -0.0012957712728 -0.143031908724 0.038391780377 0.10620194922 -0.0138784135878 0.00162153032895 -0.330408818121 0.0165619970809 0.0195777986936 0.0179199522263 0.0123656018013 -0.00545267994554 -0.435917316137 0.0489778027943 0.00385962541076 0.0696242456843 -0.00229935936705 -0.469192724395 0.0534886998446 0.0607369046082 -0.00368116437895 -0.331497805427 0.0328088430793 0.00634278575122 -0.351812911088 -0.00753167422323 -0.0674512037797
-0.603988042061 0.000941455504363 -0.0392060520304 0.00868787945187 0.0371791689023 0.0392706866895 -0.0149491968762 -0.576233165139 0.00432862351998 0.0201211754697 0.0143201468721 -0.0134287313262 -0.00705037937277 0.082064272535 0.0840767620344 0.134157076774 0.0163663125326 -0.017329028888 -0.27505645864 0.294455815182 0.0574675473973 -0.010457215592 -0.27344099799 0.0243599418757 -0.014302566331 0.140464440925 -0.0307179740166 0.0561245712186
-0.575544636995 -0.0423366481213 -0.00982943844376 0.0341304544836 0.0132536415102 0.003244200603 -0.00399086337933 -0.646541361212 0.00887882087897 0.0608530355613 0.0347253631596 0.00604207055063 0.00581772494772 0.261616074411 -0.0421492307887 0.0269226541944 0.0180351699229 0.00637498993553 -0.0984251254518 0.325155004857 0.0210626112053 0.0101311761913 0.0153662076236 0.0338472315355 0.0164848986355 0.228350990649 -0.0149906436411 0.0335600688999
-0.633589999478 -0.0390134815956 0.0182351956308 -0.0245099795044 -0.0485350796619 -0.0156578307308 0.0114040359103 -0.627553373175 -0.0237008716169 -0.0574997059518 -0.0122095670117 -0.0266888820584 -0.0155538780938 0.244123836689 -0.148435502334 -0.0175186570293 0.0398375408205 0.01372851729 -0.0353729305825 0.260925247103 -0.00735997442453 -0.00409754549837 -0.0210544351147 0.052202313541 0.0163837534673 0.189080695404 -0.014980846767 0.0453230246841
-0.609592488727 -0.0310145815697 -0.0481606778493 -0.101215645459 -0.0399972553729 -0.0278688517673 0.00166807961136 -0.520697479468 -0.014450959851 -0.0110346856065 -0.00106454866197 -0.039456363898 0.0100668960961 -0.082334904949 -0.0432075409126 -0.039318796513 0.0289282203113 0.0199537298725 -0.301868474787 0.24048328786 0.0840233552724 0.0203078817108 -0.40034690683 0.0741902188098 0.0181240157744 -0.0464333523008 -0.0160475128226 -0.0547371479314
-0.696734871787 0.0415144124193 0.00265987599943 -0.15035041048 -0.15280023614 0.00275791476909 0.00204131259262 -0.413068614839 -0.0132809391283 0.0113445534183 0.0409147190744 -0.0037580337795 -0.0033475749504 0.0133061862519 0.0759345424791 0.0751987788818 0.00379485629682 -0.0425966449773 -0.34019856531 0.147320629343 0.0226184403128 -0.011611680984 -0.374356586575 0.0306922022697 -0.00667787235093 -0.0378135575251 -0.0115357154885 0.0055556580707
-0.374128579963 0.0139090828247 0.108150888964 0.00616529806236 0.0218014859948 0.00438138402877 -0.00412454343424 -0.367662137508 -0.0464429313655 -0.0378115364109 0.00916630916743 -0.0422349524704 0.0151214002544 -0.498184804237 -0.0149140683994 -0.0086992809999 -0.0704467844219 -0.00323726617821 -0.431586527451 0.057300753969 0.0837100958981 -0.0151311977764 -0.429364205831 0.0742800788254 -0.0107104926287 -0.256644239372 -0.0238327591761 0.00796377295021
-0.187235976959 -0.00150142669741 -0.0129566293759 -0.000809219923473 0.0163085332751 0.0109818973837 0.00316346753029 -0.191657382537 -0.0336607900872 -0.00509419882786 0.0137915345986 -0.00478948118341 -0.00643872837268 -0.437817839168 0.0412028603105 -0.00143637416553 0.00790420417887 0.000625014094697 -0.618695289199 0.0285893110349 0.00172091522714 0.000266711077137 -0.376279406928 0.00332747989874 0.00131898781363 -0.454879838023 0.00462871835907 -0.0253331499011
-0.336006658831 -0.0309786900539 -0.180583374458 0.0172636450933 0.00795209707303 0.00523579388904 -0.00323307476227 -0.25669999952 -0.0483634950486 0.0321586837325 0.0332005151677 -0.00357172415036 0.00356012334088 -0.458728198198 -0.0297285185 0.00226240290173 0.0006644729865 0.00249837942729 -0.291149564485 0.0227083862057 0.00746313773537 -0.00132925229327 -0.415416280033 0.00346389331618 0.00161991559577 -0.557712483402 0.00257680952301 -0.0493055468672