-0.00755569864288 -0.0167826142069 0.116171770421 -0.0316920147631 0.00355775392723 0.0103853044173 0.0190364803094 -0.115013804978 0.392453839333 0.132504756955 0.329222495637 0.0358249235892 0.0317597969844 -0.256758974614 -0.0909740140793 -0.627621713724 -0.0755586174085 0.0345311210462 -0.0607788370468 0.277119763663 0.0764935106206 -0.0148977149764 -0.285476380966 -0.209380031255 -0.0104100413342 -0.0238447934496 -0.0399773182347 -0.00251933128212
-0.619629018048 0.0255286868406 -0.120954980237 0.0207540020772 0.0788773829753 0.0559423743291 -0.0110015737074 -0.657161210894 0.184805549437 0.0194404091162 0.0933245436655 0.0438970723286 -0.0243638269236 -0.074961466957 0.0139100863317 -0.0981656808385 -0.00312657631886 -0.00442166389286 -0.161198805821 0.0803374830437 0.0404085942936 -0.00532668949527 -0.219837682191 -0.0664616071471 -0.00197033318245 -0.0957763856621 -0.0391099368232 -0.0148975410314
-0.60278501544 -0.0478474382803 0.126259424473 0.0181272045792 -0.0462748058632 -0.0400782522092 0.0308593847484 -0.663298852492 0.209739243752 0.0450737645547 0.0561795657751 0.0737532883041 -0.0096131383932 -0.0213224109623 -0.035984415168 -0.195295739657 -0.0403586767283 0.0247339984534 0.193915668371 0.0328613419522 0.0666831837399 0.0149206548165 -0.154148645795 -0.0791438299259 -0.0053370168043 -0.00350237308839 -0.0524645138709 0.0203327861681
-0.529052266643 0.000133940161645 -0.0794003795172 -0.00425357904034 0.00268741512906 0.0368902381616 0.0112198919685 -0.584251248919 0.0112272682046 -0.107083034235 0.148619791236 -0.0584420789059 -0.00774900963418 -0.293537639689 -0.0688072736182 -0.344285651952 -0.01842564557 0.0030415063164 -0.191600704809 0.213264737185 -0.0253400909175 -0.0106556121228 -0.159306540434 -0.119784697515 -0.0029419316065 -0.0226409854152 0.00977707316095 -0.0266299437546
-0.552349434454 -0.000112252903617 0.134465854121 0.0415994201862 0.00767907506597 -0.0524258891385 -0.00747013594645 -0.559834760163 0.0352415726637 -0.0103583300733 0.145918061785 -0.0193228063538 -0.00467356192707 -0.299247460113 -0.0933812043725 -0.409035036353 -0.0754972651422 0.0152360757039 -0.144317178269 0.146332890637 0.02430193502 -0.039554741 -0.111207725037 -0.0801021594839 0.00180213180412 0.0308590510206 0.0106786793004 0.00490122305154
-0.675161026531 0.0116234752611 -0.0679227630978 0.02052305707 0.0536494148666 0.0176587907741 -8.41351268482e-05 -0.639371212229 0.0335406488668 0.0512203198883 -0.00687648132574 0.0191776030286 -0.0102092606349 0.0575564672078 0.0478833740411 -0.115484372386 -0.0195445626366 0.00331942824779 0.00806866436681 0.116801447146 0.0228967185654 -0.0210408160564 -0.295995582784 0.00944597352484 -0.0105775792085 0.0112433551113 -0.0152758873109 -0.0234566475659
-0.572799686486 -0.00815296397895 -0.0222783543882 0.0191354046913 0.0329707985182 0.0130461262726 -0.00145849458821 -0.679783681405 0.109254750187 0.0677412462855 0.0263956960374 0.0224645979953 -0.0044436559881 -0.210064174273 0.0393327602784 0.00589847584283 0.0475561819155 -0.00241681428966 -0.0663289621409 0.080712210917 0.0475640892202 0.00146979168457 -0.245560648787 0.0195198885225 -0.00188134000682 -0.258158661782 -0.0290286396977 0.0230606550239
-0.582170970679 -0.0259520103429 0.00070001386707 -0.0354004742334 0.0339370504589 -0.0109805615142 0.00634967751027 -0.680907796941 0.113696130655 -0.0559927551895 0.0734027864614 -0.00272539274851 0.0154918205047 -0.226933980979 0.00804542039848 0.054628664437 -0.0074021152015 0.0026668820122 0.0233158450401 0.104609047437 0.0251387514335 0.00506350820445 -0.237389131934 -0.0302239484213 -0.001139644104 -0.217044927091 -0.0332575900776 0.0163447237391
-0.665083033891 -0.0258257547108 0.0718612032205 0.033530963725 -0.0330710654482 -0.012999888018 0.016744855577 -0.679404912636 0.085114003372 -0.0191197528481 0.113623422602 0.00532654936962 0.00156294911575 0.0852518952683 0.0168003216058 -0.13774079634 -0.0314272267177 0.0308889370922 -0.0747794363242 -0.0333171272259 0.027984438151 -0.0114068381895 -0.172598671194 -0.00365008067526 0.00540483097228 0.0225090561505 -0.0103810153869 0.0222956692631
-0.651472623452 0.00514905839793 -0.0861759084444 0.0661221788207 0.0545498937207 -0.00348494719626 -0.00168494209112 -0.61375140468 -0.0735562479485 0.00165410426934 -0.102835452585 0.00426007506183 -0.0142789730127 -0.121224629359 -0.0175256181335 -0.153865605743 -0.0446604967792 0.00648188176822 -0.323792806663 -0.0132570385211 0.000353593716043 -0.0106013104097 -0.115960974317 -0.0259828052555 0.00201289426056 -0.081374872507 0.0031889843378 -0.0355618557202
-0.535854640346 -0.0238394706467 0.0100469094607 -0.00524834416905 -0.0152080922691 0.00768319406979 0.00667411309236 -0.76477453196 0.00698193289256 -0.0260160868829 -0.170987770986 0.0296478702796 -0.024333603421 -0.208784548469 -0.0631592576766 -0.0322783000396 0.0624497518979 -0.0104797504979 -0.12114387846 -0.0146302264947 0.00873726401287 0.0162758667925 -0.134405178919 -0.0941890739384 0.00196088969429 -0.00666061940554 -0.0248548462001 -0.00702372132709
-0.555154739413 -0.0537405991404 0.0158317305402 -0.0299445159618 -0.0400095306211 -0.000103903783856 -0.00580482148403 -0.765122094455 0.0663243413243 0.0486126032568 -0.136431225708 0.0271219297867 -0.00255779842188 -0.171174340265 -0.0614748488527 -0.0939295268393 0.0295062091286 0.00362649635896 -0.13145760146 0.0215236907658 0.0191564462926 0.0151674229713 -0.06811802017 -0.0783360269362 -0.00923415653261 -0.00341153636869 -0.0505447196289 -0.00691606091268
-0.693645541222 -0.012974746657 0.0930638090673 -0.014210598185 0.0343566376848 -0.0505286923926 0.0194705413906 -0.608653483509 0.0517051662332 0.0160050259888 0.0232113397911 0.0245713098618 0.00466502602193 -0.09718016436 -0.0876161256795 -0.178884690539 -0.0542644986236 0.0246380034818 0.259468956617 0.00117132637893 0.0393860217338 0.0148965714161 -0.0487361369711 -0.0487646609651 0.000213585325845 0.0661583522147 -0.0145212167252 0.00688916278674
-0.668027598696 -0.0125762712154 -0.111221419541 0.00233374339963 -0.0194203127843 0.0417330847447 0.00919974165117 -0.600773220201 -0.0258526797751 -0.0282771033276 0.0313208609223 -0.0156115945005 -0.0219197274751 -0.159934389554 -0.0608336327799 -0.22765397341 -0.0207044390288 -0.00926286088406 -0.188513027631 0.17750805084 -0.0339924056433 0.00510279504532 -0.122512990098 -0.0582848235926 -0.00722540666625 0.0754748419395 -0.0099784958923 -0.0282338441833
-0.555039210043 0.0206885312946 0.0660372973378 -0.0122104376537 0.0329271088229 -0.000789584320505 -0.0175944556494 -0.698775373447 -0.0589625986007 0.0420003399475 0.074134580653 -0.00252486934359 -0.0101361644519 -0.140733307577 -0.0480832454445 -0.138662687832 0.0275249573957 -0.008482641406 -0.0883419692576 0.294936856235 -0.0212516860054 -0.0224258861124 -0.199378768691 -0.0721064278007 -0.0461399508343 0.031326544559 0.0203264026277 -0.0083866731909
-0.529607449909 0.0250387589027 -0.0220726999562 -0.0495985190599 0.0157755675435 0.00893237357322 3.84337799002e-05 -0.715187966341 -0.0331939280852 0.0856212052116 0.0441403422888 0.0202800252847 -0.00893033665107 -0.0699609913067 -0.133676854474 -0.14711588519 -0.0128746157141 -0.0204203575744 -0.129350499372 0.278106144133 0.00897185660787 -0.029586711482 -0.17841409141 -0.0178184044626 -0.0219237136273 0.135555060027 0.0442357586598 -0.0162804091973
-0.654468938616 -0.0123156292562 0.125851399013 -0.0104234668233 -0.000548113229234 -0.0210954814645 -0.0091014052968 -0.604556978687 -0.00285040616662 0.100029405037 -0.0617947188523 0.00271040008656 -0.0151792237725 -0.202961973899 -0.0142583186564 -0.247798204528 -0.0478284779935 0.00527151093027 -0.170361171428 0.150469823194 -0.0366566971601 -0.0395617212593 -0.10274441522 -0.0346049387677 -0.0281280629707 -0.0557503968879 -0.00868306832887 0.00813351188831
-0.59137969017 -0.0266262331793 -0.0873660917823 0.0206177109145 0.0221476773172 0.00938219751479 -0.01386142972 -0.642943884276 0.040825838705 -0.0362001951358 0.131511352298 -0.0301748280919 0.00750896664855 -0.164045837398 -0.0381180513081 -0.223202389396 -0.0276787500466 0.00809915678575 -0.315194677824 -0.053501956569 0.0275781005377 0.0298137798432 -0.135653955879 -0.0171039209445 0.0242875100549 -0.0499869817421 -0.00145283382321 -0.0381639473753
-0.440567315835 -0.0385186418888 0.0304189359994 -0.023793893483 0.0181134264957 -0.00215004458372 0.0139782669031 -0.730030083455 0.0751627625621 -0.0694602605556 0.184328691444 -0.0393484156093 0.0123122435619 -0.2285787006 0.00209508079742 -0.156877241613 -0.00649504367886 0.0209262728723 -0.235701569683 -0.0366160153146 0.038604836751 0.0408827140236 -0.163824397439 -0.0814147147123 0.0421939248441 -0.224888846356 -0.00256244311928 -0.00852012248518
-0.444743640809 -0.0208731305267 0.0207508227359 -0.0227044683307 0.0237478122667 0.024100507835 -0.0101220826268 -0.729536238307 0.0206060492936 -0.054657262297 0.168145127355 -0.038185896975 0.0071299888501 -0.255902400516 0.0264155113422 -0.17393804348 -0.0592672855781 0.0237657971593 -0.230392344793 -0.0803868363716 0.0667091130879 0.0278103533204 -0.189309974864 -0.0924522883726 0.0403389968414 -0.148723512495 -0.0255597021655 -0.00950496324212
-0.659268326514 0.0202042743626 0.0949973559886 -0.0197969216795 -0.038279878308 -0.0165885868793 0.0121531125892 -0.580539743006 0.0301788610608 -0.0297754404826 0.0594761996192 0.00492300193742 -0.0115258382533 -0.277522120104 0.0159791858262 -0.289418395983 -0.0447703471176 0.0282854253176 -0.172801792044 0.00236446148476 0.0556309694173 -0.00238023313168 -0.0925953386897 0.0135736658523 0.0323830959688 -0.0628773676731 -0.0216905332328 0.00977221368054