-0.0102076096266 0.0162528618317 0.0177417642803 -0.12250746605 -0.0116977731159 -0.0381797388648 0.014687543649 -0.100303047197 0.197763513748 0.311498290068 0.000124427974165 -0.191856622913 0.0161446965476 -0.277857740052 0.219311460968 -0.654846919377 0.0519225464808 0.0243631611873 -0.127995043283 0.269729359176 0.139250206019 0.0119442740256 -0.286559863407 -0.217509513245 -0.0165254031405 -0.0580926915519 -0.00801893971285 -0.00106679361685
-0.577605835989 0.000318207343074 0.0238776598101 0.071424115738 -0.0926146374873 0.0210906638433 0.0126234695218 -0.602392897718 0.0905761669767 0.0443648707042 0.126106095103 0.0469922861083 0.0065945554287 -0.0868494272708 0.0592527939509 -0.250156128543 0.109170712597 -0.000945756505459 0.330860608558 0.212729679038 0.0906080783299 0.00594742125612 -0.0359376315144 -0.100747566467 -0.00203355233554 0.0136966330581 0.00752240264135 0.0102717998791
-0.531708464133 0.023413463873 0.00137862141339 -0.0666069045846 0.160320893353 -0.0590295941136 0.00446750160675 -0.58135952576 0.0514346429332 0.246952483063 0.0696103544491 0.00723578270468 0.00965001393317 -0.187734683512 0.155665409402 -0.276184862896 0.0301659501625 0.0057056718832 -0.278971797145 -0.0322572586087 0.0728371041506 -0.00354378543485 -0.167597150138 -0.0691318202389 -0.0145293383977 -0.148791126678 -0.0139728152754 -0.0140665765735
-0.459919381434 0.0444780868241 0.0137749015743 0.0188237452255 -0.114564562924 0.069215557404 -0.0127365049998 -0.465186394092 -0.0719533541486 0.018227744478 0.0551300340549 -0.0992869954293 0.00224516948977 -0.152910426996 0.0368985942632 -0.233253455154 -0.0397093649586 0.00996329857599 -0.594685061114 0.124682889844 0.0137641755549 0.00842250286857 -0.259216178084 -0.106879121807 -0.00925615563555 -0.0634841488871 0.00665813918777 0.00205176093203
-0.356713444162 -0.0350637274337 -0.0188071105792 -0.00552057769737 0.0359958428442 -0.0617272771663 0.00517012575322 -0.404984172472 -0.0914997839448 0.0281169248197 0.0490472878738 -0.079517911485 -0.00320934711649 -0.11995587723 0.0435374175553 -0.19368782584 -0.00302562101579 0.012717271161 -0.770672901992 0.11924138522 -0.0133969012174 0.000513916545461 -0.127154831509 -0.0745745937891 -0.00131524781178 0.00111683555417 -0.0075187872334 -0.000466411978802
-0.575039667183 0.003489673897 -0.0151168177684 0.0194333747525 -0.0670333537931 0.0126468139941 0.00178804327592 -0.70385699093 0.037777649294 0.123309485513 0.0416402903964 0.016645209847 -0.00498216450433 -0.138685416408 0.0728369081417 -0.0957841154755 0.0949134010596 -0.00426200872899 -0.10512299629 0.111225349275 0.044031956311 -0.00295706749375 -0.271290017174 -0.0695082497632 -0.0259660657409 -0.0503565846164 0.0149049460272 -0.000268578514282
-0.60727361639 -0.0357649349351 0.0129097641362 0.0139744676846 0.0468118693028 0.0221591765835 0.00259180512457 -0.646686062966 0.0470210359289 0.0119362555985 0.0800056642766 0.0109191287103 -0.0257799214403 -0.150078406981 0.0254548222988 -0.124721717501 0.0940754230621 -0.0108196484916 0.231744685507 0.218454127826 0.0330248828362 -0.00113567017145 -0.212726730883 -0.0486623510583 -0.00518220229088 -0.035014156595 0.00759789644766 0.00151426003086
-0.601100411759 0.0126935957914 0.00529305452385 -0.0252050249242 0.0644529889967 -0.0160216671584 0.0040697760127 -0.642478420528 0.0210747391341 0.099386322026 0.0190541335739 0.0101667843899 -0.00253145105649 -0.187608762076 0.150736449452 -0.128535581479 0.0717055040655 -0.014079175262 -0.228727179882 0.0214830525319 0.0450786523935 -0.00796286566226 -0.265758256266 -0.0410867252304 0.00979377694745 -0.0510143605083 -0.00177900612975 -0.0135350588527
-0.44981194525 -0.00276497950049 -0.0145952211378 -0.0275372246664 0.012047706406 0.0301585647819 0.00640748353834 -0.686532902327 0.0208155717502 0.059306131923 0.201086435425 0.0160432376428 -0.00174029325421 -0.324471469676 0.0835544429561 -0.0359714013232 0.0700845071524 0.00349938812983 -0.239025053843 0.0321532928396 0.0322301605863 0.010920861421 -0.235790115381 -0.0154654781288 0.00101691442143 -0.213957883682 -0.00583442909347 -0.0128543054212
-0.701827839645 -0.022020824015 0.0120230756801 0.0655724537741 -0.0439525800852 0.0379412087758 0.000571144452001 -0.604001308029 0.0526768551392 0.00424929125913 0.00669688809519 0.0084773638427 -0.00311799114816 -0.0342732833494 0.0192100225207 -0.0790118321044 0.0535047540645 0.00204922670904 0.306786825322 0.0837229823787 0.0705941236637 0.0080042941833 0.0761826258865 -0.0741163954295 -0.0111465676979 0.0546419258607 0.00890339293609 0.00920645777742
-0.656770686942 -0.0336759402459 -0.0377326839747 0.0759360461718 -0.0232603528581 -0.0123644403067 0.0147611465419 -0.664902503161 -0.0160218242556 0.0884006665283 -0.00634527670232 0.0131957863828 -0.0150543832272 -0.0152456625178 0.0143346733346 -0.252414739398 0.0273850564352 0.00544282339413 -0.176926368406 -0.00472173483993 0.0196260529915 0.008516552948 -0.0894181879322 -0.057030054461 0.0150447871404 0.0111400886815 -0.0222813104733 0.000173711637972
-0.599184038722 -0.00982774379696 -0.00641243242329 -0.0513752866006 0.0277351102895 0.0135656689411 -0.00579160635614 -0.70303829028 -0.0617820371159 0.0790734669013 0.0429730987756 0.0325330102724 -0.00375291374016 0.00227304497147 0.00089290645375 -0.254688835442 -0.0134542963139 0.00719657784123 -0.244066454173 -0.00413954681233 0.0326891885328 -0.0114812017073 -0.0550135663167 -0.0279156103465 -0.0146337130227 -0.000502085223985 -0.00673470506485 -0.00249876758004
-0.47526550909 0.00551321782558 -0.0238778177669 0.0362515876017 0.0458928291898 -0.00503650730597 -0.00267620093581 -0.683285191952 0.0533179727413 0.125511091669 -0.041831141162 -0.0349262188724 0.00244156350094 -0.284025797894 0.162763131251 -0.135484955663 -0.011044416928 0.00737891555777 -0.17457781889 -0.108959428825 0.0263348796929 -0.00195970605831 -0.26246203047 -0.0573145365778 -0.00453938100577 -0.200630471224 -0.0172836431 -0.011572915526
-0.462397921446 0.0236504967769 0.00246126001013 -0.0281384068422 -0.0488367085309 0.0308376670271 0.00341103114696 -0.490848685838 0.051808916278 0.0543812129533 0.0505977003373 -0.0431367165683 0.0196167541912 -0.25584418297 0.0359268420584 -0.129217863919 -0.00674205073138 0.00797953662811 -0.577607877019 0.0268097201621 -0.000750416604622 0.00300759811015 -0.319611029183 -0.0435379795741 -0.0127006307592 -0.0893293202915 -0.00160606055062 0.000870539335279
-0.579288046063 0.0226025311485 0.00752783227955 -0.0238013106974 -0.00298299577208 0.0266046411921 -0.0198757153538 -0.740629228779 -0.0389415291373 -0.0406078259807 0.110959147325 -0.0270212068054 0.0143005703378 0.0838016803584 0.0217538867933 -0.151060291824 -0.0485569591583 0.00738910269068 -0.151920477922 0.110126048006 0.0112206219875 0.00952810166231 -0.0162036108982 -0.0584988314259 -0.00841645068395 0.158827923536 0.00399175424942 0.00929143396692
-0.462699528633 -0.00895727815764 -0.00526347394938 0.0270304974584 -0.00569791171426 -0.0129482179719 0.00347523047446 -0.609855763299 -0.0134816616197 0.00498797959843 0.0942349602995 -0.0276366441808 0.0165914690582 0.0313889451146 0.0535134464293 -0.132664564884 -0.0419347531154 0.00225469336049 -0.588277052555 0.123230847374 -0.00686113204616 -0.00522032720621 0.00181530216932 -0.0488721219212 -0.00477061518062 0.12403558689 -0.0215968746831 0.000295916574913
-0.520281029684 -0.0153304262281 -0.0213066892819 0.0164587508596 0.0698792702193 -0.0392093581861 -0.00685324720017 -0.460549227755 0.00193063640573 0.0544792584945 0.0144566247834 -0.00599968624995 0.00829515792086 -0.150945043552 0.0485464128663 -0.172226987161 0.0122329588206 0.0128421471089 -0.620715267281 0.0806158268441 -0.0286496333902 -0.00166540746669 -0.232610836302 -0.066636690364 -0.013126441621 -0.00306675535231 -0.00399756817722 -0.00393340328275
-0.35873611981 -0.000797142355345 0.00946597635787 0.0537395892137 -0.0320088000853 0.0221391216836 0.000914911061776 -0.399137667934 0.0309385713288 0.0777780753326 0.055354762079 -0.0469019901661 -0.0050179417304 -0.3079453805 0.0472585599383 0.0508199898337 -0.0654573669648 0.00141053097877 -0.569305920932 0.0367450474356 0.00129352497187 0.0032806881397 -0.355696384007 -0.00592064821198 0.014256756674 -0.372876062551 0.00112485424755 -0.00265901694392
-0.39020064258 0.00756417801359 -0.00761363316794 -0.00571493412564 0.00482543203879 0.00488982107018 -0.00673877039049 -0.46980159673 0.0413996177616 -0.0267385130566 -0.0747207274872 -0.0443246616839 -0.00607131086843 -0.15015932964 0.00875734996006 -0.110571096069 -0.0658794709454 -0.00244194776088 -0.665883940229 0.0100831860784 0.0125857385896 0.00126993999003 -0.241548580894 0.00991562148231 -0.015997422513 -0.274082427993 0.00729580543183 -0.00646921010525
-0.510618290452 0.0320429079157 0.0299460676225 0.0154163584851 0.0829181542116 -0.02054627323 0.00239510027612 -0.570471603515 0.0389918797653 0.00194465664709 -0.0920844297928 -0.0622003452353 -0.00719819154638 -0.184039543562 -0.00833520221892 -0.083403102594 -0.0465222586738 0.00624852872849 -0.470952301347 0.0181154208833 0.0400905771104 0.0119378232682 -0.208428478252 0.0420819458918 0.00397738037434 -0.279410358888 0.00794820638837 -0.0103101635553
-0.465652001125 -0.0013813415068 0.0322474871913 -0.00666407868099 -0.035604610405 -0.0444125994206 0.00172377023515 -0.458240099913 -0.0294362857896 -0.029975717467 -0.0209579640924 0.00509132338565 -0.0134194389162 -0.36854966314 0.0822716901796 0.0125227274638 -0.00377879624135 0.00256001122115 -0.538089495734 0.0569172991272 0.0218584557248 -0.00150703856723 -0.198401259552 0.0589235797122 0.0160793256988 -0.295464298846 -0.00230483994746 0.0033835491624