-0.00743782244598 -0.0171594470093 -0.063626370989 0.00190809004236 0.0256949857972 0.0197402591421 0.0227361405687 -0.26344363039 -0.0428571028918 0.22255487406 0.365967089224 0.0811725728755 -0.024905523027 -0.0691879233694 0.233310981047 -0.185341265789 -0.0123143865992 -0.0019100514783 -0.395623509157 0.503367023999 0.0526638772521 -0.0165818583877 -0.472311194925 -0.0351966712814 -0.0239748435619 -0.0121833249424 -0.0197966890605 -0.00400908392878
-0.342409259413 0.00211381248045 -0.134409800186 -0.0192719713238 0.00678328452106 -0.0166059443878 -0.00249065682837 -0.292439349664 0.00855478358708 -0.0265453420464 0.0167902794251 0.0569499201954 -0.0207046106397 -0.246343518438 0.245923909866 0.072021640472 0.000393974717678 -0.0165863539928 -0.256943750354 0.352673874618 -0.0139099172988 -0.0146577505652 -0.672870868824 -0.0188811958849 -0.00650688378973 -0.0516363031563 -0.0177843399961 -0.0127887407928
-0.283428231462 -0.00618329072334 0.0386800770634 0.0279713074499 0.0565137963543 -0.00357989343165 0.021656677041 -0.308836373779 -0.0393272072259 0.0521639885717 0.0548642998613 0.0614749347549 -0.0363326910415 -0.170889839673 0.144168424678 -0.00616606946964 -0.0142805828662 0.000477913573019 -0.353374960052 0.292031416033 0.0829139012528 -0.00737536074972 -0.725522759719 0.0581661745453 -0.00559274726855 -0.0916919841672 -0.0119524198681 -0.0159865726178
-0.390942243135 -0.0530072472062 -0.060125087814 -0.0330581022205 0.0879524978324 0.0333012749321 0.0159636585522 -0.528516253196 -0.0206082924089 0.0678888972648 0.240433932775 -0.0552769798016 -0.0029093149964 0.0181260100562 0.0495745868768 -0.201937190415 -0.0440968147919 -0.00233672131181 -0.533128513588 0.182161417959 -0.0547672549068 -0.00210307835332 -0.338199333243 -0.0658021350754 -0.0186821986309 -0.00704504469766 -0.0039907700871 -0.0161487855503
-0.349310798844 0.0187657249382 0.00307374884626 0.0254731072762 -0.0335969198379 -0.00058339728635 -0.00758665011179 -0.580077416012 -0.0311754333123 0.0818808137287 0.267028583952 -0.0448354140945 0.013751733161 0.00070801437913 0.015277412812 -0.192344693957 -0.0159162172695 0.0125356693521 -0.545987267548 0.152207746377 -0.0474678018171 -0.002652268404 -0.296665078398 -0.0822126593579 -0.0257210199326 0.0179954678283 -0.00821680545143 0.033506370202
-0.545232553804 -0.0110065378478 -0.0943071929112 -0.0415200829288 0.0101714370665 -0.00958821067143 0.00844197820046 -0.406966248954 0.034245049212 -0.0601786646235 0.0165326169036 0.00620817681676 -0.00807682640747 -0.205334257504 0.266830236224 0.0721550171906 -0.00200294919889 -0.0306027948498 -0.274836895533 0.240294958956 -0.0136959662388 -0.0113832203207 -0.505613212742 -0.00735388211805 -0.00814921755357 -0.0926972049099 -0.00525996637642 -0.0586161594849
-0.212094547466 0.00646200874677 0.00873968391843 0.038309415134 0.0208735216241 -0.00672528574671 0.00122718363034 -0.214478827762 -0.0294935573193 -0.0461412462615 0.00702213788304 0.004618748117 -0.00110559271357 -0.516368989163 0.0315813776808 0.00168428320934 0.00422296251415 0.000746031760219 -0.410506244992 0.00237773363852 0.00527865170512 0.00134949418913 -0.506540363891 -0.00215115816922 -0.000171053662219 -0.459418781296 0.00115051482426 0.00384687361261
-0.185876050908 -0.00199692093101 -0.0165381994245 -0.00744741376381 0.00523820186876 -0.00220685504168 -0.00315045807853 -0.187447512955 -0.0296464705402 -0.013345569337 -0.00377727365295 -0.0027338327281 -0.00585281408877 -0.522437075891 0.0192510419915 0.0315200242305 0.000175924644485 0.00073541811503 -0.345307249953 -0.024259713606 0.00263931012673 0.000639695390983 -0.584125790546 0.00806596981611 -0.00075233304429 -0.439380443082 0.00212924713177 -0.0189432881339
-0.373337985423 0.00918477874158 0.042952205405 0.0184858389305 0.039177282115 0.0141824311947 0.00411966038958 -0.33911863881 0.0297141500574 -0.0363186824661 -0.0342459683629 0.00201287373496 -0.0110346230815 -0.278586670701 0.247084579604 0.12642638854 0.00116453651951 0.00305455624747 -0.33803280364 0.131988247902 0.0208576815907 0.0146865972778 -0.664286257373 0.0140383210764 0.00532069059036 -0.0922817695463 0.0220002393926 -0.024449196885
-0.620718501973 -0.0107903209143 -0.0428398311162 -0.0746197038707 0.014954925777 0.028253447815 0.000798943279379 -0.477770350359 0.0112180341779 -0.0149699914252 0.0149526821994 0.0194123656335 -0.00553553348463 -0.106744763867 0.21388388751 0.0611110852049 -0.00852915182454 -0.0169890527388 -0.0792829018035 0.329074417503 -0.0306607216925 -0.0107703930454 -0.433936560532 -0.0157412154008 -0.00369147026728 0.103083834198 -0.010097203132 -0.0275967631829
-0.374264043139 -0.0071031253321 0.0154249172343 0.0538918677717 -0.0171613329426 -0.0117231068486 3.49217233639e-05 -0.410431611066 -0.0149872873363 0.0309149314031 0.0288244549858 0.0571413017083 -0.0116678018327 -0.398053046295 0.0392781530245 0.0264102072721 0.013049306211 -0.00750189205509 -0.338402925491 0.140053096891 0.104498157668 -0.013353192502 -0.598308037754 0.0381252714004 -0.00651414050096 -0.12593854699 -0.0254619619107 0.0177549741038
-0.413555715642 -0.0229875433509 0.00802329218158 0.024299507602 0.0370924737925 -0.00717099108029 0.00124811694295 -0.510043279811 -0.0106851472414 0.0620044241708 0.0456204593338 0.0548778983344 -0.0134580595697 -0.172370312677 0.0423350571227 -0.0180724565222 0.0185686548777 -0.0232250003278 -0.33026799798 0.226514507461 0.114707749698 -0.0218482752516 -0.58578192984 0.0662108982266 -0.00653226972195 -0.0421079277897 -0.0298174160201 -0.00424453251845
-0.506962639412 0.00340235982394 0.0270735254024 0.0288981304694 -0.0137733296486 -0.00738765438843 0.0285537388228 -0.586772641609 -0.0391723110819 0.0716407728416 0.0564826484068 0.0399018414645 -0.0195099368419 -0.0163407345712 0.107844281146 -0.0212882375548 -0.017205077496 0.00493554786662 -0.203489399963 0.254269715023 0.0608155396264 -0.00492107598001 -0.509750280723 0.0427143527297 -0.00311006931308 0.00559601266309 -0.00435121219795 0.0057458486636
-0.548308050795 -0.00139619124718 -0.0489298725956 -0.0644666223885 0.0300331068569 0.0245506638798 0.0128027896331 -0.517086111958 -0.0240743890401 0.0237092450897 0.0780762320172 -0.0301002385924 0.00454920665652 0.0730513223403 0.0859626261555 -0.0946083994695 -0.0493030193992 -0.00239306350802 -0.325526671992 0.193367713164 -0.0415308107469 0.0109039610119 -0.484280106195 -0.0242877093076 0.0114385350062 0.0962921339091 -0.00358191299944 -0.0417919581884
-0.414630820093 -0.0336055306012 -0.013117200715 0.047468479095 0.0181965949591 0.0142268452986 -0.00909057418935 -0.577869067852 -0.0873792029902 0.0611234308817 0.0639670855516 -0.0058317832418 0.0247219459231 0.0266567439533 -0.00292543420739 -0.115975934477 -0.0086476631656 -0.00945697379865 -0.546673652721 0.0631574932553 -0.0128004451265 -0.000922081145845 -0.393104044298 -0.0387588139512 -0.00886054206234 0.0167418302763 -0.0112271272465 0.00351232064685
-0.463562335192 0.0164614773375 -0.00502104600567 -0.022631728981 -0.0221250243651 0.0189655893064 0.00531963259595 -0.628191011689 -0.0896739089747 0.0866694798693 0.0492048168619 -0.00294088152362 0.0211975338875 0.019262757155 -0.00380185656919 -0.125045621291 -0.01821742806 -0.009838319946 -0.37694207678 0.139143591668 -0.0526987259386 -0.00234934225553 -0.431117750862 -0.0206178988292 -0.0159195238746 0.0534199500962 -0.0133924905312 0.0106954305645
-0.484652804184 0.00359477300293 -0.00367877008003 0.0452569722677 -0.00602477136559 -0.000313692151727 -0.013019179031 -0.492574934124 -0.00507914245668 -0.0275201967648 0.0697624898956 -0.00221098342916 0.00658832024188 0.0814472154548 0.0410695278535 -0.109722700827 -0.0232698768182 0.0184877134636 -0.494250264659 0.0782164578593 -0.0226969704212 -0.00486201467276 -0.482981082302 -0.0193629186535 -0.0212840998936 0.087791991425 -0.00671674265589 0.0216550715278
-0.610767195514 -0.00855537544434 -0.0782004070804 0.0270396245483 0.0729272261086 0.00358610472471 -0.000368794778271 -0.474243311633 0.0545703936941 -0.0431467035404 0.0986043271358 -0.0034476916292 -0.00252972603181 -0.0693572807237 0.00497139251746 -0.258894297602 -0.0308180307452 0.00212391228658 -0.424626491794 0.0644050861069 -5.47865910861e-05 -0.00502052458623 -0.333537670346 0.004492682539 0.00236263023522 -0.0665659083364 -0.00268505147195 -0.0470862171581
-0.4188681107 -0.00404467764474 -0.00205157423059 -0.0160165731714 0.00860208717054 0.0101028105516 0.00104046592412 -0.477298791225 0.0591906733756 -0.0156430509486 0.120912845152 0.0115902144361 0.0128027240957 -0.37057818007 0.06499720614 -0.0188220811064 -0.0161037354111 0.00279276967193 -0.341517200708 -0.0111926128611 -0.000956155409247 0.00666540321429 -0.415841686007 -0.00940123488681 0.00661337351378 -0.381009428376 -0.0132158757181 0.0153822730749
-0.458724418413 -0.00918773880364 0.0153431127847 0.0249471808605 -0.0121859766803 -0.0247657210792 0.000287894031845 -0.527066985594 0.0355180411413 0.0398357576174 0.106976642378 -0.045732336065 0.0128714722388 -0.290850644098 0.0425143797498 -0.00420087032511 -0.00218682804107 0.00608896535764 -0.418458887796 0.0402566180702 -0.00221508492501 0.00834643903121 -0.371112521062 -0.0792493159658 -0.0101074259884 -0.292361886433 -0.0144456739446 0.0215244311061
-0.585682991462 0.0130794625533 0.0682968085107 0.0214338367779 -0.0440611646464 0.0147009701026 0.000657814767751 -0.561352600783 0.0414684968283 0.0191531672391 0.0944941988003 -0.0127899494153 0.0107236078145 -0.148157430729 0.0419335200535 -0.226857156485 -0.00932113345041 0.0146649622261 -0.370179823519 0.0832677039523 0.0147567228237 -0.00624022694878 -0.313892228946 -0.0266001586616 -0.00675166464538 -0.0494793132401 -0.000250158637803 0.0410290603317