-0.00265523857086 0.0111254303626 -0.0505735623677 -0.0333570695537 -0.00476826190809 -0.000248315337308 0.0122609459542 -0.152128845501 0.102035137232 0.19388302694 0.318643287734 0.089349017247 -0.0604360661658 -0.144852212481 -0.422287326131 0.0536708837728 -0.112440482643 0.0151872518483 -0.424436442816 0.53834437092 0.0852080068249 -0.00536960510302 -0.33180056674 0.07981566201 -0.0138834165926 -0.0402781407547 -0.033057842072 -0.00531961219785
-0.456746736564 -0.0445707695582 -0.0908883630412 -0.0725565035508 0.107833425789 0.0253999296263 0.0124453221886 -0.580089427393 -0.0537178453424 0.118872779023 0.176142256164 0.0232734730347 -0.0139448465538 -0.0143980911452 -0.199936825968 0.0925602539409 -0.0464304328407 0.00301651662609 -0.303347728018 0.35982239123 0.0192548076712 -0.00958012443776 -0.274175772446 0.107069049071 -0.00622009172455 -0.133939441636 0.0101425438374 -0.0239587102825
-0.446083273446 0.0278849461989 0.138854808382 0.0139103439902 -0.0160855503836 -0.0352983994128 0.00849680932458 -0.57284983151 -0.00252780434789 0.128740858038 0.17185995492 0.0944496961381 -0.0158402647287 -0.155823311687 -0.145951423149 0.0482394505974 -0.0597201900022 0.0114653546175 -0.281708476867 0.282303511284 0.104278541063 -0.0122512882887 -0.408073224221 0.0748834033673 -0.0133660667624 -0.0411558982383 -0.00669698416515 0.000824624233127
-0.56648245921 0.0574787041247 -0.0702768994802 0.0918533697011 0.193586739191 0.0562745764564 0.00326059954548 -0.464905086115 0.0604149427857 -0.139240062195 0.0321680643029 0.0091649561959 -0.0277440729276 -0.284596693958 -0.291691014275 -0.0847673386429 -0.104190521491 0.00195145945056 -0.297612250363 0.190517183591 0.00498056379003 0.0191841208269 -0.261664090272 -0.0205577775943 0.00541586378664 -0.0193652726634 -0.0363946822238 -0.0263707505707
-0.604996426774 -0.0650055993637 0.109041483773 -0.167822625714 -0.0997061169957 -0.0616977563087 0.012204903103 -0.474248876303 0.00866628366141 -0.131360439426 -0.0135313242893 0.0181303539605 -0.0326493601436 -0.0812993544929 -0.349706589214 0.0341437984395 -0.0582220929238 0.0212855505002 -0.382188496688 0.146916205401 -0.00905316486645 -0.0061609195111 -0.162545377594 -0.00236253518129 -0.0195665758808 0.0421145150517 -0.0236054497822 0.0340028599724
-0.453979290562 -0.0314497066924 -0.078020123779 -0.0853020057767 -0.0017579413932 0.0139893897633 0.0119314900245 -0.368000927304 -0.0359259315411 0.00297617385522 -0.0188498874911 0.000878766841974 -0.00559124375496 -0.0724493959525 -0.0164668710989 0.0933810738847 -0.0381204979482 -0.00789960144594 -0.348810787927 0.152900705204 0.000498852722653 -0.0120456075238 -0.685869019664 0.0130868422878 -0.00424760347312 -0.0852060436528 0.0181659076333 -0.0543426923785
-0.286252102947 -0.0191775301578 -0.0472947908384 0.0383107305247 -0.0106405678493 -0.00438270653232 -0.00288974673357 -0.317248978432 -0.0633966987624 -0.03053502173 -0.0232505274036 -0.0219299609724 -0.00228445171937 -0.261055761395 0.109515864352 0.119118478151 0.0231383678777 0.00328170831789 -0.586713091394 0.038970131171 0.00904033864867 0.0015643123953 -0.586688082627 0.00759285937241 0.00134817709824 -0.148552308774 0.0114576004695 0.00676426928868
-0.211531643724 -0.00539270509448 -0.0691659974024 -0.00177829996945 -0.0219268238348 0.00941018021329 -0.000567463100532 -0.201762236794 -0.0248732152417 -0.0130385360806 0.00407632053924 0.0213783089656 -0.00944476558217 -0.456818489576 0.00871805500152 0.0406826002908 0.0126937242037 0.000491015070562 -0.579694344483 0.00763727069069 0.0132345431493 0.0005644784148 -0.469884097048 0.0171738629441 -0.000279445831363 -0.373978879497 -0.00130227207523 -0.00246888792071
-0.339204017545 0.000710497204023 0.068034833012 0.0417632521349 0.0226912246149 0.00323035995 -0.00255570841491 -0.252798650988 -0.00487554209159 -0.00567204534854 0.0189711906977 0.000544514610267 -0.00476501993755 -0.107876980513 0.106405044449 0.136684051772 -0.00542795374817 0.00854819098274 -0.664634522613 0.0645896637633 0.00234403201914 0.000473633986723 -0.565316193397 0.0115976620335 0.00237614720373 -0.079060316407 0.00391809333558 -0.00630763176817
-0.770751780428 -0.0314301671667 -0.0668351240329 0.0652165144447 0.0868081755509 0.0369813539431 0.00942346055803 -0.502404946975 0.0137249507772 0.0382177592501 0.0147445654111 -0.0086164439474 0.00507270950138 0.146887408394 -0.182896837081 0.0515657296119 -0.0120541781893 0.00605039877638 -0.158909740268 0.141198144358 0.0187133912402 0.00539140974935 -0.154825778411 0.0674174544601 -0.000784939095906 0.00409460810758 0.00423537325398 -0.0296059945271
-0.426789832447 0.0408230114377 0.00257555729887 -0.00265342414484 -0.0217495722754 0.0180615932497 0.00164430185799 -0.788580446563 0.0449460975801 0.0917394500244 0.109073447721 0.0113950242848 0.00283344336684 -0.289775751611 0.00482888032933 0.0220337079387 -0.0335566385815 -0.00332493625302 -0.140375285077 0.219669462244 -0.0196072799372 -0.00168652768815 -0.100521083083 0.0388856424701 -0.00118751851763 -0.0719124308095 -0.0103595093186 0.0133492736505
-0.477715465108 0.00369162165321 -0.00491703211854 -0.0043413706328 0.00711517073299 -0.010525571988 -0.00088969427056 -0.801310804292 0.00771869796281 0.110748628715 0.104830419285 0.0361189960597 0.00791232709687 -0.0929436832292 -0.161028455473 0.070583123629 -0.0189559769675 -0.00280972114125 -0.0564320352323 0.167664375555 0.0347670283649 -0.00975955011642 -0.173477965081 0.0144796421061 -0.00450198247886 0.0401887374302 -0.00541643838809 0.0173730009903
-0.670223548439 0.0198959940897 0.117295174316 -0.0115874354148 -0.0263424724068 -0.0306284066875 0.00392496878128 -0.63103823594 0.0408470753847 0.0770882844548 0.0803173936927 0.0211084237111 0.00373033792107 -0.0352637660692 -0.0684746741163 -0.0176802403158 -0.0498717208742 0.00220768249879 -0.211356380941 0.163429639869 0.0623719162028 -0.0131992582603 -0.18818890209 0.0270231435944 -0.0180543107354 0.0383567245787 -0.000408804239506 -0.00301542850945
-0.760441456197 0.0197996895382 -0.0578700028475 0.0520218400323 0.112546073215 0.029773003327 0.0071327343281 -0.535931772624 0.0278266060328 -0.0284078281183 0.0481749021974 -0.0243502125187 -0.000328851125936 -0.087736235696 -0.199211017821 -0.0402726238886 -0.0739981513957 0.0062995452356 -0.1376884538 0.123039015743 0.0184571041606 -0.00319326672568 -0.124466827224 0.0248522570106 -0.00345538388765 -0.0115213666719 -0.0097736798872 -0.0681337053902
-0.50288437345 0.00927057542455 -0.00111508807628 0.00914834690639 0.00199200487951 0.00232282807238 0.0086795254399 -0.626358365189 -0.050927467336 -0.145803626513 -0.0150185064391 -0.0352341539345 -0.00477829855347 -0.302809384313 -0.215277727275 0.0989222460692 -0.0747722062496 0.00632572787769 -0.18289708046 0.0875468404508 -0.0304651235262 0.0151929208286 -0.342256298419 -0.119543002698 0.0182625731548 -0.0295363732817 -0.0172240465472 0.022869830325
-0.575920327248 -0.0358154568394 0.000305043261224 -0.0583150384192 0.00391629970188 0.000907205004708 -0.00681027708532 -0.661000660572 -0.0373484545515 -0.11486049397 -0.0593845862437 -0.00207594180387 0.00357171745875 -0.0899218182083 -0.17153918649 0.23413275161 -0.0204955260969 0.0109906660483 -0.147891461219 0.0571857253122 -0.0460697662988 0.00278967468496 -0.287138394139 -0.0651504717564 0.020064533205 0.00922036935624 0.00990635241883 0.0330867927327
-0.671562925681 -0.0124463971351 0.0632620653079 -0.0772903857936 -0.0755913256391 -0.0163613059713 -0.00449460603709 -0.471138476026 -0.0262771077008 -0.0401645410036 -0.00306023318633 0.00225830047101 0.000546962865473 -0.310729997152 -0.206053204951 -0.168119016938 -0.0441156022151 0.0175127382066 -0.324773179603 0.111705353473 0.00501681783156 -0.0104129669147 -0.141411265499 0.00759229868843 -0.0248824606381 -0.0130926513259 0.00619909937157 0.00892016123948
-0.555604326395 0.0199689412125 -0.0424301503078 0.0538229547471 0.0824500595912 0.03433095474 -0.000632907021464 -0.402795637647 0.0503355129842 0.0237030833574 -0.00371785016913 0.00856523580976 -0.00790267995458 -0.208394543649 -0.153722021033 -0.0776672340682 -0.0387500558611 0.00218605365498 -0.569470447842 0.246540189692 0.0055478555361 -0.00321336603229 -0.220333449868 0.0300374771201 -0.00806115241408 -0.0271245090182 -0.0200415111526 -0.048711817376
-0.409140237623 0.0165045898428 -0.0123760561811 0.0273713993231 0.0226778781199 0.00813323030709 -0.0029611325731 -0.481235338702 0.0891632166016 0.0105900019809 -0.0812339731568 0.00415954582931 -0.00531305225352 -0.249430466252 -0.145160205435 -0.0407909690887 -0.0201854350529 -0.00779642693402 -0.588606948215 0.0187034963117 -0.0677583465359 0.0067489615409 -0.372631096822 -0.083277047857 0.00916260848202 -0.0341281361522 -0.0232005370488 0.0103101784011
-0.481066254088 0.00233719642519 -0.0105563103495 -0.018783149576 0.0235142421725 0.0111470119012 0.00406201095894 -0.627323535595 0.12496118151 0.0073080944905 -0.0460044216141 -0.00456013817204 -0.0182884561624 -0.0498127397278 -0.235404190578 0.144977017463 0.0209103888299 -0.0100741022855 -0.422239164079 -0.00445072562457 -0.0581802532404 0.00792403048266 -0.297573466179 -0.0689755762643 0.0118192510073 -0.0117894754159 -0.0277057055935 0.0132602218963
-0.565199837393 -0.0237326383199 0.0466000653608 -0.0663987204347 -0.0619367808798 -0.0262895408562 0.00148750488277 -0.440830744444 0.0596585697666 0.0268646549558 -0.00347984133175 0.0126568107632 -0.0189236211196 -0.269180466541 -0.231763693956 -0.113025277908 -0.0407375084794 0.0130244618568 -0.526058644798 0.166832850045 -0.00661437718016 -0.0129218556671 -0.147294526171 0.00821510674253 -0.0171039449854 0.0396802950223 -0.0214387174603 0.00922603989845