-0.0156960717451 0.00246654413729 0.017530595882 0.0515922940531 -0.16911164593 -0.0805714134661 0.0292210124088 -0.0925602635561 -0.426297814506 -0.0748657396166 -0.0478378611864 -0.00948923664191 0.00235447853861 -0.118561816359 0.216869923996 -0.16309545621 0.0226075793857 0.0492445142623 -0.218339353734 0.656134330129 0.0539203086966 -0.0589604031005 -0.268397429355 -0.334764462448 -0.00972589443732 -0.0532795989739 -0.0174614540905 -0.00339366456861
-0.357381882935 0.00494094358546 0.0154151563313 -0.0281375025882 -0.0013167240808 -0.0167723312765 0.00249926299651 -0.387908089632 0.0652586443623 0.0992280898329 0.0320212880367 0.00389511572704 -0.00930005074043 -0.50213045608 0.0778248530089 -0.146147434834 0.0411027733447 0.0114654836741 -0.419183849774 0.287836433515 -0.0385911819293 0.00128259911188 -0.291479890491 -0.0714025297718 -0.000967008301606 -0.271500871496 -0.0054756711223 0.00072579251174
-0.626417348613 0.0112852272961 0.0673591423806 0.0410695165285 -0.0897899281252 -0.00266343987714 0.0145559789512 -0.611443489768 -0.0787856887765 -0.00530070005238 0.00506969095621 0.0146715465489 -0.0141615814267 -0.222326514608 0.0860403690715 -0.107025027819 -0.0361456765232 0.0192735256661 0.0319153650945 0.291101078881 0.00152651806029 -0.00666456010494 -0.174828050109 -0.0683050355646 -0.00729033875179 -0.145142418658 -0.0149102913481 0.00933332954526
-0.603286956136 0.0696937991397 -0.130416890489 -0.0274727486432 -0.121546951408 0.0755301378902 0.00692452975638 -0.669054537408 -0.0643288329598 0.0456274605058 0.194009688937 -0.10434184064 -0.009355032587 0.0346626303116 0.0470377457621 -0.0612485946329 0.0624253812954 0.0233026126055 -0.0721526103847 0.184179930713 0.0383261007406 -0.043679491002 -0.0462509750102 -0.133512207127 0.00592690861812 0.127325326851 -0.010125377904 -0.00221256668731
-0.626308650821 -0.0368463934334 0.141257196466 0.0586030301341 0.0470800199817 -0.107270056977 0.00790437385757 -0.652107473437 -0.027531503442 -0.0202328892397 0.182763764262 -0.119600058017 -0.0262055733299 0.0846577082474 0.0675898585128 -0.101501399549 0.0230445835994 0.0301779228838 -0.00283877568227 0.219146550676 0.0537549349988 -0.0300422887957 -0.0940516977206 -0.0922180098868 0.000867238661443 0.0396060867843 -0.00191304728722 -0.0131557953012
-0.543378112914 0.00850833969573 -0.00346375011625 -0.0237906114817 0.00849972127573 -0.0238258965911 0.00370389284632 -0.593784112544 0.080180854963 0.0583609256768 0.040622554517 0.0056163640746 0.00192385024478 -0.3116615466 0.116218256094 -0.115867318274 0.0211282986575 0.0131049485089 -0.343990876493 0.14668523373 -0.00398748535457 0.00721874176985 -0.236006114069 -0.0312973176891 0.00541358567658 -0.133561497452 -0.0123298041779 0.00636739318286
-0.477633954164 0.0160152934233 -0.023655374248 0.00888151332285 -0.0320294667112 0.0122433119605 0.00469123555432 -0.545303767028 0.10479105234 0.0471400124896 0.0637824877762 -0.02309619617 -0.00291200890964 -0.36146674995 0.10226136252 -0.0834922497433 0.0349339797968 0.010344926712 -0.359256019459 0.0873248559275 0.00578509222528 0.0072192549887 -0.304716445835 -0.0434032410477 -0.0052541200228 -0.27084495583 -0.0168031604829 0.0032324919248
-0.496090550562 -0.00476688274562 0.00439802480005 0.0460791029594 0.0198519979491 0.00717769219795 0.00483494594154 -0.501763464976 0.0419625988693 0.0167659547121 0.0196850216839 -0.0371646660299 -0.0135090458643 -0.348215421132 0.078566386434 -0.104193218855 0.0277702613432 0.00236515219284 -0.390298463052 0.0767322021205 -0.022020645096 0.00323779070802 -0.355225934739 -0.0344445169144 0.00213306681571 -0.264927725355 -0.00981229556102 0.00805490902205
-0.630168403298 0.00642427530855 0.0997998889513 -0.000975513005549 -0.0117412105604 -0.0324136551784 -0.000246980880911 -0.578538828598 0.00084521273871 0.028807434579 -0.000509107998818 0.00664400778717 -0.0196227614496 -0.275346311384 -0.016305075193 -0.244793774778 -0.00657396893545 0.000630615695575 0.23067525303 0.0949424627981 0.033461038897 -0.00667415764186 -0.22908517417 0.0128821995237 -0.0109388836038 -0.0587827749059 -0.00837957498255 -0.000353726949545
-0.47445841756 -0.008771448311 -0.0149141896236 -0.0316077255337 0.0170676173188 -0.0253273826762 -0.000581165521167 -0.602137844973 -0.0163596587038 -0.145172108916 -0.0421765671487 -0.00370532866344 -0.0168848460242 -0.348633869452 -0.00396362668659 -0.112908479981 0.020673470595 -0.000703437951601 -0.380579226387 0.208546486911 -0.029399229311 0.00483489549897 -0.192345937855 -0.0442493731511 0.00884780930484 -0.153734399838 0.00115920831895 -0.00641758597829
-0.427723388938 -0.00600464512701 0.00974548361184 -0.00231037975571 -0.00738344044442 -0.0159565690224 0.00308368715572 -0.546659582554 0.0397230469645 -0.107548932163 -0.0507011954274 -0.00307726961333 -0.010074735747 -0.444935113749 -0.0503603614159 -0.0489185259486 0.0327075301374 0.00535878219265 -0.400945853286 0.216402652151 -0.0730130985746 -0.0143723489169 -0.185905272255 -0.0540893402154 -0.00574328028621 -0.217322614566 0.00746784872575 -0.00321245704125
-0.490908967532 -0.0214242695578 -0.0450020933048 -0.00199767494846 -0.0214720878238 0.0134748388392 0.000269837190834 -0.558424102615 0.00193661714397 -0.0641314333362 -0.0622943326122 0.00133253129497 -0.0163667460037 -0.316429085456 0.0948622107011 -0.0185958827038 0.0268647017571 0.00967376680206 -0.390579702327 0.302224080494 -0.0428963154088 -0.000880044881121 -0.218600095326 -0.074481241564 -0.0038936689522 -0.162416610567 -0.00213797262929 -0.00456026378686
-0.7287489981 0.021469615243 0.0928232333708 0.0627679185691 0.000130509489313 -0.0390200880169 0.00751136117311 -0.580290770704 0.00093094440264 -0.0399952646688 -0.000316519973236 -0.0136195443962 -0.0173912986674 0.0460319378412 0.13778312212 -0.0469809750355 -0.00735851471854 0.0196460080865 -0.194138885393 0.219211083511 -0.0378627908904 -0.00542497400577 0.014670355092 -0.00871639163295 -0.00304957283369 0.0636456074152 -0.00880243885588 0.0108372871573
-0.717146096535 0.0251228208377 -0.0553717955461 -0.0177146426596 -0.0724724925241 0.0374400920967 0.0125152978186 -0.664380918822 -0.0211032660507 0.00128258849599 0.0687092079705 0.0231216295313 0.0109984232918 -0.0638874361148 0.0610779172926 0.0347762205866 -0.0241693034056 0.0200314710165 0.0048486368299 0.0956796665221 0.0475687625298 -0.0362631612993 -0.0227518000397 -0.0643725375176 0.00538799888023 0.00412528857702 -0.00758546729706 -0.0112430936803
-0.576424812028 0.00981968793563 -0.0224906533867 -0.000236178725145 0.00468575519614 0.0075619215921 -0.00993029828489 -0.746347844517 0.0442705799934 0.010592279409 0.120687086191 -0.0588678983424 -0.0019662485097 0.106717293424 0.0371697127892 -0.0346841432391 0.0401191960742 0.0148458117126 0.131095574326 0.101984899971 0.0401064541467 -0.023736536049 -0.04660163033 -0.0134057249791 0.022486297598 0.202220101396 -0.0205499997637 0.00884101445198
-0.548348400016 -0.068366372222 -0.0220265367572 0.00749041888426 0.0437384522093 -0.0144550767084 -0.0023224603253 -0.769324531533 0.0451739786851 0.00282680907713 0.132108392316 -0.0486914456547 0.00307083850836 0.0432290948776 0.0177290435026 0.0258093622377 0.0576234203191 0.0253754256826 0.192324919109 0.128985766087 0.0493196620287 -0.0332167927864 0.0250110478218 -0.0165206968525 0.0139585920386 0.111683044257 -0.019634303749 -0.0173805143066
-0.732673521089 -4.64621163062e-05 0.110662010491 0.0271592623024 -0.0328747649673 -0.0209642441533 0.00966125030498 -0.631869152364 0.0102557567886 0.00651704506687 0.070896652287 -0.0263011549489 -0.00273664961907 0.0952287865426 -0.0310782329564 -0.0353234024899 -0.0480003142555 0.0107328095262 -0.0738192277721 0.119725882291 -0.0192507609145 -0.00501839408494 -0.0744567308349 -0.0299005369041 -0.0160026950212 -0.0518613481825 0.00276182454978 -0.0137300499044
-0.481296983112 0.00922821947062 -0.0397407650723 -0.0158173791433 0.0192708404623 -0.0149023826605 0.00475451509178 -0.507397437901 0.0453881927371 0.0981654452842 0.0427157434415 -0.00497267468645 -0.000123278779109 -0.208132493333 0.0576678548134 -0.134756454424 0.0368487192193 0.000100331653805 -0.584519663205 0.0684753927191 -0.00640324568778 -0.00732900318465 -0.273637983765 -0.0274364672721 0.0116428776039 -0.0792776545166 0.0100376349274 -0.00799705063865
-0.603809313907 0.03338257877 -0.0478735466088 0.001135119464 -0.0159193536161 0.0424903226302 -0.0112836233818 -0.62730941979 0.0549504033727 -0.0099438962516 0.0247833077558 -0.0749769036362 -0.0131865309668 -0.0507331250979 -0.0481577530861 0.00724379357363 0.0150593026317 0.0134552527546 -0.384351172825 0.0535462271662 0.00585850391314 -0.0315607851573 -0.15511732188 0.0156212414926 -0.0129261705259 -0.21288174376 -0.00258607913159 -0.000919365448956
-0.508877249662 -0.0103625063921 0.0314955238926 0.0223299539931 0.014503676867 -0.0300874105304 0.00949587412788 -0.5180157343 0.0331431686314 -0.00830758622441 0.00322203793063 -0.0567231197889 -0.0200004558304 -0.240935411059 0.0757394837069 -0.0188507375972 -0.0261954362998 0.00190751541956 -0.453732236281 0.0253425005241 0.00986778268721 0.0089350479323 -0.298449066409 0.026865046327 0.0127906597283 -0.32187026354 0.0040029439271 0.00262636920541
-0.570423466286 0.0013131636007 0.0676645645492 0.0309224925293 -0.0410697094199 0.00964446678087 -0.000379299722364 -0.485888929733 0.00870908361089 -0.0110821582957 0.0131786292265 -0.00216613742329 -0.0173465079167 -0.0443740748013 0.0888993042311 -0.231581656565 -0.00888360232778 0.0108912089688 -0.522966758761 0.0461962737248 0.00575568794816 0.00627107196043 -0.295767921518 -0.0183556595659 0.000855577074724 -0.0563415140458 0.0101895396663 -0.00630408167991