-0.000978119026582 -0.00136167049595 -0.00584301909005 -0.00134044061677 0.0270242058467 0.00855543658649 0.00646869303101 -0.00488363777235 -0.0282357190621 -0.0203560501093 0.0458632662273 0.011856200701 -0.0363748590099 -0.164355361969 -0.0731545582114 -0.38741752885 -0.0418098731631 0.0108578276423 -0.315923410211 0.572749567163 0.0797990789427 0.0091896230351 -0.548180523675 0.259001134964 0.00307141602357 -0.0889707213569 -0.0132841775682 -0.00188151397158
-0.247956241237 -0.00788030486539 -0.0781001023446 0.0307867867129 0.0275150782659 -0.00281844782207 -0.00322964056977 -0.246843699626 -0.00621803659989 0.0185811948882 0.0697697833571 0.0315635758639 -0.0108201978296 -0.290980011689 -0.0028149268971 0.0329510275438 -0.000993002171814 -0.00768809971427 -0.612178533644 0.240249181213 0.0757591275185 -0.00297046104165 -0.528864612692 0.0913297750519 -0.00752412626208 -0.225184719398 -0.00593938601208 -0.0210523018607
-0.382065652831 0.00581167760427 0.0721702280795 0.00258322721365 0.0149224810964 0.00570756822873 0.0194186346611 -0.409002673385 -0.0335510585137 -0.000631168380601 0.0778678085079 0.0606648045005 0.00254176807517 -0.331001435825 -0.120529095042 -0.239441152159 -0.0305368880751 0.0126358987468 -0.199873149631 0.440262690149 0.0586330639888 -0.0168565029042 -0.476188754206 0.131378594003 -0.0154091105599 -0.0734907967599 -0.00543938923558 0.0168892620183
-0.520230028052 0.0807851142637 -0.0918593391657 -0.0206056440676 0.116516016381 0.0529409891247 -0.0265435457742 -0.54415640952 -0.0310874885614 -0.0340800932115 -0.162828161426 -0.0878304621371 -0.0147739168698 0.0816903814194 -0.0238473709701 -0.286489545789 -0.00793553129043 0.00547357084404 0.0185002662685 0.390292218106 0.0303563102953 0.0308532232068 -0.305080207384 0.142394148974 0.020213599552 0.0703455536138 -0.00309425814483 -0.0392085806155
-0.454012846463 -0.0628122139246 0.0671304107901 -0.0322554062519 -0.076412562895 -0.0406499767313 0.0318052173278 -0.477212902363 0.017003489255 -0.0596777826278 -0.106727068582 -0.0739061102594 -0.0112973361613 -0.0684319551687 -0.0191119139127 -0.245291037883 -0.050372823559 0.0104048721884 -0.493631982987 0.322819728866 0.0719317302622 0.0130904407113 -0.279092689304 0.159422755501 0.0179052936252 -0.0359725676147 -0.0105141500762 0.0344721478961
-0.315977280165 -0.00437149005853 -0.0659521730948 0.0120123853268 0.00996877739717 -0.012512072884 0.00444066010401 -0.288297781012 -0.00875194185708 -0.0528715573255 -0.0173301886713 0.00160319918331 0.00472203547781 -0.153540974046 0.010911481271 0.0391456542303 0.00820546117621 -0.00767358265721 -0.654923493616 0.0270774556752 0.000228678690807 -0.000329102415976 -0.572320384836 0.0118750025741 -0.00409619432146 -0.160852242455 -0.00268844494914 -0.02137976912
-0.199889097913 0.000995578729926 0.00164818252396 -0.00560077784055 0.0153670670055 0.0117611593144 -0.00532769971991 -0.201088163607 -0.00917675297179 0.0207815289631 0.000861563082623 -0.00217402765061 0.00467971956125 -0.469303612895 0.00594838022386 0.0182801705045 0.001941741507 -0.0008641958122 -0.466591028421 -0.00905480029165 -0.0128262919718 0.000900444085943 -0.550855230833 -0.00200878285816 1.80902885651e-05 -0.420113645029 0.000348786409022 -0.0105331961886
-0.300813981163 -0.0101282922936 0.0304208302663 0.0201883146822 0.0451732137986 0.00658925637508 0.00325609161338 -0.30514785583 0.0352487321475 0.0242814627105 0.0320246743543 0.0103763627615 -0.0177053207259 -0.523574356271 -0.102550096887 -0.0413773052104 -0.00721188366553 -0.00351218128518 -0.40591540182 0.143518076228 0.0765370843229 -0.00153233315971 -0.463028891973 0.0456950727738 -0.00145172987638 -0.339729212601 -0.00126119388293 -0.00593429211285
-0.46165160298 0.0102763208591 0.0641419563237 -0.0306601252394 0.0167374617737 0.00153702261025 0.0034544480705 -0.452459001214 0.0165629616329 0.0285445375447 0.0263620903133 0.0129911946586 -0.0138782364846 -0.389420779494 -0.157695792442 -0.0867076184134 0.0119715166981 0.00290326755377 -0.231019765856 0.312403342438 0.0428745187033 -0.00344269669177 -0.454746565352 0.0345217388664 -0.000683664094415 -0.170859482849 0.0116675620303 0.0155126991009
-0.413407834917 -0.00895672391415 -0.0879189248009 0.0263265182311 0.0648678824661 0.000677132000938 -0.00311825765783 -0.366949198385 0.000547315509057 0.0363849785075 0.0400467097775 0.0129713728167 -0.00562510478519 -0.172086549033 0.0288645640894 0.0433313885533 0.0101214558965 -9.9529658197e-05 -0.617987030981 0.0873189431545 0.0277322075136 -0.00301334156283 -0.482179753939 0.0520694691559 -0.00496557220374 -0.140837198268 -0.00340936980419 -0.027851430571
-0.402948411932 -0.000844300533388 -0.0171365479622 0.0172047909356 -0.0127701706492 0.0122040355685 0.0101037978529 -0.494416120453 0.0278840068912 0.00382456324164 0.104539941706 0.0417695415185 -0.00310181845316 -0.323369635807 -0.0175930592724 0.054370859044 -0.0157430432809 -0.0162514256219 -0.457514338751 0.236650864691 0.127148653671 -0.00680759281669 -0.383558304982 0.085748644773 -0.0106952828927 -0.184584990785 -0.0129093155594 -0.00125242337903
-0.655593227241 -0.0624152307812 0.00328206812152 0.0611296717004 0.0349480078795 0.0459224758243 0.00181745043772 -0.577320879929 -0.0378021505942 0.00037531110615 0.0364226895835 0.0198762626482 -0.00114656732265 -0.132242241438 -0.0656156924693 -0.188684158057 -0.00445241775348 0.00272283070181 -0.0989829790955 0.28846834274 0.0663518871982 -0.0182534989667 -0.223764879076 0.108546818593 -0.028457863887 0.0690850855174 -0.00622082869011 -0.0111798137654
-0.596193269558 0.00620647255687 0.0522236808847 -0.046740390544 -0.011991118349 -0.019326472866 0.00910653906929 -0.527709281067 -0.0316434134147 -0.0316653640486 0.0102775699227 0.021162819487 -0.0119363362304 -0.193035681804 -0.0839229792293 -0.171378850416 -0.0352232950961 0.0140073935345 -0.0745982451685 0.371725100131 0.0114683153872 -0.0215601781115 -0.365301341578 0.0576076808587 -0.00621962024076 -0.0150351352391 -0.0169916886763 0.032471244123
-0.659118675398 0.013574776558 -0.0454644693514 -0.0152078844193 0.108015223807 0.0265650308517 0.00122270799289 -0.554966966687 -0.033936753165 0.0151342299477 -0.0447626433675 -0.00936887391861 -0.00788369028914 -0.0688676096822 -0.131354381383 -0.0483134561847 -0.0416318460437 0.00733333923774 -0.101722965308 0.339735833806 -0.0125285415623 0.00133398412593 -0.272699531505 0.102850227785 0.00242078685035 0.0309892305367 -0.0131148311348 -0.0325080435989
-0.554018068911 -0.0241240762583 -0.0122562120106 -0.0562647170287 0.06002880473 0.0180800570904 0.00118849070553 -0.688294221975 -0.0866344259131 -0.0143098779352 -0.0728139508959 -0.037348016991 -0.00832855043507 0.181350691098 0.0302554117052 -0.141730295639 0.0462007247059 -0.0031812137279 0.169844587508 0.215737285843 -0.00958395204024 0.0285933698185 -0.188286739948 0.0195232210454 0.0229874670536 0.167368786113 0.011200097593 -0.0132281752788
-0.572523319555 -0.00971297932077 0.0183050920221 0.0439570715354 -0.037387536653 -0.0232045812899 0.000441071895972 -0.72611387477 -0.0702696867813 -0.0313064300838 -0.121493614827 -0.018762330621 0.0131536146071 0.169230990996 0.00610895134205 -0.139354051472 -0.00781312232341 0.00549385778699 -0.0920930196406 0.181031592329 0.0245779779026 0.0189132581878 -0.0612375135159 0.0482072606034 0.0196076555072 0.147568411282 -0.0288592776315 -0.00189885259499
-0.541281570903 -0.0302689202868 0.0695404292307 -0.0343316861024 -0.00536444246527 -0.0107183515672 0.00275827454218 -0.517081435724 0.0343531000669 -0.0112900167194 -0.0133455030056 -0.0238457060447 -0.00738519164441 -0.164772948141 -0.00553609495825 -0.204138035269 -0.038831117025 0.00979396431253 -0.477914726837 0.196010277255 0.0353292526405 -0.0048696702932 -0.279037696935 0.082047972354 -0.00659746301514 -0.0757080383089 -0.00867727344782 0.0381375108074
-0.290761995976 0.00395446273295 -0.0646063653348 0.00826051752438 0.0213160870186 -0.0107207814179 -0.00519206001852 -0.255080381284 0.0062976137041 0.00686115597222 -0.0226323086866 -0.000778892089594 0.00329707339961 -0.138032428114 0.0103133811053 0.0416444397938 0.00962272365914 0.00251101187113 -0.725342699725 0.0340401209016 0.00274217572833 0.00118652440702 -0.521831396261 0.0120373935993 -0.00159236292039 -0.154338755647 -0.000791670868133 -0.0191889441236
-0.421316554229 0.0247787583323 -0.0125540981311 0.0144652886463 0.0268912435473 0.016171498245 -0.0119417155564 -0.449454336362 0.0400497247012 0.00254547437051 -0.026584429135 -0.0277355114394 0.000502117703064 -0.167970991367 -0.00713134738667 -0.266487167762 -0.0545888564716 0.00309886791455 -0.615282726069 0.0653068518434 0.0282713957501 -0.00179743146743 -0.342814367488 0.0438168713076 -0.00249170401508 -0.0952250783101 -0.0202363756851 -0.0212797864792
-0.269148193661 -0.00499946489747 0.0210941940205 0.0043232250609 -0.0026793102329 -0.00860590429986 0.00821300070426 -0.275218551716 0.0437375313853 0.00867449268383 0.0067655787083 -0.00330675644488 -0.00159570416215 -0.320889341062 0.0115137946315 -0.110250717354 -0.0506000232696 0.000936200037742 -0.661080433719 -0.0115161486882 0.00382441871244 0.000190197386698 -0.498017919998 0.0516560427855 -0.000764313109256 -0.208346584463 -0.00602977963107 -0.000354198126429
-0.25434816778 -0.00357607117272 0.0351241090848 -0.0203304440953 0.0276325417195 0.0155099345601 0.00949585960322 -0.245074135301 0.00754473636449 -0.0245666231157 0.0315674904942 -0.00266326925586 -0.00191473520314 -0.264536094999 0.00538717370923 -0.00174954739447 0.0325544000154 0.00317587501253 -0.609682907116 -0.0312931226797 0.000359528631244 -0.00130036323853 -0.633217463473 0.000649766889745 0.0015713894489 -0.160436313803 0.0129329618671 0.0131876831144