-0.0431185897457 0.00280740447492 0.166838561281 0.143105414764 -0.01681484674 0.0159733612886 0.00790572991499 -0.314606426707 -0.116195425737 0.128082491386 0.604032841992 0.118518984942 -0.0485391793897 -0.114954425256 0.272333463414 -0.191942385983 -0.0211826603097 0.036918801929 -0.197230421502 0.286185695434 0.23634595578 -0.00777891670165 -0.361685533739 0.00119690956241 -0.0422757779807 -0.0579485989316 -0.0178670144356 -0.00617009921147
-0.121541800267 -0.000928598285741 0.0388702275874 0.0273746607237 0.000405649644565 0.00645680347433 -0.00637235245701 -0.127055563643 -0.0309265543914 0.0434075174231 0.0376216467663 0.011904987152 0.000283019312766 -0.580838223143 0.00697645667668 0.0126945329742 -0.00428916446984 -0.000116233700565 -0.413005453875 -0.0283231005467 0.00271534579247 -0.0012142206283 -0.432862388384 0.0233059040243 -0.000773702931339 -0.514852888959 0.00300593912856 -0.0190014208297
-0.447169828631 -0.00622893716343 0.137689435048 0.0442761429305 0.0247102236785 0.0112583400321 0.0147317411518 -0.394483340775 -0.0137340800816 0.0259543524157 0.028997908507 0.0455884768261 -0.00644019321545 -0.146601145905 0.172449597144 -0.0286207477595 -0.0424104937499 0.0396312203994 -0.0451779462006 0.298638633717 0.0962190416763 0.00288021513736 -0.673359363641 0.0944643033997 -0.00799485683354 -0.00527243803194 -0.00295602643963 -0.0184046805318
-0.402413996953 0.01924404247 0.00368387846525 0.0896250695314 -0.0105410412492 0.0153121716315 -0.00693413589289 -0.783778633915 -0.113716978054 -0.0235564881121 0.347406741461 -0.024840281314 0.00423234176235 0.0406198401143 0.100823740007 -0.0418891076477 0.0390524793415 -0.00561297730203 -0.175312404974 0.0778632731164 0.0920924699355 0.000586621879328 -0.101304761382 -0.0880139746219 -0.00703316872439 0.031408196727 0.00396519841103 0.0257873360525
-0.534184396966 0.0654911704692 0.112822751881 0.01384639851 -0.0727797312712 -0.051507236276 0.0193062893842 -0.705571044285 -0.0236572751102 -0.0352924918622 0.308931565579 -0.0685077662735 0.00347535230014 0.112900094226 0.133025816673 -0.146046094743 -0.0352601678283 0.0246961689083 0.0385594713225 0.0695768719745 0.072029171428 -9.64409487567e-05 -0.143590655997 -0.0301997403801 -0.0238411111416 0.0375748812016 -0.00378164753559 0.0258649504382
-0.197207552391 0.00226903965454 0.0477910019775 0.0283024547441 -0.000558029456408 -0.0035347863897 -0.00294126478179 -0.190748458981 -0.0240786740602 0.00905232730229 0.015599144146 0.00361433615757 -0.00133584925839 -0.468765374909 0.0104409820037 0.0240178345061 -0.00346600769092 -4.82231920638e-05 -0.433345455387 -0.000957625581151 -0.0034354318351 0.000672732115069 -0.540371910937 -0.00488109888223 0.000247429709985 -0.469059840404 0.00580436809604 -0.0193869155051
-0.193170384922 0.000614163245399 0.00941122476501 -0.000492293535093 0.00431937839565 0.00310657996178 -0.000599932528341 -0.200601442971 -0.0306918271257 0.0375055248232 0.00884183553112 0.00594814992599 -0.00266249735208 -0.536256460551 0.00388441802981 0.016691592635 -0.00107550949678 0.000352458855459 -0.369309323591 -0.0384178138637 -0.00233249059062 0.000203209595729 -0.541204974967 -0.000607435979588 -2.05448882341e-05 -0.447769430611 0.00192090164695 -0.0267581874983
-0.201730217773 -0.000669493418679 -0.0210098204814 -0.0124208054516 0.00808551321565 0.00701072278716 -0.000369152203438 -0.203010531275 -0.0209508433956 0.0201255539309 0.0110518314621 0.00724332713489 0.00205257423818 -0.52609814541 0.000517128341626 0.00340562488076 -0.0101415673327 0.000627732022644 -0.429426970982 0.00159431390294 0.000316244845443 -0.000179388640343 -0.513693718049 0.00566370512519 0.000130921930554 -0.436809324137 0.00231473404957 -0.0182319812497
-0.5023937292 0.00141225045654 0.0660552350611 0.040532501257 0.00539477310604 -0.0134710435245 0.00735923006451 -0.409916223567 -0.0091946233731 0.00756335144395 0.0346720446776 0.0188293045631 -0.00858913830298 -0.11125459758 0.232835564086 0.0312067424408 -0.0295160314071 0.0290776459628 -0.217048687613 0.150313387162 0.0365312526601 0.0126705180706 -0.655097199048 0.0328575331234 0.00573799624294 -0.0224324300041 0.013161874484 -0.0101445004543
-0.230572649579 0.000966265604516 0.0438603049966 0.0289027401784 -0.00410733072315 0.00588618505911 -0.00113103652632 -0.241959086857 -0.0243859404135 0.0224999295774 0.0673225273249 0.0164099239269 0.00207967821235 -0.594866712469 -0.00365950505063 0.00726770062183 -0.00439523493951 -0.000451196484212 -0.353072077239 -0.0314849256735 -0.00410620783551 0.000370664340625 -0.398283165086 0.0112633584557 0.00112144566943 -0.490682707838 0.00447791206368 -0.020121456588
-0.233215432404 -0.00173539688058 0.0131692391506 0.00867977523866 0.00551678112855 0.00648145930552 -0.00549099437596 -0.246178049881 -0.0107928746366 0.0114669627374 0.0533866201608 0.029918555302 9.14317483721e-05 -0.579789667548 0.00650995741856 0.0089512564702 -0.00789618261286 0.000560580639436 -0.416186145461 -0.0240835645501 0.0163345603984 -0.00450464285381 -0.375495947096 0.0268972337194 -0.00356811454332 -0.478017801396 -0.000224206703155 -0.00236403008879
-0.484603263377 -0.0215793444869 -0.00162554956173 -0.0241108441166 0.0351583265691 0.0578683505086 -0.00422120151874 -0.468783725049 -0.0133031014448 0.0363779774628 0.0414126833148 0.0215830827551 -0.00727760023946 -0.32078444004 0.0588094843969 -0.0667973398909 0.0135760536402 -0.000158913769914 -0.333508845381 0.137623569955 0.0672504502372 -0.00130777480164 -0.534106404398 0.0673810501375 -0.00803760331119 0.00467968581405 -0.0170288973375 -0.0113376641305
-0.72691467889 -0.00625924365755 0.108591827253 -0.010010539302 -0.0442997488428 -0.0516888377897 0.0217838829503 -0.538835349689 0.00197370723062 -0.021858621869 -0.00150968024159 0.00563960441412 0.00296359955614 0.0238850228572 0.0725860924621 -0.0191164401774 -0.0357885980117 0.0348630113259 0.172401055616 0.199585015483 0.0692311899284 -0.00665472954873 -0.251375423794 0.0639385225198 -0.0113240762046 0.113808522009 -0.000202713645156 0.0152896116263
-0.565860967884 -0.00562206210745 -0.00244184388212 0.0511138447476 -0.0551209683764 0.0268851569642 -0.00835640822181 -0.562883380883 -0.0473194362624 0.00289028106 0.0621691715282 0.0277508089787 -0.0011196401778 0.00957366577479 0.0754324086693 0.034366459917 0.0209647151506 0.000200481723755 -0.00739127438742 0.104501065506 0.0925496560283 -0.00546460636157 -0.559456587613 0.0197517744427 0.00145545005302 0.0948365012219 -0.00267515645818 0.0155207491058
-0.541416408693 0.0161439636994 0.011262244143 -0.0311884459934 -0.0543263757513 -0.00686403222026 0.00874102267597 -0.627239084324 -0.081096135339 0.0297632021371 0.00616683761559 0.0139977121134 0.0212416664743 0.184226000662 0.0743807381259 -0.00223692605104 0.012003135087 -0.0151156852822 -0.235201459772 0.154289113311 0.0188367689645 0.0172876989987 -0.404721095931 0.00464884538476 0.0021615201448 0.130882854281 0.00661413363258 0.0151458791854
-0.547441666197 0.00739954222622 0.000119726274757 -0.00808255149464 0.0334496383674 0.021409005613 -0.0073381210881 -0.637306123212 -0.0714965056879 -0.0339197513046 -0.0153640199889 -0.0139684015582 0.0271472519974 0.153928902693 0.0726030108622 -0.00945731446636 0.00958186613375 -0.00337611489393 -0.15108338272 0.127603262775 0.0370357250304 0.000764757148547 -0.454194381284 0.0352297723606 0.0152596147065 0.0855408004746 -0.0120147218541 0.00999203382467
-0.67091955051 9.86844583445e-05 0.106502947616 -0.00746452152844 -0.0585413322173 -0.0364072897566 0.0103620582763 -0.514077030594 0.0117074887649 -0.0288407633057 0.0578699001041 0.0023979000436 -0.00296300250397 0.0456207060823 0.0527804191296 -0.0273027888925 -0.0465439380484 0.0304523491475 0.169776378545 0.125165618514 0.035622014665 -0.000612694252767 -0.456143924834 0.045373548437 -0.00277740748453 0.011319895614 0.00624838945579 0.0152990033631
-0.412081025857 -0.0151965833151 0.0353280737262 0.0268249656712 0.000283232898155 -0.00352919216324 -0.00384096663114 -0.651487813344 0.0296553118696 0.0433279110809 0.167951341228 -0.0282063307452 0.000195641320199 -0.416766254769 0.0332725634103 -0.0461132604784 0.0189775758281 0.00369535771537 -0.281725734235 0.0906595922345 -0.00932048246226 -0.00699898521093 -0.163427350138 -0.0578321093503 -0.00875370065866 -0.276073310618 0.011153395668 0.0164492440845
-0.523481865289 0.0196528925481 -0.0265165802976 0.00804537648206 -0.00476150858942 0.0176367421079 -0.00818398656023 -0.704657517796 0.0421334088774 0.00902922523398 0.153737362155 -0.0489290989312 -0.0043959089715 -0.223523333728 0.0236007536507 0.0592310852205 -0.0124787032551 0.00550804462583 -0.195759986274 0.053655406874 0.0445898059381 0.00384670757146 -0.180079428744 -0.076707801669 0.00449334408864 -0.252847414587 -0.00681390632436 0.0153399550253
-0.491219391043 -0.011260088272 0.0542565518348 -0.000164740308027 -0.00028148408175 -0.0120151452281 0.00471548294332 -0.658907954466 0.0243712507574 0.0292455105497 0.163062811916 -0.0345516502964 -0.00759012022615 -0.317474068207 0.0310753098423 0.0263450659557 -0.0223719495322 0.00788719210698 -0.0978802416449 0.0530377808948 0.0582109863726 -0.00687258386743 -0.205564908733 -0.0505117197085 -0.014771870606 -0.357624650607 -0.00193208993528 0.015784605267
-0.670842157143 0.0298211744055 0.0606030314666 0.0476510986033 -0.0633190295418 -0.00695904604174 0.00246071479736 -0.618079610786 0.0412507963073 0.0390245869977 0.128851860858 -0.00693377410702 -0.000814275903063 -0.0127477272985 0.135390213192 -0.235345235225 -0.0415168330658 0.019505852507 -0.129075011323 0.00578732129613 0.0365309300252 1.28614513994e-05 -0.203274435675 -0.00592504678609 -0.0232324387101 0.0318702527124 0.00876797467995 0.0132305165256