-0.00242914959156 0.00340049135316 -0.030499980923 -0.0252918660447 0.0159503090581 -0.00707700663183 0.00231026169916 -0.00564394453783 0.0468151973385 0.0439059653075 -0.0115912390829 -0.0105447760579 -0.00202724820538 -0.0153115285849 -0.0155180880888 -0.0570124387996 0.061678426849 0.00240474284338 -0.514370075897 0.659350202443 0.143708449314 0.00616749378403 -0.498883669548 0.109357420317 0.0076693833665 -0.0715364405436 -0.0116786362556 -0.000357613065516
-0.34955264571 -0.0328061355619 -0.00122482244319 0.0382285171214 0.0477693159444 0.0206935947466 -0.00173834137493 -0.385747367471 0.0190868535896 0.0735798287082 0.053216214427 0.0490345474856 -0.00124385636381 0.0512192939536 0.0696015655348 0.0142536092631 0.0495238778265 -0.00504966582433 -0.463611720449 0.512945272307 0.114991533845 0.00297601759825 -0.448576588353 0.0987822020968 0.00411963855699 0.0157526000669 -0.0068718941463 0.00474564505663
-0.33909406505 0.0408144810572 0.00192473732655 -0.0688150297745 -0.0422498635179 -0.00172041732844 -0.00713483134546 -0.37462753952 0.00942044508285 0.0860842471212 0.057518000503 0.0419905776977 -0.00306991380975 -0.012883513128 0.0223836880377 -0.0338964605833 0.0919847956829 -0.00631196841067 -0.447272858916 0.513518364484 0.12794846753 0.00444775465923 -0.472484723805 0.0955066618963 0.000752750716889 -0.0304188212228 -0.00105667919279 -0.00965443138
-0.333970552276 0.0404753235998 0.00721096769127 0.0568674952213 0.0403584726103 0.0321791156871 -0.00100431823254 -0.370977845633 0.0346100725921 -0.0341345365137 -0.0978591116652 -0.0550093089451 0.00347996175327 -0.203604207882 -0.0138436905089 -0.0557556187501 0.017263258227 0.0100218499396 -0.474849743772 0.50269715281 0.104476731186 0.0108349855371 -0.418169038843 0.0798860872616 0.0125194841367 -0.111215361538 -0.010448207784 0.00414999093232
-0.392425529851 -0.0743960361604 0.0102017372339 -0.0963011837337 -0.0306993268856 -0.0511812610809 0.00614018644602 -0.428236988923 0.0356993612606 -0.0681674895967 -0.095193472057 -0.0424315470416 0.00480424535507 -0.0528467490679 -0.122634792021 -0.09079490787 -0.0235811752511 0.0125437403791 -0.385291601351 0.534486516261 0.0864719632676 0.00798022517023 -0.341996459829 0.0605707428521 0.00918801425219 -0.194341382703 -0.0188483183329 -0.0013772001507
-0.302766690583 -0.00462870582518 0.0214804869733 0.0105033004247 0.00622926974645 0.00379447868003 -0.00226295784895 -0.30603836859 0.0390968413283 0.0177662404214 -0.00542453000581 0.00626504526031 -0.000292573789539 -0.420583207141 0.0577247785492 0.0735451931536 0.0428932731743 -0.000484420433636 -0.485330651273 0.0447089675599 0.0753444458307 -0.00162918833351 -0.577726043941 0.0636260706489 -0.00033958571908 -0.208597337715 -0.00793696243247 0.00461160554489
-0.316635908544 -0.00165215708766 -0.00557156661791 0.00883090316967 0.00624228741799 0.012636525987 -0.00202767936667 -0.322481731999 0.0392243338097 0.0029184818752 -0.00151290457388 0.0237125890721 0.000541134024306 -0.440356734012 0.0517641841748 0.0658635561331 0.0288421563561 0.000868919820861 -0.504843007801 0.0459550072113 0.0807374689554 0.00143881793503 -0.486640685671 0.0720243671954 0.00107303818915 -0.29331911003 -0.00191004160078 0.00317262048297
-0.22488730886 0.00506446913051 -0.0385007840635 -0.0116307641021 -0.00742003988446 -0.00697249161074 -0.00142761432423 -0.221867557565 0.0317419546768 0.0133479745144 0.00349774705992 -0.00541342119231 -0.000911868556463 -0.416329578136 0.0577796002842 0.0725443867733 0.0018956718131 0.00124234050988 -0.49231752909 0.0264369602072 0.000450837271408 -0.000148013238607 -0.575798332569 -0.00283273169422 0.000207773593763 -0.37503490044 -0.00273423642841 -0.000835076382597
-0.246210836984 0.0113937310432 -0.0513837824331 -0.0389367578157 -0.00485155851724 0.0155041698009 -0.00160656468598 -0.235772603146 0.0279703134706 0.0285724958184 0.0193127511365 -0.0115177066931 0.000384380981369 -0.419119744203 0.0564247082021 0.0979896176436 -0.0041930459455 0.00176252939595 -0.404458935397 -0.0201570166825 0.0144548117622 0.000687039086776 -0.610403931765 -0.00511260302022 0.00102789287182 -0.389655034882 -0.00213633174949 -0.00283457590823
-0.584145549121 -0.0231859524554 -0.0426421260943 0.0440706480344 0.0167188882964 0.0529186735937 -0.00192268895005 -0.511400070891 -0.0168023348394 0.0303602388687 0.012913777347 -0.0055761029838 -0.00438186583992 0.00926406913741 0.00366807787306 -0.0181147685625 0.0354117020989 -0.00274041744523 -0.313288012999 0.382488988628 0.0786053623906 0.00381902674788 -0.35743313651 0.0720145383656 0.00833729428114 0.0552082688251 0.00117627036598 0.00693940130286
-0.536724607142 -0.00648923717295 -0.033490500062 0.0156657543839 0.0423194247486 0.00808818519585 0.00406491457448 -0.600534248422 0.0474857556261 0.0331581496857 0.0172152216892 0.0270677652787 -0.000391816454315 0.220156820431 0.0711879818571 0.012364525201 0.0354715049645 -0.00523099877784 -0.236470214076 0.401310697308 0.0713472981535 0.00359475868233 -0.197978387014 0.0599028092669 0.00110694935585 0.153775175561 -0.0100401322039 -0.00633318692692
-0.540526008003 0.0513920715678 0.041118251544 -0.0207208758078 -0.0290474476083 0.00765907671313 -0.00769166864206 -0.630959144075 0.00316422311585 0.0596231413389 0.0456357308482 0.0261062979656 -0.00338244862659 0.192960710985 0.0014442381768 -0.0427157971838 0.0758496738804 -0.0125529368475 -0.176203547888 0.393856695642 0.076671681859 0.00575743130218 -0.185710762121 0.0600367334707 -0.00101893146329 0.150006342553 0.00103888672135 -0.00285751778798
-0.473469233073 0.0317375185161 -0.00813047551673 -0.0443033087786 -0.0158283216133 -0.0205118272669 0.00635340948482 -0.473196305722 -0.00876105655555 0.0339403464696 0.0438423062255 0.0185621214732 -0.000322835764802 -0.101871824953 0.0831408206801 0.0687425594183 0.0291291632345 0.00379206835911 -0.401466402237 0.309811349406 0.119019511311 0.000352820131148 -0.492249364827 0.0861324663749 -0.00527195236726 -0.0193936478446 0.00028023653746 -0.0182704632309
-0.482289433061 0.0221731364754 -0.0086525377092 0.0406632581445 0.0159021707307 0.0287657962783 -0.00419712455024 -0.475159717533 0.0306281077815 -0.011439365789 -0.021820626181 -0.0283053176 -0.00394538464205 -0.175050442455 -0.0559241899513 -0.0912763924406 0.0121152217863 0.00741337648487 -0.40754213442 0.310203228172 0.0988863391695 0.000962301211327 -0.411491958186 0.0998332644203 0.00182918624152 -0.205396734487 -0.00467071788415 0.00597312804667
-0.511100952355 0.0620142409489 0.00697347865686 0.00744140177432 0.0315127819675 0.0179410122876 -0.00831693575685 -0.675244706127 -0.00539613527552 -0.0942772138751 -0.0353897096106 -0.0290892105372 0.00142563552392 0.015186667003 0.000530697524733 -0.031741340641 0.0244542331557 0.0136229923876 -0.235192179912 0.399742576582 0.0600889515102 0.0195101572509 -0.177982653162 0.0328042195936 0.0262262143058 0.10729126947 -0.0112475438659 -0.0163109607584
-0.59738917875 -0.0641939819976 0.0465877398967 -0.0159472963437 -0.0285775370055 -0.0329511399787 0.0100753001639 -0.653603251953 -0.0120057409141 -0.0525069643119 -0.0710197393414 0.0082359755303 -0.0133793941825 0.181125537313 -0.0808329126582 -0.050072041961 0.00431234508368 0.0152394066717 -0.140011245301 0.349605326609 0.0263859815147 0.0146407463301 -0.107065909982 0.00758581220771 0.0111663537709 0.0496547781648 -0.0153797565886 -0.00202119616217
-0.493204181191 -0.0422034515366 -0.0105388866088 -0.0409676330951 -0.0318539669384 -0.049902751443 0.00420163730411 -0.475758839046 0.0161750673639 -0.0405786741689 -0.0332377245208 -0.00967913021669 -0.00134432282194 -0.295715414717 -0.0199482734845 -0.0357771435701 -0.0521274246067 0.00190413480164 -0.363398107016 0.378471424033 0.0629184020236 0.00710870314781 -0.299427716608 0.0326586515754 0.0148830395219 -0.239950422691 -0.0228057149506 -0.00237612910597
-0.23592054669 -0.00339414400856 0.0107086040203 0.0106622811234 -0.0320923910467 0.00304355825263 0.000322379555019 -0.236029895517 0.0198162119218 0.00896946776428 -0.0367003428969 8.83571318527e-05 -0.000693368597084 -0.401740996853 0.0806066327839 0.0834731111047 -0.00246645837368 0.00036993190632 -0.529947478747 -0.0177896228615 -0.00240842808848 0.000585089174536 -0.557704881173 0.0068364514558 -0.000126255319174 -0.344042913229 -0.00422661814939 0.00571132982029
-0.244325832175 9.98702129536e-05 -0.00166000664026 -0.00345306318248 0.00219434305371 -0.00344150595803 0.00178162991151 -0.244535694906 0.0201129535908 0.00424575003891 -0.000571364294173 -0.00350327611665 0.000809522036729 -0.409481081098 0.0600132621314 0.0904396594573 0.00246689789815 -0.00140539912128 -0.47995099892 -0.00892833431962 0.000229281666955 -0.00048500129329 -0.59277139279 0.00748439060838 -0.000384938038272 -0.344494067524 -0.00392642502473 0.00380458346695
-0.246965846959 0.00565158216836 -0.0201271180359 -0.0434157405898 0.0108709367959 -0.0194487836527 -0.000845039716113 -0.243399571444 0.0298592362305 0.028974420486 -0.00684252134401 -0.00527441956487 0.00176520915596 -0.418211961237 0.0658444280408 0.0489376407072 -0.0026362804057 -0.000585118359799 -0.529970620232 0.0355030483931 0.00658186525464 1.88374617121e-05 -0.517354970104 0.00138833666179 -0.000221739856526 -0.379010733767 -0.0025057389153 0.00338187038266
-0.211616902268 0.00564910013689 -0.0496282214032 -0.00793291016137 0.00413049961547 -0.00316098197954 -0.000317286904673 -0.204818904299 0.0313733595727 -0.00181197531221 -0.00646389443755 0.000679654051445 0.00328193968581 -0.380790834388 0.06936458107 0.0368197837274 0.0028182536175 0.000501462572638 -0.566712462675 0.0947741455048 0.00433858566489 1.43445622007e-05 -0.54781044595 0.00233884078248 -0.000130274236868 -0.35802480133 -0.00226723784238 -0.00350950909998