-0.121161209622 -0.0219518731504 -0.0598415749896 0.0246493543703 0.485000732281 -0.00648605174966 0.052840523788 -0.021017330153 -0.0732808320946 -0.141745570187 0.107363091289 0.0403982663695 -0.031656016044 -0.169662872308 0.391293709212 0.0679076352749 -0.356635583156 0.0576247227215 -0.232871203711 0.327504318864 -0.383015430453 -0.0182385565291 -0.183482810698 0.128567129699 0.00547414767407 -0.16000239885 -0.0337642089146 -0.00447238568585
-0.227281598262 0.00751298117204 -0.0645316975396 0.0393379965341 0.114025484956 0.02202864531 0.0045506998622 -0.194325547657 -0.00186297207898 -0.0539807638614 -0.00597383961656 0.0135158021829 0.000455293394479 -0.731379416987 0.0640372340314 0.0154622108406 -0.0544016673306 -0.000220000259932 -0.290929142085 0.0423483907934 -0.06163767098 -0.00108966817724 -0.379780489494 -0.0149287586216 0.00313583776513 -0.33332148982 0.000357283547812 -0.0122699940766
-0.394759667865 0.00435249172323 0.0221480108813 -0.00985506278216 0.0459295656901 -0.0130568341113 0.0146028055021 -0.445943299648 -0.0154664109515 -0.11911166336 -0.00225323121216 0.055191134191 0.00519348367019 -0.639619110535 0.190782550507 -0.0829770179371 -0.15455286423 0.00579649361448 -0.0904787243598 0.207892101174 -0.0972904792057 -0.0168247406811 -0.212382179066 0.0307712767003 -0.0196895231837 -0.201232229189 -0.00292640093335 0.0167604470537
-0.633151498835 0.0568353910179 -0.11141812351 -0.0676889705591 0.0591482615705 0.0828765033445 -0.00615498627408 -0.600155549093 0.0378900762342 0.116748198027 0.0244652632812 -0.0570781339098 -0.0219762630156 0.279919092851 0.118125954095 0.0755647022817 -0.118509808455 0.0262657896087 0.0772186235944 0.0594566393943 -0.116968407937 0.00767320188802 0.0747163473838 0.0760854970489 0.0264806846745 0.192538792546 -0.00823161573061 -0.0607731298288
-0.638475587463 -0.0728017846704 0.108704075752 0.0862715841026 -0.0136572427474 -0.0837707381174 0.033480805464 -0.62730259573 0.0813765901865 0.0884707272154 0.0173310300406 -0.0915309362129 0.0075080188988 -0.013947603066 0.208770296396 0.0108841878934 -0.149691035749 0.0273713964861 -0.147884217197 0.141724355002 -0.171440354977 -0.0115581010813 -0.00873496155524 0.0228344901543 -0.000881828413739 0.0146020499417 -0.0300331171487 0.050227204259
-0.272145077365 0.0016401766818 -0.0519532842857 0.0742261655929 0.00167128101038 0.0454146163237 -0.00026860850728 -0.246236350682 0.00325282667148 -0.0105096907036 0.0386127209169 0.00371501779924 2.702864418e-05 -0.583603453694 -0.0104980515017 0.0255954380246 -0.031636213704 0.000288604752503 -0.408010613357 0.0452282748292 0.00597045256471 -0.00083836315679 -0.386647270799 -0.0147648180218 9.00679029988e-05 -0.438118112429 -0.00295314445523 -0.0286013861737
-0.280403894432 0.0171564361661 -0.0145470098596 0.00788040668726 0.0988404178493 0.00306665938444 -0.000623840487306 -0.253957426832 -0.0112147769185 -0.0355327506578 -0.042446428337 0.00205829342665 0.000140699532209 -0.607888750845 -0.000724390084484 0.00620326446266 0.00300325088046 -4.56949999438e-05 -0.393477698856 -0.00430128796882 0.00170090206102 0.000319746648524 -0.346652786468 0.00147951871205 -0.000450411088574 -0.445689907137 -0.00388065781572 0.00946792276002
-0.271810629782 -0.000752421968022 -0.0448769784365 0.0163362952635 0.0343000669789 -0.00401959916414 0.00104775606601 -0.262697922644 0.00645956460806 -0.00865086980984 0.00950334690071 0.00581485138335 0.00158738402679 -0.642849646121 0.00423175036477 0.00524705562378 0.0148150157424 -0.000722239337902 -0.400276792317 -0.000726593629736 0.0038789950076 0.00141463143664 -0.246672103609 0.0124295422628 0.00173727049613 -0.467490954622 -0.00552273283139 0.00687817075257
-0.334975215198 -0.0022457301549 0.0481168843727 -0.0412669530798 -0.0435881336871 0.00878916462793 0.00741840880496 -0.314339096882 0.00850918716579 -0.0522419023259 0.0210850774256 -0.0153004612472 0.0047561094575 -0.661159063157 -0.00199024918248 -0.0600678605336 -0.00560451306943 0.00319643552263 -0.386360535226 0.0408172936807 0.00152177414263 -0.00582325674633 -0.131358677416 0.0219708560534 -0.00858595939848 -0.411966214406 0.00254234029662 0.0113231509887
-0.361663708492 -0.00868306997789 -0.0500272282924 -0.00648897612391 -0.00853407297758 0.0316019300948 0.00503033164438 -0.358322534386 -0.00222900248264 -0.0275526193257 -0.0316317827919 0.0204662426762 -0.00249663779159 -0.61011510258 0.0421254277673 0.0145926336334 -0.0639069323895 0.000595818793405 -0.327949920816 -0.00185115275299 -0.0697241955029 0.000403391962435 -0.447497538474 -0.0078256345187 0.00743456980436 -0.205096778798 -0.000762210048107 -0.0416302277992
-0.42610414067 0.0167204989545 -0.0379523341266 0.0318546882974 0.119044826965 -0.00689135979861 0.00292352413069 -0.356965552838 -0.0125693233448 -0.0309187893255 -0.00674507911233 0.017383756802 -0.000244682210675 -0.669706477047 0.0832637012781 0.0176667315277 -0.0273633388402 0.000358694431166 -0.174844259016 0.0538644923013 -0.0647894396173 -0.000591185420458 -0.302646349479 -0.0313862847771 0.00105269670769 -0.292723497507 0.00481192722135 0.0111810885748
-0.572979041205 -0.0712389365884 -0.0120270419108 -0.0478181549185 0.00807601106779 0.0216172723455 0.00309744159589 -0.669361756081 -0.00580214893568 -0.0868253088384 -0.0174554816821 0.0270958283352 0.00525809172434 -0.345305342219 0.125359439091 -0.116570943768 -0.101925258117 5.07991917375e-05 0.0840588290411 0.167762409709 -0.0565262944442 -0.0115670238198 -0.0700658320181 0.0492434573783 -0.00518767230399 0.0460182173236 0.00177214838635 -0.00365874383555
-0.621819739386 0.039433603094 0.02819293211 0.0674732464461 -0.0603004707038 -0.0272589030986 0.00855184689425 -0.599954797204 -0.0250104704271 -0.0393415304316 0.000628428048551 0.0381726943645 0.0061962907759 -0.359361694706 0.168611976363 -0.00190483251744 -0.10581559033 0.016273842406 -0.0515863032135 0.160303925173 -0.0763043422093 -0.0212565391569 -0.133747305324 -0.0183441698707 -0.0385796536509 -0.12033146056 -0.0113875652264 0.019465735867
-0.532243942417 0.0096048366447 -0.0346493728865 -0.0799034730279 -0.0037727952379 0.0464490722058 0.00437599850135 -0.434615363337 0.00454338156895 0.0127308354575 -0.0076916565946 0.00447069676628 0.00185129327948 -0.648454073403 0.0842529931746 -0.0226670300114 -0.0782419820113 -0.0052370929874 -0.0782774261005 0.0286906068033 -0.104065758667 0.00114339734444 -0.129053779 0.0405301631149 -0.00281310189275 -0.206569208136 0.0061751435068 -0.06813258987
-0.554299584837 -0.0303662883777 -0.0205475083377 0.0268593738214 0.013817987934 0.0203640045153 -0.00763857283806 -0.639331182702 -0.056573475532 -0.0178276404877 -0.0140211861839 0.0278053769764 -0.0230388373395 0.317414281885 -0.0107229228751 0.0357699220285 -0.0109035953872 0.028122184098 0.18799362783 0.018966456921 -0.0144074530526 0.019740081463 0.255597313277 0.0399943210773 0.0288272719725 0.262913774665 0.0044032259036 -0.000888272709941
-0.639590784902 -0.0456654080971 0.0471317457971 0.0206835621873 0.0177832731026 -0.0313010744309 -0.00676140125852 -0.609756173453 0.00431893804862 0.0510468267156 -0.00544519658843 -0.0164656075126 -0.0153661786761 0.236893353189 0.071203116282 0.00505101083717 -0.03929017439 0.0152625765666 0.186688989552 0.0704491749827 -0.0554929105554 -0.023592279342 0.209969324359 0.019793098641 0.0150887875214 0.241458810986 -0.0162486889631 0.0129646450221
-0.477242705174 -0.00718793767164 0.043805062712 0.00188554818596 -0.0755324549554 -0.0236264501122 0.0120829610155 -0.433057082997 0.0368710894947 -0.0183740650969 0.0129868955481 -0.0248553311747 0.00849104328722 -0.516333650817 0.17589783967 -0.0650188561515 -0.0767077299434 0.0093135737644 -0.448937893911 0.0748219578682 -0.0392111098589 0.00524211763283 -0.162594993979 -0.000760915652271 -0.0178123095238 -0.172297730863 -0.0135610124025 0.0262519388186
-0.361549156364 0.00783422771075 -0.0128738612088 -0.00730904074194 0.03854942525 0.022453194019 -0.00202613792563 -0.359922719049 0.0182874276752 0.0209285509297 0.00724432376256 -0.02849796507 0.0103382561567 -0.508557010162 -0.019657150897 -0.100266930893 -0.0650194473179 -0.00138574096356 -0.502903106134 -0.00305872982924 -0.0115464032808 -0.00493347445195 -0.419594051933 0.072102443547 0.00250789384525 -0.157412694733 -0.0125270241385 -0.0560453286328
-0.575083232837 0.00679730260927 0.0179624906226 -0.0589258868824 0.0525874116456 -0.00414650653272 -0.000823319372602 -0.620800778044 0.0421570567075 0.0199236252576 0.0120401876761 -0.0564930802639 0.0241005203748 -0.230575221065 0.251821415995 -0.0471796946328 -0.0960517657781 0.0160487628843 -0.260615723528 0.0438228180001 -0.0249378349091 0.016641677278 -0.263422788468 0.0253668063357 0.00655551659782 0.0218259660206 -0.03945142342 0.00554844204244
-0.395490342594 -0.00274918185981 -0.0314211958608 0.0105316496617 0.118292814173 -0.012615028195 0.00185044828596 -0.3056330847 0.00500309474962 0.0199096894646 0.00195889765953 -0.0118421235203 0.0033118233569 -0.638460816523 0.0321326078539 0.00261381423095 -0.0434738811533 0.000652950026562 -0.429239864083 -0.0109309803088 -0.0688518437643 0.000527333867372 -0.200490769201 -0.0111128898696 0.00110953642535 -0.306923325832 -0.0087404664132 0.00831044332291
-0.332294204171 -0.00121066292181 0.00261515678168 -0.00139453626521 -0.0721265035514 0.00791560762518 0.00335887720454 -0.284487055842 0.00156963256836 0.0367597014577 -0.00613223364427 -0.0108000001152 0.00119383550601 -0.668238992999 -0.00821818285244 -0.0705473365847 -0.00186442733893 0.00318828643893 -0.416716477232 0.0581066888273 -0.0128001135703 -0.00388537386672 -0.110545747723 0.017896745062 -0.0114686250988 -0.400138006271 0.00043561517841 0.0161133833167