-0.0102506683133 0.0135356279595 0.0680255418688 -0.0377246810008 -0.0500925397374 -0.0505792025465 -0.00566071304166 -0.0418817060233 0.0566529043318 0.104603161008 0.192074931687 0.0766246649196 -0.00285210582463 -0.312701013208 0.232531320436 -0.663742900734 -0.145351753541 0.0146753992693 -0.116654383173 0.376053904486 -0.00998325047606 -0.032338224471 -0.397144864274 -0.0217829181818 -0.0346911894757 -0.0212507885434 -0.0102175227907 -0.00239196246803
-0.376537330002 -0.0126424649546 -0.0614545262867 0.0390153767327 -0.0208310344666 -0.0319305463445 -0.00699024843171 -0.536990017739 0.0597061979611 0.185278752739 0.139797636845 0.000602987632145 0.0105982142951 -0.37090508122 -0.0508898706798 -0.237773817863 -0.0116601461458 -0.00141177344399 -0.374387374894 0.316088719814 0.00907563260234 -0.0123538570113 -0.204485971784 -0.00737482185735 -0.00783807885909 -0.16152191106 -0.0133820054406 -0.00218907644499
-0.565048204043 0.0336894439447 0.170980621965 -0.120760391601 0.026922897897 -0.00217239629887 -0.0043413682352 -0.556549636707 0.00957122555894 0.0476561763715 0.160559059566 0.0333786360035 -0.00221274481622 -0.127824109674 0.195979907044 -0.354810278065 -0.0987510819678 0.00840781867718 0.0668393167512 0.209224314582 0.0575420633506 -0.0155925238306 -0.165450101377 0.0534326948842 -0.00254080616398 -0.152931093704 -0.0085303526982 -0.0076715241381
-0.542285574912 -0.00843774783216 -0.0826660161787 -0.0199824798624 0.0015403057896 0.056053193108 -0.00807451317697 -0.549161858754 -0.0424027799885 0.0514177664337 0.0929411040016 -0.005015951725 0.0105352418197 -0.221671086809 0.138068369202 -0.414045483577 -0.0845710463282 0.00518544312349 -0.191857240704 0.102194077992 -0.0655306161157 -0.0361379206634 -0.249257012568 -0.100571551642 -0.0402865670173 0.0837432592285 0.00713456888593 0.00453778996147
-0.547654012133 -0.0078287778343 0.158810142488 -0.0477890937659 -0.0329470958019 -0.0375314440424 -0.00367303292333 -0.523903738616 0.0404683927235 0.12914311149 0.0343656176963 -0.0574576698951 -0.015900280565 -0.108238191774 0.129640557397 -0.39630401765 -0.096817632826 0.0130775956889 -0.0299332129434 0.165587345966 -0.00580886010638 -0.0145632732665 -0.378116352183 -0.00249367028959 -0.0325332894603 0.0680453540307 -0.0109274899027 -0.00220073975266
-0.515952479073 -0.00219448679739 -0.0617480202913 -0.0160222172554 0.00811545708295 -0.0122936628536 -0.00111549087913 -0.625387298532 0.0184263778233 0.0699408400313 0.101146820802 -0.0116029130427 0.00273391358444 -0.198080161668 -0.00273942538842 -0.120192825973 -0.03573762973 -0.00244922905336 -0.292656431682 0.289767524616 0.00786073241682 -0.0177504762473 -0.306533003575 0.00300641890982 -0.00797845437282 -0.0608534003781 -0.00364751525626 -0.00853860414634
-0.447818711881 -0.00302162902968 -0.00435686351152 0.0159518394045 -0.0101818443468 -0.0167342233313 -0.00554666954163 -0.637334722886 0.040244198334 0.0869078363549 0.109883413991 -4.00294345974e-05 0.00860887376216 -0.380084594917 -0.017421209693 -0.0833310511778 -0.0117673102682 0.00424204716771 -0.223210668165 0.227996535316 0.0540770783046 -0.0195864653539 -0.258842194526 0.0148260046582 0.00421994550084 -0.216854776747 0.000101424650819 -0.000385837776903
-0.44779130066 -0.0246028063289 -0.0209521217795 0.0090660661874 0.0153403185935 -0.0116048941666 -0.000822804409663 -0.642416542589 -0.0225278737784 0.0889034781429 0.0848155695225 0.0358117387107 0.00369149246853 -0.349674277126 -0.0151094169005 -0.0235861255533 -0.0106019574806 0.00736037008507 -0.222128927135 0.263000327343 0.0543774959799 -0.0186530197239 -0.263975505179 0.0258023507157 0.00754583460089 -0.229592807783 -0.013942159788 -0.005838681823
-0.659173859607 0.0269472850854 0.137600002432 -0.0361459852609 0.0260896893187 -0.0102166887767 -0.000379453272043 -0.62233742321 0.020677909831 0.0288135584237 0.130236873844 0.0166161902091 0.00376498801006 -0.0602846600104 0.0417803868277 -0.161559190424 -0.0501996070672 0.00410715007911 -0.152753885052 0.135341772855 0.0316900382181 -0.00870721395039 -0.221037055004 0.0369551316273 -0.00105923135704 -0.10301605869 0.00446966615891 -0.0178556606068
-0.571085067162 -0.0108177648071 -0.0575487431479 0.0466172271853 0.0163527619938 0.00121824786514 0.0101658315905 -0.567070833861 0.0665125640259 0.0743486128774 0.0502297175322 0.0116119399346 -0.000511824047113 -0.228272318718 -0.124621199966 -0.19021908829 -0.00554028257406 0.0052899260528 -0.426403510494 0.149468041282 -0.0202648052563 -0.00145295727976 -0.148283039442 -0.0123828516677 -0.0289808209979 -0.0449360536396 -0.0150056050676 -0.0053729480311
-0.486765125575 -0.0136831488576 0.0182999561834 0.0524542128064 -0.0214725172911 -0.0150120207963 0.00417435814103 -0.512110855167 0.0812298141185 0.0376613000988 -0.0115017515509 -0.00124193630205 -0.0210098915313 -0.393794283131 -0.095834313734 -0.232349117217 -0.00111946546262 -0.0120968197221 -0.450739718257 0.0755799670247 -0.0452243721528 -0.0174079126685 -0.14881253973 -0.0165229814105 -0.00979363959547 -0.189125253271 -0.0182020523997 0.00057906108103
-0.576398803998 -0.00327665281333 -0.0159566106699 -0.0188942399097 0.0212348804988 0.0358662487665 -0.00522126129574 -0.625212739709 -0.0245408540342 -0.0347095611415 -0.0824736774693 0.017252326897 0.00944481521888 -0.285114022466 0.161262336578 -0.186346118693 -0.0452848163989 -0.00364764882786 -0.0587088723366 0.206361844142 -0.00850117094587 -0.00274868876978 -0.243151220558 0.0280569399455 0.00923468883773 -0.122879221202 0.0127764302488 0.00608581304765
-0.773814781512 0.0101405957267 0.114858138165 -0.03974353185 -0.0246585906937 -0.0322640283909 -0.00197719182538 -0.525911576601 0.00568918599047 0.0200439175084 0.0136465016698 0.00665304567755 0.00561846844675 0.0478448232071 0.145492419939 -0.238602256428 -0.0616874589187 0.00357619721326 0.129161701946 0.0380583578953 0.0509297293508 -0.00758101296792 -0.031807548754 0.0236578402937 -0.00523147442594 0.0237265841525 -0.0158962381403 -0.000751053456041
-0.589888894497 0.00118446921245 -0.0722689972254 -0.0480354233593 -0.000760413451214 0.0252605289275 0.01077450053 -0.55278468134 -0.0236751421715 0.0180167574264 -0.0263941637948 -0.0222856805651 0.0155170225822 -0.191472741298 -0.0264028517314 -0.202713612627 -0.0530770499132 0.00492517453225 -0.336932695811 0.21937497675 -0.0694560864482 -0.0203921690328 -0.29348144159 -0.0228637182363 -0.0137274828786 0.0270280169312 -0.00971864900427 -0.00222010616792
-0.58633340692 0.020630870367 -0.00775267980149 -0.0285610397933 -0.029921289163 0.00764537778072 -0.00366685300386 -0.66453471412 -0.0446512638667 0.0264878986527 0.0995095196321 -0.0026761435507 0.00859315826301 -0.0585680280021 0.0681404209897 -0.141732107321 -0.0387046317614 0.00144133038516 -0.306246390483 0.103681377877 -0.0325442271334 0.00569825201719 -0.223901169655 -0.0398406980958 0.00990422922627 0.111083776117 -0.0144802772336 0.00186808149167
-0.622897255383 -0.00198658497296 -0.0085460655386 -0.0163729431446 0.0267945452724 -0.00730548107858 -0.00371606445813 -0.698196161813 -0.0243780067618 0.0778434921412 0.05441027695 0.00293048272619 0.0198774764772 -0.00244517661161 0.159086032512 -0.181661030307 -0.0202755218115 0.0215707930364 0.0317439982687 0.109746188523 0.0118733228058 0.00907782541035 -0.140628297338 -0.0230334596426 -0.0252760536717 0.132297994236 -0.0449142750407 -0.0209838376793
-0.667684610898 -0.0265046898601 0.0772553670525 -0.0309126971768 -0.0462770499693 -0.00702446261379 -0.00568609650108 -0.587162599113 0.0218684016023 0.0507908285702 -0.0038106445241 -0.0283109945638 0.00686464516221 -0.0498520023853 0.0643707459167 -0.307892586928 -0.082876684229 0.00888061869032 -0.0247597927512 0.0416555652715 0.0304063965995 0.00109415316977 -0.266762403234 0.0298198172515 -0.00760744469924 0.107539784052 -0.0110520425836 -0.0149079857429
-0.62154656551 0.0452375024383 -0.0119609448936 0.1018022983 0.0663572706722 0.00787371721421 -0.00361959638413 -0.636798622316 -0.0361552594174 -0.0959797463582 0.00430667882102 0.0381484917154 0.0190952596114 -0.132181479109 0.0774915577318 -0.253834319983 -0.0568221767328 -0.00235933994479 -0.16777573177 0.0102695571435 -0.0346253172561 -0.0229744017246 -0.235100505589 -0.0282969638678 -0.0113806459605 0.0338890310876 0.011672104978 0.0129165315068
-0.565792691277 0.0442869896504 -0.0198507043409 -0.0310790155692 0.0297591989968 0.0100119631677 -0.00813093928107 -0.687678608678 0.0291934069189 -0.0152110783056 -0.11131513167 0.0531440164277 0.00319984323925 -0.213001057181 0.144761032412 -0.284255006349 -0.0391879253556 -0.00163379899637 -0.00780145153484 -0.0171602227138 0.0120539947915 -0.0270459454446 -0.15559147304 -0.0398456424697 -0.0441171016976 -0.0868888200212 0.0290810287904 -0.0161127688397
-0.525948176676 -0.03509691601 0.0466747064645 0.0182991816923 -0.0183354397364 0.00184173683251 0.0126230769725 -0.622683425362 0.0906305441522 -0.0521978405483 -0.0763314495123 0.0563641043798 0.00459318382783 -0.278937299366 0.106202430339 -0.219054352135 -0.0258884422973 -0.000963594512634 -0.142969441044 -0.018239507032 -0.0261872715271 -0.0146910212155 -0.352219176759 -0.0266225728582 -0.0252741758514 -0.161640049669 0.0165029490114 0.0146814175142
-0.556399504696 -0.0139954248213 0.068354513967 -0.0673862861664 -0.040420091052 -0.0138348892249 -0.00250507564655 -0.413233875641 -0.00801638900855 -0.0308159286982 -0.00407440529919 0.0280868922435 -0.0179261542137 -0.279238620864 -0.159952105147 -0.214228338047 -0.0452579105156 0.0012284519939 -0.365462809988 0.227719579537 -0.00595473410632 -0.00938338978141 -0.398300903449 0.0158318243381 -0.00744812909006 -0.100980533353 0.00612749261616 -0.00681816296227