-0.00186905862285 -0.00851102831377 -0.0297264936492 0.0176542543182 -0.00933591451736 0.0146163899589 -0.00189997973451 -0.297074097817 0.00657622396275 0.274941870924 0.320650420351 0.0789100387603 -0.0202393754971 -0.0501637424051 0.0761901914729 -0.224453745601 0.00157973475677 -0.00154947885737 -0.412518379565 0.463964884555 0.0902298536016 -0.0232740340661 -0.512480016464 0.0829490459531 -0.0086549735293 -0.0465361273661 -0.0221684449761 -0.00315815225288
-0.202816013607 0.00455766984331 0.0118837629824 0.00396736720763 -0.016434729936 -0.0264802509515 -0.00914349492699 -0.216282350589 -0.0181401787823 0.0467583969476 0.0570617396906 0.0143323695945 0.00234887175004 -0.382161617393 -0.022968801746 -0.0617759789277 0.01860330275 -0.00257744429838 -0.566941573518 0.148091115802 0.0651479840764 -0.00513565787132 -0.547297200013 0.0672775392149 -0.00161894018016 -0.3191752737 -0.00106255764359 -0.0238128440893
-0.309418916594 -0.00811636899233 -0.0398533786193 0.00474302517358 0.0166616929351 0.0306882357615 0.0193825107132 -0.342703028391 0.0116822772262 0.0595836165261 0.115272050657 0.0244183029209 -0.00657857922218 -0.216985342577 0.069558676636 -0.0895376509912 -0.0109847624024 -0.00409296457955 -0.436983102153 0.206788311325 0.0908289794592 -0.0108504073475 -0.654600214685 0.120670610075 -0.00962539917562 -0.140072480961 -0.0184358821557 -0.0255849071412
-0.411120013602 -0.0188618096543 0.0259105031304 0.0591852240936 -0.0142925669194 0.0367753586757 -0.000273433889782 -0.558085841352 -0.00404298537394 0.145267632383 0.171590291747 -0.00130968316291 -0.0106475707021 0.058465902835 0.0423910574779 -0.185133144592 -0.0106766880723 -0.00794872272801 -0.336021489917 0.384538593855 0.0258766598352 -0.012594856219 -0.396509022885 0.00787551070596 0.00807167600769 0.0475122992804 -0.0342542727005 0.0265276086816
-0.408135572036 0.0462129978652 -0.0618832619478 -0.0671623641441 -0.00899536423756 -0.0428542403213 0.00603453981807 -0.614885116171 0.017453481083 0.20726132446 0.189120514207 0.00201060201785 -0.0194990593208 0.129981100661 0.0777789565728 -0.213729719545 -0.0186879306198 0.0020235981037 -0.281123782345 0.281846174525 0.0383743427418 -0.0163742395936 -0.364850843059 0.00981735735414 -0.00426987450819 -0.0213690514739 -0.0153683705935 0.0197143927713
-0.31893420402 0.0016363448324 0.0186407832904 0.00143639429832 -0.0518145415576 -0.0294733802434 -0.0104268976639 -0.307582547174 -0.00491848456268 0.0133249504346 0.0167583082476 -0.00400537611844 -0.00157841888427 -0.329932496278 0.0760801296048 0.0633485168905 0.0372076102561 -0.0037017237358 -0.544222447853 0.0540428707435 0.048768412908 -0.00313423194366 -0.576971427841 0.0483109561716 0.00284402868858 -0.205809996396 -0.00275158562118 -0.00366101084949
-0.192875872493 0.00413418294127 0.0218684383945 -0.000413837448234 -0.031228421808 0.00592015586675 0.00499162846455 -0.193755047478 -0.0105115956132 -0.0117382828379 0.0315889968907 -1.83334753714e-05 0.00123670277743 -0.547087859993 -0.0115819152107 0.00644790432625 -0.00502336540881 0.000160968337131 -0.511260585916 -0.0271331567342 0.00159051126042 -0.00028594110768 -0.357503141607 -0.0103740165252 -0.00112042938708 -0.481904968874 0.00297957323444 -0.026240726005
-0.193997398587 0.00354614112263 -0.0143051596646 -0.000392853341652 -0.0163029580666 0.00140820504225 0.00110636783756 -0.210158393011 -0.0199583326947 0.00956339471344 0.0586894550434 -0.00289961887746 -0.00349965982558 -0.570851905867 -0.0205967726463 -0.000443291652593 0.00801579589541 -5.03259057757e-05 -0.503361077562 -0.0175637314282 -0.00809725074373 0.0013478596577 -0.318839330238 0.00359824257614 -0.00149256999453 -0.480583223034 0.00621776593969 -0.031237641551
-0.394930882579 -0.00177878056214 -0.0434929626679 -0.0189805278827 0.0460949428765 -0.00209605699079 0.0130682921077 -0.393867344458 0.00881711374058 0.0288567551509 0.0390855310132 0.0181636450331 0.00176623981532 -0.297208453585 0.0731212719612 -0.000726749929387 -0.0188589525337 -0.0011860637633 -0.53035962073 0.0732286403472 0.0785194985862 -0.00686511862514 -0.495071916624 0.0808311761682 -0.00559095209962 -0.206475799706 -0.0123998083697 -0.0152127782998
-0.375965204042 0.00166947219888 -0.00878019387105 0.0192978976103 -0.00986210364451 -0.0305287521163 -0.0031636917594 -0.398382077148 -0.0198065740979 0.0459456584394 0.0596376310224 0.00701902849916 0.0046356374678 -0.281269564874 0.00971083013621 -0.0397238788607 0.0169925067148 -0.00329094478345 -0.543045686495 0.131068581212 0.0565725585913 -0.00366840634177 -0.496114448322 0.0635752812871 -0.00256734816448 -0.213679719298 -0.00495128670071 0.00906601974826
-0.352374352955 0.0116896695089 -0.0013268364713 -0.0362836764466 0.00339533147709 -0.0230758620807 0.000837978025576 -0.374108149369 0.000779089402064 0.0340644521529 0.0488488344478 0.0307608629082 0.00305177888494 -0.391878386904 -0.0772590999305 -0.123967414175 -0.0395468804836 0.00215583097602 -0.445391654551 0.127976817285 0.0662754173857 -0.00902293234048 -0.44983877882 0.0656810069958 -0.00187966741666 -0.352202997013 0.00619602750591 -0.0539946950874
-0.412029764942 -0.0347266684655 0.0253850067688 0.0574746444909 0.000956719118432 0.0256422076084 -0.0108441831982 -0.433772639864 0.0252468387043 0.0416790110564 0.0842075880022 0.0182736512205 0.00643125304125 -0.25291351582 0.148451163647 0.0268338551102 0.00955310425883 0.00325283985422 -0.379081211532 0.11930091372 0.0536697973942 0.00150305717965 -0.586268645551 0.0771227911935 0.000665657470192 -0.163803135987 -0.0148037715441 -0.0441534630886
-0.618800442924 0.0342044934102 -0.0137461200822 -0.0373421801971 -0.0890501075954 -0.0365667762296 0.0199155162131 -0.555091700731 -0.00553090009762 0.0356179757862 0.0325541106362 0.00568647394966 0.0053523373008 -0.00572038229275 0.0362230775544 -0.108420564594 -0.00309179022667 -0.00219814801678 -0.198210732047 0.182130821369 0.0703096169189 -0.00931106189173 -0.436424003257 0.0925063111353 -0.0127659329234 0.048643774261 -0.0326754056995 0.0299750249527
-0.605284164091 -0.0466301172961 0.0300660888042 0.11533895664 0.0383470957695 0.0129421584963 -0.00336046389288 -0.55017321754 -0.0146805784479 0.0443085292237 0.0428116855649 0.01689624479 0.00489533879936 -0.0419036122735 0.0229484980401 -0.106150323033 0.0211903804665 0.000932288488117 -0.357926645839 0.225034352692 0.0538268932486 -0.000314901229244 -0.330388778372 0.0397414926427 -0.00284178618245 0.0286284347222 -0.0260928556129 0.0263515981078
-0.477169270096 0.0404078875269 0.014074907199 -0.0138675428826 -0.0389235513166 -0.0083361504197 -0.00470870463143 -0.58621788365 -0.00942147035974 0.0564032703481 0.116865764878 0.00295311268557 0.027108000864 0.0217551529157 -0.0268377115823 -0.102969720195 -0.00636868603582 -0.0107268057265 -0.474437595254 0.187124551951 0.00475840191745 0.0225907243393 -0.359064659509 -0.0259810593168 0.0496747865473 0.0476259366612 -0.0199134278322 -0.00552688665241
-0.477978416883 -0.0258468641443 -0.00519378272737 0.031347820031 0.0272892529931 -0.00972074709724 0.00101127940858 -0.64094956488 -0.0587474885668 -0.0107529246453 0.103573338587 0.0250982655967 0.0141867563181 0.10204951387 0.0254415803983 -0.152214567304 -0.0203580181192 0.00104056701307 -0.452102380099 0.0869713909107 -0.00960242072992 0.0132336753853 -0.306401621308 -0.0178213355601 0.0163244411323 0.0407351666792 0.00568938701576 -0.00670541505726
-0.56407468212 0.0104004582602 -0.040599691966 -0.0787232270719 -0.0535038235629 -0.0324040136988 0.00617727266573 -0.635444742898 -0.07047721344 -0.0184106117517 0.0939518892192 -0.00587339211653 0.00148822026122 -0.0775121105984 0.0423051766317 -0.175412261766 -0.000453089855517 -0.0066206459496 -0.34157072397 0.134844696401 0.0759125795427 -0.0175032517396 -0.216426257447 0.0251602539935 0.00269924771029 -0.157727602765 0.00724888199003 0.00317853185292
-0.586658864942 -0.000566885621815 -0.0316016992947 0.0348821580765 -0.0265386318939 0.00148996232303 -0.00645505881901 -0.592357720029 0.0110813872192 0.0307289846235 0.00705061792099 -0.0277338057682 -0.00156299531702 0.00771365828087 0.0356384366176 -0.153891680019 -0.0230912765294 0.0007058263768 -0.290563751487 0.142400984951 -0.00653643997665 0.000962284020064 -0.41093835629 -0.00595326809223 0.0194655418424 -0.00350979706632 -0.0143587174975 0.0171251358404
-0.559344838008 -0.0107886325657 -0.0195764626662 -0.0194276520019 -0.0495908929407 0.00985228239367 0.00889268724431 -0.575229549128 0.00831342489429 0.0206704400192 -0.084093251317 0.00123226495586 -0.00144831225934 0.0725071231606 0.0381938793558 -0.149373367869 -0.0275612932348 -0.00231067591616 -0.267971223546 0.215337806503 -0.00205359474607 -0.00285411601639 -0.443234516633 -0.00394528880437 0.000538071865415 0.0102876294556 -0.0171359286036 0.0174148365369
-0.511865106189 -0.00335668910421 1.86758679864e-05 0.0121310195352 0.0124332505383 -0.00187761622232 -0.00527525025496 -0.618604644596 0.0712725634293 0.095983176531 -0.0149726795825 -0.01173084053 -0.00904776667006 0.0706145201072 0.00379261369183 -0.162693544002 -0.0373400202651 0.00857992033394 -0.305992811686 0.139690507036 -0.00140015217805 0.0130822537056 -0.438618663893 -0.00384696419064 0.015220731383 -0.0199962124157 -0.027547400559 0.0139392842365
-0.544838012257 0.0163957838572 -0.0125990773827 -0.0199721415435 0.0224756266935 -0.00265429688145 0.00286360581494 -0.606324003453 0.0192112473609 0.103656278473 -0.0300436356841 -0.0104934438785 0.0023279735013 0.117676092539 0.0679377613679 -0.127506737386 0.0106955214265 0.00354168038357 -0.2384521911 0.116150253593 0.0317137878485 0.018124823746 -0.460387583195 0.0013020444406 0.0240315398605 -0.0518726424022 -0.0152772081366 0.00715818186235