-0.0104271148128 0.00684597546237 -0.00231661688533 -0.0939969750937 -0.0352288562967 0.0110551946101 0.0332025169398 -0.0250069374752 0.0431768971109 0.0160629034616 0.0489210740599 0.0377908345693 -0.147572307481 -0.394154372202 -0.661755794698 -0.0653063180284 -0.216633498862 -0.0188031446067 -0.44771561209 0.310253803436 0.0459098174036 -0.00453844236795 -0.102948357454 0.0510856781221 0.00519543809936 -0.0528482966407 -0.00564933348391 -0.021665446935
-0.438455887689 -0.0140928881667 -0.178674245474 -0.120485158655 -0.00643628435428 -0.0213333490349 0.0205861069979 -0.41175031164 -0.0632988960919 -0.0379276023125 0.0401855849279 0.0586611898813 -0.0547812639268 -0.3770890335 -0.317391124113 -0.0139058441198 -0.109902322391 0.00278517206755 -0.485096685876 0.257773711117 0.0374733142244 -0.00644335213964 -0.109653143515 0.0481025032089 -0.0117497033373 -0.0330017434609 0.0059994437173 -0.05594797646
-0.290561272647 0.0112634157054 0.169774224716 -0.020029872467 0.0825547107177 0.00654254699549 -0.00634160490644 -0.205963249852 -0.0228446294177 -0.0264107025613 -0.0208093046647 0.0337199441544 -0.00495126444853 -0.316011055696 -0.138788402621 -0.0288226356848 -0.0310982200787 -0.014190153267 -0.681355320802 0.0547177621923 -0.0101256518818 0.00110052270927 -0.472203185414 -0.00360857283093 0.0108853406501 -0.14973619887 0.00383039918344 -0.00891279273117
-0.48315698508 0.0788634993367 -0.220542150312 -0.027389986273 -0.0232861290853 0.0330121704227 -0.0468798263603 -0.432546734718 0.107245901817 -0.0151687489402 -0.0365514746511 -0.0563285599305 0.00790189848366 -0.362710932027 -0.4124725278 -0.216243030089 -0.0949377226023 -0.00984695846326 -0.235385676442 0.172710312185 0.025635037768 0.0175457827779 -0.227388166041 0.0391746801303 0.0225341737591 -0.0720608650074 0.00935871896656 -0.0304763423504
-0.572961655339 -0.0788882475585 0.17306543899 -0.012531222512 -0.034684504722 -0.0410685469922 0.0425574580345 -0.558420144959 0.113593397303 -0.00615469341264 -0.0105903318713 -0.0915981196945 -0.0774457640164 -0.0870965791584 -0.431969055945 0.0210640317453 -0.135859092765 -0.0263804796686 -0.0263538823293 0.134840374554 0.00566490615763 0.00974107101005 0.203178634065 0.00592005806061 0.0198520051442 0.129753729525 -0.00405455907806 0.00777880307643
-0.459382050458 -0.0186682778755 -0.104784424774 0.0544121134221 -0.0868475534819 -0.0107827640216 0.00886389640638 -0.37439385703 -0.0217378946218 0.000278929357096 -0.0425004634588 0.0057639743944 -0.00694289723531 -0.425446215018 -0.25191543661 -0.0664171365921 -0.0160535641774 -0.00805450270101 -0.448689677778 0.0386709226694 -0.0472732147149 0.00896704211816 -0.376210281355 -0.00639648720622 0.000801340826205 -0.163841913966 -0.00473158281436 -0.0404441086396
-0.28868262356 -0.0290779290421 -0.0466766801466 -0.0952494533774 -0.051760514796 -0.00407482824815 0.000650289070638 -0.249388593956 -0.0593112167292 -0.0422288294109 -0.0166885710734 0.00744304573956 -0.000561585629658 -0.62573449904 0.00831191979812 0.0051441481113 -0.00327982350314 -0.000428490926197 -0.27628958169 -0.0107611533823 0.00255008507887 0.00129156223214 -0.355848845611 0.00922952864735 0.00153046533571 -0.486737018329 0.00719852182866 -0.0474209666171
-0.220495665879 0.00951223015064 0.0762517016044 -0.00259418226234 0.055572928658 0.00268213344898 0.00492181066307 -0.194293473707 -0.0374800858003 0.00250495727241 -0.00498558602077 0.00140061218379 -0.0015136869355 -0.490846120467 -0.0112597062733 0.0241312355847 0.00140779568115 0.00158638737107 -0.63085140823 0.0166456541086 0.000466102980893 4.94499449851e-05 -0.294018165698 0.0100599930937 0.0032239820232 -0.42031873152 0.00359913950813 -0.00518536829055
-0.472065069649 0.00400343131632 0.140434675323 -0.0468107599454 0.0238054458963 0.00698804873583 -0.0223686726213 -0.348452970445 -0.0145978171838 -0.0398624530975 -0.00435577117815 -0.0067767509517 0.0181687390378 -0.297137777566 -0.157344976737 -0.0748150880983 -0.00941953121626 -0.0148292666617 -0.542687010048 0.0335640241411 -0.0173874991283 -0.00518523869351 -0.418985629081 0.00604314285907 0.00618870357441 -0.197665996975 0.022936302889 -0.0187629156419
-0.648578331013 0.0208639632434 -0.10397609889 0.0200322100984 0.00580825126496 0.0182115032222 0.00521279195626 -0.559122279244 -0.0118149405353 -0.0431679424876 0.015633065162 -0.0244495003242 -0.0198981812979 -0.180761429748 -0.279065568592 -0.0213612470995 -0.081380889117 0.00557277207191 -0.30233404766 0.166165482891 0.0118087018265 -0.00951209652125 -0.0717361300695 0.0382666438869 -0.00529442155799 0.0787221601571 0.0111544415606 -0.0397210124838
-0.591042134536 0.0536589871854 0.0244741029153 -0.0524968212542 -0.0146891464617 -0.0288628643936 -0.011808370481 -0.593658121003 -0.00825710997135 0.0350470796508 0.0151477707502 0.0471114478467 -0.0227334045721 -0.223267240767 -0.24224216475 0.0177346090018 -0.0805022290656 0.00705492908448 -0.311215429914 0.237693519988 0.0583538574039 -0.00844589628314 0.0945513204691 0.022180098093 -0.00667452194807 0.0663215541162 0.0214804472442 0.00373408829764
-0.342243621854 -0.00780770399012 0.0226179657201 -0.0386535387621 -0.00832016449756 0.016151764612 0.0123802856593 -0.371761276293 0.00569058873572 -0.0181007631962 -0.014105178997 0.0498824398082 -0.0184971680773 -0.402613776712 -0.0357604986279 -0.0191640445981 -0.0307947116633 0.00052947898505 -0.652954420278 0.0236192901312 -0.00488721391606 0.00222675845887 -0.379963099921 -0.0112486112651 0.00749691606455 -0.048556235736 -0.00533449682561 0.0124058220672
-0.429116392247 0.00227813450512 0.121779606233 -0.0440415323215 0.00827852939096 -0.00667938112351 -0.00747984390307 -0.31693633159 -0.00542065964453 -0.00276111941697 -0.00333659147601 0.0109754420024 -0.00819935297832 -0.229747771136 -0.124410090187 -0.0662656374171 -0.00350350769255 -0.0211692110461 -0.579196445796 0.0383657182477 -0.0190283597886 0.00633487009235 -0.507828405575 0.016530775321 0.0116094632216 -0.168846432667 0.0194876489947 -0.0242425802826
-0.523518092558 0.0429335571574 -0.202152624928 -0.0358751879593 -0.0181469449055 -0.00312685012252 -0.00811210982303 -0.411580032518 0.0626167249747 -0.0159499191698 0.0296920952845 -0.0119667966568 -0.0157744037246 -0.414590067122 -0.142186191317 -0.0590042708097 -0.0254471027362 0.0190065510447 -0.393647412967 0.063934217794 -0.00747756867434 -0.0134367525709 -0.314905795345 0.037075471237 -0.000481133764839 -0.212487109129 0.0107412526636 -0.0707090619276
-0.66381629185 0.0174957620992 -0.0868915128375 0.0216144487762 -0.0450550941357 0.0104220176124 0.0088196759716 -0.616153301857 0.0273279023209 0.0188572594297 -0.0290886967794 -0.0237375005439 -0.0351788606451 -0.111038206717 -0.301996280257 -0.131009897359 -0.0300422016487 -0.0279045377279 0.0331456812862 0.116209522918 -0.0130593063735 -0.00254573919265 0.0536071689719 -0.000818733599055 0.00417220179695 0.158823947344 0.00289006681198 0.0114943509316
-0.590324371549 0.017130931925 0.0331342317997 0.0172848415676 -0.0333792338844 0.00664930830085 -0.00579971804835 -0.598349784038 -0.00634503257118 0.0172577545076 0.0167661480745 -0.025223975824 -0.0250514504119 0.0157831451342 -0.235752560875 0.0553124994564 0.00726743367442 -0.0158046825748 0.177553245435 0.0851008691621 -0.0326689333116 -0.0018420389103 0.386885867 -0.0166598529112 0.00946157368826 0.19453592345 -0.0207768158854 0.0371140536173
-0.646538749733 0.00123423173772 0.106891927188 -0.031066318689 -0.00275688634267 -0.0284475260142 -0.0146682669955 -0.494311778562 0.00416394614768 0.0234867731211 -0.00991215895765 -0.000735038918659 -0.0093957327329 -0.128355883304 -0.199163989003 -0.134902292753 -0.0899585311145 -0.0143301779711 -0.41042408933 0.0919904698528 0.0215775876702 -0.00375098758299 -0.240871087649 0.00735892742213 0.0189040433751 0.0664206713677 -0.0181353783568 -0.0162494561275
-0.435185820655 -0.0022974853329 -0.182409835029 -0.0375209521911 -0.0606533447712 -0.0208511687147 -0.0179161376676 -0.34171591468 -0.00548254368811 0.00470684876436 -0.00482865329908 -0.000852114229683 0.00374154631395 -0.508596706993 -0.139099499169 -0.0857906251671 -0.00760926722084 0.00424956967881 -0.385263579185 0.0622935944156 -0.0228360997502 0.0179309119813 -0.385944147536 -0.00117044075138 0.0152688014357 -0.258405153691 -0.00146859815097 -0.00791704117292
-0.367996175673 0.0139189446206 -0.0629008652619 -0.0165063398829 -0.0460020976669 0.0132081427708 -0.0132486522682 -0.372863739407 0.0831732754015 0.017309500741 -0.00294021388128 -0.010528398534 -0.00234740925122 -0.549866369024 -0.174038339094 -0.0322092098142 -0.0590221028264 0.00357015568959 -0.338171927522 0.00261450318469 0.0589306764744 0.00117796558273 -0.465630179495 0.00386064609818 0.00281920989195 -0.188283320396 -0.00686830417363 -0.0630125957627
-0.492714986729 -0.0160408833334 0.0282345475308 -0.0107256953352 0.0313619094992 -0.0269022947529 0.000643835314013 -0.510869537316 0.0568880515749 0.0130453936581 -0.0298838745871 -0.0249643401462 -0.00602431572887 -0.375550237428 -0.298543381723 -0.074052250869 -0.0867543098627 -0.00812011768778 -0.121604267439 0.0430655250098 0.00560770147759 0.0100454335312 -0.476006304407 0.035915164288 0.00476619333414 -0.0222173273391 -0.00167803917145 -0.000509454638874
-0.400630989693 -0.00709975919535 0.0921107908783 -0.0709550738927 -0.0501438260503 0.00232597081784 0.00937567678928 -0.310745282155 0.0258597016005 0.00898694870172 0.0227143577972 -0.00783612367002 -0.0138739018691 -0.256710098858 -0.130214326079 -0.0663572438795 -0.0278697988124 0.0288202945768 -0.584447324265 0.000563140619828 -0.014538308997 -0.014829522875 -0.527327650627 0.0140000208167 -0.00114225050113 -0.123740290564 0.0039374294388 -0.0275692172261