-0.015779278216 -0.00580365246109 0.0595138671291 0.0384797613757 0.0585110104106 0.0155260664051 -0.035264851663 -0.00560279261835 -0.00968704588567 0.0551118779318 0.0193473865702 -0.000537028745256 -0.000464599565087 -0.0237866787757 0.0814503417455 -0.117219231595 -0.058706331568 0.0116587414388 -0.477697506028 0.679344125024 0.0964957358828 -0.00192452138525 -0.496908677278 0.113420693881 0.00680031260614 -0.0474294396306 -0.0249265754423 -0.0028965407062
-0.285388938247 -0.0251220597079 0.0620165656776 0.0720835592444 -0.0242461268989 0.00100960179844 -0.0313657192485 -0.306602250926 0.0112625970177 0.0606486242085 0.0651975609466 0.0432182582475 -0.0191991697489 -0.339177370304 0.130323173299 0.0850364096289 0.0134779215136 -0.0122941609922 -0.471695277616 0.338182722227 0.128406274247 -0.00359993782913 -0.504946550301 0.103177248937 0.00347149664341 -0.209725909825 -0.0146184639492 0.0151079252209
-0.408245795625 0.00587898662927 0.0793083005074 -0.0243177825633 0.0522798630904 -0.00491118773623 0.00339401682699 -0.446010954256 -0.0497528157639 0.0532904495143 0.0661611572858 0.0686837971458 -0.0159942486445 0.0321406793155 0.133727339906 -0.0557189674606 -0.0616201127352 0.0123647663938 -0.370688162417 0.541394221594 0.0503232945667 -0.00271544976458 -0.379350978273 0.0740191573459 -0.000239292288973 0.0102804390635 -0.00980840097168 -0.037993824915
-0.443628130459 0.0875007080961 0.000220547032524 0.144723419619 0.0372289620504 0.0490762261543 -0.0319107097794 -0.446032153163 0.0272985334353 -0.0651262207014 -0.0999549535013 -0.0655315403796 -0.0113612753669 -0.0976730322338 -0.0507763252517 -0.195335499072 -0.0414684119883 0.0109244261621 -0.373895181499 0.467838021728 0.0557514690346 0.00214428354524 -0.360204159797 0.0711870164665 0.00728488128116 -0.0226120296758 -0.0301423306966 0.035364711541
-0.414599188291 -0.0291216247374 0.105011938846 -0.0715777835766 0.0564568583094 -0.0243485019923 0.010348312843 -0.454003702787 0.0423582445074 -0.0612606476787 -0.085008283126 -0.0687279773543 0.0147689648805 0.0383461809374 0.0872514886443 -0.0857812178186 -0.050432791443 0.0241974181867 -0.348585119848 0.544249681594 0.062097939645 0.0114019493013 -0.365194611049 0.0781476914961 0.0102415735899 0.0149152073307 -0.00683311228054 -0.0475647669823
-0.298679089791 0.00407224319949 0.153859168854 0.0375639003408 -0.0419987709563 -0.016146253384 0.00197805644377 -0.221920764514 -0.00513244817915 -0.0099803998646 -0.0049769160497 -0.00523082905488 -0.00448305530753 -0.481512308954 0.0772730619351 0.0251550613983 -0.0171998591328 0.00272214201847 -0.399051791208 0.0318132519127 0.0213830591029 0.00329485334632 -0.443365778689 0.0283099290971 -0.000574698326453 -0.486821131703 0.00171619102169 0.0189340292165
-0.192439998882 -0.00373299722687 0.029710397471 0.00222192709393 0.0213453315483 0.00427936539116 0.00108486856281 -0.202227789812 0.00644181524286 0.0393454875173 0.0392136549303 0.0189510740914 -0.00186515706505 -0.551101165937 0.0017640185329 0.0199589120846 0.00098775609949 0.00106951130218 -0.464527367067 0.0065795286868 0.0144526988804 -0.00283370031657 -0.42312998519 0.00889917902914 0.00313588653197 -0.466164477411 0.00252780731512 -0.0244641470474
-0.232488195145 -0.00135132909045 -0.0501549083615 -0.0111081742986 0.00917413627297 0.00849406851873 0.00139886528129 -0.231437712285 -0.00343328826091 0.00081841661023 0.0154439129282 0.0146177715198 -0.00375911071913 -0.563435049123 0.0149265138075 0.00762365239315 -0.0139068665371 -0.000289033354821 -0.467657436971 0.0301049061086 0.074212048672 2.50058592066e-05 -0.515319638811 0.0531034191479 0.00179936492805 -0.27591711137 0.00372948076501 -0.0391875552734
-0.479539855015 -0.00715794312967 -0.00555165961834 -0.0110612675637 0.117227456781 0.000920721165395 0.00531272785802 -0.410603721012 -0.0106919846536 0.0103554121907 0.0070154088638 0.0118371227071 -0.0117368832103 -0.276298748756 0.204963655657 0.188418146134 -0.0374648550635 0.00866778518443 -0.300397581642 0.345924918699 0.0129338157532 -0.00121183304901 -0.463147729889 0.0500638740055 0.0113871316523 -0.0490531027137 0.0202705314355 -0.0394966129668
-0.459218913027 -0.0317304883696 0.0663358309165 0.0679219476156 -0.0324362719164 0.0209538527986 -0.0132839631087 -0.435696837945 -0.000620186210004 0.0307549255494 0.0370595834685 0.0259270407191 -0.00564274557213 -0.32083194111 0.0957496655792 0.115830616278 -0.000660079001127 -0.00818144433532 -0.36625570634 0.242979014607 0.114955135228 -0.00403571626511 -0.463018900273 0.0763664780196 0.00311431042387 -0.173585769974 -0.0166512725946 0.0440303203804
-0.461860370959 0.0128668180152 -0.0199837104177 -0.00457724217582 0.00823455858288 -0.00742022394747 -0.00101634014252 -0.61771889251 0.0143779526981 0.0696858494682 0.0485289607061 0.040927384176 -0.00278310772284 -0.180742845621 0.113527528036 0.0926138832782 0.00669434102001 -0.00711952974513 -0.324568795045 0.323654839787 0.0979838582991 0.0210132454624 -0.331005356648 0.0924134725029 0.0131010744038 -0.0296767752867 -0.0150349195437 -0.0393148617252
-0.582317990267 0.0219927245875 0.0167439309839 -0.0199118528459 -0.018395251978 0.0182201963851 -0.0148525804672 -0.654671349279 0.0226374733035 0.0699944156812 0.0492325980203 0.00947933368342 -0.00472158259984 0.0804337969416 -0.0540522341272 -0.157103961379 -0.0067795973047 -0.00779269011407 -0.229281858674 0.309047486201 0.0508072287686 -0.00568360635368 -0.154209419575 0.0525814018808 -0.0152566360839 0.0998835553358 -0.0260054888843 0.00266903793028
-0.621650649616 0.0032614280766 0.0777928403177 -0.0062292139256 0.0392745327228 -0.0335515358671 0.0104453644306 -0.532506603499 -0.011603355466 0.0063385140524 0.0232278422192 0.0144815076741 3.8369078455e-05 -0.035575638329 0.207353050394 0.0869291701203 -0.0644876634951 0.00941043939628 -0.24474532753 0.326445598001 0.0252561890841 -0.000781654284689 -0.302556308525 0.0502855985922 0.0077934194985 0.0531116699318 -0.00145675676553 0.00785421493779
-0.577852361251 0.0614343859416 0.0190901772197 0.0908967914439 0.0244366556505 0.0432411625063 -0.0145226990341 -0.500929456372 0.0180635595029 -0.0472546731392 -0.0119233892317 -0.0100237522898 0.0166899514734 -0.198922235226 -0.0366820446464 -0.092209121668 -0.047351070515 0.00149950500535 -0.301766906176 0.35971343646 0.0452395716082 -0.00215388581136 -0.33975225285 0.0513093657651 0.00114073098367 -0.0404416513822 -0.0296276906399 0.0474073499201
-0.605559450197 0.0245855475219 -0.027476243538 0.016286565016 0.0611915425565 0.0159516260505 -0.0115998467608 -0.613080308535 -0.0375375891225 -0.0595391817332 -0.0346457810253 -0.0170292962584 -0.0192413575394 0.124059966359 -0.0265091459406 -0.124323491064 0.0169719357582 0.0305630410753 -0.238170463952 0.313263701212 -0.0106122582 0.034617894537 -0.210581305047 -0.0131142178551 0.0123011329687 0.103052410784 -0.0237030140561 -0.00811445608658
-0.544482478765 -0.0349483584997 0.040507626902 -0.0266776284941 -0.021719146588 -0.00829881755563 0.00691272231507 -0.670493497461 -0.0453754359607 -0.0627940018127 -0.0910357996736 -0.0180878276716 -0.00521626422171 0.139485498685 0.00696474842651 -0.113409416079 -0.00535521088105 0.026937356988 -0.229766474405 0.306966048245 0.0193697388569 0.0403807308834 -0.197181681705 0.0110654625987 0.0225949261067 0.113318793236 -0.0253739673813 -0.00501954895083
-0.648090142853 -0.0252637075118 0.0877146212971 -0.00654717366073 0.0260647787484 -0.0254325748403 0.0240111627328 -0.585737831211 0.0245654612074 -0.00481149660501 -0.0417249411073 -0.021422620864 0.0101415726129 0.0656350693759 0.0913261455413 -0.0164549351077 -0.0504193404061 0.0183443559027 -0.167338237664 0.359194596751 0.0308524545857 -0.00115116765714 -0.208330056363 0.05504365376 0.00483619027533 0.058611120673 0.00425850824511 0.00119705951442
-0.333856464478 -0.0226782084461 0.157512110266 0.0850305720147 -0.0328851060942 -0.00519900453824 -0.00259075373891 -0.246946192185 0.001658612569 0.0647252204934 0.040282582093 0.0173603995299 -0.00846014497765 -0.475677539848 0.0601232950519 -0.014653336449 0.00291486971051 -0.00086651254552 -0.371273886808 0.00469138383668 -0.00248739762913 -0.00611329153253 -0.437183349079 -0.00488667518725 0.000107006586041 -0.477061888907 0.000363615537853 0.0306730601865
-0.483524349981 0.0217245619049 -0.015961685932 0.00615590460167 0.018828288237 0.0298406922555 0.00733846183429 -0.513341720864 0.0226643462383 -0.00201618086482 -0.0171275714919 -0.0464865048338 0.0246990703728 -0.140972637528 -0.00792666397709 -0.106002373489 -0.0824045475441 -0.000283036091704 -0.513482799088 0.13624459386 0.050710927037 0.00217216801315 -0.405275830179 0.0708475968058 -0.00268437366822 -0.0504428482252 -0.0202280979808 -0.0452045935887
-0.272098946727 0.000805286799124 -0.0431722149862 -0.06206972789 -0.0313323440276 -0.0131501530061 0.00155817782239 -0.256986356008 -0.00350449393156 -0.00181741991819 0.0303676656774 -0.0198840220963 0.0018984956637 -0.609224714771 0.00520413262993 0.0327314314899 -0.0190226095939 -4.97050794681e-05 -0.413641174044 0.0233308932352 0.0390905328655 -0.000896291478466 -0.464149796414 0.03238276036 -0.00417916333067 -0.296150410505 -0.00142998073877 -0.0413966888978
-0.457071985942 -0.00663738177439 -0.0362653283443 0.0163030878627 0.127110866526 0.0138085719679 0.00210459491469 -0.363857399979 -0.0166851876292 0.00709586187651 0.0123447407826 -0.000905806785971 0.0010315454121 -0.340132978717 0.214780821126 0.230288643152 -0.0195060466524 0.00409056472913 -0.316576048703 0.283124897509 -0.000558925649826 0.000751964811839 -0.483460760528 0.0421862030929 0.0063907091289 -0.0798058940918 0.0284972438673 -0.0431795166645