-0.00880218142271 -0.00404687243354 0.0133519788132 0.0740371762841 -0.0947702040111 -0.0661706966083 -0.00369912825242 -0.196645356467 0.0458950116181 0.469133769478 0.297333197197 -0.0803303908682 -0.0988623105672 -0.0457990327543 0.153300107011 -0.254096856446 -0.109929151361 0.018961446164 -0.320834752938 0.569174356598 0.0570601588304 -0.0710306575633 -0.271302185614 0.0379564095529 -0.044112132458 -0.0145308007179 -0.0152325354408 -0.0117841113285
-0.5622324148 -0.0184837995551 -0.109876763825 -0.0196086333056 0.0169713081559 -0.0199200327208 0.0127002386684 -0.715251269875 -0.092212985358 0.130757981776 0.170651693305 0.0454878752896 -0.0487914155536 0.0163573485463 0.0730809554887 -0.0499661405569 -0.0407212117772 0.0174704858725 -0.0179093287392 0.271613637414 0.0668909223904 -0.0402448434205 -0.0115444002954 0.0859894374526 -0.0140780730987 0.03461930004 -0.014289500442 -0.0103435300248
-0.472356266792 0.0355363010924 0.0479418806883 0.0366584845803 -0.0891900204861 -0.0315935868455 0.00800725758997 -0.607149716628 -0.132343551623 0.168548986044 0.111977115468 0.0329374446327 -0.0513394676867 -0.0880580890459 0.153846544856 -0.122940979418 -0.0461666343067 0.0300125904312 -0.230763948218 0.289471575409 0.000137927539602 -0.0341191901752 -0.369157892293 0.0217134226308 -0.0194104777038 -0.084683004939 -0.00308039435396 -0.00758153529582
-0.652673384337 -0.00318497945819 -0.0474989107714 0.0846207577505 -0.00536254780373 0.0449463586728 -0.0209397640428 -0.681331204842 -0.00965286997591 0.0945989748184 -0.0110443952331 -0.131435748594 -0.00616951290421 -0.0618818386962 -0.0123726682322 -0.177560610721 -0.0737434141562 -0.0140092605199 -0.105863305164 0.115541237479 0.0112427636183 -0.00686719564466 -0.0395091728599 -0.0431602389171 -0.00197299869398 -0.0403596917935 -0.00674339997755 -0.0208887376213
-0.496684020785 -0.00444918944905 0.0561980463975 -0.0230639399956 -0.00165481200623 -0.0488985674298 0.0185151365817 -0.568202558187 -0.00856554432495 0.175440694479 0.0278258356749 -0.103423066072 0.012945369294 -0.0575316039144 -0.0333684757618 -0.130344003046 -0.0279862024583 0.00215738687556 -0.488391989182 0.255677860328 -0.0250993286299 -0.00682063878228 -0.228574191919 -0.0439922948443 -0.0182767879484 0.0114813376517 0.00632068606984 0.00712613907289
-0.611785557661 -0.0521162424827 -0.0564567793861 -0.0389767901482 0.03640352577 0.0145210625807 0.00667925926483 -0.636636833685 -0.0729116885651 0.01066302547 0.014125112217 0.0517059092628 -0.023033320166 -0.0353544176038 0.154503377137 -0.0830609196214 -0.0508652567446 0.00378496650889 -0.206878428246 0.114723998249 0.00127250688259 -0.023944555918 -0.329196744409 0.0362234241645 -0.012822596689 -0.036732653109 -0.00364974683471 -0.0144363301992
-0.5124224615 0.0106948274711 0.0010591952171 0.0120929459248 0.0273836730631 -0.00690963081715 0.000357448821902 -0.692356242567 -0.137573751506 -0.0026579312388 -0.0201549144709 0.0757580928997 -0.011710733467 -0.136792567841 0.119177154874 -0.0340210881229 -0.0488939311482 0.00149749149223 -0.18826392597 0.0793550289258 -0.0302095548975 -0.00447728174491 -0.344111333299 -0.0149873665409 -0.0223943332095 -0.182644810409 -0.00189434062809 -0.0122469975803
-0.471244863538 0.0215729283918 0.0178412989556 0.00158407463408 -0.0442859855412 -0.0089826701606 -0.00551545236168 -0.63166605046 -0.136653549646 0.00989302793585 -0.000945023376206 0.0581919791682 -0.0273218313746 -0.174082929791 0.194462925491 -0.0606081437623 -0.0427814892091 0.0259035978144 -0.222468141881 0.158574875593 -0.0213777413031 -0.0165290978329 -0.38061898349 -0.0148762403509 -0.01232278917 -0.241214270656 -0.00512414010606 -0.00662105168045
-0.566677504655 0.0181986593713 0.0135404797912 0.0800857417943 -0.0815141986007 0.00550912202818 -0.00130064811502 -0.569995917432 -0.0462713737543 -0.0206853070964 -0.0348699222874 0.037417637086 -0.0283695443364 -0.0803631678723 0.198394942176 -0.0447143121521 -0.0535895685761 0.0168577279172 -0.26489496931 0.135185300618 -0.0221497092279 -0.0162503108932 -0.427773206593 -0.0099510967688 -0.00669535827559 -0.101433374725 -0.00477802636709 -0.0277135508579
-0.733422312849 -0.00678448975614 -0.0419877365836 0.023478536108 0.0625529183041 0.0542121783878 0.00411411881385 -0.611931438928 0.000320026000105 -0.00523310849292 0.0335635466388 -0.0274787564778 -0.000894127980437 0.0277176330664 -0.0175186274633 -0.0790824009987 -0.021781533721 0.00832945863983 0.109158511399 0.106611103889 0.0355423715536 -0.00438555527052 0.119041101633 0.0429660610748 0.0126776420576 0.165628900005 -0.00485717874816 -0.0205334734341
-0.601213849198 0.0189125826918 0.0191538366008 -0.0310098957446 -0.0307506514638 -0.0237831897609 -0.00562191717688 -0.681769208589 0.0642117407306 0.0637776890325 0.0437504275195 -0.00565130735387 -0.0096076173818 -0.117770723195 0.0980079683301 0.16573927674 0.0663045948983 0.00633154542827 -0.269383612936 0.071749251379 0.0445561016705 -0.0105612141341 -0.0891995887676 -0.0362951841387 0.00477312056206 -0.123964858176 -0.0194724012078 0.00614240571897
-0.601105640093 -0.00177589415942 -0.02238903051 -0.00352658450708 -0.0198964674794 -0.0116140934591 0.0111778778971 -0.667580646994 -0.0270085851778 0.0818042709168 0.029366131839 -0.0573113494892 -0.00690214761787 -0.117922712318 0.0931797429257 -0.00734001215112 0.0457279201577 -0.00282985968022 -0.311713939876 0.107641656657 -0.0430344822087 -0.00929321507692 -0.207836270555 -0.0233813413966 0.0220477031934 0.00479986769411 0.022572411779 0.00514542897554
-0.681302338502 0.00484928026699 0.0812589570053 -0.0312390939703 -0.0392231219011 -0.00896483813124 0.00517245500811 -0.632317364896 -0.0233316447084 0.00470242635157 -0.0176292824494 -0.0548691794119 -0.00736648062183 -0.00785577016253 0.0332132912538 -0.117065996722 -0.0281522688713 0.0132684475253 -0.223732732407 0.116807504576 0.00310847103608 0.00607213128426 -0.206861710132 0.00215397131691 -0.0111262968239 -0.0163102667258 0.00333769352041 -0.00544128108471
-0.723518573578 0.021907622502 -0.0918852948907 0.0288054852753 0.0192956522161 0.0547525275333 0.00209353966982 -0.624711323384 0.0137479989112 0.00013778345738 0.00882102066102 -0.0288914555995 0.00660847917452 -0.0420347504145 0.0452411944964 -0.116561108215 -0.0439699500875 -0.000808935384283 -0.174984877873 0.0700116259104 0.0526026879189 -0.0102392124717 0.107970616874 -0.0107784449075 0.000979240283504 0.0387212859768 -0.00996962698017 -0.0297208977256
-0.656987915068 0.014118306832 0.00434194961205 -0.0413989400665 -0.0275612642231 -0.0215704648567 -0.0148745027317 -0.70798751099 -0.0680356363379 -0.0166459980339 0.0560714973479 -0.00572430986217 0.0311856121612 0.101038933155 -0.0402969517939 -0.0577383923588 -0.0107170385245 -0.0210723797046 0.157919484094 0.0401674292088 0.00836320519896 -0.00505390307123 -0.0631354589607 -0.0276719502396 -0.0206524804419 0.0826873345857 -0.00335379271029 0.0169557886833
-0.566631929643 0.00191116928962 0.00990469056612 0.0587297089289 -0.0196136106912 -0.000648096567348 -0.0055304250266 -0.654325743322 -0.0831795096965 0.0452972365251 0.00083341384936 0.00160262732587 0.0365046512987 0.0963643914337 -0.0159287226982 -0.0117853790557 -0.00109541765024 -0.0145868800499 -0.409985980718 0.196422204554 0.000118424733498 -0.00614150441714 -0.114221501161 0.00697093094447 -0.0174817021832 0.0763121011287 0.0232228826182 0.0121949154917
-0.67949120787 0.00282936829956 0.0454183302214 -0.0351365738351 -0.000575778180291 -0.0573176977323 0.00992650114769 -0.651873518838 -0.0349869245411 0.0443880543546 -0.0406845266825 -0.0219232363796 0.0219451208345 -0.0240823885785 -0.0222064524321 -0.158895133383 -0.0100027485337 0.0296957247461 -0.225653602049 0.0549397584808 0.0296146950244 0.00595946242191 -0.0763375766687 -0.0243739881178 0.00660832306794 0.110578093958 0.00117818664236 0.00199629628519
-0.632230440802 0.0140653027711 -0.0638097021059 0.034850451268 0.0657754154198 -0.0066506387825 -0.00424710483722 -0.572654741204 0.00600593726864 0.0548686369679 -0.0403610018246 -0.0235177216772 0.00404533767711 -0.0993005498256 0.0587558775549 -0.142378304986 -0.0536912428541 0.0102662210435 -0.363101230539 0.185494704979 -0.00734268742996 0.0081691812783 -0.196662604088 0.00406444944762 0.0320284721451 -0.114029195515 -0.00274785362604 -0.0395048305119
-0.497475837581 0.00851412289601 -0.0213064046704 0.0818042231743 0.00116016510766 0.0122759994174 -0.00779390136922 -0.578368318851 0.114703560097 0.0234073930715 -0.0332192484842 -0.0669514187947 0.000832477775728 -0.239695772017 0.0241615390025 -0.00248551133034 -0.0670632421486 -0.00105842937654 -0.374910325884 0.0989930296813 -0.047793571528 0.0138655892127 -0.284813101983 -0.010121115564 -0.00167071309796 -0.307504380644 -0.0112197145989 -0.000396837923667
-0.489981542636 -0.024484669504 0.027496931889 0.0166433443875 -0.0245175137123 -0.0390862280272 0.00395251956079 -0.542104392991 0.0841637260885 -0.0446081743429 -0.013279244954 -0.0517816076161 -0.0115384552524 -0.210536850265 0.00295734985399 0.00445887630948 -0.065849922994 -0.00646792836377 -0.447572432826 0.0935093415613 -0.00270103328125 -0.00879496154693 -0.343654105795 -0.0103477195 -0.00868787092226 -0.271270450976 -0.0208926194149 0.00355172111351
-0.567485970544 -0.0139601100476 -0.000497983087583 -0.11102391792 -0.0813854463487 0.00100162840566 0.00783488534065 -0.450255234839 0.0161117539879 -0.0173091274796 0.0036988650775 -0.00175976462033 -0.00330515296771 -0.257784927875 -0.0988600920395 -0.193469637673 -0.0271068602197 0.0109208467144 -0.452715471256 0.161240471532 -0.0106273481625 0.00143324358936 -0.296618579412 -0.00603028324565 -0.00918545190893 -0.147128530603 -0.0056730949305 -0.00880645379758