-0.0144119770631 -0.0245957624577 -0.0128944326754 0.0051094951965 0.157975618633 0.0345288565299 -0.0129579831375 -0.258528694497 0.372185151165 0.487510769397 0.3625768995 -0.138505819118 -0.011164607627 -0.173891742272 -0.147930290215 -0.472063387096 0.0184561756931 0.0344255897552 -0.153480634982 0.152511769925 -0.00851188451238 0.0259984473533 -0.211602048975 -0.0898675296722 -0.0183154331507 -0.0179298513699 -0.0362483734983 -0.00202076564171
-0.381197559934 0.0083359497824 -0.00998865479393 -0.0422047843926 -0.0243833547848 0.00312147789129 -0.0149665418303 -0.427410326473 0.113113891458 0.0220444261881 0.119560706267 -0.0137718383072 -0.0232054841636 -0.113349157539 0.134668314117 -0.174496171495 0.0365703270564 0.0204036443529 -0.597974375179 0.0236403407565 -0.0266058650036 -0.00912380364788 -0.467275790135 -0.00913742114502 -0.0106848481453 -0.008059309557 -0.0143896328549 0.000734980095727
-0.521177873695 -0.0230973230914 -0.0224408402672 0.00428640316484 0.0583653097348 -0.00644547142149 0.0123687838395 -0.662377550911 0.101159271854 0.130478948058 0.212570492822 -0.0408302579523 -0.00241756322705 -0.165544890987 -0.0459301039805 -0.16071762211 0.0691848523009 0.0136663131743 0.0180713100515 0.201092383318 0.0208715070389 -0.0117366153922 -0.32009430109 -0.0377112524383 0.0115270689038 0.0710402649752 0.0114454265288 -0.00258088960324
-0.6018932639 0.00718408365209 -0.130641930489 0.0578852344691 -0.0964568610593 0.0740903145803 -0.00119109445162 -0.621622964649 0.0327696016046 0.0362437358861 -0.151870849184 -0.119332322414 -0.0323505016974 -0.0157656200942 -0.128970766013 -0.279474182965 -0.0464843657712 0.00514898726869 -0.200665436127 -0.00593699837213 -0.0415108477578 0.0289190507799 -0.173649161243 -0.0321791816179 -0.029065570347 -0.0428907139014 -0.033414981116 -0.0167061461021
-0.533735975667 -0.0077822765886 0.0991994187895 -0.0591456705969 0.103271284793 -0.0354081608648 0.000451795624216 -0.676970169168 0.186821061331 0.0202082829931 -0.15153322681 -0.114912536382 -0.0205567519389 -0.130460082281 -0.167116104591 -0.260754895155 -0.0343122359299 0.00746043442312 -0.0271160819383 -0.135970580293 -0.0197666273454 0.00658496386867 -0.0419624874632 -0.0826765376963 -0.0138999567959 -0.126646014513 -0.0305002137715 0.00536565445096
-0.566930080091 -0.00130639973222 -0.0532894403924 -0.0233392924261 0.0197422450064 0.013284267377 -0.00991129113703 -0.563759300137 0.0350921640206 -0.0955141747429 0.0434987433768 0.00788264599727 0.00696814052318 -0.00141829823126 0.114951123748 -0.0880831534289 0.00543217908537 0.0275333209161 -0.375163855821 0.109969033121 -0.0291010948504 0.00620096140647 -0.40834884365 -0.00298284303618 -0.00177873209435 0.0417556151369 -0.0163913970285 0.00981545537412
-0.551070048387 0.00479388957827 0.056412238443 -0.0716670354501 -0.0505868603003 0.0123700249577 0.00139178998704 -0.536175213039 0.0279267096504 -0.0134113136606 0.100752552501 0.0323494711114 -0.00624481419899 -0.164727739249 -0.00506345952724 -0.0557430459786 0.0965619683055 -0.00269655015295 -0.420781668936 0.0966478365746 0.000466969620481 -0.016239360247 -0.395421879904 -0.00686086502627 0.00865990354771 -0.0525765488421 0.00821799864878 0.00349225066497
-0.441647188079 -0.0334411551842 -0.0197341332711 0.00836461726828 0.023464537164 -0.00726367936985 -0.00695300774944 -0.69289921312 -0.0147060815557 0.0702450017548 0.182267054511 -0.000829536489002 0.00228383535251 -0.0916652942515 0.127270841605 -0.00889000646012 0.0551152510729 0.00646417160387 -0.445533925235 0.126715847771 0.0254915198487 -0.00298533219448 -0.194900742762 -0.0353143962065 0.00946400548466 0.0414128935623 0.00975986403866 -0.0110884320733
-0.458752197564 -0.00466483518092 -0.00260449229647 -0.0178354844193 0.0134384777878 -0.000360838833511 0.00827915821277 -0.789488756186 0.0263162422718 0.0516811599835 0.195919437866 -0.00698809817036 -0.00411882457389 -0.099051097985 0.0367012787074 -0.0141418880241 0.0508882720712 0.00891160137634 -0.228029441019 0.151239641713 0.0272191106965 -0.0036209281398 -0.176017169094 -0.0369249334095 0.00235667083311 0.0423188637039 0.00558410338693 -0.00438235001846
-0.494926236176 0.0360046251765 -0.0366970676666 -0.0570828996402 -0.0096349419006 0.000934813876199 -0.0103930027025 -0.528551275954 0.0298869711063 0.10505809861 -0.0200032685235 -0.00471273705365 -0.0153913517532 -0.0897542963146 0.104851792556 -0.212882914966 0.00321641809562 0.0140149623516 -0.507526025688 -0.0543603157478 -0.00293746986787 -0.00655590913855 -0.362227008818 -0.00603980408483 -0.014220352665 0.0064219199161 -0.0181638044327 -0.00234400080447
-0.445268568387 -0.0146391422342 0.00470448303733 0.0178459811327 -0.0137024593152 0.00259759930013 0.00341364947192 -0.553256288986 0.104768156917 0.0511110234107 -0.0280683549726 -0.0107061173013 -0.00606988705125 -0.19581949287 0.0873329168275 -0.167066836912 0.0389393401552 0.00854447163568 -0.495072284257 -0.0845199470376 -0.00332596130278 -0.011274150709 -0.386556816665 0.00612867439032 -0.00747516526355 -0.0515355918862 -0.0100157813017 -0.0150726693317
-0.569904587971 -0.016645224293 -0.0189979297012 0.0549528165718 0.0241602859199 0.0263432650564 0.00534138269639 -0.602934779059 0.0742134560313 0.0803303005376 -0.00854180165189 0.0183991739394 0.0147012367503 -0.21056987533 -0.0398818945846 -0.215448266055 0.0211961148059 0.00146054934371 -0.173349436809 0.0380148348193 0.0141625763203 -0.00150940977174 -0.410281023091 0.0293838052101 0.0144139051725 -0.00891163852152 0.00497077505078 -0.0110797081999
-0.653807559443 0.00453642786054 0.0191661492372 -0.0693934974343 -0.0115270337437 -0.021356283429 0.00852575978684 -0.59975631269 0.0455832447013 0.00266198756861 0.0833444451684 -0.0240854303711 0.00183474307955 -0.189806366623 -0.0964465289933 -0.234785580126 0.0163759076097 -0.00446438908503 0.195179426033 0.0606419655877 0.00243028616858 -0.0130911626387 -0.229795182915 -0.0288684650183 0.00502360224363 0.0287129128098 0.00192291642191 0.0128546093013
-0.669337222825 -0.0704061804933 -0.0599472556578 0.0688023403333 0.0137816057121 0.0335130855992 -0.0044225259092 -0.658958783579 -0.0925186181762 0.0194238316704 0.00192899630265 -0.0282634930308 0.00451344834827 -0.0908106129966 -0.136629178601 -0.229938904328 0.00190516765816 0.00504794430113 -0.0345415072724 -0.0973469150069 -0.00224415475836 0.0160915298332 -0.0239477912412 -0.0347875130189 -0.0257324330375 -0.0113898049787 0.00671440997781 -0.00384231972482
-0.583661957465 -0.0060748919556 -0.0306686155935 -0.0705195903329 -0.00941392363514 0.0225761849433 0.00178455108447 -0.715506218691 -0.141500397504 0.0267697828288 -0.052203569121 0.0096446373714 -0.0135885278132 -0.0139587391136 -0.0772761202526 -0.0954065328765 0.049747325878 0.0142362314417 -0.0390942662054 0.128652030739 -0.0393127429908 0.0215516975896 -0.272002308763 -0.0424424122474 -0.00697981212333 -0.045190466402 -0.0283933081678 -0.0193920728769
-0.676346297648 -0.0422461972076 0.0390181424409 0.0619235904193 0.118947155914 -0.00256776501574 -0.00912461788654 -0.643185078313 -0.0803031575783 -0.0315108076124 0.0907416229 -0.00896266860636 -0.0045745325219 -0.0936076430401 -0.134749922084 -0.0100645977239 0.0870981914102 0.00843970185255 0.121973567532 0.0131446366894 -0.0126499006241 -0.00248647701312 -0.163022743279 -0.0778756299002 -0.0337010755428 -0.0798694833027 -0.038020113628 -0.0146733568497
-0.627074538978 -0.00422295953741 0.0109163980083 -0.0814452780554 -0.0123507847196 -0.000972929689932 0.00900674108607 -0.677609264923 0.0785577223997 0.0249753287886 0.109317018133 -0.0125637369586 0.0226494987918 -0.209324035197 -0.120807254406 -0.057694970609 0.0288596521814 0.0296721221405 -0.110477510243 -0.091113766086 0.0110731920809 0.00331825554736 -0.134258808547 -0.131697580992 -0.0253443609418 -0.0309692977578 0.00454573277173 0.0108050969246
-0.547163941159 -0.00103283637692 -0.0389903061892 0.0862227287396 0.0111016412756 0.0193794651375 -0.000591782391629 -0.556354452549 0.00813421292541 0.0773486113397 -0.0435570447859 -0.057914993539 -0.00123802239852 -0.192444994205 -0.088902258557 -0.149088680899 -0.0370767157648 0.0120323097864 -0.490937117604 0.0380534576345 -0.0198369929801 -0.00430506592018 -0.228197239928 0.0276514067521 -0.0278233380579 -0.0633245141027 -0.0321828530714 -0.0100626491375
-0.475199683861 0.0308835031693 -0.0481311719534 -0.00735317624216 -0.0246750357138 -0.000736036639495 -0.000174683110611 -0.576427139173 0.0470011969333 0.0706616198522 -0.0638666877488 -0.0570805298572 0.011817973486 -0.0199380300108 0.11821545026 -0.0593795654017 -0.0444159016841 0.000959009976667 -0.539055015102 -0.00856277763675 -0.0407908739776 -0.00349062726394 -0.331068307917 0.0175630697158 -0.00391984616364 -0.0255613658048 -0.0202125109132 -0.0105070980675
-0.464885262264 -0.0156790824184 0.0458279148532 -0.014176532072 0.0181373981105 0.00432570844766 -0.00242458139895 -0.601797984896 0.0570474373944 0.0806810609369 -0.0567791253468 -0.0565166129978 0.0176696324859 -0.117121490653 0.087041011177 -0.0982181459695 -0.0759399589158 0.00608379737863 -0.550527493822 -0.132316190352 -0.00733443468448 -0.000453861188281 -0.16515145869 -0.00840492626349 0.004308264848 -0.12909353365 -0.02932492502 -0.00711267808108
-0.471603374492 -0.0133869402236 0.0270886535095 0.0324264591815 0.0319097351991 0.0169902739947 0.00864838721598 -0.595025553925 0.07641006724 0.122703305841 -0.0251263585233 -0.0334730764703 0.0136677976275 -0.325517050779 0.0673644495838 -0.20013037443 -0.0339643836013 0.015509715982 -0.429339339773 -0.0599076477656 -0.0420543510729 0.00480622614991 -0.194960718354 -0.0255304705876 -0.00355995632562 -0.128394679081 -0.0231069683698 -0.00192793798456