-0.010789997317 0.01897835295 -0.0218449776706 -0.0942996452241 0.0182858955443 0.0154952204748 0.0243840931914 -0.336275599089 0.00152493475561 0.262661422993 0.526756362464 0.0358408386373 -0.00478228941195 -0.167334355649 0.155370588695 -0.42048763908 0.0323975624984 0.0118556491107 -0.149882059024 0.188470125917 0.0794066644055 -0.00134332468497 -0.475649807436 -0.0800004839858 -0.0285577505226 -0.01424277541 -0.00565078417431 -0.00188980625575
-0.449787671287 0.0412661283528 -0.034750074992 -0.0576826814121 -0.0599031764982 0.00349256631762 -0.00231460393725 -0.601958343957 -0.0430203235436 0.0825505176452 0.235341580026 0.0623036875998 -0.0238183621894 -0.0876368805895 0.152544656666 -0.259805104057 0.00308637409157 -0.0140217142444 -0.0196274020817 0.215729195675 0.0552857176708 -0.0278939778534 -0.45454643484 0.0153525077342 -0.00954959773379 0.00687765056976 -0.0175744065687 -0.0168552798006
-0.368357828506 -0.0410686790506 0.0102748926806 0.0158897912278 0.0693115583704 -0.000654876463422 0.0164038711656 -0.595053650051 -0.0624024850229 0.12308531598 0.250470565162 0.0755386378276 -0.0288994113235 -0.140712000416 0.129330075337 -0.268685368303 0.013657894933 0.00283560621868 -0.308084511622 0.148086261643 0.0454814140117 -0.00250261176813 -0.426013969653 -0.00116565348806 -0.00606846931938 -0.0716319746185 -0.0129720457204 0.011227544497
-0.423391826355 0.0087297689697 -0.0189897961073 -0.0210485897525 0.00424169296209 0.0584757393158 0.0245422906722 -0.576069861525 0.00463095531919 0.126808522778 0.255281326298 -0.0372941102468 0.00499334606975 -0.131380381471 -0.037455476799 -0.367793833589 0.0161906951955 0.00985825980075 -0.193496026847 -0.0886536242429 0.00776798729525 0.00835393892445 -0.429481910357 -0.114448525302 -0.0162096171304 -0.0536831373147 0.0165925101248 -0.0240483964141
-0.411028697948 -0.0257798120739 -0.0166617441103 -0.0484422374405 0.0250174656722 -0.0156819779696 -0.00621717428097 -0.596601330052 -0.0244941900483 0.0122942779619 0.273534162322 -0.0479773570503 0.0154057324973 -0.198957987285 0.0991439292869 -0.347823539952 0.0209832923797 0.0348941735655 -0.220140600281 0.00655764094058 0.0232437111598 0.0268378297694 -0.38851162269 -0.137025830141 -0.0252403734724 0.0224998300726 0.00143506039217 0.0114303579776
-0.550036296314 0.00588929086612 -0.0378078935477 -0.0527711079432 -0.0833253796135 0.00700570230394 -0.00484207902778 -0.553008275845 -0.0598142055445 0.0232321991874 0.0769632230305 0.0488855445209 -0.00201006647176 -0.202916310588 0.227148733597 -0.0295810148124 -0.0403327286532 -0.00328674534752 -0.193892515536 0.0865168543965 0.0103277458815 -0.0258644144123 -0.473189034649 0.0286045540367 -4.32188545403e-05 -0.0270444068329 -0.0153126886367 -0.0333392305476
-0.31740067086 0.0108918824124 0.0292490675294 -0.0138368567493 0.00265026961268 -0.0224814450951 -0.00196881719208 -0.332053960848 -0.0226933357211 0.00290350151618 0.0105670181123 0.0485728074699 0.000191281902339 -0.366869960834 0.0716533315623 -0.00524781260561 -0.0868148321888 0.00202203580909 -0.475938826758 0.0156188606031 0.0056759908917 -0.00180280115807 -0.580767032484 0.0368950566279 0.00283645430621 -0.267407104059 0.00643257310676 -0.00443443417191
-0.34965648543 -0.00745300893495 -0.00921270984809 -0.0385990459342 0.0112433837533 0.00985434941317 -0.00381210412859 -0.381299229464 -0.0233203324678 -0.0118904321584 0.0348055955342 0.0657426995758 -0.00754367246816 -0.369276630713 0.00771961230456 -0.0522889704775 -0.0727488945571 -0.00378380011764 -0.398555602637 0.0273687716909 0.0228260136618 0.00311338319329 -0.590525035088 0.0292548756492 0.00505910538473 -0.263862440782 0.015761890087 -0.0119213598954
-0.46310347355 -0.01276223247 0.0238768218646 0.0247933235693 0.0704544900219 0.0146615157751 -0.000913090386621 -0.495260835933 -0.0602511558033 0.000848830329847 0.0767380221342 0.0351593635938 0.000852563040698 -0.293471292674 0.188393062627 -0.0938303863737 -0.0204730566695 -0.00732816633102 -0.265561075697 0.106744579604 0.040102591496 0.00746682079397 -0.538008032494 0.0302765978871 0.0171344426523 -0.130991995286 0.0250329376688 0.00664501044139
-0.643743684916 -0.00644866542253 -0.0430955413479 0.0435097355336 -0.000345518832055 0.0363272540734 -0.00533524340752 -0.63077612886 -0.00418095489627 0.00627980765364 0.0625691335604 -0.0199596962346 -0.00359818906682 0.0449233402296 0.0943559364279 -0.181535597186 0.0199592690216 -0.0159795090716 0.161152603471 0.0956470094704 0.0453517572117 -0.0181213558571 -0.30433831539 -0.0161569378654 -0.00042375343822 0.0540386328667 0.0155380783301 -0.0106711507677
-0.587639023454 0.0353412760231 -0.0100003127527 -0.0598043066663 0.012056211437 -0.012104005603 -0.00819721696432 -0.675174433453 0.0835070503029 0.0391981982863 0.0676930728296 0.00741184812589 -0.0357425547194 -0.052289292766 0.1509864281 -0.142878535124 0.0480856522367 -0.0160541923706 -0.166380933672 0.109237211309 0.033097277922 -0.0235580802849 -0.283801248217 -0.0140647108107 0.00120760933458 0.0878521488367 -0.0294374671416 0.00154905048619
-0.528142785761 -0.00245228991902 -0.0243400637482 0.0516917021356 -0.00430883144106 6.43281133304e-05 -0.00378766236853 -0.686022159273 0.103567685377 0.0613521911074 0.129118842068 0.0252244699515 -0.0236810248234 -0.0684810707629 0.0891194587363 -0.120182707609 0.0523148854285 -0.0181250289242 -0.273701805623 -0.0144009090966 0.0115214818471 -0.0202143115292 -0.322820979004 -0.0385653305099 -0.0074957894914 0.0407851292043 -0.0393016595148 -0.0029637636341
-0.548428644848 -0.036331743363 0.0123001627503 0.0541917256749 -0.00187649272947 0.00370685930328 0.00813062826203 -0.67876463518 0.0138023646348 0.0916286267353 0.130449742407 0.022653712629 -0.0089097490065 -0.130461910407 0.117504576932 -0.14298753579 0.0385206834137 0.00758567988076 -0.172679043602 0.0834569714372 0.0321590437156 0.0025329125966 -0.340928670115 -0.0228881494909 -0.00429421794954 -0.00204575982348 -0.00686096782127 0.0187896560851
-0.541339594798 -0.00773770123916 -0.0569526022787 -0.0126024002958 0.00491970679828 0.0166720505124 0.00814315471904 -0.544313926626 0.0282477738863 -0.0308134112232 0.0827486456846 -0.0122384856599 -0.00596285129586 -0.0749873279168 0.0861286743645 -0.253049608103 0.000622416344203 0.00169151383069 -0.270434038861 -0.144424443703 0.0100510065855 0.00903363003235 -0.471170723387 -0.0382454685911 -0.026853553029 -0.0286373805812 0.0088767131952 -0.04152297108
-0.504537764161 0.0402755663727 -0.0113901006785 0.0304416912617 -0.0537394647707 0.0197853650341 -0.00361391149185 -0.73307595529 -0.0882376657472 0.0177211421044 0.109055375599 -0.00670750119736 -0.000556732658164 -0.0611693899656 -0.046982228124 -0.222537825881 -0.00568944025799 0.00813265838756 -0.183001258732 -0.00562886987788 -0.0050298784489 0.0109467164542 -0.289173465641 -0.069590815977 -0.0110513224099 0.0644268010228 0.00660426646841 -0.00378897841604
-0.511678805633 -0.0103407893678 0.00937555356618 0.0324758678634 0.0141001945383 -0.00144276739862 0.000628554603186 -0.73988003784 -0.112867526009 0.00158226816774 0.110340794301 -0.0204430809746 0.0170563934001 -0.11984217711 0.0264499397754 -0.150860369115 -0.02504617144 -0.0148027960232 -0.0785470349409 0.12121651447 -0.000540105246876 0.0073840936392 -0.291756629677 -0.0677971352704 0.00867774115199 0.119276681996 -0.00398581816772 -0.00803631022931
-0.588698633822 -0.0213603636928 -0.0313594917628 -0.00175500348701 0.0509065683861 -0.00437574974634 -0.00919151262734 -0.617572562295 0.0362695992801 -0.0146394532863 0.107595447913 -0.00971090599596 0.0314892532525 -0.0350764862968 0.0736037447535 -0.222174606391 0.013233086661 0.0398145116082 -0.218212051856 -0.12148091918 0.0366535725691 0.0267076230604 -0.350835484527 -0.0512927711382 -0.0192016918946 0.0735121727631 -0.00347186226509 0.00240998716358
-0.625217504867 0.0226039207231 -0.0374717067707 -0.0491568550768 0.0988148276608 -0.00781501165073 -0.00538861633415 -0.543707575148 0.00330391295798 0.0679394100768 0.0156766983622 0.0061935070545 0.00471280734086 -0.118507652937 -0.0940590412794 -0.296534973211 -0.000841354876346 -0.00428057516572 -0.110282889806 -0.136702887441 0.021631282257 -0.000637945863464 -0.384429340535 -0.00118568882843 0.00355312007322 -0.059210754535 0.00465428077764 -0.0296169643047
-0.433419927723 0.00844614414063 -0.0199676860175 0.0175852459537 -0.00249391871072 0.00999808097599 0.00101726376639 -0.485688117009 0.0220640123699 -0.0451178352439 0.0931064293264 0.0213677765179 0.0108226943361 -0.366133990711 -0.047868724231 -0.0161720360549 -0.0306574768362 0.00234640233445 -0.201296620425 -0.069865192241 0.0431135391097 0.000279775069243 -0.442549001154 -0.0154810906311 0.00790055786278 -0.427273887908 -0.00854979650981 0.0014886623666
-0.407991968481 0.00243689321558 -0.00398293432951 0.0117350889559 0.00169397766388 -0.00572183298128 -0.00593957272557 -0.465592030898 0.0272384687065 -0.046499566274 0.102495447611 -0.0172731152567 0.0027746824192 -0.432089818087 0.0324976667294 -0.0503734240202 -0.0511910710397 0.00256502525349 -0.243987820646 -0.0364332716368 0.0119556811606 0.00544352037168 -0.426550243247 -0.0416540636851 0.00426245936364 -0.406368161173 -0.00591179896908 -0.000121397620339
-0.550975512151 0.0141738061356 0.035226841779 -0.0233896302944 -0.0581705609627 0.021246959781 0.00783051440501 -0.545403433201 0.0307897349815 -0.0103436687549 0.0829814857456 0.000492236922833 0.00829815334505 -0.272081020907 0.0525206313472 -0.241321505204 0.0161853073189 0.0261245713998 -0.204869772631 -0.0356102487513 0.0256867728442 0.0204599698959 -0.441617166555 -0.0463747274582 -0.0111789312468 -0.0818864751749 0.00696925691761 0.0269287138693