-0.00580556675908 -0.0060416069764 0.0323062260834 0.0168750236412 0.0465384655533 -0.00236629830827 -0.00217525578921 -0.0141240819146 -0.0121004021082 0.0764920854957 0.0357366530184 -0.00980673774069 0.0122641309299 -0.0095779864652 -0.000107236633839 -0.0720057838236 0.0168513651353 0.0235293870945 -0.497867788958 0.66184709574 0.0935326943919 0.00835582367476 -0.517439355793 0.129805094522 0.0151825901213 -0.0516207768247 -0.0191245775183 -0.00210769206149
-0.185452395664 0.00176649906828 0.0127723928463 -0.000903764680765 -0.029433604778 -0.0150429529357 -0.0200191175005 -0.186864635053 -0.010545002618 0.0415819582101 0.0180000755831 0.00790196579601 -0.011035694854 -0.449138266441 0.143980241788 0.144833125955 0.00362168014707 -0.00130937882833 -0.498307674626 0.233391840403 0.0668799014615 -0.00750591256876 -0.582880379226 0.0788707438082 -0.000720773683715 -0.172054032364 -0.00828515184891 -0.0167234856376
-0.344429472675 -0.0144227600383 0.060275746022 0.0145475104185 0.044648503068 0.00628354452291 0.0381535315979 -0.358762478278 -0.0291707708513 0.0829211432971 0.0362183989747 0.0340802826647 -0.00593501371919 -0.108259597901 0.108735506462 -0.0240672135154 -0.0193400284633 0.0322136154363 -0.457700876976 0.528676878694 0.0859238467772 0.0180919917184 -0.444013554071 0.121184589332 0.0171092338666 -0.0206384617022 -0.00941466439607 0.00242655917765
-0.387186710048 0.0562031884874 -0.0446643768218 0.0803523988345 0.0490557307038 -0.0018768248421 -0.0336581505733 -0.417976280018 -0.0213959134346 -0.0972152539295 -0.0720775808619 -0.0517370491354 0.0128821802699 0.0922372266717 -0.0366219158748 -0.0749046917242 0.0366150953917 -0.00434311823752 -0.404748674881 0.531368035653 0.0716399239352 -0.00986047495408 -0.40501296303 0.0832513597889 -0.00438694644316 0.048699152673 -0.0205577836462 0.016760246756
-0.433059133609 -0.0507060817378 0.100146189994 -0.0516712668194 -0.0233972896632 -0.0150986952089 0.0516851023622 -0.45125640859 0.0225782363616 -0.0517845100194 -0.11008127649 -0.0623984156649 0.0124758366172 0.0746958575825 -0.0371638536893 -0.0795307610324 -0.00938935992306 0.04177258492 -0.365045605898 0.526708188415 0.0518235513348 0.0242740005873 -0.358167818567 0.0986458794409 0.024964399334 -0.0511012756537 -0.0128950574159 -0.0161944722592
-0.364124775789 -0.00171072904458 0.0204978642955 -0.00502015364123 -0.0660511977954 -0.0217603607852 -0.00866641309037 -0.338945751955 -0.00235321297772 0.021665108379 -0.0167194356708 -0.000876885391933 -0.00551647257669 -0.377404927003 0.160966343846 0.152900098555 0.00390261499727 -0.00198068115483 -0.447536135898 0.237798444613 0.0455179743219 -0.00208358736547 -0.53040809364 0.0646897982364 0.00280521277716 -0.100627367027 -0.00348784826117 0.00806378791144
-0.161825437296 -0.000589540453672 0.0165184335823 9.25824366077e-05 0.0113063480683 -0.000831078847859 -0.00311656308176 -0.160546506375 0.00893877246189 0.0127969196974 0.00301015632372 0.00355307885503 -0.00227805357157 -0.501896007603 0.00680126012434 0.0366942376073 0.0088278867003 0.000434718571981 -0.470040441887 -0.0263004609234 -0.00665671620934 0.000347199952434 -0.522156309698 0.00672422660461 0.000122040243596 -0.44458169558 0.00223199971515 -0.0442768427985
-0.168106599769 3.47256269262e-05 -0.00259797168912 -0.00193287300099 0.00925827274575 -0.000445108998092 -0.00179695191503 -0.171455706451 0.00701246639546 0.0393008815303 0.0120266710261 0.00816902921215 0.00148773627246 -0.536928915879 -0.0113269106055 0.0151725389319 0.00747453451224 -0.000324123712586 -0.48141128096 -0.0284192655982 0.00278944127794 -5.3390072497e-05 -0.450516491263 0.000877661700607 0.00150844570638 -0.460017356351 0.000303073024923 -0.0676206139122
-0.470359043253 -0.00286224760144 0.0400419930308 0.0198141969849 0.0164760503276 -0.00890526740119 0.0250924364284 -0.445910123542 -0.01740997751 0.0325314949252 0.00353080042947 0.0225780004335 -0.0065392257231 -0.188192265446 0.143554491076 0.0702662848265 -0.0328111042204 0.0349757058868 -0.389456623728 0.387765918426 0.0518883777078 0.0272002236289 -0.444499921342 0.0854552887946 0.0232409704734 -0.0268710956871 0.00493381287812 0.0106625249274
-0.36845087245 -0.000300979161013 0.00261532470912 0.00555512542491 -0.0562427682458 -0.0201304848231 -0.0172133885822 -0.350722052813 -0.0150089391904 0.0315699762776 -0.000411258814561 -0.00064107122915 -0.0127327990162 -0.366213946306 0.143408834558 0.147473217217 0.00281773059789 0.00026628735074 -0.444539013177 0.244160704371 0.0527848244261 -0.002686191701 -0.532935967606 0.0616106514274 0.00361835921753 -0.106482949002 -0.00310608470483 0.0177443478183
-0.296068954069 0.00158982065305 0.0135541199359 -0.018185959812 0.0133718756052 0.000810029337513 -0.00070920638255 -0.334501587661 -0.0102128391887 0.0666347569245 0.0323212313808 0.0176412826782 -0.00223689486097 -0.462407035704 0.0779327112816 0.0881043381056 0.0313586257603 -0.00536538965568 -0.440080394407 0.155528695565 0.117646469441 -0.0151790450718 -0.520720210632 0.11861779632 -0.010765113264 -0.216131014175 -0.020687740775 -0.0278212804696
-0.523422823971 -0.0196408296705 0.0540437609 0.0405254627404 -0.00530586441949 0.00341980922605 -0.00779677951473 -0.574989729432 -0.00376070399357 0.0559206305897 0.0430593389531 0.0395587049146 -0.00555424112096 -0.0725612448372 0.00941162879387 -0.0893529449218 0.0152910839231 -0.00424737600722 -0.313557581589 0.364782109841 0.0806464637462 -0.00503206942515 -0.345091270124 0.0815934581878 -0.000102744859252 -0.0772615851636 -0.0129531797235 0.0197268321325
-0.580530871594 0.0193235506009 0.0352293449987 -0.0114300864694 -0.0457986630798 -0.0328808445561 0.031285907625 -0.510058271939 -0.0250740466365 0.0235792250778 0.00767668516726 -0.00372898862878 0.00445182120965 0.0243110542944 0.0916369741606 -0.0271169729293 -0.0213931340231 0.0203345406371 -0.319471547993 0.4315546625 0.0601091240493 0.00313551507989 -0.260743445354 0.0882213397645 -8.7175535104e-05 0.118077179089 -0.0112064704738 0.0573345028059
-0.592093324928 0.00615262014896 -0.0311462328303 0.0737567673211 0.0301786899381 0.0135963624916 -0.0205383616913 -0.522045171831 -0.0284338158178 -0.0307914990087 0.0244719630738 -0.00531294854362 0.0184329302542 0.029640556393 0.0487071119508 0.000419360132057 0.00164817641767 -0.00233852789558 -0.330474364518 0.384924212219 0.0667989844939 -0.00648555277965 -0.292726892368 0.0726523614433 -0.000880566757678 0.0819042171131 -0.0251440580151 0.0524717895971
-0.51307042813 -0.0317197038038 -0.0275768978245 0.0314913443049 0.0068865822037 -0.0115496303284 0.000394272796778 -0.64428362115 -0.0792223277423 -0.0544284588768 -0.0513620276562 -0.0185356754364 0.000420634246044 0.213556607209 -0.0240624099048 -0.0561689773962 0.0492424728117 -0.0151932850261 -0.274513683798 0.271908827505 -0.00161588622208 0.0131834477636 -0.293436337582 0.00329289372345 0.0171994703255 0.134641955856 0.00306219746513 0.0219909466493
-0.589410689248 0.0118513941511 0.0550199074295 -0.0466765768717 -0.0058817931257 0.000962877367471 0.0104631345624 -0.662229281256 -0.0639962728546 -0.0331596987083 -0.107419021027 -0.0174007320812 0.00757486610531 0.182472968456 -0.0532560082687 -0.0550927857732 0.0268922651243 0.0165182634723 -0.193916343445 0.262955338477 -0.00707340040082 0.0171884342127 -0.193323855375 0.0252238761867 0.0277267121142 0.065562746579 -0.0204360607769 0.0266149449024
-0.590493677257 -0.038140818119 0.0838340520465 -0.00974310211923 -0.00066332837905 -0.0214480639181 0.0206661145936 -0.53675767252 0.0258009014306 0.000948447003057 -0.0420223075263 -0.0219123412567 0.00500049212843 0.00248358239943 0.0516284889758 -0.0756187366318 -0.0269123662559 0.0402009007969 -0.330049880835 0.402254661521 0.0518613234801 0.012732063206 -0.247014948748 0.0672915623697 0.00814395552586 -0.00684224218708 -0.0038508747997 0.0284474620319
-0.37977865164 0.00140407712515 -0.00500457557773 -0.00701265393087 -0.0485815738872 -0.0159649922509 -0.0100418258968 -0.363629350986 -0.000752563849307 0.012118064057 0.00188728459268 -0.00954429769994 0.0107758397674 -0.322385304272 0.140708709548 0.11697499357 -0.00204305542857 -0.00270181048388 -0.490408899664 0.215391506327 0.0519421889238 -0.00448345175359 -0.52545555541 0.0656430110499 -0.00439324857033 -0.112467239479 -0.00961016951282 0.0134234000868
-0.410765889219 0.0233012232191 -0.0167702921124 0.0167837095643 0.0226349170391 0.0268299739287 -0.0070351316681 -0.417039079689 0.0316953022699 -0.0307567208147 0.000103776857253 -0.031911064774 -0.00779176763912 -0.199780650483 -0.155761162305 -0.163084999835 -0.042623079677 0.0114013893151 -0.456266215922 0.282011920912 0.0153037759474 -0.0049317143571 -0.477618794932 0.0113641203242 -0.00331398121232 -0.19554707789 -0.024515876793 -0.0644026378907
-0.410151256663 -0.0196781866426 0.0175561306536 -0.0262362667911 -0.0102167355564 -0.0291674892155 0.0095484010057 -0.40984791552 0.0268711927308 -0.0162634108589 -0.011123360479 -0.0310964052514 0.007447954532 -0.220063052579 -0.147279831143 -0.127549004831 -0.0607281950949 0.00622331784218 -0.434811645997 0.247184333265 -0.000955366718501 -0.0102576459458 -0.506409056145 0.0187671961622 -0.00104307918249 -0.227591321241 -0.0288220772249 -0.0970771229452
-0.375029919023 -0.00139073864452 0.000423130360786 0.0181948567729 0.0686793243186 0.0107331642466 0.0212665271024 -0.323173112359 -0.00653016840861 0.00353397292829 0.00586413733423 -0.00162972060383 -0.000352567414891 -0.310104772475 0.19335877222 0.169766495904 -0.0169629710153 0.00948290472403 -0.458922703945 0.285563215888 0.0292090204093 0.0142463117374 -0.527477240178 0.0427621630118 0.0174228677809 -0.107409682393 0.0238192218499 -0.0277468157017