-0.0484815986737 -0.0421256412922 0.0276539845106 0.15943738289 0.176674881069 0.00678296275448 -0.00155544882977 -0.0530121958172 0.0444698081556 0.0303819464468 0.258751739319 -0.0843900594467 0.000400348864134 -0.0142209308558 0.101170830879 -0.125863315259 -0.00584752783102 0.0389413938366 -0.354745614043 0.726902183869 0.017512261704 -0.020570536796 -0.413148219139 -0.036001210873 -0.0556329620562 -0.00674117055186 -0.0265253272038 -0.00443196794105
-0.457350955714 0.00548165982707 0.119200269196 -0.0628732163734 -0.0768637304018 -0.00266539818805 0.0118511477343 -0.415548883976 0.0116732000968 0.0469856429017 0.0444582439818 0.0315486641857 -0.00691983700473 0.0093523219739 0.178759007344 -0.0549254802802 0.036013092203 0.0220138018145 -0.478241105704 0.167565269593 0.00673124042363 -0.00157686833126 -0.540259013383 -0.0282527307031 -0.00678153799952 0.0429967172269 -0.0132152630833 0.0104760890274
-0.646893747657 0.0149681678471 -0.124767053635 0.0733334907771 0.123580863739 0.0127492519628 -0.0150597873609 -0.536882277979 0.00779955071593 0.00659912304048 -0.0363884745848 0.0696955531637 0.0478477419455 -0.127125922694 -0.0360611115587 -0.102674777676 0.00802594952647 0.0321049584147 0.184990133223 0.421058868372 0.043213033891 -0.0046769122822 -0.00369323834704 0.048284253855 -0.0142396195082 0.0470179550688 -0.0247177924524 0.00332165393042
-0.428188167899 0.0392379558017 0.0584305142417 -0.0579067098754 -0.0682360910658 0.0508317175869 0.0104508819686 -0.488547970238 0.0521425589168 0.125991812563 0.109386771655 -0.062835597317 0.00275617126186 -0.0296710888237 0.0798893571974 -0.00361367987328 -0.00123627673874 0.0137096771242 -0.592701181035 0.284946532494 -0.0496941186342 -0.0280429269928 -0.278847827252 -0.0318360116584 -0.0323480772287 -0.0678465025229 -0.0116212304573 -0.0063909163722
-0.452716582616 -0.0501346631661 -0.0764170138833 0.100045639006 0.0987523834256 -0.035203769238 -0.00785397653393 -0.516076779543 0.0808069633151 0.157785581199 0.0960057457934 -0.0769393308501 0.0102165625735 -0.018781836988 0.0764210402613 0.00214349617028 -0.0388449136412 0.0077560919606 -0.560815881677 0.230976946601 -0.0486778328159 -0.0233578973976 -0.253500378858 -0.0247100203471 -0.0256004737924 -0.0897530042732 -0.00970851942842 -0.0201308863025
-0.548150272449 0.0300173991425 0.0371961908926 -0.0967638678857 -0.0491110546856 0.00555664696566 -0.00525648929756 -0.56461308715 -0.0289848506304 0.0162869832074 0.0902077678435 0.0342539948573 -0.0260212829496 -0.0119568974961 0.109101021283 -0.0571238613005 0.0525897352685 0.0147288490885 -0.442416775649 0.0577633119666 0.00989856457104 0.0090085115104 -0.370680341806 0.00390029937557 -0.0068515903557 -0.0213352924249 0.00822451232117 0.00167798710489
-0.530326627195 -0.016964617283 0.0405595566303 0.0734095584157 0.105623380159 -0.0222142785355 -0.000528020891284 -0.488908555102 -0.0542670562944 0.0276502126664 0.072336344753 -0.0240019446566 -0.0131532084905 -0.0846946900082 0.181241332418 -0.02006091257 0.0225787449279 0.0125937444787 -0.494571594082 0.0834865645445 0.00243426103318 -0.00327715609419 -0.387228613739 -0.0100870365697 0.00048543602608 -0.0901355349894 -0.000854729420747 0.0143454727243
-0.530810336148 0.000478568495157 -0.0927365099885 -0.00172713014928 -0.0827056955588 -0.0159050352252 -0.00158088750317 -0.477866866867 0.0122107178443 -0.0385108466422 0.0126025064235 -0.0288818339354 0.0122617762904 -0.253533562146 0.154337564135 -0.0425127715391 0.010687108342 0.0145886520469 -0.508397232376 0.0596668665145 -0.017826872661 0.000119956167892 -0.320480467797 0.0131139693982 0.00235445228048 -0.125880037768 -0.00988050138877 0.00103388463906
-0.662098561 -0.00295956118172 -0.00867322730958 0.0228856007305 0.0466367186589 0.0313993117681 -0.00320479931738 -0.609790543425 0.0171063891482 0.0209381754241 -0.0140058157782 -0.00337832430292 0.00770451916983 -0.224680196641 -0.0664002713679 -0.0111832609664 0.0261458115822 0.00286846402676 0.252604350685 0.205591924492 0.0574321764381 0.00549913235494 0.101841522669 0.0654663140875 -0.00125736360194 -0.068820935582 -0.0135585242792 0.017665377516
-0.610505246977 0.0176286293076 0.0419938116057 0.0145749150435 -0.110303664058 0.046904378775 0.00782866197892 -0.632022285767 -0.085285261537 -0.0149567354787 -0.0758973687818 -0.0128625396731 0.0178328118044 0.0195622937839 0.0801969087988 -0.00416251561673 0.0437538993538 -0.00633330921808 -0.210906816796 0.0592113825298 0.00807044857517 -0.0065700289226 -0.372306772191 -0.0279828525627 -0.00464664835507 0.0262646395195 0.0169218289397 0.00999812716581
-0.506671081578 -0.0141636859733 0.00404346952533 -0.0302911792931 0.00391806869237 0.00308276648607 0.00783197777473 -0.583407609602 -0.00364879558447 -0.11300912352 -0.0496711341283 -0.00764606461713 0.00358581959731 -0.109837090788 0.123538715003 -0.0261808100318 -0.0506870756196 0.0207970943269 -0.35097905954 0.121039331049 -0.00256361717739 -0.00781119473891 -0.459842398784 -0.0111211894325 0.00670624055362 0.0688353003093 -0.030887342366 -0.0119496853116
-0.499958321607 0.00276047314779 0.00164795901221 0.00319247137805 -0.00453420313651 -0.0171686657842 -0.0140606348703 -0.573700525632 -0.000708794978368 -0.110996790183 -0.0751187318716 0.00353365830205 0.0126756580994 -0.12495067345 0.0946418052333 -0.0623242992617 -0.0251010637691 0.01898013879 -0.438860119169 0.0800318472745 -0.0133963500937 -0.0110973133079 -0.408805169447 -0.0072666173088 0.00632150640568 0.0700376807168 -0.0282611885723 -0.023882491373
-0.66144710972 0.0166060726035 0.0554062070447 0.0171161878912 0.0178042717338 0.0157620115444 0.00505076880534 -0.650795430193 -0.0082416079417 -0.0361301021428 0.00944286783867 -0.0119687380728 0.00749179849708 0.00268257858677 -0.00441696249868 -0.0182277846989 0.0421301952326 0.0123307932386 0.194523902506 0.283608055392 0.012486294437 -0.00847798695704 0.0792125499281 0.0210301969807 -0.010703338423 0.0719420457114 -0.0157867855931 0.00430093170809
-0.622752599914 0.0780247307117 0.00628954772455 -0.0721923454662 -0.0758215694049 0.0394113316579 0.0070621183064 -0.630511396066 0.0446848236633 0.111573049496 0.0251899994723 -0.0178543818225 -0.00852380366493 -0.00893719057194 0.0623978692187 0.0176337461901 0.0239539145092 -0.00568544906838 -0.376248249734 0.146502499849 -0.028639284471 -0.0219755801754 -0.099516569827 -0.0118716222604 -0.0207168049574 -0.00890372747113 -0.0250668027473 -0.00845916168915
-0.477857649255 0.0232364665144 0.0209272998621 -0.047285837421 0.0401488622677 0.00611953256941 0.00675380636287 -0.732348878568 -0.0723377121871 0.0971138630981 0.109165550506 -3.44617533696e-05 -0.00954179161095 0.0720301092015 0.00816948037768 -0.0735105777691 0.0295126305854 0.00485666827065 -0.306136849217 0.146574503863 -0.0151433194244 -0.0291636545398 -0.257512837039 0.00353227367135 -0.0283635832922 0.0894370252314 -0.0257551619688 -0.0103463147643
-0.569705123745 -0.0925677658999 -0.0018897677321 0.0756288121343 0.0619369793877 -0.0219685135174 -0.0118978726387 -0.679378121293 -0.0746886503313 0.099518364498 0.0513183941002 -0.00162313601115 -0.0156494464748 0.0512530133037 -0.00600248428412 -0.0876783742404 0.0143733725437 0.0232426267514 -0.282230941513 0.13917681634 -0.019356035673 -0.0193030103238 -0.242740612577 -0.00207205302393 -0.00725846579506 0.0711979818345 -0.0334094455062 -0.0270423223381
-0.598148141362 0.0148331703561 -0.0477465915512 0.0569616443306 -0.00794390012226 -0.00719878792474 -0.00356073553359 -0.624642363113 0.059346988515 0.0261600349285 0.0237161228498 0.00740477986735 -0.0215291185932 -0.0653815422789 0.0818014964702 0.0510747765142 0.0222665494816 0.0020662874352 -0.435670239481 0.0383029972135 0.0185022348567 -0.00918325192417 -0.160632144147 0.0248693755204 -0.00457097486879 -0.0929003495845 -0.0046478018182 -0.00317897464745
-0.430581982516 0.0351068831925 0.0383608693641 0.0501954052639 -0.0097109686621 0.0478355301372 -0.00533861651273 -0.529558895316 -0.0585426538842 -0.0885338303035 -0.10812217545 -0.0209029390874 -0.0161126908658 -0.282095427683 0.0628779967514 0.0508241040775 -0.0104732828219 -0.000294633936376 -0.482836059402 0.0811141682241 -0.0022358452626 0.000871213317578 -0.361499715985 0.00990363778564 -0.0156199071442 -0.213838087272 0.0137204440808 0.000270434956003
-0.431832217962 0.00745302733122 0.0110289044575 -0.0580510859944 0.0505376830933 0.00697885446817 4.01809374665e-05 -0.435092437025 -0.0098807249276 -0.0098942699496 -0.0545793024993 -0.011509371207 0.00630667415875 -0.247079566098 0.0849555887476 -0.0774499846565 -0.05184531288 0.00322103971207 -0.575447787381 0.0527365298687 -0.00624574888434 -0.0138384127367 -0.422243723445 0.00841853293571 -0.0141256398414 -0.157470940117 0.0117706478143 -0.0104291991429
-0.455731819321 -0.00538372479749 0.00183440109104 0.0459483285924 -0.0154529876452 -0.025703368983 -0.00246063246413 -0.466925321192 0.0117126962065 -0.0110953057019 -4.43725798461e-05 -0.0325606448382 0.0255235177348 -0.231878194785 0.0749993171858 -0.0576576584462 -0.0743047412036 -0.00260291960824 -0.582972998554 0.099699199727 -0.00916168673632 -0.00852325825158 -0.370142805105 0.00312580979816 -0.0256213395409 -0.114310229461 0.0144824022505 -0.0109960495211
-0.425735978412 -0.0106634380789 -0.0859954280152 0.0712956309913 0.054312037248 0.0114465502997 -0.00329959363165 -0.428628609544 -0.0736576114389 0.0044135807815 -0.0408374244673 -0.00745155161439 0.025889936677 -0.357359907595 0.0543646770459 0.10077028915 -0.0215008009037 -0.00756137955501 -0.493052230388 0.0958584058197 -0.028254531426 0.00365887599551 -0.348333438289 -0.00663773568329 -0.00199339583075 -0.30850376731 0.0156076384802 -0.0162818046335