-0.00130761323589 0.00148040310553 -0.0156886466228 -0.00766451465185 -0.00918343884818 0.0223837100997 -0.00575124844755 -0.00518307158063 0.0172139332945 0.039606270912 0.0271726754811 -0.00597672859465 0.00168280584554 -0.0259957628219 0.12676690842 -0.0689579730695 0.0670975909784 0.00595948642306 -0.519791962528 0.65691552503 0.131553004554 0.0112667176736 -0.481571709231 0.116771362943 0.014462438347 -0.0726434991574 0.0132643321918 -0.00131461375156
-0.375773128704 -0.0100984596937 -0.0162566339115 -0.00780679181602 0.0324312065582 0.0143463541018 -0.0158745551405 -0.44550582506 0.0210607470346 0.0579852576948 0.0992679568719 0.0459263090884 -0.00585289608767 -0.0158637270882 0.136622398405 0.0139008928088 0.0438712973848 -0.015487384661 -0.36090965581 0.512249812635 0.14065721282 0.00274986084805 -0.436971854109 0.0932119751509 0.00668612024114 -0.094928497206 0.00538868483181 0.0117488014151
-0.204433168525 0.00200684491728 -0.0400250196853 0.00157455099942 0.00848781321052 0.0192143819848 0.0118777020918 -0.212504500243 0.0217337818261 0.050331693214 0.0145429995862 0.00577461538299 -0.0114141771514 -0.34663898895 0.0984326476509 0.125246167224 0.0745138274026 -0.00798685893635 -0.553371476745 0.20948740231 0.095661718066 -0.00558614032841 -0.618831481061 0.0912136606813 0.00151435977582 -0.0475855221163 0.017498360594 -0.0565200521775
-0.364057448965 0.0650461225836 0.00204856827836 0.0854142199193 0.0556093090778 0.0362692696488 -0.0128109587669 -0.380975399985 -0.0164090178402 -0.0612322415336 -0.0867084983403 -0.0491785391235 -0.00857623288176 -0.0376979568281 0.0946279355289 -0.0854759731074 0.0170463374729 0.0130841346436 -0.458660324122 0.508424161228 0.112899412494 0.0122508102043 -0.380461245099 0.100093856486 0.0145010719707 -0.189841444631 -0.00946670255566 0.0342721767964
-0.407553465561 -0.0786462963421 0.016748194065 -0.0788651423142 -0.0915057603004 0.0224860387079 0.0253854318477 -0.439838875559 -0.0378030482129 -0.0891200829702 -0.0963394750909 -0.0187426068418 -0.00959539275397 0.114144307792 0.0833032706054 -0.0967684632802 0.0482643184704 0.0142223760658 -0.384210415931 0.54864111847 0.0830609245555 0.0179114884633 -0.321405282262 0.0798206295104 0.0148743614052 0.0298873469161 0.0201898345259 0.0152753237123
-0.334483824707 -0.00681985500036 0.0302233678264 0.00290037589981 -0.0178841438377 0.00748797368524 -0.0115000084507 -0.343834544344 0.015417608751 0.0264041537732 0.00719245278226 0.0160814523521 -0.00631655914712 -0.314136572847 0.161230397062 0.15409178305 0.0180292119605 -0.00514739083302 -0.473490975553 0.170794731769 0.071789746393 -0.00249625563331 -0.569564214572 0.0593745698418 -0.00195499947143 -0.178422462495 -0.00682952553509 0.00505416819283
-0.186763229387 0.000136349431757 0.0038768219484 -0.0176632461806 -0.00858377161106 -0.0030742578699 -0.00304121016711 -0.191013021083 0.0296045127072 0.0127691956102 -0.0100556388123 0.0144419734079 -0.00182474508151 -0.496261487714 0.0191495762815 0.0221976505302 -0.0194873789013 0.000394627474478 -0.494280580294 -0.0079565060249 0.000295827185465 -0.00054913898333 -0.448209606746 -0.00142571547487 0.000753277231978 -0.483246219626 0.00196945774239 -0.0233358164212
-0.166995512454 0.000931202317249 -0.0164249501998 0.0105632675221 0.00629835053424 0.00118311800142 -0.000235982217621 -0.170032311393 0.0243503484083 0.0112590796147 -0.0108197623261 0.00521988738822 0.000601754875884 -0.483423731069 0.0404285575761 0.006604439244 -0.0124814909901 -0.000210348615599 -0.555141164127 0.0347178891045 -0.00843746476109 0.000481917482547 -0.427913373923 -0.00581244379773 0.00166257216725 -0.457852690359 -0.000669114430326 -0.0643968014422
-0.249297129622 0.00600756501652 -0.0843934763263 -0.0162478776476 0.00824004345501 0.031913248107 0.00822897502657 -0.231803554765 0.0220626498138 0.02275301906 -0.00504465898746 0.0038571729263 -0.00837277615278 -0.547141287624 -0.00409726209916 0.0019646700659 -0.0253619597518 -0.0036982375927 -0.431656996073 0.0821158301145 0.031288885162 0.00132725121052 -0.49406837992 0.0631803510034 0.00354257707281 -0.360987897155 0.00689337974214 -0.0432021876966
-0.684603904153 -0.0163135950693 0.0408813340744 0.0403897791854 0.0585102837411 0.0193263751233 -0.00206021620003 -0.561582801758 -0.0135042251818 -0.0246292913344 0.064593287245 -0.0108530772091 0.00176805094029 0.105495482261 0.0946900153874 0.0542210760467 0.0229740481424 -0.0111984149144 -0.076326057549 0.331485417956 0.0947694692201 -0.00273230488866 -0.208023834007 0.0644429203237 0.00521201593369 0.0696514267274 0.0184483930454 0.0495871442622
-0.517916424935 0.00822161955851 -0.0389240113054 -0.0074619833239 0.0088813118923 0.00847124474297 0.00914025686999 -0.605387437633 0.0199049530881 0.0693687997086 0.0280059115387 0.0311489211052 -0.0121731301718 0.058178754793 0.0612981200474 -0.0593575476666 0.026229459204 -0.0184636893093 -0.310119689845 0.411800947239 0.0808418542982 0.00147347533656 -0.263970031576 0.046524421401 0.0022302407216 -0.00643914877891 -0.00716229066415 0.0188782505257
-0.389644931594 -0.00400918230926 0.000311908777935 0.00385549013302 -0.00398995439625 0.00385343155944 -0.00825960294863 -0.43586368631 0.00412057881939 0.0405278658324 0.0208316030317 0.037263824715 -0.0110708345167 -0.305031643644 0.0955862245769 0.126736845636 0.0673446085153 -0.00691459075701 -0.447735846935 0.153779583656 0.12992900846 -0.00880638025471 -0.515986265495 0.105356099798 -0.000958846025818 -0.110472681623 -0.0255081164266 -0.0191443201337
-0.292222593782 0.00618444147678 -0.0548552608849 -0.0143292468523 0.00542323905479 0.00400118703849 0.00767391207024 -0.291552544185 0.0256570119826 0.024725356349 0.00750839949643 0.00986304337855 -0.0017602090103 -0.457025898857 0.0198666256445 0.0147589700126 0.0504223302631 -0.00349737043256 -0.507820689888 0.127260433784 0.0871173747909 5.37334163949e-06 -0.52596120308 0.0700117253099 0.000172001449919 -0.220328652742 -0.00496134379151 -0.0317361625444
-0.479159641894 0.0344823568298 0.00393931527777 0.0577171511 0.0179325202166 0.0191714371593 -0.000690708560548 -0.478903029013 0.0149676932589 -0.0210992092125 -0.0393719151608 -0.0260004730781 0.00303509467746 -0.278500382751 0.0107338668722 -0.0934216439846 0.0487457224674 0.00991817308502 -0.393427273927 0.355962806658 0.0846551190585 -0.00415141272571 -0.327018832996 0.084038023501 0.00101377259365 -0.200053836876 -0.00187375289671 0.0366070026033
-0.561429798682 0.0711569617006 -0.027505681606 0.0365396941144 0.0509537195026 0.0229996453322 -0.0123422919837 -0.651899543099 -0.0446999217812 -0.0691614243987 -0.0591509599586 0.0016131663743 0.00135418430558 0.190677226098 0.0705532092939 -0.0665080249272 0.00780130016092 0.0117002400896 -0.227228654058 0.328390280056 0.0512917617581 0.020943889092 -0.165214499677 0.0346124098197 0.0164565323795 0.034162238689 -0.0193348751792 0.017365532352
-0.559711573036 0.0467438136985 0.0358025615392 0.0148154223949 -0.0756833513952 -0.00108116448904 -0.000943925294615 -0.617872864043 -0.0643721033807 -0.054199655775 -0.0365633748464 -0.00858574449443 -0.00410881026831 0.267733975532 0.0335445454285 -0.093888344529 0.0279093063173 0.00566045660629 -0.277239483935 0.263874463179 0.0166704621414 0.0223910624665 -0.226882352573 -0.0128623222679 0.0128020046383 0.0650015893958 0.005895050307 0.0355326441709
-0.615236668384 -0.0324094084338 -0.0195238320326 -0.0562287044281 -0.0644409996278 -0.0284581650342 0.0119429781295 -0.504636359621 -0.0440730178496 -0.0124525576247 0.0107304803583 -0.00985066786984 -0.00309242873125 -0.0237901745152 0.129382072928 0.0233370005032 0.018244880668 0.00768985557063 -0.28314301576 0.36445130064 0.0844277580747 0.0173242038397 -0.309637100259 0.0615289979296 0.00883830709604 -0.127224852857 -0.0142143123401 0.00398728705166
-0.202377567725 -0.0128852857663 0.0491355019214 0.0485286261129 0.00896582040106 -0.002119853749 -0.00298346053119 -0.201554072947 0.0254227365682 0.0560427833076 0.0204824437359 -0.0071467699549 0.000133773747977 -0.443220442991 0.0385270862223 0.0350668286143 -0.000884522788669 -0.000184560884617 -0.472649020913 -0.00490134437975 0.00263451612991 -0.000382179054937 -0.528014469435 -0.00205348500517 0.000684702863192 -0.455468390693 -0.000384148589535 0.0170127660866
-0.326954173821 0.00572939402307 -0.00856073690079 0.0178548786773 0.0026386800588 0.0265670898491 -0.00659916027938 -0.334425689466 0.0301205940911 0.0255599943063 -0.00638977929758 -0.0323293202003 -0.00289736193759 -0.308655082823 -0.0611563058054 -0.137667963167 -0.0457758393632 0.0025615406725 -0.543748387564 0.222992366598 0.0419786483063 -0.00340359749619 -0.467453990393 0.0306375226817 -0.00216973878647 -0.301191063203 -0.00485908716313 0.00193662081875
-0.443735832358 -0.0251408636338 0.00444418020273 -0.0225026356335 -0.0224644724003 -0.0290557395585 0.0113030752895 -0.469266279242 0.0337734746093 0.00105518520645 -0.0295401306216 -0.0471874901688 -0.00730670664351 -0.214464666063 -0.0756268254091 -0.18090775974 -0.0566129814996 0.000774506261044 -0.459381067642 0.283587376032 0.0533305388361 -0.0073835004311 -0.372465938942 0.0514143572904 -0.00672125997494 -0.227970151262 -0.021834233168 -0.00962378313859
-0.302216972463 0.00527606431126 -0.0396666700758 -0.01005821712 -0.0123864010981 -0.00658064297402 0.00381696008485 -0.30850870291 0.0285925610228 0.0342930266892 0.0111412949256 -0.0249374096246 0.00238209727081 -0.376454902247 0.0053629626272 -0.0257735052022 -0.0540924155338 -0.00102742242905 -0.528827176034 0.125072534428 0.0335477257253 0.0012496927947 -0.51351977803 0.060052152051 0.00133983911334 -0.31582838624 0.000746965765965 -0.00169114518417