-0.0189478577394 -0.00799541787655 -0.0801633942715 0.124440607996 -0.0990240668667 0.0112751511014 -0.00367974386028 -0.239860465395 0.508499570177 0.330150172688 0.0477015320186 -0.0938616410961 -0.0590729827933 -0.364493059089 0.0597724611385 -0.5493719508 0.0509367037209 0.0096701737325 -0.0976673434909 -0.0778332452363 0.0505121463944 -0.0285947852529 -0.210127247926 -0.145686030712 -0.0429774967989 -0.0238412308935 -0.0183114842826 -0.00443490252702
-0.418377440004 0.0201290348812 0.0207847493103 0.0321673519156 -0.0477946805375 -0.0209196608213 0.00306952909634 -0.620791504752 0.0875006911302 0.111705048104 0.274540529547 -0.00807402730617 -0.0108103140769 -0.455701900279 0.0228254069567 -0.16872858172 0.0715214502278 0.0178222623466 -0.0611445492252 -0.0307464444009 0.0516854698528 -0.00322765923387 -0.131077751772 -0.100226276929 -0.0247775432495 -0.248583992408 0.00992282096164 -0.00997937049022
-0.48893648551 -0.000967610589845 -0.0929129232452 0.0349747778299 -0.0052405023276 0.0316704387991 0.00590733195875 -0.646214436728 0.0831651276556 0.0692945487814 0.276174635071 0.0533152276158 -0.0226938619151 -0.329391058703 -0.0383125080425 -0.124864751838 0.119793711071 0.00838077087327 0.224051932044 -0.00129506614529 0.0473217139846 -0.0222742139223 -0.198623668485 -0.0818604861558 -0.0202478010762 -0.039133961321 -0.00528509046676 0.00639769712674
-0.472292884741 -0.0510573864087 0.0489110594839 0.0457013804804 -0.120718245907 0.0512237150335 0.00612355157328 -0.55068195864 0.0446384264338 0.189753709754 -0.104285075341 -0.107344331985 -0.0298429845323 -0.165435203736 0.0174142048398 -0.342366526751 -0.02909438128 0.000464173152447 -0.417251132175 -0.0750074272593 -0.029061491587 -0.00358144077906 -0.213025228652 -0.0969476702687 -0.017913860574 0.0803370695532 -0.014335185567 -0.00206762393151
-0.496425615231 0.0448688436525 -0.0503277335568 -0.0255285817029 0.102433131938 -0.0381589873603 0.00631424037144 -0.61915053618 0.178825598353 0.151913824711 -0.0557869691954 -0.0996468025372 -0.00913019974969 -0.0904041648106 0.0449086966815 -0.217304764649 -0.0113930935227 0.00295336995447 -0.46218523686 0.0245477518443 0.00121555120252 -0.0044444677311 -0.10149165155 -0.0427576785357 -0.022223509854 0.0106475489042 -0.0166545027264 -0.00666717867426
-0.575906777224 0.102077354895 0.0568954387506 -0.0537865567398 -0.0452686248906 0.00858346281304 0.00578538536968 -0.699499121079 0.0117822617078 0.101270501873 0.0944369673097 0.0221870125225 -0.00475778767812 -0.219081325193 0.0228787232449 -0.123551554277 0.0541656070381 0.0083364308861 0.0246826715798 0.0815074170213 0.0483213374028 -0.00162117873313 -0.217757649894 -0.0682339846408 -0.0228499442532 -0.106526092309 0.012408614581 0.00462773478175
-0.584513963497 -0.0298988150031 -0.0301392151223 0.0479340190036 -0.0102366638238 -0.0298356853928 0.000934822531972 -0.65651905909 -0.00447403612876 0.0717695629606 0.0903192839635 0.0173780793254 -0.00745306840439 -0.268917034868 -0.00329419558768 -0.145342774561 0.0735197911723 0.0184309051731 -0.0325067345831 0.0775699868453 0.0244549259477 -0.0075532211363 -0.293834192216 -0.0583371726612 -0.0151602690765 -0.107441220793 7.22174376772e-05 -0.0101799190491
-0.45380947886 -0.00181425145658 0.0135938981281 -0.0172188025284 0.0217200493912 0.000639553009963 0.00485856744457 -0.714400446706 -0.0334356748886 0.0556853166506 0.183074387619 -0.0158571294469 -0.00553768493679 -0.282222892725 -0.0379971135835 -0.124521556638 0.055313665688 0.00154210564491 -0.0455984158957 0.0508075208833 0.0117583771721 -0.00345666225437 -0.28823046853 -0.0481398014381 -0.0127261085648 -0.233537318386 0.0107301629127 -0.00291305140989
-0.543581368442 -0.0307353940925 -0.0240028044808 0.0503569575264 -0.0159598646451 -0.0222930433571 -0.00927149401141 -0.669968995125 0.0172712201891 0.0672445113485 0.13015555004 0.057568769568 -0.00526920015354 -0.274949215974 -0.107425087872 -0.05718772497 0.0872491552463 0.00734890963304 0.0304462623681 0.0670906568802 0.00286030921515 -0.0147615026192 -0.278358739332 -0.0252979064955 0.000757055965165 -0.209111684921 -0.00755253875751 0.00518381376619
-0.510615688026 0.0226027604616 0.00342391005556 -0.0512735879588 -0.0493325794007 0.00246366960858 0.00226456439388 -0.546795371797 -0.0376489483366 0.095031888695 0.0218932385316 -0.0192738389796 0.0111328903562 -0.437846316859 0.0349008879615 -0.154467130781 -0.00521693567947 0.0125868148922 -0.21689238902 -0.178304497502 0.0376028058262 0.0156057158451 -0.230819035743 -0.0575171652224 0.00245542712896 -0.262720438614 0.00602083986571 -0.0122976257514
-0.495058152708 -0.000269106288189 -0.0116459546086 0.00762329504796 -0.0236734120904 -0.0113606226754 -0.0026938626599 -0.576733227149 0.0141861098325 0.121442076332 0.0871323765914 -0.0316168097264 -0.000865660810123 -0.411449689729 0.0421209923306 -0.16761026662 -0.00511312598902 0.0153984543821 -0.224044065833 -0.181306271557 0.050884718389 -0.00354302217654 -0.255513995858 -0.0624330813994 0.00363232715406 -0.208184780261 0.00603288920635 -0.0140361969707
-0.669634638215 -0.0107487429524 -0.0510607680373 0.0396876466431 -0.0583351674668 0.0406280814424 -0.00856834809947 -0.607259732401 0.00261028782321 0.0138417756163 0.00880744728601 0.0133608924982 0.00569949231998 -0.226647179055 0.000516199543845 -0.1086106334 0.0366974518918 0.0113649089694 0.243795230148 -0.0509327362532 0.0293119032222 -0.0101315409472 -0.190779076909 -0.0921742209144 -0.00563780765534 -0.0120579431009 -0.0120613629296 -0.00802241625654
-0.642270062204 -0.0377366945639 0.0167347036332 -0.0214797959589 0.0396130970706 -0.0377451793542 0.0150832556691 -0.679242657043 0.0497959401057 -0.0313623483217 0.0833030222909 -0.0104847397712 0.00882760613139 -0.217521837936 0.0139694748429 -0.120687734576 0.0467029867782 0.000440040582441 0.148484653785 -0.0402867662762 0.0281556456192 -0.00977379642536 -0.0962343580483 -0.0809394373606 -0.0044720209417 -0.0732679061907 -0.00872967163634 -0.00691368076264
-0.599213561077 0.00699717963828 0.0664259276096 -0.0605444737256 -0.0611863452436 0.0169391543155 -0.000691290344969 -0.665986676646 -0.0273358437612 0.183371438031 -0.0433267679355 -0.00535661291744 -0.0034656051561 -0.116970045262 0.0271701439323 -0.163620496863 0.0235390163711 0.0186719172236 -0.297598297684 -0.0696948237381 -0.00915084684082 0.00198929282394 -0.031749396305 -0.0903724024226 -0.00700249181475 -0.0610691739046 -0.019816750954 0.00237505928192
-0.523189270376 0.00718829254767 0.0131729740051 -0.0147935920813 -0.0225200883995 -0.00182482983015 -0.0139571240028 -0.678949447579 -0.0374199211414 0.174386491176 -0.0451519462814 -0.0265257892671 0.0284210917708 -0.0757011874309 0.0831157425457 -0.153272805461 -0.0331289443186 0.00332933981861 -0.341602825766 -0.0333674673882 -0.0242453860519 0.0235570489434 -0.167019581802 -0.0481510557781 -0.0185768972506 0.203593630327 -0.0232309594189 -0.00723911712811
-0.682682652988 -0.00979682636433 -0.0932287782701 0.00904359060332 -0.00044877617913 -0.0111552651082 -0.00409959477767 -0.672222495156 0.003261892481 0.0677155198584 0.0658539331923 -0.00258152326058 0.0190630037757 0.100603122057 -0.0123264549832 -0.0473738428265 0.0118343874286 0.0157585536656 -0.127780435971 0.088425341118 -0.00118830238531 0.026390263814 -0.0157560526808 -0.00470092444643 -0.0319843184888 0.154225406959 -0.0252984791032 -0.0166879730985
-0.536655149512 0.0165913017879 0.00768550300734 -0.0239975876191 0.0142400113707 -0.0118781085121 0.00640430056653 -0.716887687841 0.120652838343 0.134299533135 0.0194768282784 0.00640407164769 -0.00312797916456 -0.17423546995 0.0335333618065 -0.135423285633 0.0455236336421 0.0291352584529 -0.281859008107 -0.0743073656123 0.0188478872378 -0.00263857335754 -0.0808413660158 -0.0740832027801 -0.0139931344797 -0.105659349405 -0.0444648048575 -0.017960932345
-0.394395216412 0.00778095812321 0.00984155346903 0.0393154638862 -0.0108608897655 0.0149625718428 -0.00171923063472 -0.474778738118 0.0395955122686 -0.0525518705983 -0.0664563326649 -0.0625869942591 -0.0134638560133 -0.349241228523 0.0235487139379 -0.1213820466 -0.0766341934686 -0.00711764951667 -0.492085673443 0.0351641778256 -0.010734186836 -0.0023531792831 -0.448062929579 0.0411400931338 -0.0163349229378 -0.120082568117 -0.0149248888713 -0.00981729192744
-0.467097378442 0.023462035842 -0.0311729418347 0.0262941239177 -0.0266902337307 0.0125473539821 0.00449033369243 -0.573064376733 0.0694708205394 0.0135773463104 -0.0385428643501 -0.0815574763182 -0.00204691030342 -0.185529424727 -0.0877920387079 -0.207145176254 -0.0554041691044 -0.010208580458 -0.29538706196 0.0733207723611 0.00739632062493 -0.00379779387356 -0.486496480929 0.0182582426267 -0.0227441858417 -0.136232785303 0.00482220306861 -0.0118120007366
-0.40721334792 -0.0240204054261 0.0352186139608 0.00181519734961 0.00135540761996 -0.0235220362135 -0.000590356152872 -0.499733109289 0.0741294180306 -0.00977547902935 -0.0982512795761 -0.0201984561888 0.00519490887916 -0.321170334775 -0.061522167627 -0.125166174779 -0.080803480434 -0.0140053029223 -0.444281219452 0.0921482933488 0.0179572642503 -0.0138593598712 -0.401924320613 0.0295803205857 -0.0207817249787 -0.260312199285 0.00547625606489 -0.00525339881092
-0.317795891929 0.0015439387519 -0.0315155641883 -0.00207931733376 -0.0125212421804 -0.0160780769819 0.000973666917694 -0.369277087963 0.0340381199424 -0.0426450770667 -0.0844574502665 0.0348884973208 0.0149302200298 -0.506094278854 -0.0324932098061 -0.08385889447 -0.0334747565592 0.00142374686968 -0.471448480178 0.0591249634194 0.00846809582807 -0.00340721052317 -0.374721433923 0.00996613521101 -0.0016980872011 -0.343403015872 -0.00427016365549 -0.00515291534916