-0.0506594392336 -0.0815965118594 0.190661472146 0.027038665537 -0.268230419055 -0.0388517114241 0.0186516684215 -0.141811857681 0.208301742304 0.0372619476912 -0.506876571293 -0.0376624776737 -0.0145784140127 -0.238083183954 -0.502272760434 0.326621637132 -0.220778329827 0.0344888993617 -0.142073049518 0.0714918284495 0.138897042954 0.0076359590141 -0.204650525932 -0.0273911544939 -0.0296060197236 -0.0447575761479 -0.0265948681339 -0.00169111927067
-0.522646808089 -0.0138609765316 -0.135026344268 0.0176222937545 0.0485999564039 0.0504572176828 -0.0108842204581 -0.600587666003 -0.0170263051097 0.119626214813 -0.169615191164 0.0491163084845 -0.00824462861168 -0.391659987179 -0.249385123764 0.0294799076019 -0.0954123661892 0.0120076271348 -0.00168052395035 -0.0658705050827 0.0412779128074 0.0143447638057 -0.14699104626 -0.130511701218 -0.0115560884419 -0.159818420929 -0.00936273227473 -0.0127343398958
-0.638695228618 -0.0264167341279 0.18918318701 0.0234658906654 -0.181628424292 -0.0438314058524 0.00471163893892 -0.594917416717 0.0421483693121 0.161355249444 -0.0759987153336 0.0607961310569 -0.0141015576086 0.032771712778 -0.182787395746 0.16044398474 -0.0434759938903 0.00937050079103 0.226202159183 0.0290514884317 0.0466767687984 0.00129651787949 0.038438666727 0.00508360683182 -0.0177238517842 0.102260947749 -0.00393679282568 -0.000471196931426
-0.450479360578 0.00289084828027 -0.0290812550151 -0.015067891573 0.013769060838 0.0250967254536 -0.0129110135022 -0.452686510513 -0.00108071278263 -0.021411534816 -0.0244556076011 -0.0401709744894 0.00102777078865 -0.102059662836 -0.227842983386 0.288728072227 -0.0475612569619 0.0110346399729 -0.61696712007 0.0923842801045 0.0252681096135 -0.00865477243463 -0.220894074553 0.00501024281515 -0.0114310695666 0.0183579037199 -0.0119475953922 0.000916282325984
-0.330695160342 0.0297707108573 0.135302235841 0.0176299038997 -0.0714642312737 -0.0137341462735 0.0126807833405 -0.294859397299 -0.0536645423733 0.00607740961196 0.101244423877 -0.00371291764129 0.0114845055703 -0.228484245559 -0.0766575929932 0.0548440028803 -0.0957038884256 0.0141668970885 -0.661459162778 0.0492836596406 0.0241300002435 -0.00965229862441 -0.494923225125 0.00845172457782 0.000444984018692 -0.0962096565968 -0.00737970254994 0.00349232077688
-0.529549633027 -0.00115076075743 -0.044647726629 0.0232878989029 0.0737320009055 -0.00121429319588 -0.00540614457832 -0.52776447054 -0.0553535050045 0.0992910149412 -0.044883774296 0.0239436075852 0.00460520764768 -0.234618657402 -0.0488942063539 -0.0936028437925 -0.0429105486013 0.00822499965229 -0.564458806533 -0.0138905773406 -0.00500072459425 -0.00863683679395 -0.14326485748 -0.0237229823089 -0.0103656379078 -0.0959229174039 -0.00643782891128 -0.00740872926422
-0.434223332854 0.00455357844666 -0.0116562921653 -0.030767882094 0.00424237142469 0.0010322490663 0.000958742463685 -0.489668960603 -0.0736036055608 0.0891601276107 -0.0395399044924 0.0238289413665 0.00434680777361 -0.313876813279 0.00758332576592 0.0199639256478 -0.0493700616728 0.000497409943274 -0.500848991749 -0.0419747772993 -0.0131257879519 -0.0170831972319 -0.3817958802 -0.067528186443 -0.00376734473241 -0.223888266881 0.00739182386965 -0.00479548536033
-0.569926624585 -0.041233700197 -0.00581354432441 -0.0592737546056 -0.0832089889405 0.00380768251184 -0.00114409286821 -0.564685261825 -0.0739917573853 0.0745714205107 -0.0224963641401 0.0101254166414 -0.00401983316182 -0.145708937922 0.00151826836803 0.198827497009 0.0249495884156 -0.00614587132868 -0.505284357109 -0.0251048811669 0.016343909039 -0.00741488645308 -0.0244193370902 0.0057492126846 -0.00704644690184 -0.118330956088 0.00889826927784 -0.00396773684812
-0.721389613372 0.0519167866313 0.124635264269 0.00521686004545 -0.0303969460128 -0.0291031128794 0.00921506770262 -0.602374659553 -0.0303255347331 0.0461048631109 -0.0652066981896 -0.0030512228076 -0.00066460974942 0.0988295667176 -0.0406917128189 0.0962273610327 -0.0209290006942 0.00858045928704 -0.246745867993 -0.0387910599807 0.0272303369571 -0.0273319533868 -0.0104179776581 0.0636246471453 -0.00640493336733 0.00111894381793 0.00618503862919 0.00374507056828
-0.680879714609 -0.013979524574 -0.13645005671 0.00966363208678 0.00149363641978 0.0172786035415 -0.00818404200634 -0.611357469751 -0.0217959936998 -0.00200139659645 -0.0595154918643 0.00120596686662 0.00718934936565 -0.289830896759 -0.151832047443 0.0087481506428 -0.0724754121076 0.0200582897352 -0.0882173749447 0.0215364516779 0.0389798028746 0.00551595564641 -0.0160571482374 -0.054857781828 -0.0233558918779 -0.11184099691 -0.0180810357977 -0.00805475737423
-0.516197868474 -0.0110943361524 -0.0141565134946 -0.0259746355201 -0.00449722589616 0.0218164384889 0.0014826935693 -0.767398103457 0.0251999522487 0.030453451152 -0.168159706276 0.02524172526 0.0117819866494 -0.173654323489 -0.163230834974 0.106655447783 -0.011885199487 -0.000161153205456 0.153205871611 -0.00694682750151 0.0114493467164 0.0295008187917 -0.0906999496905 -0.10567105472 0.00894972590565 -0.00519394599 0.00376438997759 -0.0132167225745
-0.563354164117 0.0234718350482 0.0131387307719 0.0244043094294 0.0412441775882 0.0129298710154 0.0051393707868 -0.742287491713 0.0259360461874 0.0626241263312 -0.127046832864 0.0237400507266 -0.000609518511547 -0.123820142875 -0.141787074555 0.177259239663 -0.0172446279309 0.00339129011991 0.170207568292 -0.00489440817165 -0.00893189696097 0.026147245303 -0.0589375233856 -0.0815171121328 -0.00536803823188 0.000686662624107 -0.00141149003202 -0.00745305085933
-0.743326962105 -0.00233096679796 0.0676700922149 -0.037969123648 -0.0233965030246 -0.0696046825697 0.000172955217334 -0.537924720097 0.0305874059323 0.0179085202942 -0.00625807512953 0.00737728607725 0.00236944109021 -0.120194761009 -0.211130300635 -0.0450122783837 -0.0816080056148 0.0187734406699 0.193672687767 0.0208197118204 -0.00405133493944 0.00333813246422 -0.109618496349 -0.0253355153805 -0.0156644444005 0.162212226809 -0.00583269320035 0.00680582281276
-0.512863505017 0.0197822790957 -0.0973545772943 -0.0455840925897 -0.000603543316685 0.00707445055117 -0.00935984970094 -0.482634033093 0.0430800116118 -0.0241513797029 -0.0347048199544 -0.012782132114 -0.0214075685109 -0.191331913373 -0.0886574638551 0.015230696726 -0.0560031793735 0.0111213652781 -0.594832666933 0.187527481821 0.0057023615396 -0.0079990654996 -0.189302546082 0.00243415195326 -0.0247852052079 -0.117092701026 -0.0200400008383 -0.00824359977927
-0.590528096297 -0.0204469214883 0.0451318879338 -0.0322029304869 0.0391884538925 -0.022175211325 -0.00249307974975 -0.602736955508 -0.0279256571525 0.000310525671299 0.111078050665 -0.0350074551352 -0.0114642798276 -0.105964843021 -0.136806432203 0.121903220145 -0.01972123981 -0.00491895807946 -0.245168770333 0.0400159288926 0.0458877896003 -0.00504987102253 -0.394816866298 -0.0227635718797 -0.011249601515 0.0442061826956 0.00777326609422 0.0196434212849
-0.442434000128 -0.0235844309708 0.0439545382823 0.0684443721653 0.00761814797829 -0.00921506585419 -0.0187026964748 -0.510695019101 0.0556146905088 0.000842146229122 0.133361120606 -0.0563723759908 0.000424909245132 -0.28300634373 -0.0378588189852 0.0285362432126 -0.0805096284893 -0.00293357150037 -0.405921182311 0.0493333176978 0.0192850112354 -0.00797818964481 -0.473088355426 0.00398372572151 0.000433582173907 -0.174629843603 -0.0090832985061 0.0290093845429
-0.360049042719 0.00469812775167 0.0424546972153 -0.00241835519382 -0.109225352737 -0.0287950842941 -0.00555209253762 -0.325941649575 -0.0155228869984 -0.0236260135745 0.0355366416491 -0.0319181770465 0.0173715658433 -0.436089078604 -0.154740353119 -0.0087228372042 -0.0784664038058 0.00817139136276 -0.483458241708 -0.0182934096048 0.0645719363651 -0.00267374076586 -0.490200277318 0.0113911200752 0.00872652006004 -0.215103533944 -0.0246761150554 -0.00904093425103
-0.477342207017 0.0195513253372 -0.0602602467015 0.0218077068145 0.0118371019646 0.00144951101265 -0.00706834711412 -0.469347206798 0.0139519723313 0.0428287635652 0.0490233121708 -0.0227979928022 -0.0111658983591 -0.0189248376662 -0.143734668488 0.205663401335 -0.0194350695053 0.00721224841796 -0.686069736689 -0.00554264145076 -0.0113657740669 -0.00869858780222 -0.0786111489782 0.0247893073193 0.000607625927778 0.0221051296357 -0.00631155071562 -0.0102149769032
-0.57659104621 -0.0342898248424 0.0186694272696 -0.0347408905388 0.0483125056543 0.00224419953923 -0.000305981904769 -0.604842512206 0.0102747053985 -0.0446153551211 0.0785350804253 -0.0321006076668 -0.00507448769792 -0.0813513910985 -0.16153842536 0.222249851797 -0.0377427107801 0.000153573263046 -0.329067404405 0.0841261566396 -0.00113487600425 -0.00142105464301 -0.294007240961 -0.00523220097288 0.0202847950414 0.0375633575308 -0.0105756369153 -0.00420367735728
-0.421020651725 -0.000136161193054 0.0171019466537 -0.0486772121553 0.0145141297838 0.00333192886164 0.00252093878369 -0.437684624657 -0.024319679867 0.00595126115002 0.0635957344264 -0.0276060974218 -0.0166263058698 -0.128207968674 -0.0984788278041 0.13166273487 -0.0462488747664 0.0011929793511 -0.690105339665 0.0459829905745 0.00294295104751 -0.0115236568235 -0.313606073182 -0.00693857322256 -0.00496838144626 0.00458097090468 -0.00363772869912 -0.00244492320066
-0.416922028429 0.0252897702613 0.0506938676008 -0.0071436399166 -0.114118606441 -0.0134614589068 -0.00311094537217 -0.34999020892 -0.0341777878145 0.0162354258067 0.0250421755738 -0.0160658813262 -0.00194470206621 -0.161118463011 -0.0401302266547 -0.0605284588001 -0.061800633354 0.00775054208135 -0.674421811207 0.0464083588389 0.0072604483605 -0.00630784628175 -0.437825903737 -0.00698945739619 -0.00257261973264 -0.0216036391689 0.00527858550647 -0.0210350582345