-0.0144563353291 -0.0234044901113 0.0203290481139 -0.0410431865062 -0.0954366363231 -0.00800507564919 0.00593338767571 -0.0559336776138 -0.0866954005544 -0.103257562056 -0.157097757883 0.0144491725672 0.000692789772174 -0.0220609239398 -0.0966402975081 0.110171115131 -0.0122185707222 -0.00651548992162 -0.439615863661 0.658954945851 0.143362349341 -0.00402189891939 -0.484473059204 0.171688879764 -0.0172828934466 -0.0707835065672 -0.0449941584502 -0.00306980428127
-0.505160622169 0.00141376814006 0.02318394413 0.0265029989838 0.0231076383969 -0.0056074168551 0.000563524348444 -0.505478121695 -0.0153134478581 -0.00487045554351 0.000701242446259 -0.0265895500695 0.00859670912187 0.248531932377 -0.100071157147 0.0150024256697 -0.0304594165537 0.000949348488252 -0.157684870948 0.509882079641 0.125449278955 -0.00376532110892 -0.308930735838 0.108258720298 -0.00311818137171 0.0725014530787 -0.0222241988967 0.00265624211495
-0.418066828715 -0.000957821552522 0.00236969662504 -0.0441483358973 -0.0885649609956 -0.00474517254986 -0.00186663965565 -0.422166319377 -0.107933542632 -0.00296444214691 -0.000627023447649 0.00719971986894 0.00553143012217 -0.10441547743 -0.0894508050218 0.116592010704 -0.0349015294646 -0.00109618717056 -0.426542357151 0.42368453584 0.129023173196 0.00205414537811 -0.425689642078 0.116461273578 -0.0046210975219 -0.136674937299 -0.0115478096144 -0.00205789343381
-0.467419041479 0.0556190314752 0.00334477316154 0.0888250597091 0.105913921059 -0.00326321460411 -0.00513115130013 -0.454962094596 -0.00969380909599 -0.0954499718206 -0.0762468308792 0.0436774144475 -0.00323121938721 -0.166558186332 -0.0271103590137 0.0644111299329 0.0320364250719 -0.00444720001962 -0.325264203484 0.462542124199 0.0637100447748 -0.0041737993264 -0.388395134278 0.122481886997 -0.00788614484825 -0.0980890955264 -0.0475501019987 0.00748706696974
-0.395051661186 -0.0483796080092 -0.0350858190217 -0.0672076730712 -0.143592227654 0.0392341344878 0.00396385247713 -0.37299483373 -0.0601307729659 -0.0486231637644 -0.0896944247665 0.0702400593242 0.00205809313151 -0.288417827667 -0.0355677351207 0.10323902549 0.0286832101515 0.00316748113407 -0.511270163523 0.278892511962 0.0794046193812 -0.00163733227499 -0.435726737189 0.132784169222 -0.00991425562161 -0.0699832831261 -0.0376071208685 -0.016039702526
-0.6542475626 -0.0137796162226 0.0360449226588 0.0466881161261 0.0371127579809 -0.00652533714928 0.00463013566105 -0.610022878931 -0.00206967835909 0.012934393262 0.0194174799149 0.00754527036907 -0.00344414260691 0.246581148317 -0.0555638653338 0.0106858615856 -0.0108748661882 -0.00494637164309 -0.0610803218482 0.276766894847 0.0535188825546 8.01444917285e-05 -0.163025299489 0.0566613175909 -0.00280048566612 0.129028211557 -0.0177581028718 0.00194561677632
-0.630713689253 -0.00713163993103 -0.01523924203 -0.0403896918737 -0.0437148109905 -0.0101417084054 0.00510481619177 -0.599319575197 -0.00284026524545 -0.0102854195193 -0.00625413823563 -0.00280958995009 0.0035239960453 0.0753240156129 -0.105705157063 0.0419210849599 -0.0389671597495 0.00138988110765 -0.193324775317 0.278764790036 0.0993885875239 0.0108689836138 -0.29312208965 0.0814918853691 0.0116015096005 0.02432750516 -0.0192688150539 -0.00489381890968
-0.454512301556 0.0337509990489 0.0129997380431 0.0605948862805 0.0229572705379 0.00204644347233 0.000785996436625 -0.490078118306 0.00455848569731 -0.108068740054 -0.0125664522711 -0.0244452170339 0.00675483750153 -0.319866250313 0.0576413932737 0.200380507332 -0.030036932453 0.00434331988718 -0.457729380437 0.140050407634 0.0789245301986 -0.00324525732804 -0.374905110169 0.062800857553 -0.000432452729959 -0.0921533660135 0.000350907734561 0.0126063513159
-0.578666726146 -0.0714139397892 -0.0136593237105 -0.0496031196141 -0.0919222970644 -0.0111595316022 0.000725276208384 -0.507377241417 0.00285880464166 -0.0386056571477 -0.0546290241483 -0.00796244997016 0.00875088347226 -0.200802960205 0.0685548425322 0.168803428404 -0.0326210264542 -0.00157911497216 -0.395909622557 0.240194073629 0.0894292453797 -0.00626860055137 -0.28643971023 0.0714881072952 -0.0100308893385 -0.047797430221 -0.00414152501497 -0.0122703593661
-0.533772525164 0.0366436564657 -0.0124950593767 0.0176413754807 0.0439832336909 0.0439176373602 -0.00285356642599 -0.556514650404 -0.014303823273 -0.0152296774418 -0.0888950292643 -0.00397669116729 0.00603844364269 -0.237463045588 -0.0148775499684 0.0675050025501 -0.0371971710113 0.00187762193447 -0.248522990911 0.298126815607 0.082822338962 -0.00470794678868 -0.35539707661 0.062628346248 -0.000811431647457 -0.202235643857 -0.00644984578297 0.00746022191696
-0.562616038535 0.0356463963563 0.0410143824429 0.0105053879442 -0.00724503254567 -0.028727130803 0.00861029619566 -0.736533890557 -0.0249408488326 0.0774840343517 0.0706405569815 0.0287927443008 0.0111860400095 0.208894251707 -0.0380480803355 -0.00724237429383 -0.00483081100754 0.00378902671399 -0.0302325543656 0.235343969632 0.0459450666773 -0.00602937891406 -0.118919000801 0.0385628933342 -0.00303604656434 0.0714185392525 -0.00561062071406 -0.0017446111609
-0.558186450173 0.00119800083989 -0.0363388461367 -0.0164632999088 -0.0265526234541 0.023074605957 -0.00140883591582 -0.680467998327 -0.0358235821421 0.0400640691381 0.075267372866 0.0385571612741 -0.0092953948486 0.0882703668369 -0.0969238973885 0.0353760714762 -0.0190968785804 0.000926590383447 -0.136271196853 0.307855588475 0.0856327075256 0.00923429106846 -0.255071616861 0.0840867996942 0.00743860042661 -0.0182970294241 -0.0180511501214 -0.00423267083823
-0.489200093237 -0.0366961070429 -0.0170993759353 -0.0140009754135 -0.147242639155 -0.0245676444563 0.00346808687984 -0.424947269149 -0.0454738420934 -0.0539030761353 -0.048145555526 0.023430517768 -0.000101313921337 -0.222996463838 -0.0691732941246 0.00962194604342 -0.0601835399336 0.000116318246491 -0.519907220613 0.107470609125 0.0398490179902 0.00017429411759 -0.359752678324 0.0311077020754 -0.00421005287576 -0.275714486159 -0.00419885406167 -0.00443984278194
-0.318999149488 0.0131726945435 0.0209738985673 -0.00654401732299 0.0460484143311 0.00497964842877 -0.000368833636083 -0.33372222404 -0.0879683314293 0.007413988645 -0.0285104507588 0.00305719945327 0.00144868364293 -0.538939560902 0.054446560637 0.0540924388359 0.0346087532615 -0.000528863015325 -0.4746696996 0.0560520815572 0.0720192117407 -0.0041410728154 -0.313159939266 0.0450681149995 -0.00278180984524 -0.379592039904 -0.00498891160398 0.00502780217137
-0.658736487794 0.0525593729855 0.0219796450568 0.0576848707006 0.0475770017196 0.00259697531314 -0.00458648295916 -0.627755616008 0.0379663705468 -0.0189144767105 -0.0500033512231 -0.027664620066 -0.000442974895665 0.138064264584 -0.0215218140724 0.036830479871 -0.0153209780455 -0.00110698021781 -0.0583094768478 0.330875395584 0.0561057531985 0.00414924316951 -0.130676381772 0.0379250174156 0.00221768217011 -0.0362460333952 -0.0314964326706 0.00855949818208
-0.582586804904 -0.0603528605706 0.00832678954184 -0.045090456463 -0.0585773450744 -0.0279163801669 0.00675159218792 -0.579893097477 0.00569667469832 0.0107469792683 -0.105821459579 -0.0120056121615 0.00948816403478 -0.0587818010579 -0.0491668094986 0.0501977434105 -0.037547050615 0.0129228146487 -0.278822671142 0.307465466442 0.0886046373455 0.00357580061421 -0.290895118782 0.0705753812131 -0.00251929256455 -0.149276630743 -0.027092322947 0.000716488991866
-0.347287193904 -0.0650092822295 -0.102489730257 -0.0471662328554 -0.0977073529875 0.0030476325619 -0.000818274035933 -0.297374413347 -0.0863638180041 -0.0481959502143 -0.0389792833526 -0.00131380368486 0.000290010620765 -0.453015817269 0.0575344336813 0.0894804402798 0.000695414048116 0.000298520909186 -0.396804973734 -1.98566893613e-05 -0.00103747735164 -0.000836221251298 -0.3855823149 0.00989765300422 -0.000932475920527 -0.479850731811 -0.000353928962334 -0.0109265142397
-0.402578939861 0.00216705772902 0.010306273391 0.0598065791884 -0.014034236889 -0.007743836098 -0.000724985428399 -0.415950965237 -0.0372440617386 0.000519137949977 -0.00999906894291 0.0450608390095 -0.00535401697395 -0.416412436585 0.0736010786724 0.110008935792 0.0640709818641 -0.00467568729107 -0.537995379308 0.0355038099418 0.076412947939 -0.00042131094728 -0.390996935663 0.106154767654 -0.00260018013583 -0.0302732652626 -0.0276047075261 0.00256355236302
-0.397645282268 0.00577717677905 -0.0135687605136 0.00122807089301 0.0429979784546 -0.00830052351991 0.00444224966288 -0.421986829278 -0.0210535749665 -0.0425005802424 -0.0299209720217 0.0530920930402 -0.00437814476278 -0.43049603084 0.0779992884073 0.10618630781 0.0688939532743 -0.00401204081327 -0.534953658451 0.0420195085905 0.0643487017159 -0.0023441178208 -0.380050861845 0.099512794277 -0.0047044890505 -0.0318929032028 -0.0272845228632 -0.00221698092099
-0.400222775165 -0.00135518283796 0.0148276021891 -0.0380723566056 -0.0415491866039 0.0139885373313 -0.00114698222551 -0.420215869766 -0.0544286273651 -0.0143026686133 0.00814229323037 0.0462242343924 -0.00487744223368 -0.410844312574 0.0971160164128 0.0901133891992 0.0637378671318 -0.00396876039264 -0.561451623129 0.0167654467557 0.0713815577039 -0.000259982190311 -0.360086593269 0.108894837081 -0.00604064456895 -0.029543576764 -0.0275669116309 -0.00588815693087
-0.469872230883 -0.0234254306007 -0.044387292157 0.0102476117594 -0.0484758627827 0.0315843282392 -0.000754178417607 -0.488410963603 -0.0597915914008 0.0585896607747 0.00175205329452 0.0396664853494 -0.00655717943806 -0.296022610812 0.066927792079 0.12620991306 0.0398027542314 -0.0023842334126 -0.532950365922 0.0617775019953 0.0870698839897 -0.00336892228028 -0.320902602574 0.117155696069 -0.00861367547963 0.0540027556468 -0.0295194644824 -0.0209044720086